   1.1170368e+00   8.1468169e-01   3.2485544e-01
   1.0686244e+00   2.7747813e-01   1.0586151e+00
   1.5972846e+00   5.2844658e-02   1.1749702e+00
   2.1505554e+00   2.2483296e-02   2.4836358e-01
   2.4194053e+00   3.6883611e-02   2.2336128e-02
   2.4856699e+00   8.5534568e-02   3.2953482e-03
   2.4113043e+00   2.0298687e-01   1.1274647e-03
   2.2089585e+00   4.4228159e-01   9.1544216e-04
   1.8199099e+00   7.8819010e-01   1.6195329e-03
   1.3081591e+00   9.8832567e-01   5.1059991e-03
   9.5044547e-01   8.0888903e-01   2.0185560e-02
   9.1851561e-01   5.0011825e-01   6.5311511e-02
   1.1700091e+00   3.1743140e-01   1.3065392e-01
   1.5676516e+00   2.5731415e-01   1.6589462e-01
   1.9030324e+00   2.7697366e-01   1.7074813e-01
   2.0372274e+00   3.5362449e-01   1.8917094e-01
   1.9920839e+00   4.4064421e-01   2.6758191e-01
   1.8964631e+00   4.3312509e-01   4.7163368e-01
   1.9689719e+00   2.8421718e-01   8.1710552e-01
   2.1315595e+00   1.4013822e-01   9.2894172e-01
   2.3186122e+00   8.5815741e-02   5.2072097e-01
   2.4286728e+00   1.0373173e-01   1.7874422e-01
   2.4506562e+00   1.9289335e-01   7.4165789e-02
   2.2915175e+00   3.8798044e-01   5.7224350e-02
   1.9501193e+00   6.6590268e-01   8.8807713e-02
   1.5141608e+00   7.7258275e-01   2.3654918e-01
   1.2872654e+00   4.5630778e-01   7.3101526e-01
   1.6037464e+00   1.2535520e-01   1.3342718e+00
   2.0916158e+00   3.6279911e-02   6.6903163e-01
   2.3867415e+00   3.6376837e-02   9.7089633e-02
   2.4886666e+00   7.6829068e-02   1.4127255e-02
   2.4351647e+00   1.8106649e-01   4.3415353e-03
   2.2508898e+00   4.0093438e-01   3.1444262e-03
   1.8872581e+00   7.3928262e-01   5.0428343e-03
   1.3802719e+00   9.7393435e-01   1.4912319e-02
   9.9204883e-01   8.2225730e-01   5.8094479e-02
   9.3921580e-01   4.7763408e-01   1.9107444e-01
   1.2381111e+00   2.4684244e-01   3.6505466e-01
   1.7553222e+00   1.5784039e-01   3.6044393e-01
   2.1414404e+00   1.5985740e-01   2.2757044e-01
   2.3063169e+00   2.3449887e-01   1.4551528e-01
   2.2354449e+00   3.8961453e-01   1.3649267e-01
   1.9795362e+00   5.6687613e-01   2.1271811e-01
   1.6979442e+00   5.4933393e-01   4.8233928e-01
   1.7184850e+00   2.7317263e-01   1.0598613e+00
   2.0230057e+00   8.4303900e-02   1.1581004e+00
   2.3215079e+00   4.2526955e-02   3.9052953e-01
   2.4629721e+00   6.3282271e-02   6.6432127e-02
   2.4920816e+00   1.4014414e-01   1.6815903e-02
   2.3392561e+00   3.1894237e-01   9.4266010e-03
   2.0279311e+00   6.2902654e-01   1.2026170e-02
   1.5461776e+00   9.2148926e-01   3.0259120e-02
   1.1009463e+00   8.5462129e-01   1.1153382e-01
   9.8340505e-01   4.7042892e-01   3.8127669e-01
   1.3274592e+00   1.7987329e-01   7.1745433e-01
   1.8771966e+00   8.3300342e-02   5.1620349e-01
   2.2609465e+00   8.2261243e-02   1.7199971e-01
   2.4118125e+00   1.4615546e-01   5.6595639e-02
   2.3383056e+00   3.0483420e-01   3.3087047e-02
   2.0634548e+00   5.8257325e-01   4.0344253e-02
   1.6242577e+00   8.3519775e-01   9.4013931e-02
   1.2264296e+00   7.1843182e-01   3.1408089e-01
   1.2191737e+00   3.0239090e-01   9.0258283e-01
   1.6920699e+00   7.8510664e-02   1.0917313e+00
   2.1778101e+00   3.6303896e-02   3.4285020e-01
   2.4184484e+00   5.3758799e-02   4.9787192e-02
   2.4816877e+00   1.1978987e-01   1.0705999e-02
   2.3627917e+00   2.7647241e-01   5.1298808e-03
   2.0914232e+00   5.6619383e-01   5.6730821e-03
   1.6349910e+00   8.9329406e-01   1.2848256e-02
   1.1517921e+00   9.3189642e-01   4.5909084e-02
   9.3476527e-01   6.1293856e-01   1.7113004e-01
   1.1008223e+00   2.9481573e-01   4.1956880e-01
   1.6081899e+00   1.4574214e-01   4.9478193e-01
   2.0763312e+00   1.1551763e-01   2.8844231e-01
   2.3172865e+00   1.5893259e-01   1.3328069e-01
   2.3477554e+00   2.8574967e-01   8.4730579e-02
   2.1292409e+00   5.1098369e-01   9.6846941e-02
   1.7613503e+00   7.0154000e-01   1.9794883e-01
   1.4511716e+00   5.5899942e-01   5.5547608e-01
   1.5986500e+00   2.0417549e-01   1.2420432e+00
   2.0201241e+00   5.3574171e-02   1.0143791e+00
   2.3451933e+00   3.4345069e-02   2.1737808e-01
   2.4769248e+00   6.2767049e-02   2.9863460e-02
   2.4677331e+00   1.4571004e-01   7.4977651e-03
   2.3162333e+00   3.3138011e-01   4.3699987e-03
   2.0006864e+00   6.4860557e-01   5.7925225e-03
   1.5130476e+00   9.4216722e-01   1.5028249e-02
   1.0673230e+00   8.8424043e-01   5.6636495e-02
   9.3188271e-01   5.3646728e-01   2.0032112e-01
   1.1765829e+00   2.5739745e-01   4.2986290e-01
   1.7004694e+00   1.4037120e-01   4.4258246e-01
   2.1291874e+00   1.2666776e-01   2.4850332e-01
   2.3286366e+00   1.8564662e-01   1.2590943e-01
   2.3039387e+00   3.3210317e-01   9.3498641e-02
   2.0548966e+00   5.5760299e-01   1.2420478e-01
   1.6928709e+00   6.7754086e-01   2.7702783e-01
   1.4798939e+00   4.4413770e-01   7.5079068e-01
   1.7384513e+00   1.3832434e-01   1.3338178e+00
   2.1498797e+00   4.1846381e-02   7.3799786e-01
   2.4040083e+00   3.9624190e-02   1.2353016e-01
   2.4916502e+00   8.1738639e-02   1.9579130e-02
   2.4328829e+00   1.9115850e-01   6.4014857e-03
   2.2367405e+00   4.1958864e-01   4.8947936e-03
   1.8597492e+00   7.5962543e-01   8.2151992e-03
   1.3519565e+00   9.6943418e-01   2.4961897e-02
   9.8693593e-01   7.8011018e-01   9.6795665e-02
   9.7690714e-01   4.1881944e-01   3.0204513e-01
   1.3584189e+00   1.9394228e-01   5.0600949e-01
   1.8851930e+00   1.1941529e-01   3.9254654e-01
   2.2344191e+00   1.3067191e-01   1.8750423e-01
   2.3642103e+00   2.1614279e-01   9.8006149e-02
   2.2475890e+00   3.9948814e-01   8.4733291e-02
   1.9381181e+00   6.3604512e-01   1.3539978e-01
   1.5645180e+00   6.7388763e-01   3.4448148e-01
   1.4503980e+00   3.5405592e-01   9.2856722e-01
   1.8008701e+00   9.5052808e-02   1.3150589e+00
   2.2164845e+00   3.4497562e-02   5.0000016e-01
   2.4335369e+00   4.4049432e-02   6.8995147e-02
   2.4974988e+00   9.7285206e-02   1.2156788e-02
   2.4036966e+00   2.2818739e-01   4.7307026e-03
   2.1724583e+00   4.8704719e-01   4.3179468e-03
   1.7545080e+00   8.3051021e-01   8.4121753e-03
   1.2482964e+00   9.6796624e-01   2.7945590e-02
   9.4639558e-01   7.1349459e-01   1.0820155e-01
   1.0085534e+00   3.7271770e-01   3.0880488e-01
   1.4383833e+00   1.8467141e-01   4.6038818e-01
   1.9441980e+00   1.2974459e-01   3.4008214e-01
   2.2515025e+00   1.5434868e-01   1.7649526e-01
   2.3513525e+00   2.5573606e-01   1.0896724e-01
   2.1917521e+00   4.5025264e-01   1.1146741e-01
   1.8681633e+00   6.4396915e-01   2.0075399e-01
   1.5582118e+00   5.6659589e-01   5.1711750e-01
   1.6365813e+00   2.3667960e-01   1.1719866e+00
   2.0121788e+00   6.4543001e-02   1.1095413e+00
   2.3331691e+00   3.6056998e-02   2.8645250e-01
   2.4717212e+00   6.0783326e-02   4.1314468e-02
   2.4792702e+00   1.3916493e-01   1.0044923e-02
   2.3316198e+00   3.1798651e-01   5.5916041e-03
   2.0244597e+00   6.2932193e-01   7.1122187e-03
   1.5425131e+00   9.3046271e-01   1.7903501e-02
   1.0885382e+00   8.8770962e-01   6.6634159e-02
   9.4198862e-01   5.3359704e-01   2.3660714e-01
   1.1953002e+00   2.4138835e-01   5.0501147e-01
   1.7287991e+00   1.2243805e-01   4.8761554e-01
   2.1586949e+00   1.0883053e-01   2.3881078e-01
   2.3540995e+00   1.6650638e-01   1.0395962e-01
   2.3254666e+00   3.1441504e-01   6.9239758e-02
   2.0705220e+00   5.6063994e-01   8.7080084e-02
   1.6758264e+00   7.3988094e-01   1.9528229e-01
   1.3752944e+00   5.4740378e-01   5.7794258e-01
   1.5739801e+00   1.8452518e-01   1.2654718e+00
   2.0237174e+00   4.8625379e-02   9.3404562e-01
   2.3505992e+00   3.4513829e-02   1.8167329e-01
   2.4785423e+00   6.5669563e-02   2.5080964e-02
   2.4594242e+00   1.5312855e-01   6.5882236e-03
   2.3018062e+00   3.4619851e-01   4.0353806e-03
   1.9759942e+00   6.6898924e-01   5.5881710e-03
   1.4828931e+00   9.5133668e-01   1.4953705e-02
   1.0487491e+00   8.7162001e-01   5.6904032e-02
   9.3193785e-01   5.2276748e-01   1.9839477e-01
   1.1894680e+00   2.5466842e-01   4.1485734e-01
   1.7126024e+00   1.4404217e-01   4.2260425e-01
   2.1321414e+00   1.3363105e-01   2.4349134e-01
   2.3241171e+00   1.9603168e-01   1.3015201e-01
   2.2894485e+00   3.4531444e-01   1.0205567e-01
   2.0372300e+00   5.6304651e-01   1.4096519e-01
   1.6884716e+00   6.5268567e-01   3.1747983e-01
   1.5216342e+00   4.0054181e-01   8.2885813e-01
   1.8021739e+00   1.2133967e-01   1.3279694e+00
   2.1949372e+00   4.0227111e-02   6.4454148e-01
   2.4214968e+00   4.3150717e-02   1.0371217e-01
   2.4944493e+00   9.1371881e-02   1.7901017e-02
   2.4169976e+00   2.1325681e-01   6.5425986e-03
   2.1995295e+00   4.5987617e-01   5.5810148e-03
   1.7973989e+00   8.0219306e-01   1.0266303e-02
   1.2902517e+00   9.6542831e-01   3.2942228e-02
   9.6698395e-01   7.2586101e-01   1.2721344e-01
   1.0151411e+00   3.6741724e-01   3.6935709e-01
   1.4674192e+00   1.6648579e-01   5.4283265e-01
   1.9779332e+00   1.0974785e-01   3.6149569e-01
   2.2822824e+00   1.3243242e-01   1.5869350e-01
   2.3796798e+00   2.3167407e-01   8.4064654e-02
   2.2186255e+00   4.3525531e-01   7.7902403e-02
   1.8770336e+00   6.7730606e-01   1.3562974e-01
   1.4961925e+00   6.7483539e-01   3.6745138e-01
   1.4236983e+00   3.2251514e-01   9.9187677e-01
   1.8124358e+00   8.2115598e-02   1.2795811e+00
   2.2326976e+00   3.2448171e-02   4.2029427e-01
   2.4407583e+00   4.5569041e-02   5.4551121e-02
   2.4985815e+00   1.0244444e-01   9.9433692e-03
   2.3940434e+00   2.4039391e-01   4.0745717e-03
   2.1514440e+00   5.0848690e-01   3.9180089e-03
   1.7215302e+00   8.5080718e-01   7.9690248e-03
   1.2181546e+00   9.6533809e-01   2.7120414e-02
   9.3532140e-01   6.9690790e-01   1.0472147e-01
   1.0145050e+00   3.6663033e-01   2.9192489e-01
   1.4454446e+00   1.8917592e-01   4.2811408e-01
   1.9445457e+00   1.3869458e-01   3.2395551e-01
   2.2442006e+00   1.6671487e-01   1.7972350e-01
   2.3387886e+00   2.7134322e-01   1.1985032e-01
   2.1721860e+00   4.6230527e-01   1.3008229e-01
   1.8564512e+00   6.2750297e-01   2.4055090e-01
   1.5899746e+00   5.1066668e-01   6.0378563e-01
   1.7431061e+00   1.9975411e-01   1.2333328e+00
   2.0993424e+00   5.8476332e-02   9.8545318e-01
   2.3720540e+00   3.9751947e-02   2.3050275e-01
   2.4814559e+00   7.2084014e-02   3.6651732e-02
   2.4599275e+00   1.6549171e-01   1.0568016e-02
   2.2863254e+00   3.6995605e-01   6.9956762e-03
   1.9412415e+00   6.9846215e-01   1.0352371e-02
   1.4422661e+00   9.5188447e-01   2.8922957e-02
   1.0368124e+00   8.1460975e-01   1.1012526e-01
   9.8056542e-01   4.3479276e-01   3.5883643e-01
   1.3585545e+00   1.7965027e-01   6.2407792e-01
   1.8979919e+00   9.6448490e-02   4.4846306e-01
   2.2591791e+00   1.0233436e-01   1.7301434e-01
   2.3954351e+00   1.7844852e-01   7.0821250e-02
   2.2944538e+00   3.5566050e-01   5.0551790e-02
   1.9910015e+00   6.2993169e-01   7.1917099e-02
   1.5609601e+00   7.9203685e-01   1.8121144e-01
   1.2707844e+00   5.4203233e-01   5.7410455e-01
   1.5107787e+00   1.7130194e-01   1.2447329e+00
   1.9993418e+00   4.6088776e-02   8.5290061e-01
   2.3428947e+00   3.5514556e-02   1.5723658e-01
   2.4752935e+00   6.9078322e-02   2.2336749e-02
   2.4506490e+00   1.6106990e-01   6.1719407e-03
   2.2868974e+00   3.6161411e-01   3.9764555e-03
   1.9507124e+00   6.8921844e-01   5.7517697e-03
   1.4531956e+00   9.5832674e-01   1.5856903e-02
   1.0323283e+00   8.5548864e-01   6.0784376e-02
   9.3633038e-01   5.0425018e-01   2.0800137e-01
   1.2132834e+00   2.4598856e-01   4.1953892e-01
   1.7380133e+00   1.4249243e-01   4.1280709e-01
   2.1460980e+00   1.3611307e-01   2.3528754e-01
   2.3273939e+00   2.0259264e-01   1.2810284e-01
   2.2788338e+00   3.5666622e-01   1.0381077e-01
   2.0190187e+00   5.7276606e-01   1.4810318e-01
   1.6737721e+00   6.4378865e-01   3.3931389e-01
   1.5337026e+00   3.7734952e-01   8.7378573e-01
   1.8299148e+00   1.1175762e-01   1.3188905e+00
   2.2158917e+00   3.9095319e-02   5.8958426e-01
   2.4297646e+00   4.5008152e-02   9.2199939e-02
   2.4956146e+00   9.6711311e-02   1.6598996e-02
   2.4078052e+00   2.2553864e-01   6.4212425e-03
   2.1787639e+00   4.8166078e-01   5.7929533e-03
   1.7639229e+00   8.2340410e-01   1.1160954e-02
   1.2591113e+00   9.6092133e-01   3.6759900e-02
   9.5828708e-01   6.9885622e-01   1.4129349e-01
   1.0351713e+00   3.4563645e-01   3.9497532e-01
   1.5095877e+00   1.5703865e-01   5.4607148e-01
   2.0111848e+00   1.0757133e-01   3.4301731e-01
   2.2977576e+00   1.3532336e-01   1.4759531e-01
   2.3827458e+00   2.4115177e-01   7.9892373e-02
   2.2023109e+00   4.5366034e-01   7.7064750e-02
   1.8472471e+00   6.9395979e-01   1.3984488e-01
   1.4688076e+00   6.6610615e-01   3.8818690e-01
   1.4262180e+00   3.0190577e-01   1.0342947e+00
   1.8323988e+00   7.5440822e-02   1.2490382e+00
   2.2474088e+00   3.1814062e-02   3.7691387e-01
   2.4463108e+00   4.7135250e-02   4.7964646e-02
   2.4991109e+00   1.0687333e-01   9.0433023e-03
   2.3865069e+00   2.5054608e-01   3.8659512e-03
   2.1344521e+00   5.2584802e-01   3.8743957e-03
   1.6952536e+00   8.6596715e-01   8.1493733e-03
   1.1954403e+00   9.6056169e-01   2.8228358e-02
   9.2923811e-01   6.7989417e-01   1.0846032e-01
   1.0255308e+00   3.5619061e-01   2.9496615e-01
   1.4675420e+00   1.8681436e-01   4.2025669e-01
   1.9600568e+00   1.4097464e-01   3.1403995e-01
   2.2489186e+00   1.7253793e-01   1.7708668e-01
   2.3353682e+00   2.8103100e-01   1.2221668e-01
   2.1583603e+00   4.7308920e-01   1.3738670e-01
   1.8417679e+00   6.2442555e-01   2.5998465e-01
   1.5961025e+00   4.8511239e-01   6.4936424e-01
   1.7693391e+00   1.8219622e-01   1.2600586e+00
   2.1273625e+00   5.4688546e-02   9.1831164e-01
   2.3855842e+00   4.0945607e-02   2.0088451e-01
   2.4848533e+00   7.7014641e-02   3.2901353e-02
   2.4498080e+00   1.7732499e-01   1.0135544e-02
   2.2652130e+00   3.9264785e-01   7.1891405e-03
   1.9048965e+00   7.2621361e-01   1.1291202e-02
   1.4018962e+00   9.5661182e-01   3.2799299e-02
   1.0185292e+00   7.8514223e-01   1.2550479e-01
   9.9707344e-01   4.0386876e-01   3.9415643e-01
   1.4165114e+00   1.6522653e-01   6.3674988e-01
   1.9478472e+00   9.3152784e-02   4.2083191e-01
   2.2833255e+00   1.0527121e-01   1.5680665e-01
   2.4014914e+00   1.8873795e-01   6.6028903e-02
   2.2768523e+00   3.7717703e-01   4.9848638e-02
   1.9557737e+00   6.5564806e-01   7.5207045e-02
   1.5216803e+00   7.9173629e-01   1.9723741e-01
   1.2595497e+00   5.0816501e-01   6.2464007e-01
   1.5389866e+00   1.5217399e-01   1.2696809e+00
   2.0323611e+00   4.2507701e-02   7.7284962e-01
   2.3589193e+00   3.6593498e-02   1.3140824e-01
   2.4796435e+00   7.3613101e-02   1.9234749e-02
   2.4420262e+00   1.7213719e-01   5.6637180e-03
   2.2673017e+00   3.8324430e-01   3.8997460e-03
   1.9159490e+00   7.1684952e-01   5.9782218e-03
   1.4130456e+00   9.6626462e-01   1.7141942e-02
   1.0111934e+00   8.3261469e-01   6.6254606e-02
   9.4348833e-01   4.7989115e-01   2.2065823e-01
   1.2463495e+00   2.3510728e-01   4.2356773e-01
   1.7717123e+00   1.4101642e-01   3.9833542e-01
   2.1637618e+00   1.4012945e-01   2.2468734e-01
   2.3307784e+00   2.1233624e-01   1.2594125e-01
   2.2633113e+00   3.7283456e-01   1.0696756e-01
   1.9935027e+00   5.8502919e-01   1.5952482e-01
   1.6554040e+00   6.2821498e-01   3.7330670e-01
   1.5564853e+00   3.4490535e-01   9.3806744e-01
   1.8719721e+00   9.9671660e-02   1.2941779e+00
   2.2450231e+00   3.8029285e-02   5.1597145e-01
   2.4406997e+00   4.8094081e-02   7.8488102e-02
   2.4966691e+00   1.0515811e-01   1.5099253e-02
   2.3935668e+00   2.4469950e-01   6.3512352e-03
   2.1467313e+00   5.1465748e-01   6.2165764e-03
   1.7137994e+00   8.5279803e-01   1.2797630e-02
   1.2153110e+00   9.4995232e-01   4.3655175e-02
   9.4928539e-01   6.5740988e-01   1.6588134e-01
   1.0701038e+00   3.1401183e-01   4.3620813e-01
   1.5663203e+00   1.4353877e-01   5.4789805e-01
   2.0552877e+00   1.0389242e-01   3.1457845e-01
   2.3184560e+00   1.3880140e-01   1.3072926e-01
   2.3782406e+00   2.5430820e-01   7.2581620e-02
   2.1760990e+00   4.7874896e-01   7.3832406e-02
   1.8047298e+00   7.1707009e-01   1.4138875e-01
   1.4288775e+00   6.5922588e-01   4.0554257e-01
   1.4184343e+00   2.8240903e-01   1.0693766e+00
   1.8449041e+00   6.9527840e-02   1.2080065e+00
   2.2579773e+00   3.1447009e-02   3.3596032e-01
   2.4502022e+00   4.8914564e-02   4.2259789e-02
   2.4928479e+00   1.1166429e-01   8.2684767e-03
   2.3766000e+00   2.6073266e-01   3.6931744e-03
   2.1168395e+00   5.4240486e-01   3.8517248e-03
   1.6700027e+00   8.7913265e-01   8.3567770e-03
   1.1750298e+00   9.5449143e-01   2.9386862e-02
   9.2496351e-01   6.6377388e-01   1.1219803e-01
   1.0371115e+00   3.4685035e-01   2.9789649e-01
   1.4889135e+00   1.8483716e-01   4.1330201e-01
   1.9745719e+00   1.4321184e-01   3.0557428e-01
   2.2531941e+00   1.7805695e-01   1.7504741e-01
   2.3266103e+00   2.9003679e-01   1.2467363e-01
   2.1439588e+00   4.8144038e-01   1.4463976e-01
   1.8300360e+00   6.1873395e-01   2.7854168e-01
   1.6060692e+00   4.6175771e-01   6.8937278e-01
   1.7957384e+00   1.6858898e-01   1.2732928e+00
   2.1517240e+00   5.2335978e-02   8.5865249e-01
   2.3964329e+00   4.2551546e-02   1.7975367e-01
   2.4870661e+00   8.2144914e-02   3.0595187e-02
   2.4402881e+00   1.8927101e-01   1.0052956e-02
   2.2444940e+00   4.1500755e-01   7.6109324e-03
   1.8696408e+00   7.5183553e-01   1.2634378e-02
   1.3647440e+00   9.5739533e-01   3.7995896e-02
   1.0046189e+00   7.5334395e-01   1.4550837e-01
   1.0191321e+00   3.7213182e-01   4.3847141e-01
   1.4730227e+00   1.5002084e-01   6.5267666e-01
   1.9957982e+00   8.8401989e-02   3.9166040e-01
   2.3071501e+00   1.0658627e-01   1.3849423e-01
   2.4086057e+00   1.9721131e-01   5.9046333e-02
   2.2607742e+00   3.9706222e-01   4.6578418e-02
   1.9220175e+00   6.8163220e-01   7.3978120e-02
   1.4810852e+00   7.9887073e-01   2.0170348e-01
   1.2364181e+00   4.9091300e-01   6.4454001e-01
   1.5378628e+00   1.4281643e-01   1.2656523e+00
   2.0399083e+00   4.1096329e-02   7.2302375e-01
   2.3630116e+00   3.7580429e-02   1.1885449e-01
   2.4802087e+00   7.6700984e-02   1.7866410e-02
   2.4361044e+00   1.7938708e-01   5.4814850e-03
   2.2545620e+00   3.9708312e-01   3.9332304e-03
   1.8938948e+00   7.3367469e-01   6.2472777e-03
   1.3886451e+00   9.6951132e-01   1.8333878e-02
   9.9958872e-01   8.1693079e-01   7.1099610e-02
   9.5010922e-01   4.6373511e-01   2.3233384e-01
   1.2710102e+00   2.2703912e-01   4.3096544e-01
   1.7963997e+00   1.3883395e-01   3.9138406e-01
   2.1773928e+00   1.4150823e-01   2.1734958e-01
   2.3347407e+00   2.1752932e-01   1.2302702e-01
   2.2544852e+00   3.8274430e-01   1.0704793e-01
   1.9770010e+00   5.9415489e-01   1.6388794e-01
   1.6405925e+00   6.2265057e-01   3.8949929e-01
   1.5622235e+00   3.2970053e-01   9.7008783e-01
   1.8887784e+00   9.3831073e-02   1.2793539e+00
   2.2573132e+00   3.7375894e-02   4.8017260e-01
   2.4454139e+00   4.9438023e-02   7.1787521e-02
   2.4971087e+00   1.0901003e-01   1.4196133e-02
   2.3869020e+00   2.5347720e-01   6.1900831e-03
   2.1320225e+00   5.2947224e-01   6.2761799e-03
   1.6914005e+00   8.6519458e-01   1.3292252e-02
   1.1965016e+00   9.4454843e-01   4.6001537e-02
   9.4556093e-01   6.4103972e-01   1.7380272e-01
   1.0836986e+00   3.0347181e-01   4.4565779e-01
   1.5867122e+00   1.4030022e-01   5.4097829e-01
   2.0693740e+00   1.0429037e-01   3.0359749e-01
   2.3236791e+00   1.4209265e-01   1.2664918e-01
   2.3715675e+00   2.6164817e-01   7.1983671e-02
   2.1628241e+00   4.8939144e-01   7.5337582e-02
   1.7877916e+00   7.2174408e-01   1.4747827e-01
   1.4199911e+00   6.4585267e-01   4.2576628e-01
   1.4349878e+00   2.6768116e-01   1.0999291e+00
   1.8683659e+00   6.5920235e-02   1.1777212e+00
   2.2714284e+00   3.1555662e-02   3.1054264e-01
   2.4546786e+00   5.0721414e-02   3.9197514e-02
   2.4886160e+00   1.1627049e-01   7.9526132e-03
   2.3679626e+00   2.7050016e-01   3.6986171e-03
   2.1004009e+00   5.5802320e-01   4.0019060e-03
   1.6465177e+00   8.9068727e-01   8.9326256e-03
   1.1568630e+00   9.4704718e-01   3.1824704e-02
   9.2281434e-01   6.4621648e-01   1.2055798e-01
   1.0524529e+00   3.3452469e-01   3.1162622e-01
   1.5204476e+00   1.7917182e-01   4.1698667e-01
   1.9980308e+00   1.4208262e-01   2.9884904e-01
   2.2639299e+00   1.8051260e-01   1.6984501e-01
   2.3226796e+00   2.9692128e-01   1.2263666e-01
   2.1311797e+00   4.9118408e-01   1.4565374e-01
   1.8135988e+00   6.2179200e-01   2.8617119e-01
   1.5988927e+00   4.5126343e-01   7.1175582e-01
   1.8011073e+00   1.6044000e-01   1.2847575e+00
   2.1612310e+00   5.0316356e-02   8.2450598e-01
   2.4014913e+00   4.2846516e-02   1.6594455e-01
   2.4884338e+00   8.4119328e-02   2.8440583e-02
   2.4357059e+00   1.9420290e-01   9.5696110e-03
   2.2354425e+00   4.2425106e-01   7.4337847e-03
   1.8548248e+00   7.6234000e-01   1.2615164e-02
   1.3493058e+00   9.5845648e-01   3.8468177e-02
   9.9773653e-01   7.4424606e-01   1.4748029e-01
   1.0229589e+00   3.6575789e-01   4.3904651e-01
   1.4817881e+00   1.4904926e-01   6.4233891e-01
   2.0018721e+00   8.9676738e-02   3.8296056e-01
   2.3085894e+00   1.0939128e-01   1.3737062e-01
   2.4068958e+00   2.0236974e-01   6.0108589e-02
   2.2532470e+00   4.0529571e-01   4.8656637e-02
   1.9099935e+00   6.8769015e-01   7.8881305e-02
   1.4724833e+00   7.8903354e-01   2.1698359e-01
   1.2467075e+00   4.6830364e-01   6.8482931e-01
   1.5649654e+00   1.3242276e-01   1.2828322e+00
   2.0642196e+00   3.9054689e-02   6.7950473e-01
   2.3740827e+00   3.8021069e-02   1.0615139e-01
   2.4834113e+00   7.9011132e-02   1.6143957e-02
   2.4318956e+00   1.8517151e-01   5.1022092e-03
   2.2443967e+00   4.0821944e-01   3.7791351e-03
   1.8761727e+00   7.4710280e-01   6.1708656e-03
   1.3691646e+00   9.7229339e-01   1.8441084e-02
   9.8989056e-01   8.0650381e-01   7.1720575e-02
   9.5284495e-01   4.5535420e-01   2.3137167e-01
   1.2816500e+00   2.2565904e-01   4.2142424e-01
   1.8050709e+00   1.4129729e-01   3.8039277e-01
   2.1793900e+00   1.4630369e-01   2.1499387e-01
   2.3316055e+00   2.2480340e-01   1.2581758e-01
   2.2443675e+00   3.9136229e-01   1.1313688e-01
   1.9656432e+00   5.9488302e-01   1.7711004e-01
   1.6417993e+00   6.0245005e-01   4.2143903e-01
   1.5993521e+00   3.0613641e-01   1.0155839e+00
   1.9305660e+00   8.7417573e-02   1.2436288e+00
   2.2807105e+00   3.7785570e-02   4.3486004e-01
   2.4530278e+00   5.2986548e-02   6.5725739e-02
   2.4967786e+00   1.1771919e-01   1.3930320e-02
   2.3729868e+00   2.7254749e-01   6.5594640e-03
   2.1009592e+00   5.6039889e-01   7.1510617e-03
   1.6454634e+00   8.8779366e-01   1.6029788e-02
   1.1612505e+00   9.2624165e-01   5.6924578e-02
   9.4573625e-01   5.9733777e-01   2.1090366e-01
   1.1315048e+00   2.7057217e-01   5.0392288e-01
   1.6540171e+00   1.2491019e-01   5.4539004e-01
   2.1186602e+00   9.8538702e-02   2.7249909e-01
   2.3473330e+00   1.4354472e-01   1.0740683e-01
   2.3620922e+00   2.7339802e-01   6.1670731e-02
   2.1354508e+00   5.1372464e-01   6.7442623e-02
   1.7442129e+00   7.4885006e-01   1.3858775e-01
   1.3719302e+00   6.5503855e-01   4.1512577e-01
   1.3949333e+00   2.6535098e-01   1.0876935e+00
   1.8452170e+00   6.4984737e-02   1.1544822e+00
   2.2618856e+00   3.1615668e-02   3.0009488e-01
   2.4514014e+00   5.1165997e-02   3.7950801e-02
   2.4858215e+00   1.1726417e-01   7.7671623e-03
   2.3654684e+00   2.7243090e-01   3.6432393e-03
   2.0968932e+00   5.6093694e-01   3.9701238e-03
   1.6419941e+00   8.9270153e-01   8.9079565e-03
   1.1535194e+00   9.4579886e-01   3.1808585e-02
   9.2221783e-01   6.4391846e-01   1.2033810e-01
   1.0539918e+00   3.3379993e-01   3.0995168e-01
   1.5220546e+00   1.7966886e-01   4.1384740e-01
   1.9985228e+00   1.4313834e-01   2.9742196e-01
   2.2632593e+00   1.8202523e-01   1.7028994e-01
   2.3203766e+00   2.9877035e-01   1.2398827e-01
   2.1286555e+00   4.9204712e-01   1.4817607e-01
   1.8129955e+00   6.1872146e-01   2.9163844e-01
   1.6046249e+00   4.4508427e-01   7.2177184e-01
   1.8098150e+00   1.5766299e-01   1.2849972e+00
   2.1677074e+00   5.0044552e-02   8.1038597e-01
   2.4040555e+00   4.3434989e-02   1.6222161e-01
   2.4887947e+00   8.5670010e-02   2.8184376e-02
   2.4331242e+00   1.9770233e-01   9.6582230e-03
   2.2295560e+00   4.3062637e-01   7.6378129e-03
   1.8449451e+00   7.6911164e-01   1.3156175e-02
   1.3394983e+00   9.5750562e-01   4.0474268e-02
   9.9502331e-01   7.3421734e-01   1.5501736e-01
   1.0312723e+00   3.5603881e-01   4.5526573e-01
   1.4972506e+00   1.4418463e-01   6.4836908e-01
   2.0152652e+00   8.7705058e-02   3.7393942e-01
   2.3156279e+00   1.0911290e-01   1.3118552e-01
   2.4094997e+00   2.0404215e-01   5.7256128e-02
   2.2493390e+00   4.1031629e-01   4.6730654e-02
   1.9009460e+00   6.9546275e-01   7.6697395e-02
   1.4600643e+00   7.9455981e-01   2.1336072e-01
   1.2347408e+00   4.6957477e-01   6.7811143e-01
   1.5553774e+00   1.3279644e-01   1.2736961e+00
   2.0585408e+00   3.9326238e-02   6.7656918e-01
   2.3716745e+00   3.8281988e-02   1.0642768e-01
   2.4824468e+00   7.9434333e-02   1.6297053e-02
   2.4310736e+00   1.8601663e-01   5.1781822e-03
   2.2429561e+00   4.0972986e-01   3.8529120e-03
   1.8738159e+00   7.4874945e-01   6.3146123e-03
   1.3667864e+00   9.7214216e-01   1.8912250e-02
   9.8919736e-01   8.0392623e-01   7.3541582e-02
   9.5481751e-01   4.5214914e-01   2.3648803e-01
   1.2878554e+00   2.2306726e-01   4.2771143e-01
   1.8116936e+00   1.3956401e-01   3.8163366e-01
   2.1839677e+00   1.4511799e-01   2.1304930e-01
   2.3342603e+00   2.2425012e-01   1.2366914e-01
   2.2445103e+00   3.9221274e-01   1.1093128e-01
   1.9631608e+00   5.9818488e-01   1.7403465e-01
   1.6355054e+00   6.0740683e-01   4.1641959e-01
   1.5883140e+00   3.0882482e-01   1.0117444e+00
   1.9220394e+00   8.7585450e-02   1.2498071e+00
   2.2769238e+00   3.7403612e-02   4.3785967e-01
   2.4520454e+00   5.2222486e-02   6.5510133e-02
   2.4970514e+00   1.1605840e-01   1.3684408e-02
   2.3754490e+00   2.6904456e-01   6.3527623e-03
   2.1065182e+00   5.5489908e-01   6.8367044e-03
   1.6535101e+00   8.8426399e-01   1.5174724e-02
   1.1669103e+00   9.3076127e-01   5.3673848e-02
   9.4423148e-01   6.0722261e-01   1.9983016e-01
   1.1188961e+00   2.7880156e-01   4.8536556e-01
   1.6367774e+00   1.2939244e-01   5.4128271e-01
   2.1057572e+00   1.0083547e-01   2.8015156e-01
   2.3405666e+00   1.4432290e-01   1.1299685e-01
   2.3630034e+00   2.7197682e-01   6.5232132e-02
   2.1403089e+00   5.0889238e-01   7.0966510e-02
   1.7536755e+00   7.4039365e-01   1.4445726e-01
   1.3864421e+00   6.4592506e-01   4.2782097e-01
   1.4170113e+00   2.6026103e-01   1.1053611e+00
   1.8637467e+00   6.3865352e-02   1.1507297e+00
   2.2710809e+00   3.1610456e-02   2.9396703e-01
   2.4545192e+00   5.1701455e-02   3.7169728e-02
   2.4852208e+00   1.1870801e-01   7.6869161e-03
   2.3629888e+00   2.7554474e-01   3.6499940e-03
   2.0917562e+00   5.6589335e-01   4.0229465e-03
   1.6346178e+00   8.9623088e-01   9.1062348e-03
   1.1479222e+00   9.4327127e-01   3.2645155e-02
   9.2170593e-01   6.3834223e-01   1.2317295e-01
   1.0590704e+00   3.2989933e-01   3.1450598e-01
   1.5323642e+00   1.7784456e-01   4.1502125e-01
   2.0060625e+00   1.4275164e-01   2.9523709e-01
   2.2666973e+00   1.8280298e-01   1.6858231e-01
   2.3190962e+00   3.0100875e-01   1.2326940e-01
   2.1244769e+00   4.9523028e-01   1.4842067e-01
   1.8075869e+00   6.1974312e-01   2.9400964e-01
   1.6021504e+00   4.4185634e-01   7.2884180e-01
   1.8113183e+00   1.5521420e-01   1.2881735e+00
   2.1704985e+00   4.9437499e-02   7.9977128e-01
   2.4055419e+00   4.3520952e-02   1.5815477e-01
   2.4891958e+00   8.6266973e-02   2.7532184e-02
   2.4317372e+00   1.9919902e-01   9.5004726e-03
   2.2268108e+00   4.3340843e-01   7.5699393e-03
   1.8404985e+00   7.7219475e-01   1.3123502e-02
   1.3349546e+00   9.5773962e-01   4.0535597e-02
   9.9301701e-01   7.3169130e-01   1.5529019e-01
   1.0322203e+00   3.5452085e-01   4.5449792e-01
   1.4993693e+00   1.4416280e-01   6.4451595e-01
   2.0165253e+00   8.8250086e-02   3.7166090e-01
   2.3156930e+00   1.1008007e-01   1.3119643e-01
   2.4087641e+00   2.0570440e-01   5.7768445e-02
   2.2469948e+00   4.1282489e-01   4.7532894e-02
   1.8973871e+00   6.9699204e-01   7.8491047e-02
   1.4579478e+00   7.9076762e-01   2.1883054e-01
   1.2390711e+00   4.6198639e-01   6.9217642e-01
   1.5651177e+00   1.2945301e-01   1.2791043e+00
   2.0668893e+00   3.8674901e-02   6.6233564e-01
   2.3754122e+00   3.8429702e-02   1.0246306e-01
   2.4835257e+00   8.0199748e-02   1.5750500e-02
   2.4297065e+00   1.8793419e-01   5.0527444e-03
   2.2396025e+00   4.1339978e-01   3.7983337e-03
   1.8679986e+00   7.5309183e-01   6.2809214e-03
   1.3604892e+00   9.7292118e-01   1.8920442e-02
   9.8613249e-01   8.0055900e-01   7.3632397e-02
   9.5570749e-01   4.4962676e-01   2.3578831e-01
   1.2910331e+00   2.2282138e-01   4.2406693e-01
   1.8141120e+00   1.4052234e-01   3.7796472e-01
   2.1842862e+00   1.4682101e-01   2.1244994e-01
   2.3330018e+00   2.2674029e-01   1.2476846e-01
   2.2410984e+00   3.9501235e-01   1.1316015e-01
   1.9595866e+00   5.9803078e-01   1.7879862e-01
   1.6366005e+00   6.0014770e-01   4.2770832e-01
   1.6020090e+00   3.0101118e-01   1.0267527e+00
   1.9365798e+00   8.5599593e-02   1.2362561e+00
   2.2847668e+00   3.7624740e-02   4.2329209e-01
   2.4545145e+00   5.3527573e-02   6.3705019e-02
   2.4968273e+00   1.1921925e-01   1.3639900e-02
   2.3704236e+00   2.7591068e-01   6.5045548e-03
   2.0953942e+00   5.6581588e-01   7.1787046e-03
   1.6373900e+00   8.9168702e-01   1.6247300e-02
   1.1550642e+00   9.2353195e-01   5.7950026e-02
   9.4512965e-01   5.9158506e-01   2.1407480e-01
   1.1371152e+00   2.6731496e-01   5.0657382e-01
   1.6613013e+00   1.2409307e-01   5.4165904e-01
   2.1231466e+00   9.8903735e-02   2.6886454e-01
   2.3487397e+00   1.4495529e-01   1.0636683e-01
   2.3595051e+00   2.7634683e-01   6.1673739e-02
   2.1303858e+00   5.1777893e-01   6.8173369e-02
   1.7379502e+00   7.5007072e-01   1.4119494e-01
   1.3692788e+00   6.4912834e-01   4.2362475e-01
   1.4025468e+00   2.5960491e-01   1.0999473e+00
   1.8551900e+00   6.3636344e-02   1.1422069e+00
   2.2674656e+00   3.1672964e-02   2.9074349e-01
   2.4532490e+00   5.1895242e-02   3.6834832e-02
   2.4842325e+00   1.1912216e-01   7.6462100e-03
   2.3620306e+00   2.7635217e-01   3.6433321e-03
   2.0903283e+00   5.6710550e-01   4.0273709e-03
   1.6327607e+00   8.9702756e-01   9.1357767e-03
   1.1465899e+00   9.4262585e-01   3.2780174e-02
   9.2160238e-01   6.3712026e-01   1.2359776e-01
   1.0601525e+00   3.2919591e-01   3.1498654e-01
   1.5342552e+00   1.7764123e-01   4.1476912e-01
   2.0073249e+00   1.4284957e-01   2.9472038e-01
   2.2671368e+00   1.8314533e-01   1.6840272e-01
   2.3185767e+00   3.0162039e-01   1.2336868e-01
   2.1234833e+00   4.9583019e-01   1.4884204e-01
   1.8067010e+00   6.1942059e-01   2.9520151e-01
   1.6026688e+00   4.4044923e-01   7.3141558e-01
   1.8128625e+00   1.5444643e-01   1.2886057e+00
   2.1718766e+00   4.9310947e-02   7.9608220e-01
   2.4061391e+00   4.3624430e-02   1.5702227e-01
   2.4893049e+00   8.6592814e-02   2.7400027e-02
   2.4311384e+00   1.9995548e-01   9.4905818e-03
   2.2255067e+00   4.3478796e-01   7.5907756e-03
   1.8383450e+00   7.7365741e-01   1.3201511e-02
   1.3328221e+00   9.5759360e-01   4.0853788e-02
   9.9234372e-01   7.2979878e-01   1.5648530e-01
   1.0336492e+00   3.5285841e-01   4.5681114e-01
   1.5020187e+00   1.4345006e-01   6.4475861e-01
   2.0186995e+00   8.8048323e-02   3.6996266e-01
   2.3167338e+00   1.1019302e-01   1.3029837e-01
   2.4090276e+00   2.0621605e-01   5.7431884e-02
   2.2460469e+00   4.1396677e-01   4.7373506e-02
   1.8954871e+00   6.9838114e-01   7.8444229e-02
   1.4557820e+00   7.9098462e-01   2.1913588e-01
   1.2379775e+00   4.6100631e-01   6.9333244e-01
   1.5652029e+00   1.2900333e-01   1.2785225e+00
   2.0673281e+00   3.8618274e-02   6.5973467e-01
   2.3756259e+00   3.8493061e-02   1.0191126e-01
   2.4835458e+00   8.0383377e-02   1.5691505e-02
   2.4293707e+00   1.8836077e-01   5.0453446e-03
   2.2388636e+00   4.1419770e-01   3.8013799e-03
   1.8667414e+00   7.5400752e-01   6.2980913e-03
   1.3591628e+00   9.7300542e-01   1.8995233e-02
   9.8556591e-01   7.9964212e-01   7.3929858e-02
   9.5615694e-01   4.4875197e-01   2.3646971e-01
   1.2924827e+00   2.2238976e-01   4.2446500e-01
   1.8154984e+00   1.4040576e-01   3.7758667e-01
   2.1850327e+00   1.4690272e-01   2.1206138e-01
   2.3332119e+00   2.2704082e-01   1.2460958e-01
   2.2405923e+00   3.9557609e-01   1.1316584e-01
   1.9586530e+00   5.9851123e-01   1.7906280e-01
   1.6358065e+00   5.9978331e-01   4.2868439e-01
   1.6024361e+00   3.0022382e-01   1.0284710e+00
   1.9375136e+00   8.5323606e-02   1.2350859e+00
   2.2853903e+00   3.7601385e-02   4.2152794e-01
   2.4547416e+00   5.3612132e-02   6.3400138e-02
   2.4968333e+00   1.1945266e-01   1.3596066e-02
   2.3700257e+00   2.7643315e-01   6.4963450e-03
   2.0945308e+00   5.6665428e-01   7.1832205e-03
   1.6361419e+00   8.9228203e-01   1.6281611e-02
   1.1541148e+00   9.2310411e-01   5.8111154e-02
   9.4504476e-01   5.9069576e-01   2.1457058e-01
   1.1379925e+00   2.6681378e-01   5.0698373e-01
   1.6624315e+00   1.2396746e-01   5.4108099e-01
   2.1238399e+00   9.8960504e-02   2.6830575e-01
   2.3489564e+00   1.4517431e-01   1.0620669e-01
   2.3591041e+00   2.7680463e-01   6.1673930e-02
   2.1296002e+00   5.1840623e-01   6.8286518e-02
   1.7369814e+00   7.5025376e-01   1.4160062e-01
   1.3688744e+00   6.4821156e-01   4.2494560e-01
   1.4037350e+00   2.5872692e-01   1.1018186e+00
   1.8567270e+00   6.3432505e-02   1.1402805e+00
   2.2683192e+00   3.1683189e-02   2.8932340e-01
   2.4535300e+00   5.2009417e-02   3.6666752e-02
   2.4839870e+00   1.1941231e-01   7.6280657e-03
   2.3614953e+00   2.7696352e-01   3.6435396e-03
   2.0893062e+00   5.6806289e-01   4.0365103e-03
   1.6313294e+00   8.9768878e-01   9.1719667e-03
   1.1455250e+00   9.4212188e-01   3.2934286e-02
   9.2151884e-01   6.3606532e-01   1.2411245e-01
   1.0611217e+00   3.2848433e-01   3.1577450e-01
   1.5361626e+00   1.7732773e-01   4.1490789e-01
   2.0086920e+00   1.4280529e-01   2.9429869e-01
   2.2677366e+00   1.8332060e-01   1.6810964e-01
   2.3182939e+00   3.0206610e-01   1.2327184e-01
   2.1226749e+00   4.9642041e-01   1.4894498e-01
   1.8057186e+00   6.1952648e-01   2.9575731e-01
   1.6023656e+00   4.3972900e-01   7.3291793e-01
   1.8133363e+00   1.5395206e-01   1.2891411e+00
   2.1725193e+00   4.9198872e-02   7.9386368e-01
   2.4064591e+00   4.3654146e-02   1.5622879e-01
   2.4893827e+00   8.6736013e-02   2.7280138e-02
   2.4308316e+00   2.0030488e-01   9.4646815e-03
   2.2248796e+00   4.3543209e-01   7.5832877e-03
   1.8373244e+00   7.7435712e-01   1.3208027e-02
   1.3317941e+00   9.5760189e-01   4.0910920e-02
   9.9193387e-01   7.2911979e-01   1.5670550e-01
   1.0340146e+00   3.5237679e-01   4.5702832e-01
   1.5027452e+00   1.4334300e-01   6.4418468e-01
   2.0192177e+00   8.8105326e-02   3.6935747e-01
   2.3168961e+00   1.1036329e-01   1.3016944e-01
   2.4089491e+00   2.0655528e-01   5.7463713e-02
   2.2455354e+00   4.1453171e-01   4.7477733e-02
   1.8946452e+00   6.9882171e-01   7.8724104e-02
   1.4551360e+00   7.9040600e-01   2.2005645e-01
   1.2385179e+00   4.5966752e-01   6.9573575e-01
   1.5667635e+00   1.2841942e-01   1.2792285e+00
   2.0687031e+00   3.8510620e-02   6.5711111e-01
   2.3762399e+00   3.8527286e-02   1.0122303e-01
   2.4837152e+00   8.0533375e-02   1.5599394e-02
   2.4291034e+00   1.8873046e-01   5.0250873e-03
   2.2382196e+00   4.1490073e-01   3.7935481e-03
   1.8656298e+00   7.5482973e-01   6.2957836e-03
   1.3579709e+00   9.7313169e-01   1.9008978e-02
   9.8500415e-01   7.9896632e-01   7.3992957e-02
   9.5637440e-01   4.4821995e-01   2.3647152e-01
   1.2932158e+00   2.2228257e-01   4.2396502e-01
   1.8160999e+00   1.4053642e-01   3.7696014e-01
   2.1852028e+00   1.4718194e-01   2.1190652e-01
   2.3330491e+00   2.2747808e-01   1.2475525e-01
   2.2399779e+00   3.9610110e-01   1.1351634e-01
   1.9579493e+00   5.9855416e-01   1.7985578e-01
   1.6358655e+00   5.9858750e-01   4.3061371e-01
   1.6046690e+00   2.9890028e-01   1.0310399e+00
   1.9399196e+00   8.4981524e-02   1.2327125e+00
   2.2866919e+00   3.7636259e-02   4.1903115e-01
   2.4551515e+00   5.3834156e-02   6.3083060e-02
   2.4967919e+00   1.1999293e-01   1.3584093e-02
   2.3691632e+00   2.7760538e-01   6.5199808e-03
   2.0926328e+00   5.6850263e-01   7.2399270e-03
   1.6334175e+00   8.9350108e-01   1.6463670e-02
   1.1521463e+00   9.2184512e-01   5.8841228e-02
   9.4523393e-01   5.8808796e-01   2.1696999e-01
   1.1410942e+00   2.6495088e-01   5.1038976e-01
   1.6665048e+00   1.2313671e-01   5.4091287e-01
   2.1266591e+00   9.8683478e-02   2.6642492e-01
   2.3502444e+00   1.4532697e-01   1.0516695e-01
   2.3584701e+00   2.7758951e-01   6.1134378e-02
   2.1278907e+00   5.1992653e-01   6.7881049e-02
   1.7343363e+00   7.5178967e-01   1.4117263e-01
   1.3661369e+00   6.4851641e-01   4.2452851e-01
   1.4017279e+00   2.5846330e-01   1.1012548e+00
   1.8556869e+00   6.3365923e-02   1.1385358e+00
   2.2679108e+00   3.1699736e-02   2.8857749e-01
   2.4533792e+00   5.2067557e-02   3.6591322e-02
   2.4837818e+00   1.1954444e-01   7.6208829e-03
   2.3612259e+00   2.7723106e-01   3.6441368e-03
   2.0888492e+00   5.6847256e-01   4.0410716e-03
   1.6307116e+00   8.9796133e-01   9.1889533e-03
   1.1450772e+00   9.4189233e-01   3.3005299e-02
   9.2149811e-01   6.3560445e-01   1.2434975e-01
   1.0615590e+00   3.2817049e-01   3.1614902e-01
   1.5370209e+00   1.7718338e-01   4.1500311e-01
   2.0093094e+00   1.4277685e-01   2.9412661e-01
   2.2680144e+00   1.8338627e-01   1.6797789e-01
   2.3181904e+00   3.0224930e-01   1.2321936e-01
   2.1223381e+00   4.9667564e-01   1.4897185e-01
   1.8052887e+00   6.1959692e-01   2.9596276e-01
   1.6021880e+00   4.3945563e-01   7.3351046e-01
   1.8134813e+00   1.5375305e-01   1.2893812e+00
   2.1727565e+00   4.9150928e-02   7.9298516e-01
   2.4065824e+00   4.3662650e-02   1.5590383e-01
   2.4894149e+00   8.6787406e-02   2.7228697e-02
   2.4307155e+00   2.0043262e-01   9.4524318e-03
   2.2246471e+00   4.3566850e-01   7.5783027e-03
   1.8369480e+00   7.7461609e-01   1.3206511e-02
   1.3314126e+00   9.5761489e-01   4.0919903e-02
   9.9177102e-01   7.2889734e-01   1.5674203e-01
   1.0341092e+00   3.5223839e-01   4.5699541e-01
   1.5029453e+00   1.4333303e-01   6.4388531e-01
   2.0193432e+00   8.8145897e-02   3.6916013e-01
   2.3169137e+00   1.1044108e-01   1.3015980e-01
   2.4088941e+00   2.0669283e-01   5.7499958e-02
   2.2453387e+00   4.1474303e-01   4.7539315e-02
   1.8943423e+00   6.9895580e-01   7.8866397e-02
   1.4549472e+00   7.9010448e-01   2.2049650e-01
   1.2388544e+00   4.5906199e-01   6.9686111e-01
   1.5675347e+00   1.2815729e-01   1.2796098e+00
   2.0693593e+00   3.8460839e-02   6.5596526e-01
   2.3765314e+00   3.8540587e-02   1.0091590e-01
   2.4837979e+00   8.0596965e-02   1.5557432e-02
   2.4289908e+00   1.8888867e-01   5.0155271e-03
   2.2379438e+00   4.1520228e-01   3.7895050e-03
   1.8651528e+00   7.5518311e-01   6.2936445e-03
   1.3574586e+00   9.7318875e-01   1.9011416e-02
   9.8475960e-01   7.9868519e-01   7.4006785e-02
   9.5645612e-01   4.4800788e-01   2.3643249e-01
   1.2934941e+00   2.2225481e-01   4.2369448e-01
   1.8163167e+00   1.4060797e-01   3.7667254e-01
   2.1852433e+00   1.4731549e-01   2.1185264e-01
   2.3329562e+00   2.2767706e-01   1.2483670e-01
   2.2397033e+00   3.9632783e-01   1.1368981e-01
   1.9576559e+00   5.9854633e-01   1.8023374e-01
   1.6359428e+00   5.9801624e-01   4.3151298e-01
   1.6057524e+00   2.9829279e-01   1.0322071e+00
   1.9410555e+00   8.4829276e-02   1.2315997e+00
   2.2872982e+00   3.7655268e-02   4.1790285e-01
   2.4553402e+00   5.3939623e-02   6.2944976e-02
   2.4967704e+00   1.2024776e-01   1.3580913e-02
   2.3687579e+00   2.7815698e-01   6.5322978e-03
   2.0917411e+00   5.6936999e-01   7.2680168e-03
   1.6321403e+00   8.9406688e-01   1.6552763e-02
   1.1512297e+00   9.2124080e-01   5.9197108e-02
   9.4533850e-01   5.8684576e-01   2.1813916e-01
   1.1425907e+00   2.6405819e-01   5.1205617e-01
   1.6684627e+00   1.2273401e-01   5.4085051e-01
   2.1280147e+00   9.8544344e-02   2.6552302e-01
   2.3508677e+00   1.4539153e-01   1.0466317e-01
   2.3581773e+00   2.7795428e-01   6.0868553e-02
   2.1270867e+00   5.2064603e-01   6.7674699e-02
   1.7330793e+00   7.5253962e-01   1.4093825e-01
   1.3648049e+00   6.4871688e-01   4.2424648e-01
   1.4006692e+00   2.5838232e-01   1.1008634e+00
   1.8550857e+00   6.3345091e-02   1.1377746e+00
   2.2676600e+00   3.1707844e-02   2.8828973e-01
   2.4532881e+00   5.2090595e-02   3.6564183e-02
   2.4836935e+00   1.1959491e-01   7.6186002e-03
   2.3611205e+00   2.7733195e-01   3.6445833e-03
   2.0886760e+00   5.6862587e-01   4.0430375e-03
   1.6304798e+00   8.9806177e-01   9.1959029e-03
   1.1449110e+00   9.4180354e-01   3.3033955e-02
   9.2149356e-01   6.3542800e-01   1.2444598e-01
   1.0617300e+00   3.2804772e-01   3.1630585e-01
   1.5373599e+00   1.7712395e-01   4.1505366e-01
   2.0095553e+00   1.4276161e-01   2.9406377e-01
   2.2681282e+00   1.8340682e-01   1.6792407e-01
   2.3181581e+00   3.0231540e-01   1.2319368e-01
   2.1222137e+00   4.9677414e-01   1.4897338e-01
   1.8051199e+00   6.1963632e-01   2.9602450e-01
   1.6020962e+00   4.3936903e-01   7.3371013e-01
   1.8135075e+00   1.5368354e-01   1.2894780e+00
   2.1728279e+00   4.9132705e-02   7.9268617e-01
   2.4066224e+00   4.3663821e-02   1.5578727e-01
   2.4894265e+00   8.6802093e-02   2.7209069e-02
   2.4306789e+00   2.0047048e-01   9.4472166e-03
   2.2245764e+00   4.3573913e-01   7.5755523e-03
   1.8368344e+00   7.7469481e-01   1.3203858e-02
   1.3312961e+00   9.5762458e-01   4.0915842e-02
   9.9171517e-01   7.2884589e-01   1.5672806e-01
   1.0341151e+00   3.5221846e-01   4.5692241e-01
   1.5029676e+00   1.4334647e-01   6.4374603e-01
   2.0193444e+00   8.8169045e-02   3.6911489e-01
   2.3168953e+00   1.1047291e-01   1.3017803e-01
   2.4088630e+00   2.0674123e-01   5.7524580e-02
   2.2452749e+00   4.1480841e-01   4.7570811e-02
   1.8942552e+00   6.9898053e-01   7.8931090e-02
   1.4549176e+00   7.8996457e-01   2.2068518e-01
   1.2390322e+00   4.5881673e-01   6.9733389e-01
   1.5678765e+00   1.2805181e-01   1.2797938e+00
   2.0696407e+00   3.8440109e-02   6.5551969e-01
   2.3766559e+00   3.8544947e-02   1.0079299e-01
   2.4838342e+00   8.0620730e-02   1.5540242e-02
   2.4289490e+00   1.8894854e-01   5.0114628e-03
   2.2378393e+00   4.1531678e-01   3.7876344e-03
   1.8649716e+00   7.5531778e-01   6.2922724e-03
   1.3572634e+00   9.7321206e-01   1.9010661e-02
   9.8466476e-01   7.9858269e-01   7.4005618e-02
   9.5648141e-01   4.4793503e-01   2.3639842e-01
   1.2935822e+00   2.2225303e-01   4.2356453e-01
   1.8163791e+00   1.4064263e-01   3.7655401e-01
   2.1852430e+00   1.4737287e-01   2.1183818e-01
   2.3329097e+00   2.2775816e-01   1.2487680e-01
   2.2395936e+00   3.9641476e-01   1.1376684e-01
   1.9575485e+00   5.9853094e-01   1.8039542e-01
   1.6359968e+00   5.9777119e-01   4.3188896e-01
   1.6062240e+00   2.9804228e-01   1.0326831e+00
   1.9415374e+00   8.4768489e-02   1.2311329e+00
   2.2875521e+00   3.7664351e-02   4.1744511e-01
   2.4554183e+00   5.3984523e-02   6.2891196e-02
   2.4967606e+00   1.2035550e-01   1.3580605e-02
   2.3685872e+00   2.7838970e-01   6.5380020e-03
   2.0913654e+00   5.6973528e-01   7.2804496e-03
   1.6316028e+00   8.9430338e-01   1.6591716e-02
   1.1508459e+00   9.2098158e-01   5.9352111e-02
   9.4538810e-01   5.8631465e-01   2.1864880e-01
   1.1432368e+00   2.6367357e-01   5.1278798e-01
   1.6693070e+00   1.2255826e-01   5.4083455e-01
   2.1286006e+00   9.8481332e-02   2.6513497e-01
   2.3511393e+00   1.4541518e-01   1.0444338e-01
   2.3580565e+00   2.7810574e-01   6.0750614e-02
   2.1267478e+00   5.2095117e-01   6.7580378e-02
   1.7325434e+00   7.5286867e-01   1.4082431e-01
   1.3642225e+00   6.4882787e-01   4.2408883e-01
   1.4001701e+00   2.5836757e-01   1.1006426e+00
   1.8547813e+00   6.3340893e-02   1.1374814e+00
   2.2675277e+00   3.1711308e-02   2.8819636e-01
   2.4532406e+00   5.2098223e-02   3.6556334e-02
   2.4836600e+00   1.1961063e-01   7.6180802e-03
   2.3610861e+00   2.7736263e-01   3.6448135e-03
   2.0886227e+00   5.6867186e-01   4.0437403e-03
   1.6304100e+00   8.9809110e-01   9.1982453e-03
   1.1448619e+00   9.4177552e-01   3.3043449e-02
   9.2149373e-01   6.3537333e-01   1.2447804e-01
   1.0617845e+00   3.2800863e-01   3.1636012e-01
   1.5374693e+00   1.7710381e-01   4.1507540e-01
   2.0096355e+00   1.4275505e-01   2.9404573e-01
   2.2681667e+00   1.8341122e-01   1.6790605e-01
   2.3181514e+00   3.0233409e-01   1.2318341e-01
   2.1221772e+00   4.9680487e-01   1.4897018e-01
   1.8050660e+00   6.1965373e-01   2.9603644e-01
   1.6020578e+00   4.3934990e-01   7.3376034e-01
   1.8135032e+00   1.5366486e-01   1.2895101e+00
   2.1728418e+00   4.9127125e-02   7.9260958e-01
   2.4066318e+00   4.3663302e-02   1.5575452e-01
   2.4894298e+00   8.6804525e-02   2.7203027e-02
   2.4306709e+00   2.0047752e-01   9.4453833e-03
   2.2245622e+00   4.3575257e-01   7.5743481e-03
   1.8368122e+00   7.7471053e-01   1.3202167e-02
   1.3312726e+00   9.5762958e-01   4.0911430e-02
   9.9170064e-01   7.2884419e-01   1.5671198e-01
   1.0341042e+00   3.5222621e-01   4.5687447e-01
   1.5029517e+00   1.4335788e-01   6.4369264e-01
   2.0193251e+00   8.8179396e-02   3.6911365e-01
   2.3168791e+00   1.1048359e-01   1.3019287e-01
   2.4088492e+00   2.0675439e-01   5.7536705e-02
   2.2452600e+00   4.1482207e-01   4.7583865e-02
   1.8942405e+00   6.9897698e-01   7.8955350e-02
   1.4549264e+00   7.8991112e-01   2.2075189e-01
   1.2391076e+00   4.5873533e-01   6.9749748e-01
   1.5680016e+00   1.2801705e-01   1.2798670e+00
   2.0697403e+00   3.8432990e-02   6.5537917e-01
   2.3766998e+00   3.8545979e-02   1.0075272e-01
   2.4838473e+00   8.0627816e-02   1.5534449e-02
   2.4289366e+00   1.8896672e-01   5.0100349e-03
   2.2378076e+00   4.1535171e-01   3.7869195e-03
   1.8649163e+00   7.5535908e-01   6.2916139e-03
   1.3572035e+00   9.7321992e-01   1.9009711e-02
   9.8463494e-01   7.9855324e-01   7.4002517e-02
   9.5648665e-01   4.4791607e-01   2.3637980e-01
   1.2936016e+00   2.2225623e-01   4.2351324e-01
   1.8163896e+00   1.4065641e-01   3.7651382e-01
   2.1852362e+00   1.4739322e-01   2.1183633e-01
   2.3328907e+00   2.2778527e-01   1.2489296e-01
   2.2395578e+00   3.9644166e-01   1.1379510e-01
   1.9575173e+00   5.9852099e-01   1.8045248e-01
   1.6360238e+00   5.9768441e-01   4.3201838e-01
   1.6063935e+00   2.9795726e-01   1.0328426e+00
   1.9417062e+00   8.4748616e-02   1.2309718e+00
   2.2876399e+00   3.7667901e-02   4.1729264e-01
   2.4554450e+00   5.4000275e-02   6.2874152e-02
   2.4967570e+00   1.2039302e-01   1.3580886e-02
   2.3685280e+00   2.7847058e-01   6.5401757e-03
   2.0912350e+00   5.6986206e-01   7.2849861e-03
   1.6314164e+00   8.9438495e-01   1.6605749e-02
   1.1507133e+00   9.2089004e-01   5.9407728e-02
   9.4540718e-01   5.8612729e-01   2.1883194e-01
   1.1434667e+00   2.6353664e-01   5.1305349e-01
   1.6696074e+00   1.2249480e-01   5.4083358e-01
   2.1288098e+00   9.8457686e-02   2.6499720e-01
   2.3512371e+00   1.4542195e-01   1.0436405e-01
   2.3580156e+00   2.7815736e-01   6.0707291e-02
   2.1266302e+00   5.2105777e-01   6.7544720e-02
   1.7323551e+00   7.5298801e-01   1.4077881e-01
   1.3640120e+00   6.4887685e-01   4.2401901e-01
   1.3999760e+00   2.5837000e-01   1.1005445e+00
   1.8546556e+00   6.3341191e-02   1.1373907e+00
   2.2674714e+00   3.1712507e-02   2.8817473e-01
   2.4532207e+00   5.2100030e-02   3.6554972e-02
   2.4836498e+00   1.1961386e-01   7.6180606e-03
   2.3610782e+00   2.7736854e-01   3.6449026e-03
   2.0886121e+00   5.6868037e-01   4.0439253e-03
   1.6303969e+00   8.9809609e-01   9.1988037e-03
   1.1448531e+00   9.4176962e-01   3.3045639e-02
   9.2149455e-01   6.3536237e-01   1.2448551e-01
   1.0617962e+00   3.2800032e-01   3.1637365e-01
   1.5374933e+00   1.7709897e-01   4.1508263e-01
   2.0096535e+00   1.4275288e-01   2.9404283e-01
   2.2681758e+00   1.8341117e-01   1.6790185e-01
   2.3181516e+00   3.0233697e-01   1.2318029e-01
   2.1221709e+00   4.9681109e-01   1.4896783e-01
   1.8050546e+00   6.1965963e-01   2.9603548e-01
   1.6020456e+00   4.3934967e-01   7.3376493e-01
   1.8134966e+00   1.5366247e-01   1.2895175e+00
   2.1728407e+00   4.9126041e-02   7.9260178e-01
   2.4066323e+00   4.3662787e-02   1.5574955e-01
   2.4894304e+00   8.6804022e-02   2.7201838e-02
   2.4306708e+00   2.0047674e-01   9.4449157e-03
   2.2245630e+00   4.3575131e-01   7.5739436e-03
   1.8368138e+00   7.7470963e-01   1.3201423e-02
   1.3312737e+00   9.5763151e-01   4.0909080e-02
   9.9169903e-01   7.2885049e-01   1.5670329e-01
   1.0340961e+00   3.5223424e-01   4.5685309e-01
   1.5029379e+00   1.4336353e-01   6.4367721e-01
   2.0193121e+00   8.8182944e-02   3.6911936e-01
   2.3168710e+00   1.1048611e-01   1.3020013e-01
   2.4088444e+00   2.0675615e-01   5.7541221e-02
   2.2452594e+00   4.1482172e-01   4.7588006e-02
   1.8942432e+00   6.9897106e-01   7.8962154e-02
   1.4549366e+00   7.8989574e-01   2.2076904e-01
   1.2391321e+00   4.5871656e-01   6.9753810e-01
   1.5680355e+00   1.2800913e-01   1.2798891e+00
   2.0697660e+00   3.8431241e-02   6.5534997e-01
   2.3767111e+00   3.8546034e-02   1.0074365e-01
   2.4838509e+00   8.0629098e-02   1.5533073e-02
   2.4289345e+00   1.8897017e-01   5.0096707e-03
   2.2378015e+00   4.1535842e-01   3.7867133e-03
   1.8649056e+00   7.5536713e-01   6.2913730e-03
   1.3571918e+00   9.7322179e-01   1.9009185e-02
   9.8462879e-01   7.9854845e-01   7.4000613e-02
   9.5648648e-01   4.4791397e-01   2.3637230e-01
   1.2936018e+00   2.2225863e-01   4.2349783e-01
   1.8163876e+00   1.4066059e-01   3.7650418e-01
   2.1852317e+00   1.4739849e-01   2.1183719e-01
   2.3328848e+00   2.2779161e-01   1.2489793e-01
   2.2395498e+00   3.9644700e-01   1.1380280e-01
   1.9575121e+00   5.9851658e-01   1.8046712e-01
   1.6360340e+00   5.9766202e-01   4.3205025e-01
   1.6064382e+00   2.9793682e-01   1.0328801e+00
   1.9417490e+00   8.4744156e-02   1.2309321e+00
   2.2876617e+00   3.7668951e-02   4.1725720e-01
   2.4554515e+00   5.4004275e-02   6.2870564e-02
   2.4967559e+00   1.2040244e-01   1.3581117e-02
   2.3685133e+00   2.7849081e-01   6.5407985e-03
   2.0912025e+00   5.6989372e-01   7.2862092e-03
   1.6313699e+00   8.9440514e-01   1.6609459e-02
   1.1506805e+00   9.2086658e-01   5.9422344e-02
   9.4541267e-01   5.8607927e-01   2.1888020e-01
   1.1435264e+00   2.6350101e-01   5.1312459e-01
   1.6696854e+00   1.2247790e-01   5.4083538e-01
   2.1288645e+00   9.8451023e-02   2.6496153e-01
   2.3512631e+00   1.4542301e-01   1.0434294e-01
   2.3580059e+00   2.7816983e-01   6.0695457e-02
   2.1266009e+00   5.2108466e-01   6.7534581e-02
   1.7323071e+00   7.5301997e-01   1.4076494e-01
   1.3639560e+00   6.4889350e-01   4.2399523e-01
   1.3999188e+00   2.5837379e-01   1.1005110e+00
   1.8546158e+00   6.3341998e-02   1.1373728e+00
   2.2674530e+00   3.1712799e-02   2.8817386e-01
   2.4532142e+00   5.2100120e-02   3.6555199e-02
   2.4836479e+00   1.1961372e-01   7.6181209e-03
   2.3610779e+00   2.7736799e-01   3.6449270e-03
   2.0886128e+00   5.6867930e-01   4.0439444e-03
   1.6303984e+00   8.9809512e-01   9.1988300e-03
   1.1448545e+00   9.4176980e-01   3.3045697e-02
   9.2149506e-01   6.3536309e-01   1.2448576e-01
   1.0617960e+00   3.2800054e-01   3.1637463e-01
   1.5374932e+00   1.7709873e-01   4.1508419e-01
   2.0096536e+00   1.4275242e-01   2.9404354e-01
   2.2681763e+00   1.8341051e-01   1.6790171e-01
   2.3181526e+00   3.0233617e-01   1.2317976e-01
   2.1221721e+00   4.9681071e-01   1.4896678e-01
   1.8050549e+00   6.1966093e-01   2.9603317e-01
   1.6020432e+00   4.3935223e-01   7.3376077e-01
   1.8134929e+00   1.5366358e-01   1.2895177e+00
   2.1728381e+00   4.9126138e-02   7.9260763e-01
   2.4066312e+00   4.3662531e-02   1.5575101e-01
   2.4894302e+00   8.6803357e-02   2.7201933e-02
   2.4306719e+00   2.0047524e-01   9.4448763e-03
   2.2245655e+00   4.3574861e-01   7.5738555e-03
   1.8368179e+00   7.7470683e-01   1.3201188e-02
   1.3312778e+00   9.5763204e-01   4.0908202e-02
   9.9170006e-01   7.2885475e-01   1.5670002e-01
   1.0340924e+00   3.5223828e-01   4.5684622e-01
   1.5029313e+00   1.4336553e-01   6.4367490e-01
   2.0193065e+00   8.8183746e-02   3.6912318e-01
   2.3168681e+00   1.1048620e-01   1.3020266e-01
   2.4088434e+00   2.0675542e-01   5.7542390e-02
   2.2452610e+00   4.1481957e-01   4.7588804e-02
   1.8942471e+00   6.9896778e-01   7.8963069e-02
   1.4549418e+00   7.8989348e-01   2.2077056e-01
   1.2391371e+00   4.5871608e-01   6.9754091e-01
   1.5680395e+00   1.2800899e-01   1.2798929e+00
   2.0697683e+00   3.8431131e-02   6.5535119e-01
   2.3767120e+00   3.8545924e-02   1.0074355e-01
   2.4838513e+00   8.0628915e-02   1.5533013e-02
   2.4289348e+00   1.8896980e-01   5.0096399e-03
   2.2378021e+00   4.1535776e-01   3.7866827e-03
   1.8649067e+00   7.5536643e-01   6.2913121e-03
   1.3571929e+00   9.7322187e-01   1.9008984e-02
   9.8462907e-01   7.9854955e-01   7.3999835e-02
   9.5648562e-01   4.4791532e-01   2.3637014e-01
   1.2935991e+00   2.2225971e-01   4.2349523e-01
   1.8163848e+00   1.4066130e-01   3.7650370e-01
   2.1852298e+00   1.4739898e-01   2.1183801e-01
   2.3328837e+00   2.2779183e-01   1.2489882e-01
   2.2395498e+00   3.9644662e-01   1.1380372e-01
   1.9575132e+00   5.9851517e-01   1.8046841e-01
   1.6360366e+00   5.9765998e-01   4.3205231e-01
   1.6064429e+00   2.9793578e-01   1.0328815e+00
   1.9417524e+00   8.4744116e-02   1.2309294e+00
   2.2876632e+00   3.7669119e-02   4.1725611e-01
   2.4554518e+00   5.4004603e-02   6.2870681e-02
   2.4967558e+00   1.2040315e-01   1.3581225e-02
   2.3685122e+00   2.7849230e-01   6.5408889e-03
   2.0912002e+00   5.6989601e-01   7.2863487e-03
   1.6313666e+00   8.9440651e-01   1.6609844e-02
   1.1506782e+00   9.2086454e-01   5.9423811e-02
   9.4541348e-01   5.8607508e-01   2.1888512e-01
   1.1435320e+00   2.6349760e-01   5.1313247e-01
   1.6696928e+00   1.2247608e-01   5.4083669e-01
   2.1288698e+00   9.8450108e-02   2.6495823e-01
   2.3512659e+00   1.4542274e-01   1.0434066e-01
   2.3580054e+00   2.7817049e-01   6.0694020e-02
   2.1265988e+00   5.2108676e-01   6.7533142e-02
   1.7323031e+00   7.5302351e-01   1.4076250e-01
   1.3639499e+00   6.4889722e-01   4.2398990e-01
   1.3999097e+00   2.5837587e-01   1.1005035e+00
   1.8546081e+00   6.3342471e-02   1.1373742e+00
   2.2674491e+00   3.1712816e-02   2.8817636e-01
   2.4532129e+00   5.2099920e-02   3.6555536e-02
   2.4836481e+00   1.1961316e-01   7.6181619e-03
   2.3610789e+00   2.7736680e-01   3.6449298e-03
   2.0886148e+00   5.6867741e-01   4.0439300e-03
   1.6304012e+00   8.9809379e-01   9.1987666e-03
   1.1448566e+00   9.4177075e-01   3.3045421e-02
   9.2149528e-01   6.3536512e-01   1.2448484e-01
   1.0617942e+00   3.2800187e-01   3.1637331e-01
   1.5374897e+00   1.7709928e-01   4.1508415e-01
   2.0096511e+00   1.4275244e-01   2.9404441e-01
   2.2681752e+00   1.8341011e-01   1.6790223e-01
   2.3181533e+00   3.0233524e-01   1.2317986e-01
   2.1221737e+00   4.9680958e-01   1.4896645e-01
   1.8050567e+00   6.1966091e-01   2.9603185e-01
   1.6020434e+00   4.3935389e-01   7.3375746e-01
   1.8134916e+00   1.5366463e-01   1.2895168e+00
   2.1728366e+00   4.9126355e-02   7.9261247e-01
   2.4066305e+00   4.3662443e-02   1.5575264e-01
   2.4894301e+00   8.6803007e-02   2.7202164e-02
   2.4306726e+00   2.0047440e-01   9.4449184e-03
   2.2245670e+00   4.3574707e-01   7.5738576e-03
   1.8368204e+00   7.7470518e-01   1.3201145e-02
   1.3312802e+00   9.5763209e-01   4.0907982e-02
   9.9170094e-01   7.2885656e-01   1.5669918e-01
   1.0340913e+00   3.5223969e-01   4.5684492e-01
   1.5029291e+00   1.4336599e-01   6.4367565e-01
   2.0193048e+00   8.8183746e-02   3.6912479e-01
   2.3168674e+00   1.1048590e-01   1.3020323e-01
   2.4088434e+00   2.0675470e-01   5.7542485e-02
   2.2452622e+00   4.1481825e-01   4.7588717e-02
   1.8942491e+00   6.9896654e-01   7.8962673e-02
   1.4549437e+00   7.8989425e-01   2.2076907e-01
   1.2391367e+00   4.5871847e-01   6.9753686e-01
   1.5680371e+00   1.2801003e-01   1.2798922e+00
   2.0697661e+00   3.8431311e-02   6.5535616e-01
   2.3767110e+00   3.8545845e-02   1.0074479e-01
   2.4838510e+00   8.0628615e-02   1.5533172e-02
   2.4289354e+00   1.8896907e-01   5.0096726e-03
   2.2378034e+00   4.1535638e-01   3.7866928e-03
   1.8649088e+00   7.5536482e-01   6.2913080e-03
   1.3571952e+00   9.7322165e-01   1.9008931e-02
   9.8463014e-01   7.9855095e-01   7.3999613e-02
   9.5648510e-01   4.4791648e-01   2.3636984e-01
   1.2935974e+00   2.2226005e-01   4.2349579e-01
   1.8163833e+00   1.4066116e-01   3.7650478e-01
   2.1852293e+00   1.4739853e-01   2.1183840e-01
   2.3328838e+00   2.2779105e-01   1.2489868e-01
   2.2395509e+00   3.9644560e-01   1.1380320e-01
   1.9575147e+00   5.9851490e-01   1.8046712e-01
   1.6360369e+00   5.9766190e-01   4.3204904e-01
   1.6064394e+00   2.9793806e-01   1.0328770e+00
   1.9417485e+00   8.4744731e-02   1.2309335e+00
   2.2876610e+00   3.7669076e-02   4.1726051e-01
   2.4554512e+00   5.4004237e-02   6.2871270e-02
   2.4967559e+00   1.2040225e-01   1.3581260e-02
   2.3685137e+00   2.7849034e-01   6.5408569e-03
   2.0912033e+00   5.6989292e-01   7.2862618e-03
   1.6313712e+00   8.9440448e-01   1.6609556e-02
   1.1506815e+00   9.2086662e-01   5.9422646e-02
   9.4541320e-01   5.8607931e-01   2.1888132e-01
   1.1435270e+00   2.6350055e-01   5.1312726e-01
   1.6696863e+00   1.2247735e-01   5.4083726e-01
   2.1288654e+00   9.8450482e-02   2.6496125e-01
   2.3512639e+00   1.4542241e-01   1.0434225e-01
   2.3580066e+00   2.7816913e-01   6.0694805e-02
   2.1266017e+00   5.2108423e-01   6.7533684e-02
   1.7323074e+00   7.5302118e-01   1.4076295e-01
   1.3639541e+00   6.4889720e-01   4.2398993e-01
   1.3999121e+00   2.5837665e-01   1.1005035e+00
   1.8546089e+00   6.3342656e-02   1.1373776e+00
   2.2674494e+00   3.1712784e-02   2.8817808e-01
   2.4532130e+00   5.2099779e-02   3.6555717e-02
   2.4836486e+00   1.1961283e-01   7.6181792e-03
   2.3610795e+00   2.7736612e-01   3.6449280e-03
   2.0886159e+00   5.6867636e-01   4.0439181e-03
   1.6304028e+00   8.9809309e-01   9.1987225e-03
   1.1448578e+00   9.4177134e-01   3.3045236e-02
   9.2149534e-01   6.3536630e-01   1.2448423e-01
   1.0617930e+00   3.2800268e-01   3.1637233e-01
   1.5374874e+00   1.7709965e-01   4.1508389e-01
   2.0096495e+00   1.4275252e-01   2.9404485e-01
   2.2681745e+00   1.8340994e-01   1.6790258e-01
   2.3181536e+00   3.0233477e-01   1.2318001e-01
   2.1221746e+00   4.9680891e-01   1.4896640e-01
   1.8050579e+00   6.1966071e-01   2.9603134e-01
   1.6020439e+00   4.3935457e-01   7.3375596e-01
   1.8134912e+00   1.5366514e-01   1.2895161e+00
   2.1728360e+00   4.9126479e-02   7.9261470e-01
   2.4066302e+00   4.3662423e-02   1.5575348e-01
   2.4894300e+00   8.6802880e-02   2.7202297e-02
   2.4306729e+00   2.0047409e-01   9.4449509e-03
   2.2245675e+00   4.3574649e-01   7.5738716e-03
   1.8368213e+00   7.7470453e-01   1.3201152e-02
   1.3312812e+00   9.5763205e-01   4.0907968e-02
   9.9170135e-01   7.2885709e-01   1.5669913e-01
   1.0340910e+00   3.5224001e-01   4.5684508e-01
   1.5029286e+00   1.4336599e-01   6.4367646e-01
   2.0193045e+00   8.8183631e-02   3.6912526e-01
   2.3168674e+00   1.1048570e-01   1.3020322e-01
   2.4088435e+00   2.0675435e-01   5.7542376e-02
   2.2452627e+00   4.1481772e-01   4.7588546e-02
   1.8942499e+00   6.9896623e-01   7.8962289e-02
   1.4549441e+00   7.8989507e-01   2.2076789e-01
   1.2391358e+00   4.5872006e-01   6.9753388e-01
   1.5680351e+00   1.2801072e-01   1.2798911e+00
   2.0697644e+00   3.8431443e-02   6.5535915e-01
   2.3767103e+00   3.8545812e-02   1.0074559e-01
   2.4838508e+00   8.0628450e-02   1.5533282e-02
   2.4289356e+00   1.8896866e-01   5.0096978e-03
   2.2378041e+00   4.1535560e-01   3.7867036e-03
   1.8649101e+00   7.5536391e-01   6.2913142e-03
   1.3571965e+00   9.7322150e-01   1.9008927e-02
   9.8463078e-01   7.9855167e-01   7.3999585e-02
   9.5648490e-01   4.4791702e-01   2.3636997e-01
   1.2935967e+00   2.2226011e-01   4.2349653e-01
   1.8163827e+00   1.4066097e-01   3.7650554e-01
   2.1852292e+00   1.4739818e-01   2.1183853e-01
   2.3328841e+00   2.2779053e-01   1.2489846e-01
   2.2395516e+00   3.9644501e-01   1.1380274e-01
   1.9575154e+00   5.9851494e-01   1.8046612e-01
   1.6360367e+00   5.9766342e-01   4.3204667e-01
   1.6064365e+00   2.9793965e-01   1.0328740e+00
   1.9417455e+00   8.4745128e-02   1.2309364e+00
   2.2876594e+00   3.7669023e-02   4.1726346e-01
   2.4554507e+00   5.4003957e-02   6.2871629e-02
   2.4967559e+00   1.2040157e-01   1.3581267e-02
   2.3685147e+00   2.7848888e-01   6.5408235e-03
   2.0912057e+00   5.6989063e-01   7.2861863e-03
   1.6313745e+00   8.9440299e-01   1.6609317e-02
   1.1506839e+00   9.2086823e-01   5.9421692e-02
   9.4541290e-01   5.8608261e-01   2.1887819e-01
   1.1435230e+00   2.6350292e-01   5.1312281e-01
   1.6696811e+00   1.2247842e-01   5.4083744e-01
   2.1288618e+00   9.8450853e-02   2.6496365e-01
   2.3512622e+00   1.4542224e-01   1.0434359e-01
   2.3580073e+00   2.7816816e-01   6.0695513e-02
   2.1266038e+00   5.2108232e-01   6.7534236e-02
   1.7323107e+00   7.5301918e-01   1.4076359e-01
   1.3639577e+00   6.4889665e-01   4.2399072e-01
   1.3999149e+00   2.5837684e-01   1.1005046e+00
   1.8546106e+00   6.3342706e-02   1.1373796e+00
   2.2674501e+00   3.1712762e-02   2.8817881e-01
   2.4532133e+00   5.2099719e-02   3.6555784e-02
   2.4836488e+00   1.1961270e-01   7.6181844e-03
   2.3610798e+00   2.7736586e-01   3.6449265e-03
   2.0886164e+00   5.6867596e-01   4.0439126e-03
   1.6304034e+00   8.9809283e-01   9.1987036e-03
   1.1448582e+00   9.4177157e-01   3.3045159e-02
   9.2149534e-01   6.3536676e-01   1.2448396e-01
   1.0617926e+00   3.2800301e-01   3.1637189e-01
   1.5374865e+00   1.7709982e-01   4.1508374e-01
   2.0096489e+00   1.4275257e-01   2.9404502e-01
   2.2681742e+00   1.8340989e-01   1.6790272e-01
   2.3181536e+00   3.0233461e-01   1.2318008e-01
   2.1221749e+00   4.9680865e-01   1.4896641e-01
   1.8050583e+00   6.1966059e-01   2.9603120e-01
   1.6020442e+00   4.3935477e-01   7.3375548e-01
   1.8134912e+00   1.5366531e-01   1.2895159e+00
   2.1728358e+00   4.9126527e-02   7.9261542e-01
   2.4066301e+00   4.3662424e-02   1.5575377e-01
   2.4894300e+00   8.6802849e-02   2.7202349e-02
   2.4306730e+00   2.0047401e-01   9.4449655e-03
   2.2245677e+00   4.3574633e-01   7.5738803e-03
   1.8368215e+00   7.7470436e-01   1.3201162e-02
   1.3312814e+00   9.5763202e-01   4.0907992e-02
   9.9170149e-01   7.2885717e-01   1.5669921e-01
   1.0340911e+00   3.5224001e-01   4.5684538e-01
   1.5029287e+00   1.4336593e-01   6.4367687e-01
   2.0193046e+00   8.8183557e-02   3.6912533e-01
   2.3168675e+00   1.1048561e-01   1.3020314e-01
   2.4088436e+00   2.0675423e-01   5.7542293e-02
   2.2452628e+00   4.1481757e-01   4.7588450e-02
   1.8942501e+00   6.9896621e-01   7.8962102e-02
   1.4549441e+00   7.8989548e-01   2.2076736e-01
   1.2391352e+00   4.5872073e-01   6.9753257e-01
   1.5680341e+00   1.2801101e-01   1.2798906e+00
   2.0697636e+00   3.8431500e-02   6.5536033e-01
   2.3767099e+00   3.8545801e-02   1.0074592e-01
   2.4838507e+00   8.0628388e-02   1.5533329e-02
   2.4289358e+00   1.8896851e-01   5.0097092e-03
   2.2378044e+00   4.1535530e-01   3.7867091e-03
   1.8649106e+00   7.5536355e-01   6.2913187e-03
   1.3571970e+00   9.7322144e-01   1.9008931e-02
   9.8463103e-01   7.9855193e-01   7.3999598e-02
   9.5648484e-01   4.4791720e-01   2.3637009e-01
   1.2935965e+00   2.2226010e-01   4.2349691e-01
   1.8163826e+00   1.4066086e-01   3.7650587e-01
   2.1852292e+00   1.4739802e-01   2.1183856e-01
   2.3328842e+00   2.2779031e-01   1.2489833e-01
   2.2395519e+00   3.9644479e-01   1.1380252e-01
   1.9575157e+00   5.9851500e-01   1.8046566e-01
   1.6360365e+00   5.9766411e-01   4.3204563e-01
   1.6064351e+00   2.9794034e-01   1.0328727e+00
   1.9417441e+00   8.4745292e-02   1.2309377e+00
   2.2876587e+00   3.7668997e-02   4.1726471e-01
   2.4554504e+00   5.4003831e-02   6.2871772e-02
   2.4967560e+00   1.2040127e-01   1.3581266e-02
   2.3685152e+00   2.7848823e-01   6.5408068e-03
   2.0912067e+00   5.6988961e-01   7.2861508e-03
   1.6313760e+00   8.9440234e-01   1.6609207e-02
   1.1506850e+00   9.2086896e-01   5.9421253e-02
   9.4541276e-01   5.8608410e-01   2.1887675e-01
   1.1435211e+00   2.6350400e-01   5.1312073e-01
   1.6696787e+00   1.2247891e-01   5.4083747e-01
   2.1288601e+00   9.8451035e-02   2.6496474e-01
   2.3512615e+00   1.4542218e-01   1.0434421e-01
   2.3580077e+00   2.7816774e-01   6.0695850e-02
   2.1266048e+00   5.2108147e-01   6.7534509e-02
   1.7323122e+00   7.5301824e-01   1.4076393e-01
   1.3639593e+00   6.4889630e-01   4.2399121e-01
   1.3999164e+00   2.5837685e-01   1.1005053e+00
   1.8546115e+00   6.3342710e-02   1.1373804e+00
   2.2674505e+00   3.1712752e-02   2.8817903e-01
   2.4532134e+00   5.2099701e-02   3.6555801e-02
   2.4836489e+00   1.1961267e-01   7.6181851e-03
   2.3610799e+00   2.7736579e-01   3.6449257e-03
   2.0886165e+00   5.6867586e-01   4.0439108e-03
   1.6304035e+00   8.9809277e-01   9.1986979e-03
   1.1448583e+00   9.4177163e-01   3.3045136e-02
   9.2149534e-01   6.3536689e-01   1.2448389e-01
   1.0617925e+00   3.2800310e-01   3.1637176e-01
   1.5374863e+00   1.7709987e-01   4.1508367e-01
   2.0096487e+00   1.4275259e-01   2.9404505e-01
   2.2681741e+00   1.8340989e-01   1.6790277e-01
   2.3181536e+00   3.0233457e-01   1.2318011e-01
   2.1221750e+00   4.9680858e-01   1.4896642e-01
   1.8050584e+00   6.1966054e-01   2.9603119e-01
   1.6020443e+00   4.3935480e-01   7.3375539e-01
   1.8134913e+00   1.5366535e-01   1.2895158e+00
   2.1728358e+00   4.9126539e-02   7.9261556e-01
   2.4066301e+00   4.3662427e-02   1.5575384e-01
   2.4894300e+00   8.6802849e-02   2.7202362e-02
   2.4306730e+00   2.0047400e-01   9.4449700e-03
   2.2245677e+00   4.3574632e-01   7.5738837e-03
   1.8368216e+00   7.7470434e-01   1.3201168e-02
   1.3312814e+00   9.5763201e-01   4.0908009e-02
   9.9170152e-01   7.2885714e-01   1.5669927e-01
   1.0340911e+00   3.5223996e-01   4.5684554e-01
   1.5029287e+00   1.4336589e-01   6.4367701e-01
   2.0193047e+00   8.8183527e-02   3.6912531e-01
   2.3168676e+00   1.1048558e-01   1.3020309e-01
   2.4088437e+00   2.0675420e-01   5.7542256e-02
   2.2452628e+00   4.1481756e-01   4.7588414e-02
   1.8942501e+00   6.9896624e-01   7.8962038e-02
   1.4549441e+00   7.8989562e-01   2.2076720e-01
   1.2391350e+00   4.5872093e-01   6.9753216e-01
   1.5680338e+00   1.2801109e-01   1.2798904e+00
   2.0697633e+00   3.8431517e-02   6.5536065e-01
   2.3767098e+00   3.8545800e-02   1.0074602e-01
   2.4838506e+00   8.0628373e-02   1.5533343e-02
   2.4289358e+00   1.8896847e-01   5.0097128e-03
   2.2378045e+00   4.1535522e-01   3.7867110e-03
   1.8649107e+00   7.5536346e-01   6.2913207e-03
   1.3571971e+00   9.7322142e-01   1.9008935e-02
   9.8463109e-01   7.9855199e-01   7.3999611e-02
   9.5648483e-01   4.4791724e-01   2.3637015e-01
   1.2935965e+00   2.2226008e-01   4.2349705e-01
   1.8163826e+00   1.4066083e-01   3.7650596e-01
   2.1852292e+00   1.4739796e-01   2.1183856e-01
   2.3328843e+00   2.2779024e-01   1.2489829e-01
   2.2395520e+00   3.9644472e-01   1.1380245e-01
   1.9575158e+00   5.9851504e-01   1.8046552e-01
   1.6360364e+00   5.9766433e-01   4.3204531e-01
   1.6064347e+00   2.9794055e-01   1.0328723e+00
   1.9417437e+00   8.4745339e-02   1.2309381e+00
   2.2876585e+00   3.7668987e-02   4.1726508e-01
   2.4554504e+00   5.4003792e-02   6.2871811e-02
   2.4967560e+00   1.2040118e-01   1.3581265e-02
   2.3685154e+00   2.7848803e-01   6.5408011e-03
   2.0912071e+00   5.6988930e-01   7.2861392e-03
   1.6313765e+00   8.9440214e-01   1.6609171e-02
   1.1506853e+00   9.2086919e-01   5.9421112e-02
   9.4541271e-01   5.8608457e-01   2.1887628e-01
   1.1435206e+00   2.6350435e-01   5.1312005e-01
   1.6696779e+00   1.2247908e-01   5.4083746e-01
   2.1288596e+00   9.8451097e-02   2.6496509e-01
   2.3512612e+00   1.4542216e-01   1.0434442e-01
   2.3580078e+00   2.7816761e-01   6.0695962e-02
   2.1266051e+00   5.2108120e-01   6.7534604e-02
   1.7323127e+00   7.5301794e-01   1.4076405e-01
   1.3639599e+00   6.4889616e-01   4.2399142e-01
   1.3999169e+00   2.5837683e-01   1.1005056e+00
   1.8546119e+00   6.3342706e-02   1.1373806e+00
   2.2674506e+00   3.1712749e-02   2.8817906e-01
   2.4532135e+00   5.2099698e-02   3.6555801e-02
   2.4836489e+00   1.1961266e-01   7.6181849e-03
   2.3610799e+00   2.7736578e-01   3.6449255e-03
   2.0886165e+00   5.6867586e-01   4.0439105e-03
   1.6304035e+00   8.9809276e-01   9.1986970e-03
   1.1448583e+00   9.4177164e-01   3.3045133e-02
   9.2149534e-01   6.3536690e-01   1.2448388e-01
   1.0617924e+00   3.2800311e-01   3.1637174e-01
   1.5374862e+00   1.7709987e-01   4.1508366e-01
   2.0096487e+00   1.4275259e-01   2.9404505e-01
   2.2681741e+00   1.8340989e-01   1.6790277e-01
   2.3181536e+00   3.0233457e-01   1.2318012e-01
   2.1221750e+00   4.9680858e-01   1.4896643e-01
   1.8050585e+00   6.1966052e-01   2.9603120e-01
   1.6020443e+00   4.3935479e-01   7.3375540e-01
   1.8134913e+00   1.5366534e-01   1.2895158e+00
   2.1728358e+00   4.9126540e-02   7.9261554e-01
   2.4066301e+00   4.3662429e-02   1.5575384e-01
   2.4894300e+00   8.6802852e-02   2.7202363e-02
   2.4306730e+00   2.0047401e-01   9.4449709e-03
   2.2245677e+00   4.3574634e-01   7.5738847e-03
   1.8368215e+00   7.7470436e-01   1.3201170e-02
   1.3312814e+00   9.5763200e-01   4.0908016e-02
   9.9170151e-01   7.2885712e-01   1.5669930e-01
   1.0340912e+00   3.5223993e-01   4.5684560e-01
   1.5029288e+00   1.4336587e-01   6.4367704e-01
   2.0193047e+00   8.8183518e-02   3.6912528e-01
   2.3168676e+00   1.1048558e-01   1.3020306e-01
   2.4088437e+00   2.0675421e-01   5.7542245e-02
   2.2452628e+00   4.1481757e-01   4.7588404e-02
   1.8942501e+00   6.9896626e-01   7.8962025e-02
   1.4549440e+00   7.8989565e-01   2.2076716e-01
   1.2391350e+00   4.5872095e-01   6.9753210e-01
   1.5680337e+00   1.2801110e-01   1.2798904e+00
   2.0697633e+00   3.8431520e-02   6.5536069e-01
   2.3767098e+00   3.8545800e-02   1.0074603e-01
   2.4838506e+00   8.0628372e-02   1.5533345e-02
   2.4289358e+00   1.8896846e-01   5.0097134e-03
   2.2378045e+00   4.1535521e-01   3.7867114e-03
   1.8649107e+00   7.5536345e-01   6.2913213e-03
   1.3571972e+00   9.7322142e-01   1.9008937e-02
   9.8463110e-01   7.9855199e-01   7.3999618e-02
   9.5648484e-01   4.4791723e-01   2.3637017e-01
   1.2935965e+00   2.2226008e-01   4.2349709e-01
   1.8163826e+00   1.4066082e-01   3.7650598e-01
   2.1852292e+00   1.4739796e-01   2.1183855e-01
   2.3328843e+00   2.2779023e-01   1.2489828e-01
   2.2395520e+00   3.9644472e-01   1.1380243e-01
   1.9575158e+00   5.9851505e-01   1.8046549e-01
   1.6360364e+00   5.9766436e-01   4.3204525e-01
   1.6064346e+00   2.9794058e-01   1.0328722e+00
   1.9417436e+00   8.4745346e-02   1.2309382e+00
   2.2876584e+00   3.7668985e-02   4.1726513e-01
   2.4554504e+00   5.4003785e-02   6.2871815e-02
   2.4967560e+00   1.2040116e-01   1.3581264e-02
   2.3685154e+00   2.7848799e-01   6.5407998e-03
   2.0912071e+00   5.6988924e-01   7.2861369e-03
   1.6313766e+00   8.9440210e-01   1.6609164e-02
   1.1506854e+00   9.2086923e-01   5.9421085e-02
   9.4541269e-01   5.8608466e-01   2.1887620e-01
   1.1435205e+00   2.6350441e-01   5.1311992e-01
   1.6696778e+00   1.2247911e-01   5.4083745e-01
   2.1288595e+00   9.8451110e-02   2.6496516e-01
   2.3512612e+00   1.4542216e-01   1.0434445e-01
   2.3580078e+00   2.7816759e-01   6.0695985e-02
   2.1266051e+00   5.2108116e-01   6.7534624e-02
   1.7323128e+00   7.5301788e-01   1.4076408e-01
   1.3639600e+00   6.4889612e-01   4.2399147e-01
   1.3999170e+00   2.5837682e-01   1.1005057e+00
   1.8546119e+00   6.3342703e-02   1.1373806e+00
   2.2674507e+00   3.1712749e-02   2.8817905e-01
   2.4532135e+00   5.2099699e-02   3.6555799e-02
   2.4836489e+00   1.1961267e-01   7.6181846e-03
   2.3610799e+00   2.7736579e-01   3.6449255e-03
   2.0886165e+00   5.6867587e-01   4.0439105e-03
   1.6304035e+00   8.9809277e-01   9.1986973e-03
   1.1448583e+00   9.4177164e-01   3.3045134e-02
   9.2149533e-01   6.3536689e-01   1.2448388e-01
   1.0617925e+00   3.2800310e-01   3.1637174e-01
   1.5374863e+00   1.7709987e-01   4.1508365e-01
   2.0096487e+00   1.4275259e-01   2.9404505e-01
   2.2681741e+00   1.8340989e-01   1.6790277e-01
   2.3181536e+00   3.0233457e-01   1.2318012e-01
   2.1221750e+00   4.9680858e-01   1.4896643e-01
   1.8050584e+00   6.1966052e-01   2.9603121e-01
   1.6020443e+00   4.3935477e-01   7.3375542e-01
   1.8134913e+00   1.5366534e-01   1.2895158e+00
   2.1728358e+00   4.9126539e-02   7.9261551e-01
   2.4066301e+00   4.3662429e-02   1.5575383e-01
   2.4894300e+00   8.6802855e-02   2.7202362e-02
   2.4306730e+00   2.0047401e-01   9.4449707e-03
   2.2245677e+00   4.3574635e-01   7.5738848e-03
   1.8368215e+00   7.7470437e-01   1.3201171e-02
   1.3312814e+00   9.5763200e-01   4.0908018e-02
   9.9170151e-01   7.2885710e-01   1.5669931e-01
   1.0340912e+00   3.5223992e-01   4.5684561e-01
   1.5029288e+00   1.4336587e-01   6.4367704e-01
   2.0193047e+00   8.8183517e-02   3.6912527e-01
   2.3168676e+00   1.1048558e-01   1.3020306e-01
   2.4088437e+00   2.0675421e-01   5.7542243e-02
   2.2452628e+00   4.1481758e-01   4.7588404e-02
   1.8942500e+00   6.9896627e-01   7.8962025e-02
   1.4549440e+00   7.8989565e-01   2.2076717e-01
   1.2391350e+00   4.5872094e-01   6.9753211e-01
   1.5680337e+00   1.2801109e-01   1.2798904e+00
   2.0697633e+00   3.8431520e-02   6.5536066e-01
   2.3767098e+00   3.8545801e-02   1.0074602e-01
   2.4838506e+00   8.0628374e-02   1.5533345e-02
   2.4289358e+00   1.8896847e-01   5.0097133e-03
   2.2378045e+00   4.1535522e-01   3.7867114e-03
   1.8649107e+00   7.5536346e-01   6.2913214e-03
   1.3571971e+00   9.7322142e-01   1.9008937e-02
   9.8463110e-01   7.9855199e-01   7.3999620e-02
   9.5648484e-01   4.4791722e-01   2.3637017e-01
   1.2935965e+00   2.2226007e-01   4.2349709e-01
   1.8163826e+00   1.4066082e-01   3.7650597e-01
   2.1852293e+00   1.4739796e-01   2.1183855e-01
   2.3328843e+00   2.2779024e-01   1.2489828e-01
   2.2395520e+00   3.9644472e-01   1.1380243e-01
   1.9575158e+00   5.9851505e-01   1.8046550e-01
   1.6360364e+00   5.9766436e-01   4.3204527e-01
   1.6064346e+00   2.9794057e-01   1.0328722e+00
   1.9417437e+00   8.4745343e-02   1.2309382e+00
   2.2876584e+00   3.7668985e-02   4.1726511e-01
   2.4554504e+00   5.4003786e-02   6.2871812e-02
   2.4967560e+00   1.2040117e-01   1.3581264e-02
   2.3685154e+00   2.7848800e-01   6.5407998e-03
   2.0912071e+00   5.6988925e-01   7.2861371e-03
   1.6313766e+00   8.9440211e-01   1.6609165e-02
   1.1506853e+00   9.2086922e-01   5.9421088e-02
   9.4541270e-01   5.8608464e-01   2.1887621e-01
   1.1435205e+00   2.6350440e-01   5.1311993e-01
   1.6696778e+00   1.2247910e-01   5.4083745e-01
   2.1288595e+00   9.8451110e-02   2.6496515e-01
   2.3512612e+00   1.4542216e-01   1.0434445e-01
   2.3580078e+00   2.7816760e-01   6.0695983e-02
   2.1266051e+00   5.2108116e-01   6.7534623e-02
   1.7323128e+00   7.5301788e-01   1.4076408e-01
   1.3639600e+00   6.4889611e-01   4.2399148e-01
   1.3999170e+00   2.5837681e-01   1.1005057e+00
   1.8546120e+00   6.3342701e-02   1.1373806e+00
   2.2674507e+00   3.1712749e-02   2.8817904e-01
   2.4532135e+00   5.2099700e-02   3.6555798e-02
   2.4836489e+00   1.1961267e-01   7.6181845e-03
   2.3610799e+00   2.7736579e-01   3.6449255e-03
   2.0886165e+00   5.6867587e-01   4.0439106e-03
   1.6304035e+00   8.9809278e-01   9.1986976e-03
   1.1448583e+00   9.4177163e-01   3.3045135e-02
   9.2149533e-01   6.3536688e-01   1.2448388e-01
   1.0617925e+00   3.2800310e-01   3.1637175e-01
   1.5374863e+00   1.7709987e-01   4.1508366e-01
   2.0096487e+00   1.4275259e-01   2.9404504e-01
   2.2681741e+00   1.8340990e-01   1.6790277e-01
   2.3181536e+00   3.0233458e-01   1.2318012e-01
   2.1221750e+00   4.9680859e-01   1.4896644e-01
   1.8050584e+00   6.1966052e-01   2.9603122e-01
   1.6020443e+00   4.3935477e-01   7.3375544e-01
   1.8134913e+00   1.5366533e-01   1.2895158e+00
   2.1728358e+00   4.9126538e-02   7.9261550e-01
   2.4066301e+00   4.3662430e-02   1.5575382e-01
   2.4894300e+00   8.6802856e-02   2.7202361e-02
   2.4306730e+00   2.0047402e-01   9.4449705e-03
   2.2245677e+00   4.3574635e-01   7.5738847e-03
   1.8368215e+00   7.7470437e-01   1.3201171e-02
   1.3312814e+00   9.5763200e-01   4.0908018e-02
   9.9170150e-01   7.2885710e-01   1.5669931e-01
   1.0340912e+00   3.5223991e-01   4.5684562e-01
   1.5029288e+00   1.4336587e-01   6.4367704e-01
   2.0193047e+00   8.8183518e-02   3.6912526e-01
   2.3168676e+00   1.1048558e-01   1.3020306e-01
   2.4088437e+00   2.0675421e-01   5.7542243e-02
   2.2452628e+00   4.1481758e-01   4.7588405e-02
   1.8942500e+00   6.9896628e-01   7.8962027e-02
   1.4549440e+00   7.8989565e-01   2.2076718e-01
   1.2391350e+00   4.5872093e-01   6.9753213e-01
   1.5680337e+00   1.2801109e-01   1.2798904e+00
   2.0697633e+00   3.8431519e-02   6.5536064e-01
   2.3767098e+00   3.8545801e-02   1.0074602e-01
   2.4838506e+00   8.0628375e-02   1.5533344e-02
   2.4289358e+00   1.8896847e-01   5.0097131e-03
   2.2378045e+00   4.1535523e-01   3.7867113e-03
   1.8649107e+00   7.5536347e-01   6.2913214e-03
   1.3571971e+00   9.7322142e-01   1.9008937e-02
   9.8463109e-01   7.9855198e-01   7.3999620e-02
   9.5648484e-01   4.4791722e-01   2.3637017e-01
   1.2935965e+00   2.2226007e-01   4.2349708e-01
   1.8163826e+00   1.4066082e-01   3.7650597e-01
   2.1852293e+00   1.4739796e-01   2.1183855e-01
   2.3328843e+00   2.2779024e-01   1.2489828e-01
   2.2395520e+00   3.9644473e-01   1.1380244e-01
   1.9575158e+00   5.9851505e-01   1.8046550e-01
   1.6360364e+00   5.9766435e-01   4.3204528e-01
   1.6064347e+00   2.9794056e-01   1.0328722e+00
   1.9417437e+00   8.4745340e-02   1.2309382e+00
   2.2876584e+00   3.7668985e-02   4.1726509e-01
   2.4554504e+00   5.4003788e-02   6.2871810e-02
   2.4967560e+00   1.2040117e-01   1.3581263e-02
   2.3685154e+00   2.7848801e-01   6.5408000e-03
   2.0912071e+00   5.6988927e-01   7.2861375e-03
   1.6313765e+00   8.9440212e-01   1.6609166e-02
   1.1506853e+00   9.2086921e-01   5.9421095e-02
   9.4541270e-01   5.8608462e-01   2.1887623e-01
   1.1435205e+00   2.6350439e-01   5.1311996e-01
   1.6696778e+00   1.2247910e-01   5.4083745e-01
   2.1288595e+00   9.8451108e-02   2.6496513e-01
   2.3512612e+00   1.4542216e-01   1.0434444e-01
   2.3580078e+00   2.7816761e-01   6.0695979e-02
   2.1266051e+00   5.2108118e-01   6.7534620e-02
   1.7323128e+00   7.5301789e-01   1.4076408e-01
   1.3639599e+00   6.4889611e-01   4.2399148e-01
   1.3999170e+00   2.5837681e-01   1.1005057e+00
   1.8546119e+00   6.3342701e-02   1.1373806e+00
   2.2674507e+00   3.1712749e-02   2.8817903e-01
   2.4532135e+00   5.2099700e-02   3.6555798e-02
   2.4836489e+00   1.1961267e-01   7.6181844e-03
   2.3610799e+00   2.7736580e-01   3.6449255e-03
   2.0886165e+00   5.6867588e-01   4.0439106e-03
   1.6304035e+00   8.9809278e-01   9.1986977e-03
   1.1448583e+00   9.4177163e-01   3.3045136e-02
   9.2149533e-01   6.3536688e-01   1.2448389e-01
   1.0617925e+00   3.2800310e-01   3.1637175e-01
   1.5374863e+00   1.7709987e-01   4.1508366e-01
   2.0096487e+00   1.4275259e-01   2.9404504e-01
   2.2681741e+00   1.8340990e-01   1.6790277e-01
   2.3181536e+00   3.0233458e-01   1.2318012e-01
   2.1221750e+00   4.9680859e-01   1.4896644e-01
   1.8050584e+00   6.1966052e-01   2.9603122e-01
   1.6020443e+00   4.3935477e-01   7.3375544e-01
   1.8134913e+00   1.5366533e-01   1.2895158e+00
   2.1728358e+00   4.9126538e-02   7.9261549e-01
   2.4066301e+00   4.3662430e-02   1.5575382e-01
   2.4894300e+00   8.6802856e-02   2.7202361e-02
   2.4306730e+00   2.0047402e-01   9.4449704e-03
   2.2245677e+00   4.3574635e-01   7.5738847e-03
   1.8368215e+00   7.7470438e-01   1.3201171e-02
   1.3312814e+00   9.5763200e-01   4.0908018e-02
   9.9170150e-01   7.2885710e-01   1.5669931e-01
   1.0340912e+00   3.5223991e-01   4.5684561e-01
   1.5029288e+00   1.4336587e-01   6.4367704e-01
   2.0193047e+00   8.8183518e-02   3.6912526e-01
   2.3168676e+00   1.1048558e-01   1.3020306e-01
   2.4088437e+00   2.0675421e-01   5.7542244e-02
   2.2452628e+00   4.1481758e-01   4.7588405e-02
   1.8942500e+00   6.9896628e-01   7.8962029e-02
   1.4549440e+00   7.8989565e-01   2.2076718e-01
   1.2391350e+00   4.5872093e-01   6.9753214e-01
   1.5680337e+00   1.2801109e-01   1.2798904e+00
   2.0697633e+00   3.8431518e-02   6.5536063e-01
   2.3767098e+00   3.8545801e-02   1.0074602e-01
   2.4838506e+00   8.0628375e-02   1.5533344e-02
   2.4289358e+00   1.8896847e-01   5.0097130e-03
   2.2378045e+00   4.1535523e-01   3.7867113e-03
   1.8649107e+00   7.5536347e-01   6.2913213e-03
   1.3571971e+00   9.7322142e-01   1.9008937e-02
   9.8463109e-01   7.9855198e-01   7.3999620e-02
   9.5648484e-01   4.4791722e-01   2.3637017e-01
   1.2935965e+00   2.2226007e-01   4.2349708e-01
   1.8163826e+00   1.4066082e-01   3.7650597e-01
   2.1852293e+00   1.4739796e-01   2.1183855e-01
   2.3328843e+00   2.2779024e-01   1.2489828e-01
   2.2395520e+00   3.9644473e-01   1.1380244e-01
   1.9575158e+00   5.9851505e-01   1.8046551e-01
   1.6360364e+00   5.9766434e-01   4.3204529e-01
   1.6064347e+00   2.9794056e-01   1.0328723e+00
   1.9417437e+00   8.4745339e-02   1.2309381e+00
   2.2876584e+00   3.7668985e-02   4.1726508e-01
   2.4554504e+00   5.4003789e-02   6.2871808e-02
   2.4967560e+00   1.2040117e-01   1.3581263e-02
   2.3685154e+00   2.7848801e-01   6.5408002e-03
   2.0912071e+00   5.6988928e-01   7.2861378e-03
   1.6313765e+00   8.9440213e-01   1.6609167e-02
   1.1506853e+00   9.2086921e-01   5.9421098e-02
   9.4541270e-01   5.8608461e-01   2.1887624e-01
   1.1435205e+00   2.6350438e-01   5.1311998e-01
   1.6696779e+00   1.2247909e-01   5.4083745e-01
   2.1288595e+00   9.8451106e-02   2.6496512e-01
   2.3512612e+00   1.4542217e-01   1.0434444e-01
   2.3580078e+00   2.7816761e-01   6.0695976e-02
   2.1266051e+00   5.2108118e-01   6.7534618e-02
   1.7323128e+00   7.5301790e-01   1.4076407e-01
   1.3639599e+00   6.4889612e-01   4.2399147e-01
   1.3999170e+00   2.5837681e-01   1.1005057e+00
   1.8546119e+00   6.3342701e-02   1.1373806e+00
   2.2674507e+00   3.1712749e-02   2.8817903e-01
   2.4532135e+00   5.2099701e-02   3.6555797e-02
   2.4836489e+00   1.1961267e-01   7.6181844e-03
   2.3610799e+00   2.7736580e-01   3.6449255e-03
   2.0886165e+00   5.6867588e-01   4.0439107e-03
   1.6304035e+00   8.9809278e-01   9.1986978e-03
   1.1448583e+00   9.4177163e-01   3.3045136e-02
   9.2149533e-01   6.3536688e-01   1.2448389e-01
   1.0617925e+00   3.2800310e-01   3.1637175e-01
   1.5374863e+00   1.7709987e-01   4.1508366e-01
   2.0096487e+00   1.4275259e-01   2.9404504e-01
   2.2681741e+00   1.8340990e-01   1.6790277e-01
   2.3181536e+00   3.0233458e-01   1.2318012e-01
   2.1221750e+00   4.9680859e-01   1.4896644e-01
   1.8050584e+00   6.1966052e-01   2.9603122e-01
   1.6020443e+00   4.3935477e-01   7.3375544e-01
   1.8134913e+00   1.5366533e-01   1.2895158e+00
   2.1728358e+00   4.9126537e-02   7.9261549e-01
   2.4066301e+00   4.3662430e-02   1.5575382e-01
   2.4894300e+00   8.6802856e-02   2.7202360e-02
   2.4306730e+00   2.0047402e-01   9.4449704e-03
   2.2245677e+00   4.3574635e-01   7.5738846e-03
   1.8368215e+00   7.7470438e-01   1.3201170e-02
   1.3312814e+00   9.5763200e-01   4.0908018e-02
   9.9170150e-01   7.2885710e-01   1.5669931e-01
   1.0340912e+00   3.5223991e-01   4.5684561e-01
   1.5029288e+00   1.4336587e-01   6.4367703e-01
   2.0193047e+00   8.8183519e-02   3.6912526e-01
   2.3168676e+00   1.1048558e-01   1.3020306e-01
   2.4088437e+00   2.0675421e-01   5.7542244e-02
   2.2452628e+00   4.1481758e-01   4.7588406e-02
   1.8942500e+00   6.9896628e-01   7.8962029e-02
   1.4549440e+00   7.8989564e-01   2.2076718e-01
   1.2391350e+00   4.5872092e-01   6.9753215e-01
   1.5680337e+00   1.2801109e-01   1.2798904e+00
   2.0697633e+00   3.8431518e-02   6.5536063e-01
   2.3767098e+00   3.8545801e-02   1.0074602e-01
   2.4838506e+00   8.0628376e-02   1.5533343e-02
   2.4289358e+00   1.8896847e-01   5.0097130e-03
   2.2378045e+00   4.1535523e-01   3.7867113e-03
   1.8649107e+00   7.5536347e-01   6.2913213e-03
   1.3571971e+00   9.7322142e-01   1.9008937e-02
   9.8463109e-01   7.9855198e-01   7.3999620e-02
   9.5648484e-01   4.4791722e-01   2.3637017e-01
   1.2935965e+00   2.2226007e-01   4.2349708e-01
   1.8163826e+00   1.4066082e-01   3.7650597e-01
   2.1852293e+00   1.4739796e-01   2.1183855e-01
   2.3328843e+00   2.2779024e-01   1.2489828e-01
   2.2395520e+00   3.9644473e-01   1.1380244e-01
   1.9575158e+00   5.9851505e-01   1.8046551e-01
   1.6360364e+00   5.9766434e-01   4.3204529e-01
   1.6064347e+00   2.9794055e-01   1.0328723e+00
   1.9417437e+00   8.4745338e-02   1.2309381e+00
   2.2876584e+00   3.7668985e-02   4.1726508e-01
   2.4554504e+00   5.4003789e-02   6.2871808e-02
   2.4967560e+00   1.2040117e-01   1.3581263e-02
   2.3685154e+00   2.7848802e-01   6.5408002e-03
   2.0912071e+00   5.6988928e-01   7.2861379e-03
   1.6313765e+00   8.9440213e-01   1.6609168e-02
   1.1506853e+00   9.2086921e-01   5.9421099e-02
   9.4541270e-01   5.8608461e-01   2.1887624e-01
   1.1435205e+00   2.6350438e-01   5.1311998e-01
   1.6696779e+00   1.2247909e-01   5.4083745e-01
   2.1288595e+00   9.8451106e-02   2.6496512e-01
   2.3512612e+00   1.4542217e-01   1.0434444e-01
   2.3580078e+00   2.7816761e-01   6.0695975e-02
   2.1266051e+00   5.2108119e-01   6.7534617e-02
   1.7323128e+00   7.5301790e-01   1.4076407e-01
   1.3639599e+00   6.4889612e-01   4.2399147e-01
   1.3999170e+00   2.5837681e-01   1.1005057e+00
   1.8546119e+00   6.3342701e-02   1.1373806e+00
   2.2674507e+00   3.1712749e-02   2.8817903e-01
   2.4532135e+00   5.2099701e-02   3.6555797e-02
   2.4836489e+00   1.1961267e-01   7.6181844e-03
   2.3610799e+00   2.7736580e-01   3.6449255e-03
   2.0886165e+00   5.6867588e-01   4.0439107e-03
   1.6304035e+00   8.9809278e-01   9.1986978e-03
   1.1448583e+00   9.4177163e-01   3.3045136e-02
   9.2149533e-01   6.3536688e-01   1.2448389e-01
   1.0617925e+00   3.2800310e-01   3.1637175e-01
   1.5374863e+00   1.7709987e-01   4.1508366e-01
   2.0096487e+00   1.4275259e-01   2.9404504e-01
   2.2681741e+00   1.8340990e-01   1.6790277e-01
   2.3181536e+00   3.0233458e-01   1.2318012e-01
   2.1221750e+00   4.9680859e-01   1.4896644e-01
   1.8050584e+00   6.1966052e-01   2.9603122e-01
   1.6020443e+00   4.3935477e-01   7.3375544e-01
   1.8134913e+00   1.5366533e-01   1.2895158e+00
   2.1728358e+00   4.9126537e-02   7.9261549e-01
   2.4066301e+00   4.3662430e-02   1.5575382e-01
   2.4894300e+00   8.6802856e-02   2.7202360e-02
   2.4306730e+00   2.0047402e-01   9.4449703e-03
   2.2245677e+00   4.3574635e-01   7.5738846e-03
   1.8368215e+00   7.7470438e-01   1.3201170e-02
   1.3312814e+00   9.5763200e-01   4.0908018e-02
   9.9170150e-01   7.2885710e-01   1.5669931e-01
   1.0340912e+00   3.5223991e-01   4.5684561e-01
   1.5029288e+00   1.4336587e-01   6.4367703e-01
   2.0193047e+00   8.8183519e-02   3.6912526e-01
   2.3168676e+00   1.1048558e-01   1.3020306e-01
   2.4088437e+00   2.0675421e-01   5.7542244e-02
   2.2452628e+00   4.1481758e-01   4.7588406e-02
   1.8942500e+00   6.9896628e-01   7.8962030e-02
   1.4549440e+00   7.8989564e-01   2.2076718e-01
   1.2391350e+00   4.5872092e-01   6.9753215e-01
   1.5680337e+00   1.2801109e-01   1.2798904e+00
   2.0697633e+00   3.8431518e-02   6.5536063e-01
   2.3767098e+00   3.8545801e-02   1.0074602e-01
   2.4838506e+00   8.0628376e-02   1.5533343e-02
   2.4289358e+00   1.8896847e-01   5.0097130e-03
   2.2378045e+00   4.1535523e-01   3.7867113e-03
   1.8649107e+00   7.5536347e-01   6.2913213e-03
   1.3571971e+00   9.7322142e-01   1.9008937e-02
   9.8463109e-01   7.9855198e-01   7.3999620e-02
   9.5648484e-01   4.4791722e-01   2.3637017e-01
   1.2935965e+00   2.2226007e-01   4.2349708e-01
   1.8163826e+00   1.4066082e-01   3.7650597e-01
   2.1852293e+00   1.4739796e-01   2.1183855e-01
   2.3328843e+00   2.2779024e-01   1.2489828e-01
   2.2395520e+00   3.9644473e-01   1.1380244e-01
   1.9575158e+00   5.9851505e-01   1.8046551e-01
   1.6360364e+00   5.9766434e-01   4.3204529e-01
   1.6064347e+00   2.9794055e-01   1.0328723e+00
   1.9417437e+00   8.4745338e-02   1.2309381e+00
   2.2876584e+00   3.7668985e-02   4.1726508e-01
   2.4554504e+00   5.4003789e-02   6.2871808e-02
   2.4967560e+00   1.2040117e-01   1.3581263e-02
   2.3685154e+00   2.7848802e-01   6.5408002e-03
   2.0912071e+00   5.6988928e-01   7.2861379e-03
   1.6313765e+00   8.9440213e-01   1.6609168e-02
   1.1506853e+00   9.2086921e-01   5.9421099e-02
   9.4541270e-01   5.8608461e-01   2.1887624e-01
   1.1435205e+00   2.6350438e-01   5.1311999e-01
   1.6696779e+00   1.2247909e-01   5.4083745e-01
   2.1288595e+00   9.8451106e-02   2.6496512e-01
   2.3512612e+00   1.4542217e-01   1.0434444e-01
   2.3580078e+00   2.7816761e-01   6.0695975e-02
   2.1266051e+00   5.2108119e-01   6.7534617e-02
   1.7323128e+00   7.5301791e-01   1.4076407e-01
   1.3639599e+00   6.4889612e-01   4.2399147e-01
   1.3999170e+00   2.5837681e-01   1.1005057e+00
   1.8546119e+00   6.3342701e-02   1.1373806e+00
   2.2674507e+00   3.1712749e-02   2.8817903e-01
   2.4532135e+00   5.2099701e-02   3.6555797e-02
   2.4836489e+00   1.1961267e-01   7.6181844e-03
   2.3610799e+00   2.7736580e-01   3.6449255e-03
   2.0886165e+00   5.6867588e-01   4.0439107e-03
   1.6304035e+00   8.9809278e-01   9.1986978e-03
   1.1448583e+00   9.4177163e-01   3.3045136e-02
   9.2149533e-01   6.3536688e-01   1.2448389e-01
   1.0617925e+00   3.2800310e-01   3.1637175e-01
   1.5374863e+00   1.7709987e-01   4.1508366e-01
   2.0096487e+00   1.4275259e-01   2.9404504e-01
   2.2681741e+00   1.8340990e-01   1.6790277e-01
   2.3181536e+00   3.0233458e-01   1.2318012e-01
   2.1221750e+00   4.9680859e-01   1.4896643e-01
   1.8050584e+00   6.1966052e-01   2.9603122e-01
   1.6020443e+00   4.3935477e-01   7.3375544e-01
   1.8134913e+00   1.5366533e-01   1.2895158e+00
   2.1728358e+00   4.9126537e-02   7.9261549e-01
   2.4066301e+00   4.3662430e-02   1.5575382e-01
   2.4894300e+00   8.6802856e-02   2.7202360e-02
   2.4306730e+00   2.0047402e-01   9.4449703e-03
   2.2245677e+00   4.3574635e-01   7.5738846e-03
   1.8368215e+00   7.7470438e-01   1.3201170e-02
   1.3312814e+00   9.5763200e-01   4.0908018e-02
   9.9170150e-01   7.2885710e-01   1.5669931e-01
   1.0340912e+00   3.5223991e-01   4.5684561e-01
   1.5029288e+00   1.4336587e-01   6.4367703e-01
   2.0193047e+00   8.8183519e-02   3.6912526e-01
   2.3168676e+00   1.1048558e-01   1.3020306e-01
   2.4088437e+00   2.0675421e-01   5.7542244e-02
   2.2452628e+00   4.1481758e-01   4.7588406e-02
   1.8942500e+00   6.9896628e-01   7.8962030e-02
   1.4549440e+00   7.8989564e-01   2.2076718e-01
   1.2391350e+00   4.5872092e-01   6.9753215e-01
   1.5680337e+00   1.2801109e-01   1.2798904e+00
   2.0697633e+00   3.8431518e-02   6.5536063e-01
   2.3767098e+00   3.8545801e-02   1.0074602e-01
   2.4838506e+00   8.0628376e-02   1.5533343e-02
   2.4289358e+00   1.8896847e-01   5.0097130e-03
   2.2378045e+00   4.1535523e-01   3.7867113e-03
   1.8649107e+00   7.5536347e-01   6.2913213e-03
   1.3571971e+00   9.7322142e-01   1.9008937e-02
   9.8463109e-01   7.9855198e-01   7.3999620e-02
   9.5648484e-01   4.4791722e-01   2.3637017e-01
   1.2935965e+00   2.2226007e-01   4.2349708e-01
   1.8163826e+00   1.4066082e-01   3.7650597e-01
   2.1852293e+00   1.4739796e-01   2.1183855e-01
   2.3328843e+00   2.2779024e-01   1.2489828e-01
   2.2395520e+00   3.9644473e-01   1.1380244e-01
   1.9575158e+00   5.9851505e-01   1.8046551e-01
   1.6360364e+00   5.9766434e-01   4.3204529e-01
   1.6064347e+00   2.9794055e-01   1.0328723e+00
   1.9417437e+00   8.4745338e-02   1.2309381e+00
   2.2876584e+00   3.7668985e-02   4.1726508e-01
   2.4554504e+00   5.4003789e-02   6.2871808e-02
   2.4967560e+00   1.2040117e-01   1.3581263e-02
   2.3685154e+00   2.7848802e-01   6.5408002e-03
   2.0912071e+00   5.6988928e-01   7.2861380e-03
   1.6313765e+00   8.9440213e-01   1.6609168e-02
   1.1506853e+00   9.2086921e-01   5.9421099e-02
   9.4541270e-01   5.8608461e-01   2.1887624e-01
   1.1435205e+00   2.6350438e-01   5.1311999e-01
   1.6696779e+00   1.2247909e-01   5.4083745e-01
   2.1288595e+00   9.8451106e-02   2.6496512e-01
   2.3512612e+00   1.4542217e-01   1.0434444e-01
   2.3580078e+00   2.7816761e-01   6.0695975e-02
   2.1266051e+00   5.2108119e-01   6.7534617e-02
   1.7323128e+00   7.5301791e-01   1.4076407e-01
   1.3639599e+00   6.4889612e-01   4.2399147e-01
   1.3999170e+00   2.5837681e-01   1.1005057e+00
   1.8546119e+00   6.3342701e-02   1.1373806e+00
   2.2674507e+00   3.1712749e-02   2.8817903e-01
   2.4532135e+00   5.2099701e-02   3.6555797e-02
   2.4836489e+00   1.1961267e-01   7.6181844e-03
   2.3610799e+00   2.7736580e-01   3.6449255e-03
   2.0886165e+00   5.6867588e-01   4.0439107e-03
   1.6304035e+00   8.9809278e-01   9.1986978e-03
   1.1448583e+00   9.4177163e-01   3.3045136e-02
   9.2149533e-01   6.3536688e-01   1.2448389e-01
   1.0617925e+00   3.2800310e-01   3.1637175e-01
   1.5374863e+00   1.7709987e-01   4.1508366e-01
   2.0096487e+00   1.4275259e-01   2.9404504e-01
   2.2681741e+00   1.8340990e-01   1.6790277e-01
   2.3181536e+00   3.0233458e-01   1.2318012e-01
   2.1221750e+00   4.9680859e-01   1.4896643e-01
   1.8050584e+00   6.1966052e-01   2.9603122e-01
   1.6020443e+00   4.3935477e-01   7.3375544e-01
   1.8134913e+00   1.5366533e-01   1.2895158e+00
   2.1728358e+00   4.9126537e-02   7.9261549e-01
   2.4066301e+00   4.3662430e-02   1.5575382e-01
   2.4894300e+00   8.6802856e-02   2.7202360e-02
   2.4306730e+00   2.0047402e-01   9.4449703e-03
   2.2245677e+00   4.3574635e-01   7.5738846e-03
   1.8368215e+00   7.7470438e-01   1.3201170e-02
   1.3312814e+00   9.5763200e-01   4.0908018e-02
   9.9170150e-01   7.2885710e-01   1.5669931e-01
   1.0340912e+00   3.5223991e-01   4.5684561e-01
   1.5029288e+00   1.4336587e-01   6.4367703e-01
   2.0193047e+00   8.8183519e-02   3.6912526e-01
   2.3168676e+00   1.1048558e-01   1.3020306e-01
   2.4088437e+00   2.0675421e-01   5.7542244e-02
   2.2452628e+00   4.1481758e-01   4.7588406e-02
   1.8942500e+00   6.9896628e-01   7.8962030e-02
   1.4549440e+00   7.8989564e-01   2.2076718e-01
   1.2391350e+00   4.5872092e-01   6.9753215e-01
   1.5680337e+00   1.2801109e-01   1.2798904e+00
   2.0697633e+00   3.8431518e-02   6.5536063e-01
   2.3767098e+00   3.8545801e-02   1.0074602e-01
   2.4838506e+00   8.0628376e-02   1.5533343e-02
   2.4289358e+00   1.8896847e-01   5.0097130e-03
   2.2378045e+00   4.1535523e-01   3.7867113e-03
   1.8649107e+00   7.5536347e-01   6.2913213e-03
   1.3571971e+00   9.7322142e-01   1.9008937e-02
   9.8463109e-01   7.9855198e-01   7.3999620e-02
   9.5648484e-01   4.4791722e-01   2.3637017e-01
   1.2935965e+00   2.2226007e-01   4.2349708e-01
   1.8163826e+00   1.4066082e-01   3.7650597e-01
   2.1852293e+00   1.4739796e-01   2.1183855e-01
   2.3328843e+00   2.2779024e-01   1.2489828e-01
   2.2395520e+00   3.9644473e-01   1.1380244e-01
   1.9575158e+00   5.9851505e-01   1.8046551e-01
   1.6360364e+00   5.9766434e-01   4.3204529e-01
   1.6064347e+00   2.9794055e-01   1.0328723e+00
   1.9417437e+00   8.4745338e-02   1.2309381e+00
   2.2876584e+00   3.7668985e-02   4.1726508e-01
   2.4554504e+00   5.4003789e-02   6.2871808e-02
   2.4967560e+00   1.2040117e-01   1.3581263e-02
   2.3685154e+00   2.7848802e-01   6.5408002e-03
   2.0912071e+00   5.6988928e-01   7.2861379e-03
   1.6313765e+00   8.9440213e-01   1.6609168e-02
   1.1506853e+00   9.2086921e-01   5.9421099e-02
   9.4541270e-01   5.8608461e-01   2.1887624e-01
   1.1435205e+00   2.6350438e-01   5.1311998e-01
   1.6696779e+00   1.2247909e-01   5.4083745e-01
   2.1288595e+00   9.8451106e-02   2.6496512e-01
   2.3512612e+00   1.4542217e-01   1.0434444e-01
   2.3580078e+00   2.7816761e-01   6.0695975e-02
   2.1266051e+00   5.2108119e-01   6.7534617e-02
   1.7323128e+00   7.5301791e-01   1.4076407e-01
   1.3639599e+00   6.4889612e-01   4.2399147e-01
   1.3999170e+00   2.5837681e-01   1.1005057e+00
   1.8546119e+00   6.3342701e-02   1.1373806e+00
   2.2674507e+00   3.1712749e-02   2.8817903e-01
   2.4532135e+00   5.2099701e-02   3.6555797e-02
   2.4836489e+00   1.1961267e-01   7.6181844e-03
   2.3610799e+00   2.7736580e-01   3.6449255e-03
   2.0886165e+00   5.6867588e-01   4.0439107e-03
   1.6304035e+00   8.9809278e-01   9.1986978e-03
   1.1448583e+00   9.4177163e-01   3.3045136e-02
   9.2149533e-01   6.3536688e-01   1.2448389e-01
   1.0617925e+00   3.2800310e-01   3.1637175e-01
   1.5374863e+00   1.7709987e-01   4.1508366e-01
   2.0096487e+00   1.4275259e-01   2.9404504e-01
   2.2681741e+00   1.8340990e-01   1.6790277e-01
   2.3181536e+00   3.0233458e-01   1.2318012e-01
   2.1221750e+00   4.9680859e-01   1.4896643e-01
   1.8050584e+00   6.1966052e-01   2.9603122e-01
   1.6020443e+00   4.3935477e-01   7.3375544e-01
   1.8134913e+00   1.5366533e-01   1.2895158e+00
   2.1728358e+00   4.9126537e-02   7.9261549e-01
   2.4066301e+00   4.3662430e-02   1.5575382e-01
   2.4894300e+00   8.6802856e-02   2.7202360e-02
   2.4306730e+00   2.0047402e-01   9.4449703e-03
   2.2245677e+00   4.3574635e-01   7.5738846e-03
   1.8368215e+00   7.7470438e-01   1.3201170e-02
   1.3312814e+00   9.5763200e-01   4.0908018e-02
   9.9170150e-01   7.2885710e-01   1.5669931e-01
   1.0340912e+00   3.5223991e-01   4.5684561e-01
   1.5029288e+00   1.4336587e-01   6.4367703e-01
   2.0193047e+00   8.8183519e-02   3.6912526e-01
   2.3168676e+00   1.1048558e-01   1.3020306e-01
   2.4088437e+00   2.0675421e-01   5.7542244e-02
   2.2452628e+00   4.1481758e-01   4.7588406e-02
   1.8942500e+00   6.9896628e-01   7.8962030e-02
   1.4549440e+00   7.8989564e-01   2.2076718e-01
   1.2391350e+00   4.5872092e-01   6.9753215e-01
   1.5680337e+00   1.2801109e-01   1.2798904e+00
   2.0697633e+00   3.8431518e-02   6.5536063e-01
   2.3767098e+00   3.8545801e-02   1.0074602e-01
