   1.7881134e+00   7.8029582e-01   6.6851221e-01
   1.5353715e+00   2.0838433e-01   2.0865491e+00
   1.9809040e+00   1.6989905e-02   1.7392166e+00
   2.3588176e+00   5.5287233e-03   1.1819650e-01
   2.5029946e+00   1.1540368e-02   2.6139030e-03
   2.5343633e+00   2.8642743e-02   1.2066161e-04
   2.5133067e+00   7.1552238e-02   1.3824318e-05
   2.4384704e+00   1.7354700e-01   3.9566435e-06
   2.2597378e+00   3.8850078e-01   2.7466544e-06
   1.9043268e+00   7.2746777e-01   4.2683096e-06
   1.3958765e+00   9.8427747e-01   1.2420231e-05
   9.8629012e-01   8.7419246e-01   4.8899813e-05
   8.8625309e-01   5.7473383e-01   1.7099139e-04
   1.0637971e+00   3.8727904e-01   3.9309815e-04
   1.3700999e+00   3.4134533e-01   6.0895469e-04
   1.6093251e+00   3.9580875e-01   8.3145536e-04
   1.6609143e+00   5.2524838e-01   1.3163892e-03
   1.5305382e+00   6.7680643e-01   2.7657252e-03
   1.3157860e+00   7.4777955e-01   7.4874425e-03
   1.1563587e+00   6.8005895e-01   2.2395826e-02
   1.1429929e+00   5.4127103e-01   6.0921927e-02
   1.2793473e+00   4.2113974e-01   1.3190110e-01
   1.5152813e+00   3.4556527e-01   2.2219517e-01
   1.7818923e+00   3.0525180e-01   3.0713174e-01
   2.0187493e+00   2.8751714e-01   3.7501006e-01
   2.1501283e+00   2.8161160e-01   4.3128728e-01
   2.2086595e+00   2.7155630e-01   4.8582201e-01
   2.2396099e+00   2.5107365e-01   5.2771210e-01
   2.2681912e+00   2.2771868e-01   5.2997841e-01
   2.2978488e+00   2.1566688e-01   4.8274394e-01
   2.3182796e+00   2.2499097e-01   4.1644752e-01
   2.3178959e+00   2.5685276e-01   3.7478773e-01
   2.2917363e+00   2.9956636e-01   3.8506105e-01
   2.2470410e+00   3.2333538e-01   4.6140535e-01
   2.2106491e+00   2.9471260e-01   5.9675469e-01
   2.2209829e+00   2.2309239e-01   7.0348451e-01
   2.2843832e+00   1.6321378e-01   6.2776817e-01
   2.3558700e+00   1.5065007e-01   4.0984168e-01
   2.3903800e+00   1.9377610e-01   2.4697071e-01
   2.3676949e+00   2.9936793e-01   1.9142808e-01
   2.1891475e+00   4.5204567e-01   2.2922972e-01
   1.9320971e+00   5.1824410e-01   4.1448921e-01
   1.8385410e+00   3.4639090e-01   8.5922635e-01
   2.0180166e+00   1.3325030e-01   1.1905127e+00
   2.2794493e+00   5.6678500e-02   6.3454471e-01
   2.4380490e+00   6.2023342e-02   1.4386017e-01
   2.4853641e+00   1.2473669e-01   3.5690754e-02
   2.3767186e+00   2.7875204e-01   1.7807786e-02
   2.1011323e+00   5.6238330e-01   1.9855827e-02
   1.6495791e+00   8.6653812e-01   4.4666342e-02
   1.1908050e+00   8.4706104e-01   1.5482035e-01
   1.0448790e+00   4.5346851e-01   5.2456915e-01
   1.4244866e+00   1.4544068e-01   9.5150236e-01
   1.9703009e+00   5.7179697e-02   5.5354862e-01
   2.3220974e+00   5.9130523e-02   1.2660697e-01
   2.4504465e+00   1.1572957e-01   2.9945345e-02
   2.3758737e+00   2.5810106e-01   1.3862248e-02
   2.1276896e+00   5.2923396e-01   1.4311444e-02
   1.6946107e+00   8.4901102e-01   3.0296408e-02
   1.2180891e+00   8.9388411e-01   1.0288794e-01
   1.0077173e+00   5.4337312e-01   3.6787957e-01
   1.2659334e+00   2.0132017e-01   7.9958348e-01
   1.8157789e+00   7.6510020e-02   6.4388914e-01
   2.2389213e+00   6.3759963e-02   1.9705588e-01
   2.4186187e+00   1.1075603e-01   5.0257103e-02
   2.3907880e+00   2.3848120e-01   2.2265108e-02
   2.1665850e+00   4.9086815e-01   2.1239238e-02
   1.7573284e+00   8.0584799e-01   4.1702663e-02
   1.2845140e+00   8.7263467e-01   1.3442403e-01
   1.0634432e+00   5.2177494e-01   4.6921227e-01
   1.3561990e+00   1.7242538e-01   9.7929282e-01
   1.9028708e+00   5.8651307e-02   6.7541974e-01
   2.2924791e+00   5.1018533e-02   1.5845700e-01
   2.4468123e+00   9.5759518e-02   3.2336975e-02
   2.4082156e+00   2.1499283e-01   1.2386293e-02
   2.1988245e+00   4.5769910e-01   1.0651856e-02
   1.8028595e+00   7.9124854e-01   1.9501380e-02
   1.3061187e+00   9.3739992e-01   6.1721753e-02
   1.0022837e+00   6.6688115e-01   2.3143187e-01
   1.1111277e+00   2.8877204e-01   6.1735020e-01
   1.6217758e+00   1.0747954e-01   7.1309389e-01
   2.1167179e+00   6.9762518e-02   3.0657202e-01
   2.3696302e+00   1.0060918e-01   8.5548946e-02
   2.4203968e+00   2.0466633e-01   3.4428038e-02
   2.2343341e+00   4.2676631e-01   2.8185040e-02
   1.8635919e+00   7.3673516e-01   4.8113702e-02
   1.3921961e+00   8.6325549e-01   1.4178823e-01
   1.1213916e+00   5.5236327e-01   4.8959785e-01
   1.3705459e+00   1.7823375e-01   1.0817435e+00
   1.9070598e+00   5.2869252e-02   7.7121279e-01
   2.2990190e+00   4.1905405e-02   1.6309377e-01
   2.4560002e+00   7.9066251e-02   2.7338042e-02
   2.4332610e+00   1.8089008e-01   8.6460661e-03
   2.2539455e+00   3.9792657e-01   6.2559505e-03
   1.8940287e+00   7.3168118e-01   9.9576357e-03
   1.3922359e+00   9.5903200e-01   2.9143258e-02
   1.0119673e+00   7.8905135e-01   1.1179727e-01
   9.8735360e-01   4.1611766e-01   3.5285514e-01
   1.3834615e+00   1.7860994e-01   5.8731702e-01
   1.9150552e+00   1.0272176e-01   4.1960264e-01
   2.2613987e+00   1.1287490e-01   1.7240929e-01
   2.3878896e+00   1.9544496e-01   7.7842725e-02
   2.2714323e+00   3.8048282e-01   6.0855873e-02
   1.9565426e+00   6.4601789e-01   9.2618456e-02
   1.5404830e+00   7.5478050e-01   2.3933272e-01
   1.3178730e+00   4.5751016e-01   7.2257468e-01
   1.6234624e+00   1.3030122e-01   1.3223410e+00
   2.0979113e+00   3.8196149e-02   6.8921058e-01
   2.3876029e+00   3.7458762e-02   1.0530076e-01
   2.4881230e+00   7.8388745e-02   1.5777745e-02
   2.4339396e+00   1.8419966e-01   4.9471904e-03
   2.2463170e+00   4.0669999e-01   3.6450832e-03
   1.8786474e+00   7.4567633e-01   5.9298212e-03
   1.3713169e+00   9.7292490e-01   1.7686909e-02
   9.9004682e-01   8.0984657e-01   6.8832138e-02
   9.4976370e-01   4.5982658e-01   2.2297388e-01
   1.2724579e+00   2.2978739e-01   4.1011728e-01
   1.7949629e+00   1.4442021e-01   3.7695911e-01
   2.1719646e+00   1.4878544e-01   2.1776206e-01
   2.3268336e+00   2.2651357e-01   1.2959929e-01
   2.2429465e+00   3.9090186e-01   1.1742400e-01
   1.9684606e+00   5.8953404e-01   1.8360503e-01
   1.6523096e+00   5.9227295e-01   4.3296567e-01
   1.6214783e+00   2.9952751e-01   1.0257354e+00
   1.9485907e+00   8.6614265e-02   1.2289439e+00
   2.2890149e+00   3.8524195e-02   4.2577630e-01
   2.4552492e+00   5.4696813e-02   6.5610756e-02
   2.4961742e+00   1.2151411e-01   1.4354797e-02
   2.3672583e+00   2.8056525e-01   6.9772415e-03
   2.0882030e+00   5.7286154e-01   7.8302861e-03
   1.6272439e+00   8.9548505e-01   1.7942679e-02
   1.1486985e+00   9.1579916e-01   6.4269603e-02
   9.4936795e-01   5.7568123e-01   2.3543219e-01
   1.1598997e+00   2.5346908e-01   5.4213558e-01
   1.6912528e+00   1.1617626e-01   5.4965844e-01
   2.1452788e+00   9.4480771e-02   2.5542904e-01
   2.3605978e+00   1.4280646e-01   9.6532531e-02
   2.3590447e+00   2.7751494e-01   5.5141877e-02
   2.1239654e+00   5.2478558e-01   6.1210779e-02
   1.7235587e+00   7.6552548e-01   1.2849014e-01
   1.3434326e+00   6.7029466e-01   3.9344989e-01
   1.3560060e+00   2.7355152e-01   1.0549095e+00
   1.8126582e+00   6.7036177e-02   1.1542884e+00
   2.2453876e+00   3.1869134e-02   3.0951631e-01
   2.4455754e+00   5.0675592e-02   3.9456068e-02
   2.4861496e+00   1.1570475e-01   7.9978384e-03
   2.3681764e+00   2.6897923e-01   3.7015516e-03
   2.1026316e+00   5.5534268e-01   3.9825621e-03
   1.6503609e+00   8.8848557e-01   8.8467468e-03
   1.1601150e+00   9.4806385e-01   3.1440828e-02
   9.2346105e-01   6.4912098e-01   1.1923165e-01
   1.0501138e+00   3.3659969e-01   3.0958306e-01
   1.5153945e+00   1.8008771e-01   4.1682224e-01
   1.9942952e+00   1.4219924e-01   3.0025825e-01
   2.2622829e+00   1.7997653e-01   1.7078598e-01
   2.3236432e+00   2.9557741e-01   1.2294987e-01
   2.1336740e+00   4.8939208e-01   1.4536481e-01
   1.8166094e+00   6.2141488e-01   2.8456155e-01
   1.5999062e+00   4.5342888e-01   7.0732313e-01
   1.7997403e+00   1.6198670e-01   1.2828829e+00
   2.1592638e+00   5.0672304e-02   8.3123988e-01
   2.4004955e+00   4.2760664e-02   1.6848336e-01
   2.4881859e+00   8.3691043e-02   2.8817841e-02
   2.4366369e+00   1.9315531e-01   9.6471808e-03
   2.2373317e+00   4.2230089e-01   7.4536169e-03
   1.8579283e+00   7.6016004e-01   1.2590676e-02
   1.3525014e+00   9.5833890e-01   3.8283716e-02
   9.9906397e-01   7.4635571e-01   1.4675510e-01
   1.0218547e+00   3.6736603e-01   4.3812602e-01
   1.4794587e+00   1.4946943e-01   6.4381047e-01
   2.0001190e+00   8.9555593e-02   3.8491993e-01
   2.3079735e+00   1.0891321e-01   1.3788693e-01
   2.4070614e+00   2.0137861e-01   6.0070831e-02
   2.2547693e+00   4.0360071e-01   4.8387922e-02
   1.9125553e+00   6.8626162e-01   7.8117599e-02
   1.4745867e+00   7.9052272e-01   2.1443644e-01
   1.2454343e+00   4.7216539e-01   6.7806750e-01
   1.5606744e+00   1.3416092e-01   1.2806400e+00
   2.0603143e+00   3.9376388e-02   6.8724739e-01
   2.3723201e+00   3.7921546e-02   1.0824528e-01
   2.4829251e+00   7.8574194e-02   1.6419313e-02
   2.4326831e+00   1.8409508e-01   5.1605373e-03
   2.2462779e+00   4.0616170e-01   3.8001180e-03
   1.8794360e+00   7.4465708e-01   6.1738495e-03
   1.3727097e+00   9.7185963e-01   1.8389603e-02
   9.9159545e-01   8.0851300e-01   7.1488452e-02
   9.5220629e-01   4.5702112e-01   2.3119737e-01
   1.2793621e+00   2.2606976e-01   4.2264832e-01
   1.8031098e+00   1.4098217e-01   3.8219202e-01
   2.1787347e+00   1.4554153e-01   2.1552904e-01
   2.3319787e+00   2.2356617e-01   1.2547370e-01
   2.2461304e+00   3.8981439e-01   1.1220670e-01
   1.9677681e+00   5.9459752e-01   1.7495915e-01
   1.6419107e+00   6.0568417e-01   4.1612110e-01
   1.5934273e+00   3.0995125e-01   1.0081518e+00
   1.9238915e+00   8.8454348e-02   1.2499117e+00
   2.2770016e+00   3.7714295e-02   4.4224050e-01
   2.4518330e+00   5.2388556e-02   6.6715154e-02
   2.4968618e+00   1.1625045e-01   1.3980442e-02
   2.3753414e+00   2.6934423e-01   6.5009309e-03
   2.1061646e+00   5.5528381e-01   7.0039530e-03
   1.6530311e+00   8.8425763e-01   1.5556727e-02
   1.1668701e+00   9.2950979e-01   5.5024617e-02
   9.4545112e-01   6.0449789e-01   2.0458368e-01
   1.1233016e+00   2.7574784e-01   4.9468162e-01
   1.6429689e+00   1.2722141e-01   5.4562955e-01
   2.1108904e+00   9.9310043e-02   2.7766305e-01
   2.3437567e+00   1.4313766e-01   1.1029892e-01
   2.3638264e+00   2.7127633e-01   6.3151715e-02
   2.1401092e+00   5.0960031e-01   6.8526263e-02
   1.7514168e+00   7.4465810e-01   1.3968402e-01
   1.3793767e+00   6.5426018e-01   4.1606734e-01
   1.4002220e+00   2.6618761e-01   1.0888652e+00
   1.8478445e+00   6.5204625e-02   1.1593696e+00
   2.2628826e+00   3.1575133e-02   3.0238505e-01
   2.4517709e+00   5.1000904e-02   3.8191393e-02
   2.4864096e+00   1.1688347e-01   7.7911823e-03
   2.3662475e+00   2.7165494e-01   3.6426416e-03
   2.0982219e+00   5.5973443e-01   3.9581664e-03
   1.6438117e+00   8.9186960e-01   8.8620881e-03
   1.1548663e+00   9.4643362e-01   3.1615308e-02
   9.2232004e-01   6.4526053e-01   1.1968716e-01
   1.0527646e+00   3.3471406e-01   3.0891760e-01
   1.5196245e+00   1.8008062e-01   4.1359625e-01
   1.9967547e+00   1.4321061e-01   2.9792268e-01
   2.2624661e+00   1.8182559e-01   1.7066276e-01
   2.3206879e+00   2.9823599e-01   1.2412343e-01
   2.1296309e+00   4.9131616e-01   1.4807229e-01
   1.8142181e+00   6.1854457e-01   2.9100123e-01
   1.6050752e+00   4.4592629e-01   7.1998893e-01
   1.8093140e+00   1.5827277e-01   1.2842480e+00
   2.1669524e+00   5.0189071e-02   8.1304593e-01
   2.4036684e+00   4.3405290e-02   1.6322408e-01
   2.4886957e+00   8.5506558e-02   2.8339155e-02
   2.4334870e+00   1.9729924e-01   9.6927342e-03
   2.2302865e+00   4.2987891e-01   7.6494765e-03
   1.8461349e+00   7.6828688e-01   1.3153394e-02
   1.3407107e+00   9.5746770e-01   4.0422321e-02
   9.9553002e-01   7.3497613e-01   1.5481227e-01
   1.0309026e+00   3.5656435e-01   4.5513329e-01
   1.4964820e+00   1.4427965e-01   6.4913723e-01
   2.0147312e+00   8.7618050e-02   3.7462918e-01
   2.3154831e+00   1.0889935e-01   1.3129711e-01
   2.4096180e+00   2.0363510e-01   5.7192683e-02
   2.2499416e+00   4.0965380e-01   4.6585751e-02
   1.9019219e+00   6.9496490e-01   7.6336119e-02
   1.4607834e+00   7.9530446e-01   2.1220369e-01
   1.2340026e+00   4.7127529e-01   6.7506618e-01
   1.5533601e+00   1.3355896e-01   1.2725681e+00
   2.0567448e+00   3.9473041e-02   6.7985147e-01
   2.3708627e+00   3.8245575e-02   1.0734322e-01
   2.4822154e+00   7.9255525e-02   1.6421613e-02
   2.4313964e+00   1.8557128e-01   5.2060142e-03
   2.2437359e+00   4.0887768e-01   3.8643468e-03
   1.8751679e+00   7.4773820e-01   6.3201807e-03
   1.3682531e+00   9.7195917e-01   1.8903362e-02
   9.8990972e-01   8.0472571e-01   7.3493185e-02
   9.5459142e-01   4.5277235e-01   2.3656742e-01
   1.2870426e+00   2.2316374e-01   4.2844475e-01
   1.8110442e+00   1.3937399e-01   3.8245333e-01
   2.1838249e+00   1.4475155e-01   2.1321618e-01
   2.3345035e+00   2.2369551e-01   1.2345349e-01
   2.2452796e+00   3.9156217e-01   1.1046397e-01
   1.9640145e+00   5.9815472e-01   1.7301404e-01
   1.6353771e+00   6.0896685e-01   4.1395667e-01
   1.5854227e+00   3.1057990e-01   1.0083436e+00
   1.9188652e+00   8.8047990e-02   1.2526850e+00
   2.2751788e+00   3.7364995e-02   4.4118557e-01
   2.4514862e+00   5.1945464e-02   6.5939586e-02
   2.4970881e+00   1.1538176e-01   1.3701050e-02
   2.3765285e+00   2.6756814e-01   6.3234048e-03
   2.1089170e+00   5.5252953e-01   6.7677666e-03
   1.6570187e+00   8.8259605e-01   1.4957564e-02
   1.1695426e+00   9.3224386e-01   5.2805946e-02
   9.4413365e-01   6.1056898e-01   1.9691208e-01
   1.1151285e+00   2.8128083e-01   4.8091362e-01
   1.6315917e+00   1.3054127e-01   5.4108713e-01
   2.1020228e+00   1.0125612e-01   2.8253680e-01
   2.3387962e+00   1.4419174e-01   1.1443432e-01
   2.3637488e+00   2.7104825e-01   6.6001935e-02
   2.1424327e+00   5.0700091e-01   7.1558835e-02
   1.7570377e+00   7.3833645e-01   1.4512158e-01
   1.3901012e+00   6.4528755e-01   4.2859421e-01
   1.4200043e+00   2.6046646e-01   1.1062660e+00
   1.8654431e+00   6.3938468e-02   1.1525808e+00
   2.2717722e+00   3.1603554e-02   2.9477700e-01
   2.4547579e+00   5.1661794e-02   3.7264003e-02
   2.4854390e+00   1.1861883e-01   7.7005010e-03
   2.3632007e+00   2.7536968e-01   3.6536976e-03
   2.0920686e+00   5.6562925e-01   4.0244701e-03
   1.6350242e+00   8.9605262e-01   9.1054321e-03
   1.1482190e+00   9.4339497e-01   3.2635785e-02
   9.2174808e-01   6.3856961e-01   1.2315374e-01
   1.0588972e+00   3.2999488e-01   3.1456895e-01
   1.5321267e+00   1.7783093e-01   4.1522456e-01
   2.0059383e+00   1.4268223e-01   2.9535907e-01
   2.2667035e+00   1.8268778e-01   1.6856997e-01
   2.3192714e+00   3.0085317e-01   1.2318269e-01
   2.1247016e+00   4.9513494e-01   1.4823962e-01
   1.8076886e+00   6.1995107e-01   2.9359446e-01
   1.6017691e+00   4.4232447e-01   7.2805679e-01
   1.8106881e+00   1.5543143e-01   1.2881493e+00
   2.1700175e+00   4.9461711e-02   8.0087557e-01
   2.4053490e+00   4.3477787e-02   1.5845070e-01
   2.4891679e+00   8.6149813e-02   2.7556344e-02
   2.4319359e+00   1.9893339e-01   9.4958954e-03
   2.2272594e+00   4.3292640e-01   7.5562026e-03
   1.8412454e+00   7.7168928e-01   1.3085118e-02
   1.3356884e+00   9.5781803e-01   4.0390582e-02
   9.9321774e-01   7.3242910e-01   1.5474731e-01
   1.0316096e+00   3.5521353e-01   4.5336574e-01
   1.4982523e+00   1.4449800e-01   6.4416658e-01
   2.0155772e+00   8.8378351e-02   3.7232314e-01
   2.3152060e+00   1.1008545e-01   1.3162122e-01
   2.4085951e+00   2.0556398e-01   5.7958325e-02
   2.2472998e+00   4.1243847e-01   4.7656575e-02
   1.8980678e+00   6.9642844e-01   7.8621619e-02
   1.4588426e+00   7.9043441e-01   2.1901733e-01
   1.2398510e+00   4.6199463e-01   6.9247533e-01
   1.5656634e+00   1.2946808e-01   1.2796795e+00
   2.0671796e+00   3.8663901e-02   6.6271063e-01
   2.3755326e+00   3.8409428e-02   1.0249191e-01
   2.4835793e+00   8.0160147e-02   1.5746623e-02
   2.4297816e+00   1.8785020e-01   5.0490064e-03
   2.2397466e+00   4.1324709e-01   3.7938274e-03
   1.8682377e+00   7.5292269e-01   6.2711525e-03
   1.3607339e+00   9.7292504e-01   1.8886772e-02
   9.8621702e-01   8.0078353e-01   7.3501654e-02
   9.5555487e-01   4.4988260e-01   2.3543566e-01
   1.2905538e+00   2.2300556e-01   4.2367362e-01
   1.8136163e+00   1.4063164e-01   3.7792629e-01
   2.1839619e+00   1.4688270e-01   2.1259358e-01
   2.3328319e+00   2.2674727e-01   1.2490527e-01
   2.2411321e+00   3.9491568e-01   1.1328772e-01
   1.9598085e+00   5.9779838e-01   1.7895638e-01
   1.6370332e+00   5.9989176e-01   4.2791934e-01
   1.6026170e+00   3.0092498e-01   1.0268212e+00
   1.9369923e+00   8.5614485e-02   1.2359845e+00
   2.2849298e+00   3.7649589e-02   4.2327272e-01
   2.4545501e+00   5.3566083e-02   6.3744175e-02
   2.4968093e+00   1.1929872e-01   1.3658103e-02
   2.3703099e+00   2.7607504e-01   6.5175771e-03
   2.0951369e+00   5.6606873e-01   7.1973615e-03
   1.6370231e+00   8.9183510e-01   1.6296805e-02
   1.1548210e+00   9.2328918e-01   5.8136252e-02
   9.4523993e-01   5.9107580e-01   2.1470629e-01
   1.1378085e+00   2.6687950e-01   5.0763077e-01
   1.6622296e+00   1.2384742e-01   5.4190498e-01
   2.1238386e+00   9.8770046e-02   2.6845413e-01
   2.3491089e+00   1.4489727e-01   1.0606091e-01
   2.3594784e+00   2.7639963e-01   6.1471743e-02
   2.1301591e+00   5.1801741e-01   6.7963067e-02
   1.7374703e+00   7.5054819e-01   1.4082421e-01
   1.3684691e+00   6.4972176e-01   4.2278142e-01
   1.4011791e+00   2.5996531e-01   1.0987611e+00
   1.8539994e+00   6.3717989e-02   1.1425591e+00
   2.2668669e+00   3.1673832e-02   2.9120628e-01
   2.4530457e+00   5.1857397e-02   3.6894475e-02
   2.4842840e+00   1.1902015e-01   7.6530059e-03
   2.3622092e+00   2.7613316e-01   3.6434476e-03
   2.0906909e+00   5.6675891e-01   4.0243067e-03
   1.6332769e+00   8.9678397e-01   9.1232468e-03
   1.1469787e+00   9.4280274e-01   3.2726326e-02
   9.2163858e-01   6.3749876e-01   1.2341788e-01
   1.0598103e+00   3.2945030e-01   3.1471498e-01
   1.5335803e+00   1.7775110e-01   4.1473177e-01
   2.0068418e+00   1.4286219e-01   2.9487612e-01
   2.2669272e+00   1.8307854e-01   1.6850659e-01
   2.3186853e+00   3.0145638e-01   1.2339976e-01
   2.1237791e+00   4.9561749e-01   1.4879858e-01
   1.8070531e+00   6.1939116e-01   2.9498872e-01
   1.6027615e+00   4.4072259e-01   7.3085362e-01
   1.8126702e+00   1.5463018e-01   1.2884148e+00
   2.1716300e+00   4.9351610e-02   7.9691125e-01
   2.4060182e+00   4.3612166e-02   1.5731541e-01
   2.4892762e+00   8.6537402e-02   2.7443463e-02
   2.4312551e+00   1.9982112e-01   9.4995441e-03
   2.2257468e+00   4.3454051e-01   7.5928380e-03
   1.8387364e+00   7.7338920e-01   1.3197583e-02
   1.3332158e+00   9.5759374e-01   4.0827472e-02
   9.9249693e-01   7.3006944e-01   1.5638453e-01
   1.0334946e+00   3.5305771e-01   4.5668626e-01
   1.5017151e+00   1.4350204e-01   6.4494643e-01
   2.0184766e+00   8.8033661e-02   3.7020451e-01
   2.3166559e+00   1.1013325e-01   1.3036183e-01
   2.4090481e+00   2.0609055e-01   5.7428687e-02
   2.2462401e+00   4.1375120e-01   4.7342039e-02
   1.8958128e+00   6.9820156e-01   7.8351301e-02
   1.4560482e+00   7.9117383e-01   2.1882001e-01
   1.2378210e+00   4.6147896e-01   6.9249864e-01
   1.5646765e+00   1.2921047e-01   1.2782942e+00
   2.0668550e+00   3.8655973e-02   6.6067600e-01
   2.3754141e+00   3.8480221e-02   1.0215629e-01
   2.4834881e+00   8.0328924e-02   1.5723987e-02
   2.4294680e+00   1.8822708e-01   5.0523639e-03
   2.2390965e+00   4.1394367e-01   3.8039667e-03
   1.8671430e+00   7.5371049e-01   6.2985117e-03
   1.3595934e+00   9.7296051e-01   1.8989017e-02
   9.8576793e-01   7.9988949e-01   7.3902256e-02
   9.5607434e-01   4.4895026e-01   2.3645455e-01
   1.2922046e+00   2.2243519e-01   4.2462533e-01
   1.8152659e+00   1.4036420e-01   3.7780646e-01
   2.1849594e+00   1.4680684e-01   2.1212201e-01
   2.3332623e+00   2.2688695e-01   1.2456385e-01
   2.2408103e+00   3.9538682e-01   1.1304765e-01
   1.9589106e+00   5.9848581e-01   1.7879020e-01
   1.6358046e+00   6.0019406e-01   4.2801359e-01
   1.6016757e+00   3.0068834e-01   1.0275649e+00
   1.9366815e+00   8.5445602e-02   1.2359071e+00
   2.2849367e+00   3.7590377e-02   4.2241130e-01
   2.4545979e+00   5.3535751e-02   6.3514402e-02
   2.4968466e+00   1.1926607e-01   1.3601165e-02
   2.3703242e+00   2.7602773e-01   6.4886298e-03
   2.0951878e+00   5.6601367e-01   7.1641670e-03
   1.6370868e+00   8.9185604e-01   1.6220066e-02
   1.1548010e+00   9.2353397e-01   5.7863854e-02
   9.4498669e-01   5.9159265e-01   2.1375694e-01
   1.1369352e+00   2.6745334e-01   5.0582814e-01
   1.6610378e+00   1.2425130e-01   5.4114169e-01
   2.1228740e+00   9.9053645e-02   2.6895024e-01
   2.3485160e+00   1.4511931e-01   1.0656201e-01
   2.3593250e+00   2.7653200e-01   6.1856818e-02
   2.1301912e+00   5.1788220e-01   6.8421559e-02
   1.7378918e+00   7.4973170e-01   1.4173723e-01
   1.3698064e+00   6.4812539e-01   4.2505958e-01
   1.4043900e+00   2.5883331e-01   1.1019676e+00
   1.8570478e+00   6.3459412e-02   1.1409037e+00
   2.2684398e+00   3.1677700e-02   2.8960431e-01
   2.4535751e+00   5.1987953e-02   3.6695994e-02
   2.4840607e+00   1.1936282e-01   7.6309986e-03
   2.3615956e+00   2.7686288e-01   3.6434300e-03
   2.0894779e+00   5.6790834e-01   4.0349221e-03
   1.6315624e+00   8.9758529e-01   9.1658635e-03
   1.1456945e+00   9.4220715e-01   3.2908577e-02
   9.2152816e-01   6.3623717e-01   1.2402679e-01
   1.0609604e+00   3.2859994e-01   3.1564180e-01
   1.5358480e+00   1.7737936e-01   4.1487951e-01
   2.0084667e+00   1.4281364e-01   2.9436425e-01
   2.2676369e+00   1.8329377e-01   1.6815691e-01
   2.3183362e+00   3.0199582e-01   1.2328846e-01
   2.1228025e+00   4.9632580e-01   1.4893040e-01
   1.8058765e+00   6.1950670e-01   2.9567200e-01
   1.6024194e+00   4.3984019e-01   7.3268314e-01
   1.8132670e+00   1.5402968e-01   1.2890540e+00
   2.1724208e+00   4.9216810e-02   7.9421029e-01
   2.4064095e+00   4.3649900e-02   1.5635399e-01
   2.4893703e+00   8.6714283e-02   2.7299343e-02
   2.4308788e+00   2.0025158e-01   9.4689720e-03
   2.2249756e+00   4.3533372e-01   7.5847063e-03
   1.8374805e+00   7.7425003e-01   1.3207514e-02
   1.3319515e+00   9.5759946e-01   4.0903671e-02
   9.9199794e-01   7.2922018e-01   1.5667733e-01
   1.0339636e+00   3.5244556e-01   4.5700909e-01
   1.5026425e+00   1.4335572e-01   6.4428331e-01
   2.0191465e+00   8.8094187e-02   3.6944678e-01
   2.3168765e+00   1.1033539e-01   1.3018446e-01
   2.4089644e+00   2.0650186e-01   5.7455813e-02
   2.2456146e+00   4.1444494e-01   4.7458928e-02
   1.8947730e+00   6.9875788e-01   7.8676451e-02
   1.4552287e+00   7.9050546e-01   2.1990316e-01
   1.2384182e+00   4.5988604e-01   6.9533860e-01
   1.5665006e+00   1.2851442e-01   1.2791061e+00
   2.0684745e+00   3.8528304e-02   6.5753428e-01
   2.3761380e+00   3.8521958e-02   1.0133472e-01
   2.4836868e+00   8.0509401e-02   1.5614447e-02
   2.4291461e+00   1.8867119e-01   5.0284392e-03
   2.2383228e+00   4.1478796e-01   3.7948865e-03
   1.8658081e+00   7.5469779e-01   6.2962929e-03
   1.3581622e+00   9.7311116e-01   1.9007194e-02
   9.8509463e-01   7.9907366e-01   7.3984448e-02
   9.5634089e-01   4.4830329e-01   2.3647610e-01
   1.2931026e+00   2.2229753e-01   4.2405204e-01
   1.8160085e+00   1.4051357e-01   3.7706288e-01
   2.1851795e+00   1.4713547e-01   2.1192981e-01
   2.3330781e+00   2.2740655e-01   1.2472957e-01
   2.2400778e+00   3.9601673e-01   1.1345728e-01
   1.9580611e+00   5.9855056e-01   1.7972392e-01
   1.6358496e+00   5.9878646e-01   4.3029542e-01
   1.6042953e+00   2.9911727e-01   1.0306203e+00
   1.9395211e+00   8.5036976e-02   1.2331053e+00
   2.2864775e+00   3.7630140e-02   4.1943817e-01
   2.4550843e+00   5.3797260e-02   6.3134070e-02
   2.4967991e+00   1.1990339e-01   1.3585760e-02
   2.3693059e+00   2.7741128e-01   6.5159146e-03
   2.0929469e+00   5.6819699e-01   7.2303529e-03
   1.6338678e+00   8.9330057e-01   1.6433059e-02
   1.1524706e+00   9.2205535e-01   5.8718644e-02
   9.4520027e-01   5.8852150e-01   2.1656736e-01
   1.1405755e+00   2.6526103e-01   5.0981819e-01
   1.6658253e+00   1.2327550e-01   5.4093959e-01
   2.1261891e+00   9.8730284e-02   2.6673839e-01
   2.3500293e+00   1.4530247e-01   1.0534063e-01
   2.3585745e+00   2.7745998e-01   6.1225013e-02
   2.1281738e+00   5.1967421e-01   6.7949963e-02
   1.7347757e+00   7.5153222e-01   1.4124737e-01
   1.3665952e+00   6.4845935e-01   4.2460781e-01
   1.4020736e+00   2.5850181e-01   1.1013636e+00
   1.8558723e+00   6.3375648e-02   1.1388180e+00
   2.2679854e+00   3.1696925e-02   2.8869331e-01
   2.4534066e+00   5.2058399e-02   3.6602760e-02
   2.4838149e+00   1.1952386e-01   7.6219243e-03
   2.3612681e+00   2.7718954e-01   3.6440074e-03
   2.0889202e+00   5.6840913e-01   4.0403230e-03
   1.6308073e+00   8.9791935e-01   9.1862259e-03
   1.1451463e+00   9.4192829e-01   3.2993960e-02
   9.2150084e-01   6.3567645e-01   1.2431178e-01
   1.0614902e+00   3.2821997e-01   3.1608828e-01
   1.5368851e+00   1.7720663e-01   4.1498594e-01
   2.0092114e+00   1.4278202e-01   2.9415305e-01
   2.2679698e+00   1.8337676e-01   1.6799906e-01
   2.3182054e+00   3.0222132e-01   1.2322850e-01
   2.1223901e+00   4.9663559e-01   1.4896912e-01
   1.8053566e+00   6.1958383e-01   2.9593346e-01
   1.6022197e+00   4.3949536e-01   7.3342234e-01
   1.8134635e+00   1.5378304e-01   1.2893429e+00
   2.1727227e+00   4.9158399e-02   7.9311629e-01
   2.4065643e+00   4.3661667e-02   1.5595331e-01
   2.4894099e+00   8.6780201e-02   2.7236726e-02
   2.4307324e+00   2.0041449e-01   9.4544343e-03
   2.2246804e+00   4.3563485e-01   7.5792224e-03
   1.8370017e+00   7.7457901e-01   1.3207094e-02
   1.3314673e+00   9.5761208e-01   4.0919750e-02
   9.9179540e-01   7.2892650e-01   1.5674099e-01
   1.0340994e+00   3.5225451e-01   4.5701063e-01
   1.5029230e+00   1.4333171e-01   6.4393623e-01
   2.0193313e+00   8.8138282e-02   3.6918593e-01
   2.3169151e+00   1.1042858e-01   1.3015765e-01
   2.4089044e+00   2.0667203e-01   5.7492498e-02
   2.2453675e+00   4.1471257e-01   4.7528364e-02
   1.8943848e+00   6.9893928e-01   7.8842441e-02
   1.4549695e+00   7.9015572e-01   2.2042432e-01
   1.2387936e+00   4.5915890e-01   6.9667814e-01
   1.5674064e+00   1.2819911e-01   1.2795439e+00
   2.0692517e+00   3.8468898e-02   6.5614556e-01
   2.3764837e+00   3.8538628e-02   1.0096479e-01
   2.4837842e+00   8.0587117e-02   1.5564177e-02
   2.4290082e+00   1.8886404e-01   5.0170887e-03
   2.2379867e+00   4.1515528e-01   3.7901907e-03
   1.8652272e+00   7.5512796e-01   6.2940708e-03
   1.3575386e+00   9.7317959e-01   1.9011315e-02
   9.8479803e-01   7.9872830e-01   7.4005696e-02
   9.5644433e-01   4.4803965e-01   2.3644178e-01
   1.2934536e+00   2.2225768e-01   4.2374116e-01
   1.8162862e+00   1.4059557e-01   3.7671890e-01
   2.1852396e+00   1.4729356e-01   2.1186004e-01
   2.3329725e+00   2.2764513e-01   1.2482248e-01
   2.2397470e+00   3.9629236e-01   1.1366092e-01
   1.9577010e+00   5.9854963e-01   1.8017181e-01
   1.6359266e+00   5.9810996e-01   4.3136708e-01
   1.6055736e+00   2.9839074e-01   1.0320198e+00
   1.9408701e+00   8.4853485e-02   1.2317806e+00
   2.2871998e+00   3.7651991e-02   4.1808351e-01
   2.4553097e+00   5.3922375e-02   6.2966706e-02
   2.4967741e+00   1.2020621e-01   1.3581257e-02
   2.3688239e+00   2.7806712e-01   6.5302060e-03
   2.0918863e+00   5.6922883e-01   7.2633424e-03
   1.6323481e+00   8.9397514e-01   1.6538016e-02
   1.1513785e+00   9.2133999e-01   5.9138299e-02
   9.4532048e-01   5.8704926e-01   2.1794592e-01
   1.1423444e+00   2.6420490e-01   5.1177997e-01
   1.6681408e+00   1.2280055e-01   5.4085910e-01
   2.1277916e+00   9.8567703e-02   2.6567119e-01
   2.3507648e+00   1.4538160e-01   1.0474639e-01
   2.3582245e+00   2.7789524e-01   6.0912792e-02
   2.1272176e+00   5.2052855e-01   6.7709500e-02
   1.7332849e+00   7.5241539e-01   1.4097891e-01
   1.3650252e+00   6.4867990e-01   4.2429881e-01
   1.4008503e+00   2.5839230e-01   1.1009364e+00
   1.8551920e+00   6.3347719e-02   1.1378940e+00
   2.2677052e+00   3.1706511e-02   2.8833196e-01
   2.4533044e+00   5.2087180e-02   3.6568001e-02
   2.4837072e+00   1.1958760e-01   7.6188962e-03
   2.3611360e+00   2.7731744e-01   3.6445019e-03
   2.0887010e+00   5.6860394e-01   4.0427358e-03
   1.6305131e+00   8.9804754e-01   9.1948621e-03
   1.1449347e+00   9.4181648e-01   3.3029693e-02
   9.2149394e-01   6.3545356e-01   1.2443164e-01
   1.0617049e+00   3.2806570e-01   3.1628211e-01
   1.5373100e+00   1.7713287e-01   4.1504524e-01
   2.0095190e+00   1.4276415e-01   2.9407262e-01
   2.2681112e+00   1.8340420e-01   1.6793211e-01
   2.3181622e+00   3.0230615e-01   1.2319782e-01
   2.1222313e+00   4.9675983e-01   1.4897383e-01
   1.8051446e+00   6.1962967e-01   2.9601686e-01
   1.6021113e+00   4.3938018e-01   7.3368331e-01
   1.8135059e+00   1.5369309e-01   1.2894636e+00
   2.1728191e+00   4.9135334e-02   7.9272658e-01
   2.4066172e+00   4.3663812e-02   1.5580354e-01
   2.4894249e+00   8.6800349e-02   2.7211906e-02
   2.4306836e+00   2.0046585e-01   9.4480118e-03
   2.2245852e+00   4.3573043e-01   7.5760148e-03
   1.8368485e+00   7.7468498e-01   1.3204401e-02
   1.3313107e+00   9.5762281e-01   4.0917003e-02
   9.9172276e-01   7.2885075e-01   1.5673222e-01
   1.0341166e+00   3.5221882e-01   4.5693760e-01
   1.5029685e+00   1.4334321e-01   6.4376807e-01
   2.0193478e+00   8.8165112e-02   3.6911912e-01
   2.3168999e+00   1.1046814e-01   1.3017371e-01
   2.4088683e+00   2.0673455e-01   5.7520195e-02
   2.2452832e+00   4.1480014e-01   4.7565648e-02
   1.8942656e+00   6.9897898e-01   7.8920948e-02
   1.4549186e+00   7.8998669e-01   2.2065634e-01
   1.2390027e+00   4.5885326e-01   6.9726227e-01
   1.5678235e+00   1.2806747e-01   1.2797643e+00
   2.0695976e+00   3.8443239e-02   6.5558470e-01
   2.3766369e+00   3.8544373e-02   1.0081120e-01
   2.4838285e+00   8.0617337e-02   1.5542818e-02
   2.4289549e+00   1.8893994e-01   5.0120822e-03
   2.2378544e+00   4.1530028e-01   3.7879300e-03
   1.8649977e+00   7.5529834e-01   6.2925135e-03
   1.3572916e+00   9.7320857e-01   1.9010900e-02
   9.8467858e-01   7.9859713e-01   7.4006283e-02
   9.5647821e-01   4.4794493e-01   2.3640482e-01
   1.2935709e+00   2.2225261e-01   4.2358536e-01
   1.8163716e+00   1.4063706e-01   3.7657181e-01
   2.1852443e+00   1.4736408e-01   2.1183980e-01
   2.3329172e+00   2.2774604e-01   1.2487031e-01
   2.2396098e+00   3.9640217e-01   1.1375488e-01
   1.9575637e+00   5.9853412e-01   1.8037072e-01
   1.6359871e+00   5.9780867e-01   4.3183213e-01
   1.6061514e+00   2.9807992e-01   1.0326120e+00
   1.9414641e+00   8.4777484e-02   1.2312036e+00
   2.2875137e+00   3.7662900e-02   4.1751336e-01
   2.4554065e+00   5.3977681e-02   6.2899056e-02
   2.4967622e+00   1.2033914e-01   1.3580581e-02
   2.3686131e+00   2.7835438e-01   6.5371014e-03
   2.0914224e+00   5.6967988e-01   7.2785232e-03
   1.6316843e+00   8.9426761e-01   1.6585713e-02
   1.1509040e+00   9.2102119e-01   5.9328263e-02
   9.4538022e-01   5.8639575e-01   2.1857035e-01
   1.1431378e+00   2.6373252e-01   5.1267490e-01
   1.6691776e+00   1.2258536e-01   5.4083617e-01
   2.1285107e+00   9.8491207e-02   2.6519439e-01
   2.3510974e+00   1.4541185e-01   1.0447726e-01
   2.3580746e+00   2.7808293e-01   6.0768930e-02
   2.1267992e+00   5.2090476e-01   6.7595209e-02
   1.7326252e+00   7.5281783e-01   1.4084266e-01
   1.3643123e+00   6.4880915e-01   4.2411547e-01
   1.4002496e+00   2.5836845e-01   1.1006800e+00
   1.8548311e+00   6.3341211e-02   1.1375239e+00
   2.2675496e+00   3.1710782e-02   2.8820857e-01
   2.4532485e+00   5.2097216e-02   3.6557276e-02
   2.4836648e+00   1.1960865e-01   7.6181293e-03
   2.3610906e+00   2.7735883e-01   3.6447765e-03
   2.0886293e+00   5.6866622e-01   4.0436437e-03
   1.6304186e+00   8.9808758e-01   9.1979344e-03
   1.1448678e+00   9.4177909e-01   3.3042202e-02
   9.2149356e-01   6.3538020e-01   1.2447382e-01
   1.0617775e+00   3.2801363e-01   3.1635280e-01
   1.5374552e+00   1.7710649e-01   4.1507213e-01
   2.0096251e+00   1.4275604e-01   2.9404786e-01
   2.2681616e+00   1.8341084e-01   1.6790843e-01
   2.3181519e+00   3.0233190e-01   1.2318490e-01
   2.1221816e+00   4.9680100e-01   1.4897091e-01
   1.8050729e+00   6.1965109e-01   2.9603558e-01
   1.6020635e+00   4.3935162e-01   7.3375507e-01
   1.8135048e+00   1.5366695e-01   1.2895059e+00
   2.1728408e+00   4.9127820e-02   7.9261778e-01
   2.4066309e+00   4.3663445e-02   1.5575833e-01
   2.4894294e+00   8.6804406e-02   2.7203782e-02
   2.4306716e+00   2.0047705e-01   9.4456325e-03
   2.2245633e+00   4.3575163e-01   7.5745302e-03
   1.8368138e+00   7.7470932e-01   1.3202455e-02
   1.3312744e+00   9.5762878e-01   4.0912261e-02
   9.9170222e-01   7.2884314e-01   1.5671503e-01
   1.0341067e+00   3.5222401e-01   4.5688271e-01
   1.5029557e+00   1.4335581e-01   6.4370024e-01
   2.0193293e+00   8.8177817e-02   3.6911268e-01
   2.3168821e+00   1.1048218e-01   1.3019020e-01
   2.4088513e+00   2.0675290e-01   5.7534788e-02
   2.2452614e+00   4.1482094e-01   4.7581937e-02
   1.8942413e+00   6.9897841e-01   7.8951935e-02
   1.4549237e+00   7.8991871e-01   2.2074279e-01
   1.2390963e+00   4.5874603e-01   6.9747545e-01
   1.5679842e+00   1.2802160e-01   1.2798564e+00
   2.0697267e+00   3.8433945e-02   6.5539702e-01
   2.3766938e+00   3.8545878e-02   1.0075797e-01
   2.4838455e+00   8.0626952e-02   1.5535218e-02
   2.4289381e+00   1.8896447e-01   5.0102290e-03
   2.2378115e+00   4.1534737e-01   3.7870212e-03
   1.8649232e+00   7.5535394e-01   6.2917172e-03
   1.3572110e+00   9.7321888e-01   1.9009893e-02
   9.8463872e-01   7.9855673e-01   7.4003148e-02
   9.5648622e-01   4.4791813e-01   2.3638285e-01
   1.2935999e+00   2.2225550e-01   4.2352065e-01
   1.8163890e+00   1.4065441e-01   3.7651917e-01
   2.1852377e+00   1.4739044e-01   2.1183633e-01
   2.3328935e+00   2.2778169e-01   1.2489060e-01
   2.2395624e+00   3.9643828e-01   1.1379117e-01
   1.9575211e+00   5.9852269e-01   1.8044470e-01
   1.6360195e+00   5.9769626e-01   4.3200100e-01
   1.6063702e+00   2.9796859e-01   1.0328215e+00
   1.9416833e+00   8.4751203e-02   1.2309935e+00
   2.2876281e+00   3.7667391e-02   4.1731272e-01
   2.4554414e+00   5.3998136e-02   6.2876326e-02
   2.4967575e+00   1.2038795e-01   1.3580818e-02
   2.3685360e+00   2.7845966e-01   6.5398672e-03
   2.0912526e+00   5.6984496e-01   7.2843568e-03
   1.6314416e+00   8.9437398e-01   1.6603816e-02
   1.1507312e+00   9.2090251e-01   5.9400084e-02
   9.4540447e-01   5.8615281e-01   2.1880675e-01
   1.1434353e+00   2.6355539e-01   5.1301676e-01
   1.6695663e+00   1.2250356e-01   5.4083333e-01
   2.1287811e+00   9.8461019e-02   2.6501603e-01
   2.3512236e+00   1.4542115e-01   1.0437499e-01
   2.3580210e+00   2.7815048e-01   6.0713328e-02
   2.1266461e+00   5.2104334e-01   6.7549764e-02
   1.7323807e+00   7.5297150e-01   1.4078542e-01
   1.3640411e+00   6.4886941e-01   4.2402963e-01
   1.4000039e+00   2.5836908e-01   1.1005594e+00
   1.8546741e+00   6.3341012e-02   1.1374021e+00
   2.2674798e+00   3.1712346e-02   2.8817680e-01
   2.4532236e+00   5.2099854e-02   3.6555049e-02
   2.4836511e+00   1.1961360e-01   7.6180508e-03
   2.3610789e+00   2.7736813e-01   3.6448901e-03
   2.0886129e+00   5.6867982e-01   4.0439053e-03
   1.6303978e+00   8.9809583e-01   9.1987494e-03
   1.1448536e+00   9.4177011e-01   3.3045434e-02
   9.2149438e-01   6.3536320e-01   1.2448481e-01
   1.0617952e+00   3.2800102e-01   3.1637226e-01
   1.5374912e+00   1.7709945e-01   4.1508170e-01
   2.0096519e+00   1.4275316e-01   2.9404296e-01
   2.2681749e+00   1.8341130e-01   1.6790224e-01
   2.3181513e+00   3.0233687e-01   1.2318067e-01
   2.1221712e+00   4.9681061e-01   1.4896824e-01
   1.8050555e+00   6.1965886e-01   2.9603600e-01
   1.6020471e+00   4.3934920e-01   7.3376532e-01
   1.8134978e+00   1.5366247e-01   1.2895168e+00
   2.1728413e+00   4.9126119e-02   7.9260136e-01
   2.4066324e+00   4.3662881e-02   1.5574971e-01
   2.4894304e+00   8.6804193e-02   2.7201925e-02
   2.4306706e+00   2.0047709e-01   9.4449646e-03
   2.2245624e+00   4.3575194e-01   7.5739961e-03
   1.8368128e+00   7.7471024e-01   1.3201534e-02
   1.3312728e+00   9.5763124e-01   4.0909454e-02
   9.9169898e-01   7.2884912e-01   1.5670468e-01
   1.0340975e+00   3.5223276e-01   4.5685629e-01
   1.5029403e+00   1.4336265e-01   6.4367901e-01
   2.0193143e+00   8.8182477e-02   3.6911813e-01
   2.3168723e+00   1.1048587e-01   1.3019900e-01
   2.4088451e+00   2.0675614e-01   5.7540599e-02
   2.2452591e+00   4.1482216e-01   4.7587488e-02
   1.8942423e+00   6.9897221e-01   7.8961378e-02
   1.4549347e+00   7.8989753e-01   2.2076723e-01
   1.2391290e+00   4.5871831e-01   6.9753398e-01
   1.5680318e+00   1.2800986e-01   1.2798864e+00
   2.0697633e+00   3.8431417e-02   6.5535232e-01
   2.3767099e+00   3.8546051e-02   1.0074447e-01
   2.4838505e+00   8.0629020e-02   1.5533206e-02
   2.4289346e+00   1.8896994e-01   5.0097088e-03
   2.2378019e+00   4.1535795e-01   3.7867374e-03
   1.8649064e+00   7.5536655e-01   6.2914059e-03
   1.3571927e+00   9.7322161e-01   1.9009270e-02
   9.8462928e-01   7.9854866e-01   7.4000930e-02
   9.5648665e-01   4.4791390e-01   2.3637337e-01
   1.2936022e+00   2.2225821e-01   4.2349968e-01
   1.8163883e+00   1.4066008e-01   3.7650512e-01
   2.1852325e+00   1.4739793e-01   2.1183696e-01
   2.3328855e+00   2.2779101e-01   1.2489732e-01
   2.2395505e+00   3.9644660e-01   1.1380195e-01
   1.9575124e+00   5.9851724e-01   1.8046558e-01
   1.6360326e+00   5.9766438e-01   4.3204704e-01
   1.6064334e+00   2.9793883e-01   1.0328765e+00
   1.9417445e+00   8.4744558e-02   1.2309361e+00
   2.2876594e+00   3.7668826e-02   4.1726054e-01
   2.4554508e+00   5.4003859e-02   6.2870859e-02
   2.4967561e+00   1.2040147e-01   1.3581076e-02
   2.3685148e+00   2.7848874e-01   6.5407262e-03
   2.0912058e+00   5.6989048e-01   7.2860745e-03
   1.6313747e+00   8.9440310e-01   1.6609058e-02
   1.1506838e+00   9.2086904e-01   5.9420772e-02
   9.4541204e-01   5.8608431e-01   2.1887500e-01
   1.1435200e+00   2.6350481e-01   5.1311680e-01
   1.6696771e+00   1.2247974e-01   5.4083498e-01
   2.1288586e+00   9.8451787e-02   2.6496531e-01
   2.3512603e+00   1.4542297e-01   1.0434523e-01
   2.3580068e+00   2.7816860e-01   6.0696777e-02
   2.1266039e+00   5.2108188e-01   6.7535751e-02
   1.7323121e+00   7.5301647e-01   1.4076662e-01
   1.3639621e+00   6.4889132e-01   4.2399835e-01
   1.3999256e+00   2.5837306e-01   1.1005154e+00
   1.8546208e+00   6.3341836e-02   1.1373741e+00
   2.2674553e+00   3.1712770e-02   2.8817346e-01
   2.4532150e+00   5.2100150e-02   3.6555115e-02
   2.4836480e+00   1.1961384e-01   7.6181078e-03
   2.3610778e+00   2.7736827e-01   3.6449243e-03
   2.0886123e+00   5.6867976e-01   4.0439454e-03
   1.6303977e+00   8.9809546e-01   9.1988396e-03
   1.1448540e+00   9.4176960e-01   3.3045745e-02
   9.2149498e-01   6.3536264e-01   1.2448591e-01
   1.0617963e+00   3.2800027e-01   3.1637479e-01
   1.5374939e+00   1.7709865e-01   4.1508406e-01
   2.0096541e+00   1.4275246e-01   2.9404331e-01
   2.2681764e+00   1.8341065e-01   1.6790162e-01
   2.3181524e+00   3.0233642e-01   1.2317978e-01
   2.1221716e+00   4.9681096e-01   1.4896694e-01
   1.8050545e+00   6.1966082e-01   2.9603363e-01
   1.6020433e+00   4.3935169e-01   7.3376176e-01
   1.8134935e+00   1.5366328e-01   1.2895179e+00
   2.1728386e+00   4.9126088e-02   7.9260619e-01
   2.4066315e+00   4.3662571e-02   1.5575057e-01
   2.4894303e+00   8.6803482e-02   2.7201881e-02
   2.4306717e+00   2.0047553e-01   9.4448718e-03
   2.2245650e+00   4.3574914e-01   7.5738629e-03
   1.8368171e+00   7.7470739e-01   1.3201217e-02
   1.3312770e+00   9.5763198e-01   4.0908322e-02
   9.9169980e-01   7.2885403e-01   1.5670047e-01
   1.0340929e+00   3.5223765e-01   4.5684707e-01
   1.5029323e+00   1.4336527e-01   6.4367497e-01
   2.0193073e+00   8.8183675e-02   3.6912254e-01
   2.3168685e+00   1.1048625e-01   1.3020233e-01
   2.4088435e+00   2.0675562e-01   5.7542268e-02
   2.2452607e+00   4.1482001e-01   4.7588750e-02
   1.8942464e+00   6.9896830e-01   7.8963062e-02
   1.4549410e+00   7.8989354e-01   2.2077071e-01
   1.2391367e+00   4.5871567e-01   6.9754143e-01
   1.5680396e+00   1.2800880e-01   1.2798927e+00
   2.0697685e+00   3.8431106e-02   6.5535014e-01
   2.3767121e+00   3.8545948e-02   1.0074332e-01
   2.4838513e+00   8.0628988e-02   1.5532988e-02
   2.4289347e+00   1.8896997e-01   5.0096364e-03
   2.2378019e+00   4.1535808e-01   3.7866835e-03
   1.8649062e+00   7.5536679e-01   6.2913183e-03
   1.3571923e+00   9.7322190e-01   1.9009012e-02
   9.8462885e-01   7.9854919e-01   7.3999946e-02
   9.5648579e-01   4.4791498e-01   2.3637039e-01
   1.2935997e+00   2.2225954e-01   4.2349536e-01
   1.8163853e+00   1.4066127e-01   3.7650354e-01
   2.1852301e+00   1.4739902e-01   2.1183786e-01
   2.3328838e+00   2.2779195e-01   1.2489877e-01
   2.2395496e+00   3.9644684e-01   1.1380374e-01
   1.9575129e+00   5.9851534e-01   1.8046853e-01
   1.6360364e+00   5.9765980e-01   4.3205275e-01
   1.6064431e+00   2.9793544e-01   1.0328822e+00
   1.9417529e+00   8.4744003e-02   1.2309289e+00
   2.2876634e+00   3.7669113e-02   4.1725537e-01
   2.4554519e+00   5.4004643e-02   6.2870559e-02
   2.4967558e+00   1.2040326e-01   1.3581208e-02
   2.3685120e+00   2.7849254e-01   6.5408869e-03
   2.0911998e+00   5.6989639e-01   7.2863528e-03
   1.6313660e+00   8.9440677e-01   1.6609865e-02
   1.1506778e+00   9.2086433e-01   5.9423902e-02
   9.4541346e-01   5.8607465e-01   2.1888541e-01
   1.1435324e+00   2.6349734e-01   5.1313275e-01
   1.6696934e+00   1.2247600e-01   5.4083647e-01
   2.1288702e+00   9.8450118e-02   2.6495795e-01
   2.3512660e+00   1.4542282e-01   1.0434057e-01
   2.3580053e+00   2.7817070e-01   6.0693999e-02
   2.1265985e+00   5.2108705e-01   6.7533168e-02
   1.7323026e+00   7.5302364e-01   1.4076264e-01
   1.3639497e+00   6.4889690e-01   4.2399037e-01
   1.3999100e+00   2.5837554e-01   1.1005041e+00
   1.8546086e+00   6.3342394e-02   1.1373734e+00
   2.2674494e+00   3.1712820e-02   2.8817581e-01
   2.4532130e+00   5.2099964e-02   3.6555471e-02
   2.4836480e+00   1.1961328e-01   7.6181549e-03
   2.3610787e+00   2.7736703e-01   3.6449299e-03
   2.0886144e+00   5.6867778e-01   4.0439335e-03
   1.6304006e+00   8.9809405e-01   9.1987806e-03
   1.1448562e+00   9.4177056e-01   3.3045480e-02
   9.2149524e-01   6.3536471e-01   1.2448504e-01
   1.0617945e+00   3.2800160e-01   3.1637361e-01
   1.5374904e+00   1.7709916e-01   4.1508420e-01
   2.0096517e+00   1.4275243e-01   2.9404424e-01
   2.2681755e+00   1.8341017e-01   1.6790212e-01
   2.3181532e+00   3.0233542e-01   1.2317982e-01
   2.1221734e+00   4.9680981e-01   1.4896649e-01
   1.8050564e+00   6.1966095e-01   2.9603206e-01
   1.6020433e+00   4.3935361e-01   7.3375804e-01
   1.8134918e+00   1.5366444e-01   1.2895170e+00
   2.1728368e+00   4.9126312e-02   7.9261161e-01
   2.4066306e+00   4.3662454e-02   1.5575234e-01
   2.4894301e+00   8.6803062e-02   2.7202118e-02
   2.4306725e+00   2.0047454e-01   9.4449085e-03
   2.2245667e+00   4.3574732e-01   7.5738547e-03
   1.8368200e+00   7.7470545e-01   1.3201148e-02
   1.3312798e+00   9.5763210e-01   4.0908004e-02
   9.9170078e-01   7.2885630e-01   1.5669927e-01
   1.0340914e+00   3.5223951e-01   4.5684500e-01
   1.5029294e+00   1.4336595e-01   6.4367543e-01
   2.0193050e+00   8.8183768e-02   3.6912456e-01
   2.3168675e+00   1.1048597e-01   1.3020318e-01
   2.4088434e+00   2.0675483e-01   5.7542497e-02
   2.2452620e+00   4.1481846e-01   4.7588757e-02
   1.8942488e+00   6.9896671e-01   7.8962781e-02
   1.4549434e+00   7.8989403e-01   2.2076942e-01
   1.2391369e+00   4.5871796e-01   6.9753779e-01
   1.5680377e+00   1.2800981e-01   1.2798924e+00
   2.0697666e+00   3.8431271e-02   6.5535516e-01
   2.3767113e+00   3.8545859e-02   1.0074453e-01
   2.4838511e+00   8.0628673e-02   1.5533137e-02
   2.4289353e+00   1.8896922e-01   5.0096649e-03
   2.2378032e+00   4.1535665e-01   3.7866898e-03
   1.8649084e+00   7.5536514e-01   6.2913072e-03
   1.3571947e+00   9.7322170e-01   1.9008937e-02
   9.8462992e-01   7.9855068e-01   7.3999638e-02
   9.5648519e-01   4.4791628e-01   2.3636985e-01
   1.2935977e+00   2.2226001e-01   4.2349561e-01
   1.8163835e+00   1.4066121e-01   3.7650454e-01
   2.1852293e+00   1.4739864e-01   2.1183834e-01
   2.3328838e+00   2.2779122e-01   1.2489873e-01
   2.2395507e+00   3.9644581e-01   1.1380334e-01
   1.9575144e+00   5.9851492e-01   1.8046742e-01
   1.6360369e+00   5.9766144e-01   4.3204979e-01
   1.6064402e+00   2.9793755e-01   1.0328780e+00
   1.9417494e+00   8.4744601e-02   1.2309326e+00
   2.2876615e+00   3.7669089e-02   4.1725956e-01
   2.4554513e+00   5.4004323e-02   6.2871150e-02
   2.4967559e+00   1.2040246e-01   1.3581255e-02
   2.3685133e+00   2.7849079e-01   6.5408661e-03
   2.0912026e+00   5.6989363e-01   7.2862838e-03
   1.6313701e+00   8.9440495e-01   1.6609627e-02
   1.1506807e+00   9.2086613e-01   5.9422930e-02
   9.4541328e-01   5.8607831e-01   2.1888225e-01
   1.1435282e+00   2.6349984e-01   5.1312857e-01
   1.6696878e+00   1.2247703e-01   5.4083718e-01
   2.1288664e+00   9.8450379e-02   2.6496053e-01
   2.3512644e+00   1.4542247e-01   1.0434186e-01
   2.3580063e+00   2.7816943e-01   6.0694601e-02
   2.1266010e+00   5.2108482e-01   6.7533531e-02
   1.7323064e+00   7.5302176e-01   1.4076279e-01
   1.3639531e+00   6.4889731e-01   4.2398978e-01
   1.3999113e+00   2.5837654e-01   1.1005033e+00
   1.8546086e+00   6.3342630e-02   1.1373769e+00
   2.2674492e+00   3.1712791e-02   2.8817779e-01
   2.4532129e+00   5.2099803e-02   3.6555689e-02
   2.4836485e+00   1.1961289e-01   7.6181767e-03
   2.3610794e+00   2.7736623e-01   3.6449284e-03
   2.0886157e+00   5.6867653e-01   4.0439202e-03
   1.6304025e+00   8.9809320e-01   9.1987300e-03
   1.1448576e+00   9.4177124e-01   3.3045267e-02
   9.2149533e-01   6.3536611e-01   1.2448433e-01
   1.0617932e+00   3.2800255e-01   3.1637250e-01
   1.5374878e+00   1.7709959e-01   4.1508394e-01
   2.0096498e+00   1.4275250e-01   2.9404478e-01
   2.2681746e+00   1.8340996e-01   1.6790252e-01
   2.3181535e+00   3.0233485e-01   1.2317998e-01
   2.1221744e+00   4.9680902e-01   1.4896640e-01
   1.8050577e+00   6.1966075e-01   2.9603141e-01
   1.6020438e+00   4.3935448e-01   7.3375618e-01
   1.8134913e+00   1.5366506e-01   1.2895162e+00
   2.1728360e+00   4.9126459e-02   7.9261437e-01
   2.4066303e+00   4.3662425e-02   1.5575335e-01
   2.4894300e+00   8.6802897e-02   2.7202275e-02
   2.4306729e+00   2.0047413e-01   9.4449452e-03
   2.2245675e+00   4.3574657e-01   7.5738687e-03
   1.8368212e+00   7.7470462e-01   1.3201149e-02
   1.3312810e+00   9.5763206e-01   4.0907965e-02
   9.9170129e-01   7.2885703e-01   1.5669912e-01
   1.0340911e+00   3.5223998e-01   4.5684501e-01
   1.5029287e+00   1.4336601e-01   6.4367631e-01
   2.0193045e+00   8.8183655e-02   3.6912521e-01
   2.3168674e+00   1.1048573e-01   1.3020324e-01
   2.4088435e+00   2.0675440e-01   5.7542402e-02
   2.2452626e+00   4.1481779e-01   4.7588580e-02
   1.8942498e+00   6.9896626e-01   7.8962359e-02
   1.4549441e+00   7.8989492e-01   2.2076810e-01
   1.2391360e+00   4.5871980e-01   6.9753440e-01
   1.5680354e+00   1.2801060e-01   1.2798913e+00
   2.0697647e+00   3.8431420e-02   6.5535866e-01
   2.3767104e+00   3.8545817e-02   1.0074546e-01
   2.4838508e+00   8.0628476e-02   1.5533263e-02
   2.4289356e+00   1.8896873e-01   5.0096934e-03
   2.2378040e+00   4.1535572e-01   3.7867016e-03
   1.8649099e+00   7.5536405e-01   6.2913128e-03
   1.3571963e+00   9.7322153e-01   1.9008926e-02
   9.8463067e-01   7.9855156e-01   7.3999584e-02
   9.5648492e-01   4.4791694e-01   2.3636993e-01
   1.2935968e+00   2.2226011e-01   4.2349639e-01
   1.8163828e+00   1.4066100e-01   3.7650541e-01
   2.1852292e+00   1.4739824e-01   2.1183852e-01
   2.3328841e+00   2.2779062e-01   1.2489850e-01
   2.2395515e+00   3.9644511e-01   1.1380282e-01
   1.9575153e+00   5.9851493e-01   1.8046629e-01
   1.6360367e+00   5.9766315e-01   4.3204708e-01
   1.6064370e+00   2.9793938e-01   1.0328745e+00
   1.9417460e+00   8.4745062e-02   1.2309359e+00
   2.2876597e+00   3.7669033e-02   4.1726296e-01
   2.4554507e+00   5.4004005e-02   6.2871570e-02
   2.4967559e+00   1.2040169e-01   1.3581266e-02
   2.3685146e+00   2.7848913e-01   6.5408296e-03
   2.0912053e+00   5.6989102e-01   7.2861998e-03
   1.6313740e+00   8.9440325e-01   1.6609359e-02
   1.1506835e+00   9.2086795e-01   5.9421860e-02
   9.4541296e-01   5.8608204e-01   2.1887874e-01
   1.1435237e+00   2.6350250e-01   5.1312360e-01
   1.6696820e+00   1.2247823e-01   5.4083742e-01
   2.1288624e+00   9.8450786e-02   2.6496323e-01
   2.3512625e+00   1.4542226e-01   1.0434335e-01
   2.3580072e+00   2.7816832e-01   6.0695386e-02
   2.1266035e+00   5.2108265e-01   6.7534135e-02
   1.7323102e+00   7.5301953e-01   1.4076346e-01
   1.3639571e+00   6.4889676e-01   4.2399055e-01
   1.3999144e+00   2.5837682e-01   1.1005044e+00
   1.8546103e+00   6.3342700e-02   1.1373793e+00
   2.2674499e+00   3.1712766e-02   2.8817871e-01
   2.4532132e+00   5.2099728e-02   3.6555775e-02
   2.4836487e+00   1.1961272e-01   7.6181838e-03
   2.3610798e+00   2.7736589e-01   3.6449267e-03
   2.0886163e+00   5.6867602e-01   4.0439134e-03
   1.6304033e+00   8.9809286e-01   9.1987063e-03
   1.1448581e+00   9.4177154e-01   3.3045170e-02
   9.2149534e-01   6.3536670e-01   1.2448400e-01
   1.0617926e+00   3.2800296e-01   3.1637196e-01
   1.5374867e+00   1.7709979e-01   4.1508376e-01
   2.0096490e+00   1.4275256e-01   2.9404499e-01
   2.2681742e+00   1.8340990e-01   1.6790270e-01
   2.3181536e+00   3.0233463e-01   1.2318007e-01
   2.1221748e+00   4.9680869e-01   1.4896640e-01
   1.8050583e+00   6.1966061e-01   2.9603122e-01
   1.6020441e+00   4.3935475e-01   7.3375554e-01
   1.8134912e+00   1.5366529e-01   1.2895159e+00
   2.1728358e+00   4.9126520e-02   7.9261533e-01
   2.4066301e+00   4.3662423e-02   1.5575373e-01
   2.4894300e+00   8.6802852e-02   2.7202341e-02
   2.4306730e+00   2.0047401e-01   9.4449633e-03
   2.2245677e+00   4.3574635e-01   7.5738788e-03
   1.8368215e+00   7.7470438e-01   1.3201160e-02
   1.3312814e+00   9.5763203e-01   4.0907986e-02
   9.9170147e-01   7.2885717e-01   1.5669919e-01
   1.0340911e+00   3.5224001e-01   4.5684532e-01
   1.5029286e+00   1.4336594e-01   6.4367681e-01
   2.0193046e+00   8.8183569e-02   3.6912533e-01
   2.3168675e+00   1.1048562e-01   1.3020316e-01
   2.4088436e+00   2.0675425e-01   5.7542308e-02
   2.2452628e+00   4.1481759e-01   4.7588466e-02
   1.8942501e+00   6.9896620e-01   7.8962130e-02
   1.4549441e+00   7.8989542e-01   2.2076744e-01
   1.2391353e+00   4.5872063e-01   6.9753276e-01
   1.5680342e+00   1.2801096e-01   1.2798907e+00
   2.0697637e+00   3.8431491e-02   6.5536017e-01
   2.3767100e+00   3.8545803e-02   1.0074587e-01
   2.4838507e+00   8.0628397e-02   1.5533322e-02
   2.4289357e+00   1.8896853e-01   5.0097075e-03
   2.2378044e+00   4.1535534e-01   3.7867082e-03
   1.8649105e+00   7.5536360e-01   6.2913179e-03
   1.3571969e+00   9.7322145e-01   1.9008930e-02
   9.8463099e-01   7.9855190e-01   7.3999595e-02
   9.5648485e-01   4.4791718e-01   2.3637007e-01
   1.2935965e+00   2.2226010e-01   4.2349685e-01
   1.8163826e+00   1.4066088e-01   3.7650582e-01
   2.1852292e+00   1.4739804e-01   2.1183856e-01
   2.3328842e+00   2.2779034e-01   1.2489835e-01
   2.2395519e+00   3.9644482e-01   1.1380255e-01
   1.9575157e+00   5.9851499e-01   1.8046573e-01
   1.6360365e+00   5.9766400e-01   4.3204578e-01
   1.6064353e+00   2.9794024e-01   1.0328728e+00
   1.9417443e+00   8.4745269e-02   1.2309375e+00
   2.2876588e+00   3.7669001e-02   4.1726453e-01
   2.4554505e+00   5.4003850e-02   6.2871751e-02
   2.4967560e+00   1.2040132e-01   1.3581266e-02
   2.3685151e+00   2.7848832e-01   6.5408094e-03
   2.0912066e+00   5.6988976e-01   7.2861562e-03
   1.6313758e+00   8.9440243e-01   1.6609223e-02
   1.1506848e+00   9.2086885e-01   5.9421319e-02
   9.4541278e-01   5.8608388e-01   2.1887697e-01
   1.1435214e+00   2.6350384e-01   5.1312105e-01
   1.6696790e+00   1.2247884e-01   5.4083747e-01
   2.1288604e+00   9.8451007e-02   2.6496458e-01
   2.3512616e+00   1.4542218e-01   1.0434412e-01
   2.3580076e+00   2.7816780e-01   6.0695799e-02
   2.1266046e+00   5.2108159e-01   6.7534467e-02
   1.7323120e+00   7.5301838e-01   1.4076387e-01
   1.3639591e+00   6.4889636e-01   4.2399113e-01
   1.3999162e+00   2.5837686e-01   1.1005052e+00
   1.8546114e+00   6.3342711e-02   1.1373803e+00
   2.2674504e+00   3.1712754e-02   2.8817900e-01
   2.4532134e+00   5.2099703e-02   3.6555799e-02
   2.4836489e+00   1.1961267e-01   7.6181851e-03
   2.3610799e+00   2.7736580e-01   3.6449259e-03
   2.0886165e+00   5.6867587e-01   4.0439110e-03
   1.6304035e+00   8.9809277e-01   9.1986986e-03
   1.1448583e+00   9.4177163e-01   3.3045139e-02
   9.2149534e-01   6.3536687e-01   1.2448390e-01
   1.0617925e+00   3.2800309e-01   3.1637178e-01
   1.5374863e+00   1.7709986e-01   4.1508368e-01
   2.0096487e+00   1.4275258e-01   2.9404505e-01
   2.2681741e+00   1.8340989e-01   1.6790276e-01
   2.3181536e+00   3.0233457e-01   1.2318011e-01
   2.1221750e+00   4.9680859e-01   1.4896642e-01
   1.8050584e+00   6.1966054e-01   2.9603119e-01
   1.6020443e+00   4.3935480e-01   7.3375539e-01
   1.8134913e+00   1.5366534e-01   1.2895158e+00
   2.1728358e+00   4.9126538e-02   7.9261555e-01
   2.4066301e+00   4.3662426e-02   1.5575383e-01
   2.4894300e+00   8.6802848e-02   2.7202361e-02
   2.4306730e+00   2.0047400e-01   9.4449695e-03
   2.2245677e+00   4.3574632e-01   7.5738832e-03
   1.8368216e+00   7.7470434e-01   1.3201167e-02
   1.3312814e+00   9.5763201e-01   4.0908006e-02
   9.9170151e-01   7.2885715e-01   1.5669926e-01
   1.0340911e+00   3.5223997e-01   4.5684551e-01
   1.5029287e+00   1.4336590e-01   6.4367699e-01
   2.0193047e+00   8.8183531e-02   3.6912531e-01
   2.3168675e+00   1.1048559e-01   1.3020309e-01
   2.4088437e+00   2.0675421e-01   5.7542262e-02
   2.2452628e+00   4.1481756e-01   4.7588419e-02
   1.8942501e+00   6.9896623e-01   7.8962046e-02
   1.4549441e+00   7.8989560e-01   2.2076722e-01
   1.2391351e+00   4.5872090e-01   6.9753221e-01
   1.5680338e+00   1.2801108e-01   1.2798904e+00
   2.0697633e+00   3.8431515e-02   6.5536062e-01
   2.3767098e+00   3.8545800e-02   1.0074601e-01
   2.4838507e+00   8.0628374e-02   1.5533342e-02
   2.4289358e+00   1.8896847e-01   5.0097123e-03
   2.2378045e+00   4.1535523e-01   3.7867107e-03
   1.8649107e+00   7.5536347e-01   6.2913204e-03
   1.3571971e+00   9.7322142e-01   1.9008934e-02
   9.8463109e-01   7.9855199e-01   7.3999609e-02
   9.5648483e-01   4.4791723e-01   2.3637014e-01
   1.2935965e+00   2.2226009e-01   4.2349703e-01
   1.8163826e+00   1.4066083e-01   3.7650595e-01
   2.1852292e+00   1.4739797e-01   2.1183856e-01
   2.3328843e+00   2.2779025e-01   1.2489830e-01
   2.2395520e+00   3.9644473e-01   1.1380246e-01
   1.9575158e+00   5.9851503e-01   1.8046554e-01
   1.6360364e+00   5.9766430e-01   4.3204534e-01
   1.6064348e+00   2.9794052e-01   1.0328723e+00
   1.9417438e+00   8.4745334e-02   1.2309381e+00
   2.2876585e+00   3.7668988e-02   4.1726503e-01
   2.4554504e+00   5.4003797e-02   6.2871806e-02
   2.4967560e+00   1.2040119e-01   1.3581265e-02
   2.3685153e+00   2.7848805e-01   6.5408018e-03
   2.0912070e+00   5.6988933e-01   7.2861406e-03
   1.6313764e+00   8.9440216e-01   1.6609175e-02
   1.1506853e+00   9.2086916e-01   5.9421129e-02
   9.4541271e-01   5.8608452e-01   2.1887634e-01
   1.1435206e+00   2.6350431e-01   5.1312014e-01
   1.6696780e+00   1.2247906e-01   5.4083746e-01
   2.1288597e+00   9.8451089e-02   2.6496505e-01
   2.3512612e+00   1.4542216e-01   1.0434439e-01
   2.3580077e+00   2.7816763e-01   6.0695948e-02
   2.1266050e+00   5.2108123e-01   6.7534591e-02
   1.7323127e+00   7.5301797e-01   1.4076403e-01
   1.3639598e+00   6.4889618e-01   4.2399139e-01
   1.3999168e+00   2.5837684e-01   1.1005056e+00
   1.8546118e+00   6.3342707e-02   1.1373806e+00
   2.2674506e+00   3.1712750e-02   2.8817906e-01
   2.4532135e+00   5.2099698e-02   3.6555802e-02
   2.4836489e+00   1.1961266e-01   7.6181850e-03
   2.3610799e+00   2.7736578e-01   3.6449255e-03
   2.0886165e+00   5.6867585e-01   4.0439105e-03
   1.6304035e+00   8.9809276e-01   9.1986970e-03
   1.1448583e+00   9.4177164e-01   3.3045133e-02
   9.2149534e-01   6.3536690e-01   1.2448388e-01
   1.0617924e+00   3.2800311e-01   3.1637174e-01
   1.5374862e+00   1.7709987e-01   4.1508366e-01
   2.0096487e+00   1.4275259e-01   2.9404505e-01
   2.2681741e+00   1.8340989e-01   1.6790277e-01
   2.3181536e+00   3.0233457e-01   1.2318012e-01
   2.1221750e+00   4.9680858e-01   1.4896643e-01
   1.8050585e+00   6.1966052e-01   2.9603120e-01
   1.6020443e+00   4.3935479e-01   7.3375540e-01
   1.8134913e+00   1.5366534e-01   1.2895158e+00
   2.1728358e+00   4.9126540e-02   7.9261555e-01
   2.4066301e+00   4.3662428e-02   1.5575384e-01
   2.4894300e+00   8.6802852e-02   2.7202363e-02
   2.4306730e+00   2.0047401e-01   9.4449708e-03
   2.2245677e+00   4.3574633e-01   7.5738846e-03
   1.8368216e+00   7.7470435e-01   1.3201170e-02
   1.3312814e+00   9.5763200e-01   4.0908015e-02
   9.9170151e-01   7.2885712e-01   1.5669930e-01
   1.0340912e+00   3.5223993e-01   4.5684559e-01
   1.5029288e+00   1.4336587e-01   6.4367704e-01
   2.0193047e+00   8.8183519e-02   3.6912529e-01
   2.3168676e+00   1.1048558e-01   1.3020307e-01
   2.4088437e+00   2.0675420e-01   5.7542246e-02
   2.2452628e+00   4.1481756e-01   4.7588405e-02
   1.8942501e+00   6.9896626e-01   7.8962026e-02
   1.4549440e+00   7.8989565e-01   2.2076717e-01
   1.2391350e+00   4.5872095e-01   6.9753210e-01
   1.5680337e+00   1.2801110e-01   1.2798904e+00
   2.0697633e+00   3.8431520e-02   6.5536069e-01
   2.3767098e+00   3.8545800e-02   1.0074603e-01
   2.4838506e+00   8.0628372e-02   1.5533345e-02
   2.4289358e+00   1.8896846e-01   5.0097134e-03
   2.2378045e+00   4.1535521e-01   3.7867114e-03
   1.8649107e+00   7.5536345e-01   6.2913212e-03
   1.3571972e+00   9.7322142e-01   1.9008936e-02
   9.8463110e-01   7.9855200e-01   7.3999617e-02
   9.5648484e-01   4.4791723e-01   2.3637017e-01
   1.2935965e+00   2.2226008e-01   4.2349708e-01
   1.8163826e+00   1.4066082e-01   3.7650598e-01
   2.1852292e+00   1.4739796e-01   2.1183856e-01
   2.3328843e+00   2.2779023e-01   1.2489828e-01
   2.2395520e+00   3.9644472e-01   1.1380243e-01
   1.9575158e+00   5.9851505e-01   1.8046549e-01
   1.6360364e+00   5.9766436e-01   4.3204526e-01
   1.6064346e+00   2.9794058e-01   1.0328722e+00
   1.9417436e+00   8.4745346e-02   1.2309382e+00
   2.2876584e+00   3.7668985e-02   4.1726513e-01
   2.4554504e+00   5.4003785e-02   6.2871815e-02
   2.4967560e+00   1.2040116e-01   1.3581264e-02
   2.3685154e+00   2.7848799e-01   6.5407999e-03
   2.0912071e+00   5.6988924e-01   7.2861370e-03
   1.6313766e+00   8.9440210e-01   1.6609164e-02
   1.1506854e+00   9.2086923e-01   5.9421087e-02
   9.4541270e-01   5.8608465e-01   2.1887620e-01
   1.1435205e+00   2.6350441e-01   5.1311993e-01
   1.6696778e+00   1.2247911e-01   5.4083745e-01
   2.1288595e+00   9.8451109e-02   2.6496515e-01
   2.3512612e+00   1.4542216e-01   1.0434445e-01
   2.3580078e+00   2.7816759e-01   6.0695983e-02
   2.1266051e+00   5.2108116e-01   6.7534622e-02
   1.7323128e+00   7.5301788e-01   1.4076408e-01
   1.3639600e+00   6.4889612e-01   4.2399147e-01
   1.3999170e+00   2.5837682e-01   1.1005057e+00
   1.8546119e+00   6.3342703e-02   1.1373806e+00
   2.2674507e+00   3.1712749e-02   2.8817905e-01
   2.4532135e+00   5.2099699e-02   3.6555800e-02
   2.4836489e+00   1.1961266e-01   7.6181847e-03
   2.3610799e+00   2.7736579e-01   3.6449255e-03
   2.0886165e+00   5.6867586e-01   4.0439105e-03
   1.6304035e+00   8.9809277e-01   9.1986972e-03
   1.1448583e+00   9.4177164e-01   3.3045134e-02
   9.2149534e-01   6.3536689e-01   1.2448388e-01
   1.0617925e+00   3.2800311e-01   3.1637174e-01
   1.5374863e+00   1.7709987e-01   4.1508365e-01
   2.0096487e+00   1.4275259e-01   2.9404505e-01
   2.2681741e+00   1.8340989e-01   1.6790277e-01
   2.3181536e+00   3.0233457e-01   1.2318012e-01
   2.1221750e+00   4.9680858e-01   1.4896643e-01
   1.8050585e+00   6.1966052e-01   2.9603121e-01
   1.6020443e+00   4.3935478e-01   7.3375542e-01
   1.8134913e+00   1.5366534e-01   1.2895158e+00
   2.1728358e+00   4.9126539e-02   7.9261552e-01
   2.4066301e+00   4.3662429e-02   1.5575383e-01
   2.4894300e+00   8.6802854e-02   2.7202362e-02
   2.4306730e+00   2.0047401e-01   9.4449708e-03
   2.2245677e+00   4.3574635e-01   7.5738848e-03
   1.8368215e+00   7.7470437e-01   1.3201171e-02
   1.3312814e+00   9.5763200e-01   4.0908018e-02
   9.9170151e-01   7.2885710e-01   1.5669931e-01
   1.0340912e+00   3.5223992e-01   4.5684561e-01
   1.5029288e+00   1.4336587e-01   6.4367704e-01
   2.0193047e+00   8.8183517e-02   3.6912527e-01
   2.3168676e+00   1.1048558e-01   1.3020306e-01
   2.4088437e+00   2.0675421e-01   5.7542243e-02
   2.2452628e+00   4.1481757e-01   4.7588404e-02
   1.8942500e+00   6.9896627e-01   7.8962025e-02
   1.4549440e+00   7.8989565e-01   2.2076717e-01
   1.2391350e+00   4.5872095e-01   6.9753211e-01
   1.5680337e+00   1.2801110e-01   1.2798904e+00
   2.0697633e+00   3.8431520e-02   6.5536067e-01
   2.3767098e+00   3.8545801e-02   1.0074603e-01
   2.4838506e+00   8.0628373e-02   1.5533345e-02
   2.4289358e+00   1.8896847e-01   5.0097133e-03
   2.2378045e+00   4.1535522e-01   3.7867114e-03
   1.8649107e+00   7.5536346e-01   6.2913214e-03
   1.3571972e+00   9.7322142e-01   1.9008937e-02
   9.8463110e-01   7.9855199e-01   7.3999619e-02
   9.5648484e-01   4.4791723e-01   2.3637017e-01
   1.2935965e+00   2.2226007e-01   4.2349709e-01
   1.8163826e+00   1.4066082e-01   3.7650598e-01
   2.1852293e+00   1.4739796e-01   2.1183855e-01
   2.3328843e+00   2.2779023e-01   1.2489828e-01
   2.2395520e+00   3.9644472e-01   1.1380243e-01
   1.9575158e+00   5.9851505e-01   1.8046550e-01
   1.6360364e+00   5.9766436e-01   4.3204526e-01
   1.6064346e+00   2.9794058e-01   1.0328722e+00
   1.9417436e+00   8.4745343e-02   1.2309382e+00
   2.2876584e+00   3.7668985e-02   4.1726511e-01
   2.4554504e+00   5.4003786e-02   6.2871813e-02
   2.4967560e+00   1.2040116e-01   1.3581264e-02
   2.3685154e+00   2.7848800e-01   6.5407998e-03
   2.0912071e+00   5.6988925e-01   7.2861370e-03
   1.6313766e+00   8.9440211e-01   1.6609165e-02
   1.1506853e+00   9.2086923e-01   5.9421087e-02
   9.4541269e-01   5.8608465e-01   2.1887620e-01
   1.1435205e+00   2.6350441e-01   5.1311993e-01
   1.6696778e+00   1.2247911e-01   5.4083745e-01
   2.1288595e+00   9.8451110e-02   2.6496515e-01
   2.3512612e+00   1.4542216e-01   1.0434445e-01
   2.3580078e+00   2.7816760e-01   6.0695984e-02
   2.1266051e+00   5.2108116e-01   6.7534624e-02
   1.7323128e+00   7.5301788e-01   1.4076408e-01
   1.3639600e+00   6.4889611e-01   4.2399148e-01
   1.3999170e+00   2.5837681e-01   1.1005057e+00
   1.8546120e+00   6.3342702e-02   1.1373806e+00
   2.2674507e+00   3.1712749e-02   2.8817904e-01
   2.4532135e+00   5.2099700e-02   3.6555798e-02
   2.4836489e+00   1.1961267e-01   7.6181845e-03
   2.3610799e+00   2.7736579e-01   3.6449255e-03
   2.0886165e+00   5.6867587e-01   4.0439106e-03
   1.6304035e+00   8.9809278e-01   9.1986975e-03
   1.1448583e+00   9.4177163e-01   3.3045135e-02
   9.2149533e-01   6.3536688e-01   1.2448388e-01
   1.0617925e+00   3.2800310e-01   3.1637175e-01
   1.5374863e+00   1.7709987e-01   4.1508366e-01
   2.0096487e+00   1.4275259e-01   2.9404505e-01
   2.2681741e+00   1.8340990e-01   1.6790277e-01
   2.3181536e+00   3.0233458e-01   1.2318012e-01
   2.1221750e+00   4.9680859e-01   1.4896644e-01
   1.8050584e+00   6.1966052e-01   2.9603122e-01
   1.6020443e+00   4.3935477e-01   7.3375543e-01
   1.8134913e+00   1.5366533e-01   1.2895158e+00
   2.1728358e+00   4.9126538e-02   7.9261550e-01
   2.4066301e+00   4.3662430e-02   1.5575382e-01
   2.4894300e+00   8.6802856e-02   2.7202361e-02
   2.4306730e+00   2.0047402e-01   9.4449705e-03
   2.2245677e+00   4.3574635e-01   7.5738847e-03
   1.8368215e+00   7.7470437e-01   1.3201171e-02
   1.3312814e+00   9.5763200e-01   4.0908018e-02
   9.9170151e-01   7.2885710e-01   1.5669931e-01
   1.0340912e+00   3.5223991e-01   4.5684562e-01
   1.5029288e+00   1.4336587e-01   6.4367704e-01
   2.0193047e+00   8.8183518e-02   3.6912527e-01
   2.3168676e+00   1.1048558e-01   1.3020306e-01
   2.4088437e+00   2.0675421e-01   5.7542243e-02
   2.2452628e+00   4.1481758e-01   4.7588405e-02
   1.8942500e+00   6.9896628e-01   7.8962027e-02
   1.4549440e+00   7.8989565e-01   2.2076718e-01
   1.2391350e+00   4.5872093e-01   6.9753213e-01
   1.5680337e+00   1.2801109e-01   1.2798904e+00
   2.0697633e+00   3.8431519e-02   6.5536064e-01
   2.3767098e+00   3.8545801e-02   1.0074602e-01
   2.4838506e+00   8.0628375e-02   1.5533344e-02
   2.4289358e+00   1.8896847e-01   5.0097132e-03
   2.2378045e+00   4.1535523e-01   3.7867113e-03
   1.8649107e+00   7.5536347e-01   6.2913214e-03
   1.3571971e+00   9.7322142e-01   1.9008937e-02
   9.8463109e-01   7.9855198e-01   7.3999620e-02
   9.5648484e-01   4.4791722e-01   2.3637017e-01
   1.2935965e+00   2.2226007e-01   4.2349708e-01
   1.8163826e+00   1.4066082e-01   3.7650597e-01
   2.1852293e+00   1.4739796e-01   2.1183855e-01
   2.3328843e+00   2.2779024e-01   1.2489828e-01
   2.2395520e+00   3.9644473e-01   1.1380244e-01
   1.9575158e+00   5.9851505e-01   1.8046550e-01
   1.6360364e+00   5.9766435e-01   4.3204528e-01
   1.6064347e+00   2.9794056e-01   1.0328722e+00
   1.9417437e+00   8.4745340e-02   1.2309382e+00
   2.2876584e+00   3.7668985e-02   4.1726509e-01
   2.4554504e+00   5.4003788e-02   6.2871810e-02
   2.4967560e+00   1.2040117e-01   1.3581263e-02
   2.3685154e+00   2.7848801e-01   6.5408000e-03
   2.0912071e+00   5.6988927e-01   7.2861375e-03
   1.6313765e+00   8.9440212e-01   1.6609166e-02
   1.1506853e+00   9.2086922e-01   5.9421093e-02
   9.4541270e-01   5.8608463e-01   2.1887622e-01
   1.1435205e+00   2.6350439e-01   5.1311996e-01
   1.6696778e+00   1.2247910e-01   5.4083745e-01
   2.1288595e+00   9.8451108e-02   2.6496513e-01
   2.3512612e+00   1.4542216e-01   1.0434444e-01
   2.3580078e+00   2.7816760e-01   6.0695980e-02
   2.1266051e+00   5.2108117e-01   6.7534621e-02
   1.7323128e+00   7.5301789e-01   1.4076408e-01
   1.3639600e+00   6.4889611e-01   4.2399148e-01
   1.3999170e+00   2.5837681e-01   1.1005057e+00
   1.8546119e+00   6.3342701e-02   1.1373806e+00
   2.2674507e+00   3.1712749e-02   2.8817904e-01
   2.4532135e+00   5.2099700e-02   3.6555798e-02
   2.4836489e+00   1.1961267e-01   7.6181844e-03
   2.3610799e+00   2.7736580e-01   3.6449255e-03
   2.0886165e+00   5.6867588e-01   4.0439106e-03
   1.6304035e+00   8.9809278e-01   9.1986977e-03
   1.1448583e+00   9.4177163e-01   3.3045136e-02
   9.2149533e-01   6.3536688e-01   1.2448389e-01
   1.0617925e+00   3.2800310e-01   3.1637175e-01
   1.5374863e+00   1.7709987e-01   4.1508366e-01
   2.0096487e+00   1.4275259e-01   2.9404504e-01
   2.2681741e+00   1.8340990e-01   1.6790277e-01
   2.3181536e+00   3.0233458e-01   1.2318012e-01
   2.1221750e+00   4.9680859e-01   1.4896644e-01
   1.8050584e+00   6.1966052e-01   2.9603122e-01
   1.6020443e+00   4.3935477e-01   7.3375544e-01
   1.8134913e+00   1.5366533e-01   1.2895158e+00
   2.1728358e+00   4.9126538e-02   7.9261549e-01
   2.4066301e+00   4.3662430e-02   1.5575382e-01
   2.4894300e+00   8.6802856e-02   2.7202361e-02
   2.4306730e+00   2.0047402e-01   9.4449704e-03
   2.2245677e+00   4.3574635e-01   7.5738847e-03
   1.8368215e+00   7.7470437e-01   1.3201171e-02
   1.3312814e+00   9.5763200e-01   4.0908018e-02
   9.9170150e-01   7.2885710e-01   1.5669931e-01
   1.0340912e+00   3.5223991e-01   4.5684561e-01
   1.5029288e+00   1.4336587e-01   6.4367704e-01
   2.0193047e+00   8.8183518e-02   3.6912526e-01
   2.3168676e+00   1.1048558e-01   1.3020306e-01
   2.4088437e+00   2.0675421e-01   5.7542244e-02
   2.2452628e+00   4.1481758e-01   4.7588405e-02
   1.8942500e+00   6.9896628e-01   7.8962029e-02
   1.4549440e+00   7.8989565e-01   2.2076718e-01
   1.2391350e+00   4.5872093e-01   6.9753214e-01
   1.5680337e+00   1.2801109e-01   1.2798904e+00
   2.0697633e+00   3.8431518e-02   6.5536063e-01
   2.3767098e+00   3.8545801e-02   1.0074602e-01
   2.4838506e+00   8.0628375e-02   1.5533344e-02
   2.4289358e+00   1.8896847e-01   5.0097130e-03
   2.2378045e+00   4.1535523e-01   3.7867113e-03
   1.8649107e+00   7.5536347e-01   6.2913214e-03
   1.3571971e+00   9.7322142e-01   1.9008937e-02
   9.8463109e-01   7.9855198e-01   7.3999620e-02
   9.5648484e-01   4.4791722e-01   2.3637017e-01
   1.2935965e+00   2.2226007e-01   4.2349708e-01
   1.8163826e+00   1.4066082e-01   3.7650597e-01
   2.1852293e+00   1.4739796e-01   2.1183855e-01
   2.3328843e+00   2.2779024e-01   1.2489828e-01
   2.2395520e+00   3.9644473e-01   1.1380244e-01
   1.9575158e+00   5.9851505e-01   1.8046551e-01
   1.6360364e+00   5.9766434e-01   4.3204529e-01
   1.6064347e+00   2.9794056e-01   1.0328723e+00
   1.9417437e+00   8.4745339e-02   1.2309381e+00
   2.2876584e+00   3.7668985e-02   4.1726508e-01
   2.4554504e+00   5.4003789e-02   6.2871809e-02
   2.4967560e+00   1.2040117e-01   1.3581263e-02
   2.3685154e+00   2.7848801e-01   6.5408001e-03
   2.0912071e+00   5.6988927e-01   7.2861378e-03
   1.6313765e+00   8.9440213e-01   1.6609167e-02
   1.1506853e+00   9.2086921e-01   5.9421097e-02
   9.4541270e-01   5.8608461e-01   2.1887624e-01
   1.1435205e+00   2.6350438e-01   5.1311997e-01
   1.6696779e+00   1.2247909e-01   5.4083745e-01
   2.1288595e+00   9.8451106e-02   2.6496512e-01
   2.3512612e+00   1.4542217e-01   1.0434444e-01
   2.3580078e+00   2.7816761e-01   6.0695977e-02
   2.1266051e+00   5.2108118e-01   6.7534618e-02
   1.7323128e+00   7.5301790e-01   1.4076408e-01
   1.3639599e+00   6.4889611e-01   4.2399147e-01
   1.3999170e+00   2.5837681e-01   1.1005057e+00
   1.8546119e+00   6.3342701e-02   1.1373806e+00
   2.2674507e+00   3.1712749e-02   2.8817903e-01
   2.4532135e+00   5.2099701e-02   3.6555797e-02
   2.4836489e+00   1.1961267e-01   7.6181844e-03
   2.3610799e+00   2.7736580e-01   3.6449255e-03
   2.0886165e+00   5.6867588e-01   4.0439107e-03
   1.6304035e+00   8.9809278e-01   9.1986978e-03
   1.1448583e+00   9.4177163e-01   3.3045136e-02
   9.2149533e-01   6.3536688e-01   1.2448389e-01
   1.0617925e+00   3.2800310e-01   3.1637175e-01
   1.5374863e+00   1.7709987e-01   4.1508366e-01
   2.0096487e+00   1.4275259e-01   2.9404504e-01
   2.2681741e+00   1.8340990e-01   1.6790277e-01
   2.3181536e+00   3.0233458e-01   1.2318012e-01
   2.1221750e+00   4.9680859e-01   1.4896644e-01
   1.8050584e+00   6.1966052e-01   2.9603122e-01
   1.6020443e+00   4.3935477e-01   7.3375544e-01
   1.8134913e+00   1.5366533e-01   1.2895158e+00
   2.1728358e+00   4.9126537e-02   7.9261549e-01
   2.4066301e+00   4.3662430e-02   1.5575382e-01
   2.4894300e+00   8.6802856e-02   2.7202360e-02
   2.4306730e+00   2.0047402e-01   9.4449704e-03
   2.2245677e+00   4.3574635e-01   7.5738846e-03
   1.8368215e+00   7.7470438e-01   1.3201171e-02
   1.3312814e+00   9.5763200e-01   4.0908018e-02
   9.9170150e-01   7.2885710e-01   1.5669931e-01
   1.0340912e+00   3.5223991e-01   4.5684561e-01
   1.5029288e+00   1.4336587e-01   6.4367703e-01
   2.0193047e+00   8.8183518e-02   3.6912526e-01
   2.3168676e+00   1.1048558e-01   1.3020306e-01
   2.4088437e+00   2.0675421e-01   5.7542244e-02
   2.2452628e+00   4.1481758e-01   4.7588406e-02
   1.8942500e+00   6.9896628e-01   7.8962029e-02
   1.4549440e+00   7.8989564e-01   2.2076718e-01
   1.2391350e+00   4.5872092e-01   6.9753214e-01
   1.5680337e+00   1.2801109e-01   1.2798904e+00
   2.0697633e+00   3.8431518e-02   6.5536063e-01
   2.3767098e+00   3.8545801e-02   1.0074602e-01
   2.4838506e+00   8.0628376e-02   1.5533343e-02
   2.4289358e+00   1.8896847e-01   5.0097130e-03
   2.2378045e+00   4.1535523e-01   3.7867113e-03
   1.8649107e+00   7.5536347e-01   6.2913213e-03
   1.3571971e+00   9.7322142e-01   1.9008937e-02
   9.8463109e-01   7.9855198e-01   7.3999620e-02
   9.5648484e-01   4.4791722e-01   2.3637017e-01
   1.2935965e+00   2.2226007e-01   4.2349708e-01
   1.8163826e+00   1.4066082e-01   3.7650597e-01
   2.1852293e+00   1.4739796e-01   2.1183855e-01
   2.3328843e+00   2.2779024e-01   1.2489828e-01
   2.2395520e+00   3.9644473e-01   1.1380244e-01
   1.9575158e+00   5.9851505e-01   1.8046551e-01
   1.6360364e+00   5.9766434e-01   4.3204529e-01
   1.6064347e+00   2.9794055e-01   1.0328723e+00
   1.9417437e+00   8.4745338e-02   1.2309381e+00
   2.2876584e+00   3.7668985e-02   4.1726508e-01
   2.4554504e+00   5.4003789e-02   6.2871808e-02
   2.4967560e+00   1.2040117e-01   1.3581263e-02
   2.3685154e+00   2.7848802e-01   6.5408002e-03
   2.0912071e+00   5.6988928e-01   7.2861379e-03
   1.6313765e+00   8.9440213e-01   1.6609167e-02
   1.1506853e+00   9.2086921e-01   5.9421099e-02
   9.4541270e-01   5.8608461e-01   2.1887624e-01
   1.1435205e+00   2.6350438e-01   5.1311998e-01
   1.6696779e+00   1.2247909e-01   5.4083745e-01
   2.1288595e+00   9.8451106e-02   2.6496512e-01
   2.3512612e+00   1.4542217e-01   1.0434444e-01
   2.3580078e+00   2.7816761e-01   6.0695975e-02
   2.1266051e+00   5.2108119e-01   6.7534617e-02
   1.7323128e+00   7.5301790e-01   1.4076407e-01
   1.3639599e+00   6.4889612e-01   4.2399147e-01
   1.3999170e+00   2.5837681e-01   1.1005057e+00
   1.8546119e+00   6.3342701e-02   1.1373806e+00
   2.2674507e+00   3.1712749e-02   2.8817903e-01
   2.4532135e+00   5.2099701e-02   3.6555797e-02
   2.4836489e+00   1.1961267e-01   7.6181844e-03
   2.3610799e+00   2.7736580e-01   3.6449255e-03
   2.0886165e+00   5.6867588e-01   4.0439107e-03
   1.6304035e+00   8.9809278e-01   9.1986978e-03
   1.1448583e+00   9.4177163e-01   3.3045136e-02
   9.2149533e-01   6.3536688e-01   1.2448389e-01
   1.0617925e+00   3.2800310e-01   3.1637175e-01
   1.5374863e+00   1.7709987e-01   4.1508366e-01
   2.0096487e+00   1.4275259e-01   2.9404504e-01
   2.2681741e+00   1.8340990e-01   1.6790277e-01
   2.3181536e+00   3.0233458e-01   1.2318012e-01
   2.1221750e+00   4.9680859e-01   1.4896644e-01
   1.8050584e+00   6.1966052e-01   2.9603122e-01
   1.6020443e+00   4.3935477e-01   7.3375544e-01
   1.8134913e+00   1.5366533e-01   1.2895158e+00
   2.1728358e+00   4.9126537e-02   7.9261549e-01
   2.4066301e+00   4.3662430e-02   1.5575382e-01
   2.4894300e+00   8.6802856e-02   2.7202360e-02
   2.4306730e+00   2.0047402e-01   9.4449703e-03
   2.2245677e+00   4.3574635e-01   7.5738846e-03
   1.8368215e+00   7.7470438e-01   1.3201170e-02
   1.3312814e+00   9.5763200e-01   4.0908018e-02
   9.9170150e-01   7.2885710e-01   1.5669931e-01
   1.0340912e+00   3.5223991e-01   4.5684561e-01
   1.5029288e+00   1.4336587e-01   6.4367703e-01
   2.0193047e+00   8.8183519e-02   3.6912526e-01
   2.3168676e+00   1.1048558e-01   1.3020306e-01
   2.4088437e+00   2.0675421e-01   5.7542244e-02
   2.2452628e+00   4.1481758e-01   4.7588406e-02
   1.8942500e+00   6.9896628e-01   7.8962030e-02
   1.4549440e+00   7.8989564e-01   2.2076718e-01
   1.2391350e+00   4.5872092e-01   6.9753215e-01
   1.5680337e+00   1.2801109e-01   1.2798904e+00
   2.0697633e+00   3.8431518e-02   6.5536063e-01
   2.3767098e+00   3.8545801e-02   1.0074602e-01
   2.4838506e+00   8.0628376e-02   1.5533343e-02
   2.4289358e+00   1.8896847e-01   5.0097130e-03
   2.2378045e+00   4.1535523e-01   3.7867113e-03
   1.8649107e+00   7.5536347e-01   6.2913213e-03
   1.3571971e+00   9.7322142e-01   1.9008937e-02
   9.8463109e-01   7.9855198e-01   7.3999620e-02
   9.5648484e-01   4.4791722e-01   2.3637017e-01
   1.2935965e+00   2.2226007e-01   4.2349708e-01
   1.8163826e+00   1.4066082e-01   3.7650597e-01
   2.1852293e+00   1.4739796e-01   2.1183855e-01
   2.3328843e+00   2.2779024e-01   1.2489828e-01
   2.2395520e+00   3.9644473e-01   1.1380244e-01
   1.9575158e+00   5.9851505e-01   1.8046551e-01
   1.6360364e+00   5.9766434e-01   4.3204529e-01
   1.6064347e+00   2.9794055e-01   1.0328723e+00
   1.9417437e+00   8.4745338e-02   1.2309381e+00
   2.2876584e+00   3.7668985e-02   4.1726508e-01
   2.4554504e+00   5.4003789e-02   6.2871808e-02
   2.4967560e+00   1.2040117e-01   1.3581263e-02
   2.3685154e+00   2.7848802e-01   6.5408002e-03
   2.0912071e+00   5.6988928e-01   7.2861379e-03
   1.6313765e+00   8.9440213e-01   1.6609168e-02
   1.1506853e+00   9.2086921e-01   5.9421099e-02
   9.4541270e-01   5.8608461e-01   2.1887624e-01
   1.1435205e+00   2.6350438e-01   5.1311998e-01
   1.6696779e+00   1.2247909e-01   5.4083745e-01
   2.1288595e+00   9.8451106e-02   2.6496512e-01
   2.3512612e+00   1.4542217e-01   1.0434444e-01
   2.3580078e+00   2.7816761e-01   6.0695975e-02
   2.1266051e+00   5.2108119e-01   6.7534617e-02
   1.7323128e+00   7.5301791e-01   1.4076407e-01
   1.3639599e+00   6.4889612e-01   4.2399147e-01
   1.3999170e+00   2.5837681e-01   1.1005057e+00
   1.8546119e+00   6.3342701e-02   1.1373806e+00
   2.2674507e+00   3.1712749e-02   2.8817903e-01
   2.4532135e+00   5.2099701e-02   3.6555797e-02
   2.4836489e+00   1.1961267e-01   7.6181844e-03
   2.3610799e+00   2.7736580e-01   3.6449255e-03
   2.0886165e+00   5.6867588e-01   4.0439107e-03
   1.6304035e+00   8.9809278e-01   9.1986978e-03
   1.1448583e+00   9.4177163e-01   3.3045136e-02
   9.2149533e-01   6.3536688e-01   1.2448389e-01
   1.0617925e+00   3.2800310e-01   3.1637175e-01
   1.5374863e+00   1.7709987e-01   4.1508366e-01
   2.0096487e+00   1.4275259e-01   2.9404504e-01
   2.2681741e+00   1.8340990e-01   1.6790277e-01
   2.3181536e+00   3.0233458e-01   1.2318012e-01
   2.1221750e+00   4.9680859e-01   1.4896643e-01
   1.8050584e+00   6.1966052e-01   2.9603122e-01
   1.6020443e+00   4.3935477e-01   7.3375544e-01
   1.8134913e+00   1.5366533e-01   1.2895158e+00
   2.1728358e+00   4.9126537e-02   7.9261549e-01
   2.4066301e+00   4.3662430e-02   1.5575382e-01
   2.4894300e+00   8.6802856e-02   2.7202360e-02
   2.4306730e+00   2.0047402e-01   9.4449703e-03
   2.2245677e+00   4.3574635e-01   7.5738846e-03
   1.8368215e+00   7.7470438e-01   1.3201170e-02
   1.3312814e+00   9.5763200e-01   4.0908018e-02
   9.9170150e-01   7.2885710e-01   1.5669931e-01
   1.0340912e+00   3.5223991e-01   4.5684561e-01
   1.5029288e+00   1.4336587e-01   6.4367703e-01
   2.0193047e+00   8.8183519e-02   3.6912526e-01
   2.3168676e+00   1.1048558e-01   1.3020306e-01
   2.4088437e+00   2.0675421e-01   5.7542244e-02
   2.2452628e+00   4.1481758e-01   4.7588406e-02
   1.8942500e+00   6.9896628e-01   7.8962030e-02
   1.4549440e+00   7.8989564e-01   2.2076718e-01
   1.2391350e+00   4.5872092e-01   6.9753215e-01
   1.5680337e+00   1.2801109e-01   1.2798904e+00
   2.0697633e+00   3.8431518e-02   6.5536063e-01
   2.3767098e+00   3.8545801e-02   1.0074602e-01
   2.4838506e+00   8.0628376e-02   1.5533343e-02
   2.4289358e+00   1.8896847e-01   5.0097130e-03
   2.2378045e+00   4.1535523e-01   3.7867113e-03
   1.8649107e+00   7.5536347e-01   6.2913213e-03
   1.3571971e+00   9.7322142e-01   1.9008937e-02
   9.8463109e-01   7.9855198e-01   7.3999620e-02
   9.5648484e-01   4.4791722e-01   2.3637017e-01
   1.2935965e+00   2.2226007e-01   4.2349708e-01
   1.8163826e+00   1.4066082e-01   3.7650597e-01
   2.1852293e+00   1.4739796e-01   2.1183855e-01
   2.3328843e+00   2.2779024e-01   1.2489828e-01
   2.2395520e+00   3.9644473e-01   1.1380244e-01
   1.9575158e+00   5.9851505e-01   1.8046551e-01
   1.6360364e+00   5.9766434e-01   4.3204529e-01
   1.6064347e+00   2.9794055e-01   1.0328723e+00
   1.9417437e+00   8.4745338e-02   1.2309381e+00
   2.2876584e+00   3.7668985e-02   4.1726508e-01
   2.4554504e+00   5.4003789e-02   6.2871808e-02
   2.4967560e+00   1.2040117e-01   1.3581263e-02
   2.3685154e+00   2.7848802e-01   6.5408002e-03
   2.0912071e+00   5.6988928e-01   7.2861380e-03
   1.6313765e+00   8.9440213e-01   1.6609168e-02
   1.1506853e+00   9.2086921e-01   5.9421099e-02
   9.4541270e-01   5.8608461e-01   2.1887624e-01
   1.1435205e+00   2.6350438e-01   5.1311999e-01
   1.6696779e+00   1.2247909e-01   5.4083745e-01
   2.1288595e+00   9.8451106e-02   2.6496512e-01
   2.3512612e+00   1.4542217e-01   1.0434444e-01
   2.3580078e+00   2.7816761e-01   6.0695975e-02
   2.1266051e+00   5.2108119e-01   6.7534617e-02
   1.7323128e+00   7.5301791e-01   1.4076407e-01
   1.3639599e+00   6.4889612e-01   4.2399147e-01
   1.3999170e+00   2.5837681e-01   1.1005057e+00
   1.8546119e+00   6.3342701e-02   1.1373806e+00
   2.2674507e+00   3.1712749e-02   2.8817903e-01
   2.4532135e+00   5.2099701e-02   3.6555797e-02
   2.4836489e+00   1.1961267e-01   7.6181844e-03
   2.3610799e+00   2.7736580e-01   3.6449255e-03
   2.0886165e+00   5.6867588e-01   4.0439107e-03
   1.6304035e+00   8.9809278e-01   9.1986978e-03
   1.1448583e+00   9.4177163e-01   3.3045136e-02
   9.2149533e-01   6.3536688e-01   1.2448389e-01
   1.0617925e+00   3.2800310e-01   3.1637175e-01
   1.5374863e+00   1.7709987e-01   4.1508366e-01
   2.0096487e+00   1.4275259e-01   2.9404504e-01
   2.2681741e+00   1.8340990e-01   1.6790277e-01
   2.3181536e+00   3.0233458e-01   1.2318012e-01
   2.1221750e+00   4.9680859e-01   1.4896643e-01
   1.8050584e+00   6.1966052e-01   2.9603122e-01
   1.6020443e+00   4.3935477e-01   7.3375544e-01
   1.8134913e+00   1.5366533e-01   1.2895158e+00
   2.1728358e+00   4.9126537e-02   7.9261549e-01
   2.4066301e+00   4.3662430e-02   1.5575382e-01
   2.4894300e+00   8.6802856e-02   2.7202360e-02
   2.4306730e+00   2.0047402e-01   9.4449703e-03
   2.2245677e+00   4.3574635e-01   7.5738846e-03
   1.8368215e+00   7.7470438e-01   1.3201170e-02
   1.3312814e+00   9.5763200e-01   4.0908018e-02
   9.9170150e-01   7.2885710e-01   1.5669931e-01
   1.0340912e+00   3.5223991e-01   4.5684561e-01
   1.5029288e+00   1.4336587e-01   6.4367703e-01
   2.0193047e+00   8.8183519e-02   3.6912526e-01
   2.3168676e+00   1.1048558e-01   1.3020306e-01
   2.4088437e+00   2.0675421e-01   5.7542244e-02
   2.2452628e+00   4.1481758e-01   4.7588406e-02
   1.8942500e+00   6.9896628e-01   7.8962030e-02
   1.4549440e+00   7.8989564e-01   2.2076718e-01
   1.2391350e+00   4.5872092e-01   6.9753215e-01
   1.5680337e+00   1.2801109e-01   1.2798904e+00
   2.0697633e+00   3.8431518e-02   6.5536063e-01
   2.3767098e+00   3.8545801e-02   1.0074602e-01
   2.4838506e+00   8.0628376e-02   1.5533343e-02
   2.4289358e+00   1.8896847e-01   5.0097130e-03
   2.2378045e+00   4.1535523e-01   3.7867113e-03
   1.8649107e+00   7.5536347e-01   6.2913213e-03
   1.3571971e+00   9.7322142e-01   1.9008937e-02
   9.8463109e-01   7.9855198e-01   7.3999620e-02
   9.5648484e-01   4.4791722e-01   2.3637017e-01
   1.2935965e+00   2.2226007e-01   4.2349708e-01
   1.8163826e+00   1.4066082e-01   3.7650597e-01
   2.1852293e+00   1.4739796e-01   2.1183855e-01
   2.3328843e+00   2.2779024e-01   1.2489828e-01
   2.2395520e+00   3.9644473e-01   1.1380244e-01
   1.9575158e+00   5.9851505e-01   1.8046551e-01
   1.6360364e+00   5.9766434e-01   4.3204529e-01
   1.6064347e+00   2.9794055e-01   1.0328723e+00
   1.9417437e+00   8.4745338e-02   1.2309381e+00
   2.2876584e+00   3.7668985e-02   4.1726508e-01
   2.4554504e+00   5.4003789e-02   6.2871808e-02
   2.4967560e+00   1.2040117e-01   1.3581263e-02
   2.3685154e+00   2.7848802e-01   6.5408002e-03
   2.0912071e+00   5.6988928e-01   7.2861379e-03
   1.6313765e+00   8.9440213e-01   1.6609168e-02
   1.1506853e+00   9.2086921e-01   5.9421099e-02
   9.4541270e-01   5.8608461e-01   2.1887624e-01
   1.1435205e+00   2.6350438e-01   5.1311999e-01
   1.6696779e+00   1.2247909e-01   5.4083745e-01
   2.1288595e+00   9.8451106e-02   2.6496512e-01
   2.3512612e+00   1.4542217e-01   1.0434444e-01
   2.3580078e+00   2.7816761e-01   6.0695975e-02
   2.1266051e+00   5.2108119e-01   6.7534617e-02
   1.7323128e+00   7.5301791e-01   1.4076407e-01
   1.3639599e+00   6.4889612e-01   4.2399147e-01
   1.3999170e+00   2.5837681e-01   1.1005057e+00
   1.8546119e+00   6.3342701e-02   1.1373806e+00
   2.2674507e+00   3.1712749e-02   2.8817903e-01
   2.4532135e+00   5.2099701e-02   3.6555797e-02
   2.4836489e+00   1.1961267e-01   7.6181844e-03
   2.3610799e+00   2.7736580e-01   3.6449255e-03
   2.0886165e+00   5.6867588e-01   4.0439107e-03
   1.6304035e+00   8.9809278e-01   9.1986978e-03
   1.1448583e+00   9.4177163e-01   3.3045136e-02
   9.2149533e-01   6.3536688e-01   1.2448389e-01
   1.0617925e+00   3.2800310e-01   3.1637175e-01
   1.5374863e+00   1.7709987e-01   4.1508366e-01
   2.0096487e+00   1.4275259e-01   2.9404504e-01
   2.2681741e+00   1.8340990e-01   1.6790277e-01
   2.3181536e+00   3.0233458e-01   1.2318012e-01
   2.1221750e+00   4.9680859e-01   1.4896643e-01
   1.8050584e+00   6.1966052e-01   2.9603122e-01
   1.6020443e+00   4.3935477e-01   7.3375544e-01
   1.8134913e+00   1.5366533e-01   1.2895158e+00
   2.1728358e+00   4.9126537e-02   7.9261549e-01
   2.4066301e+00   4.3662430e-02   1.5575382e-01
   2.4894300e+00   8.6802856e-02   2.7202360e-02
   2.4306730e+00   2.0047402e-01   9.4449703e-03
   2.2245677e+00   4.3574635e-01   7.5738846e-03
   1.8368215e+00   7.7470438e-01   1.3201170e-02
   1.3312814e+00   9.5763200e-01   4.0908018e-02
   9.9170150e-01   7.2885710e-01   1.5669931e-01
   1.0340912e+00   3.5223991e-01   4.5684561e-01
   1.5029288e+00   1.4336587e-01   6.4367703e-01
   2.0193047e+00   8.8183519e-02   3.6912526e-01
   2.3168676e+00   1.1048558e-01   1.3020306e-01
   2.4088437e+00   2.0675421e-01   5.7542244e-02
   2.2452628e+00   4.1481758e-01   4.7588406e-02
   1.8942500e+00   6.9896628e-01   7.8962030e-02
   1.4549440e+00   7.8989564e-01   2.2076718e-01
   1.2391350e+00   4.5872092e-01   6.9753215e-01
   1.5680337e+00   1.2801109e-01   1.2798904e+00
   2.0697633e+00   3.8431518e-02   6.5536063e-01
   2.3767098e+00   3.8545801e-02   1.0074602e-01
   2.4838506e+00   8.0628376e-02   1.5533343e-02
   2.4289358e+00   1.8896847e-01   5.0097130e-03
   2.2378045e+00   4.1535523e-01   3.7867113e-03
   1.8649107e+00   7.5536347e-01   6.2913213e-03
   1.3571971e+00   9.7322142e-01   1.9008937e-02
   9.8463109e-01   7.9855198e-01   7.3999620e-02
   9.5648484e-01   4.4791722e-01   2.3637017e-01
   1.2935965e+00   2.2226007e-01   4.2349708e-01
   1.8163826e+00   1.4066082e-01   3.7650597e-01
   2.1852293e+00   1.4739796e-01   2.1183855e-01
   2.3328843e+00   2.2779024e-01   1.2489828e-01
   2.2395520e+00   3.9644473e-01   1.1380244e-01
   1.9575158e+00   5.9851505e-01   1.8046551e-01
   1.6360364e+00   5.9766434e-01   4.3204529e-01
   1.6064347e+00   2.9794055e-01   1.0328723e+00
   1.9417437e+00   8.4745338e-02   1.2309381e+00
   2.2876584e+00   3.7668985e-02   4.1726508e-01
   2.4554504e+00   5.4003789e-02   6.2871808e-02
   2.4967560e+00   1.2040117e-01   1.3581263e-02
   2.3685154e+00   2.7848802e-01   6.5408002e-03
   2.0912071e+00   5.6988928e-01   7.2861379e-03
   1.6313765e+00   8.9440213e-01   1.6609168e-02
   1.1506853e+00   9.2086921e-01   5.9421099e-02
   9.4541270e-01   5.8608461e-01   2.1887624e-01
   1.1435205e+00   2.6350438e-01   5.1311998e-01
   1.6696779e+00   1.2247909e-01   5.4083745e-01
   2.1288595e+00   9.8451106e-02   2.6496512e-01
   2.3512612e+00   1.4542217e-01   1.0434444e-01
   2.3580078e+00   2.7816761e-01   6.0695975e-02
   2.1266051e+00   5.2108119e-01   6.7534617e-02
   1.7323128e+00   7.5301791e-01   1.4076407e-01
   1.3639599e+00   6.4889612e-01   4.2399147e-01
   1.3999170e+00   2.5837681e-01   1.1005057e+00
   1.8546119e+00   6.3342701e-02   1.1373806e+00
   2.2674507e+00   3.1712749e-02   2.8817903e-01
   2.4532135e+00   5.2099701e-02   3.6555797e-02
   2.4836489e+00   1.1961267e-01   7.6181844e-03
   2.3610799e+00   2.7736580e-01   3.6449255e-03
   2.0886165e+00   5.6867588e-01   4.0439107e-03
   1.6304035e+00   8.9809278e-01   9.1986978e-03
   1.1448583e+00   9.4177163e-01   3.3045136e-02
   9.2149533e-01   6.3536688e-01   1.2448389e-01
   1.0617925e+00   3.2800310e-01   3.1637175e-01
   1.5374863e+00   1.7709987e-01   4.1508366e-01
   2.0096487e+00   1.4275259e-01   2.9404504e-01
   2.2681741e+00   1.8340990e-01   1.6790277e-01
   2.3181536e+00   3.0233458e-01   1.2318012e-01
   2.1221750e+00   4.9680859e-01   1.4896643e-01
   1.8050584e+00   6.1966052e-01   2.9603122e-01
   1.6020443e+00   4.3935477e-01   7.3375544e-01
   1.8134913e+00   1.5366533e-01   1.2895158e+00
   2.1728358e+00   4.9126537e-02   7.9261549e-01
   2.4066301e+00   4.3662430e-02   1.5575382e-01
   2.4894300e+00   8.6802856e-02   2.7202360e-02
   2.4306730e+00   2.0047402e-01   9.4449703e-03
   2.2245677e+00   4.3574635e-01   7.5738846e-03
   1.8368215e+00   7.7470438e-01   1.3201170e-02
   1.3312814e+00   9.5763200e-01   4.0908018e-02
   9.9170150e-01   7.2885710e-01   1.5669931e-01
   1.0340912e+00   3.5223991e-01   4.5684561e-01
   1.5029288e+00   1.4336587e-01   6.4367703e-01
   2.0193047e+00   8.8183519e-02   3.6912526e-01
   2.3168676e+00   1.1048558e-01   1.3020306e-01
   2.4088437e+00   2.0675421e-01   5.7542244e-02
   2.2452628e+00   4.1481758e-01   4.7588406e-02
   1.8942500e+00   6.9896628e-01   7.8962030e-02
   1.4549440e+00   7.8989564e-01   2.2076718e-01
   1.2391350e+00   4.5872092e-01   6.9753215e-01
   1.5680337e+00   1.2801109e-01   1.2798904e+00
   2.0697633e+00   3.8431518e-02   6.5536063e-01
   2.3767098e+00   3.8545801e-02   1.0074602e-01
   2.4838506e+00   8.0628376e-02   1.5533343e-02
   2.4289358e+00   1.8896847e-01   5.0097130e-03
   2.2378045e+00   4.1535523e-01   3.7867113e-03
   1.8649107e+00   7.5536347e-01   6.2913213e-03
   1.3571971e+00   9.7322142e-01   1.9008937e-02
   9.8463109e-01   7.9855198e-01   7.3999620e-02
   9.5648484e-01   4.4791722e-01   2.3637017e-01
   1.2935965e+00   2.2226007e-01   4.2349708e-01
   1.8163826e+00   1.4066082e-01   3.7650597e-01
   2.1852293e+00   1.4739796e-01   2.1183855e-01
   2.3328843e+00   2.2779024e-01   1.2489828e-01
   2.2395520e+00   3.9644473e-01   1.1380244e-01
   1.9575158e+00   5.9851505e-01   1.8046551e-01
   1.6360364e+00   5.9766434e-01   4.3204529e-01
   1.6064347e+00   2.9794055e-01   1.0328723e+00
   1.9417437e+00   8.4745338e-02   1.2309381e+00
   2.2876584e+00   3.7668985e-02   4.1726508e-01
   2.4554504e+00   5.4003789e-02   6.2871808e-02
   2.4967560e+00   1.2040117e-01   1.3581263e-02
   2.3685154e+00   2.7848802e-01   6.5408002e-03
   2.0912071e+00   5.6988928e-01   7.2861379e-03
   1.6313765e+00   8.9440213e-01   1.6609168e-02
   1.1506853e+00   9.2086921e-01   5.9421099e-02
   9.4541270e-01   5.8608461e-01   2.1887624e-01
   1.1435205e+00   2.6350438e-01   5.1311998e-01
   1.6696779e+00   1.2247909e-01   5.4083745e-01
   2.1288595e+00   9.8451106e-02   2.6496512e-01
   2.3512612e+00   1.4542217e-01   1.0434444e-01
   2.3580078e+00   2.7816761e-01   6.0695975e-02
   2.1266051e+00   5.2108119e-01   6.7534617e-02
   1.7323128e+00   7.5301791e-01   1.4076407e-01
   1.3639599e+00   6.4889612e-01   4.2399147e-01
   1.3999170e+00   2.5837681e-01   1.1005057e+00
   1.8546119e+00   6.3342701e-02   1.1373806e+00
   2.2674507e+00   3.1712749e-02   2.8817903e-01
   2.4532135e+00   5.2099701e-02   3.6555797e-02
   2.4836489e+00   1.1961267e-01   7.6181844e-03
   2.3610799e+00   2.7736580e-01   3.6449255e-03
   2.0886165e+00   5.6867588e-01   4.0439107e-03
   1.6304035e+00   8.9809278e-01   9.1986978e-03
   1.1448583e+00   9.4177163e-01   3.3045136e-02
   9.2149533e-01   6.3536688e-01   1.2448389e-01
   1.0617925e+00   3.2800310e-01   3.1637175e-01
   1.5374863e+00   1.7709987e-01   4.1508366e-01
   2.0096487e+00   1.4275259e-01   2.9404504e-01
   2.2681741e+00   1.8340990e-01   1.6790277e-01
   2.3181536e+00   3.0233458e-01   1.2318012e-01
   2.1221750e+00   4.9680859e-01   1.4896643e-01
   1.8050584e+00   6.1966052e-01   2.9603122e-01
   1.6020443e+00   4.3935477e-01   7.3375544e-01
   1.8134913e+00   1.5366533e-01   1.2895158e+00
   2.1728358e+00   4.9126537e-02   7.9261549e-01
   2.4066301e+00   4.3662430e-02   1.5575382e-01
   2.4894300e+00   8.6802856e-02   2.7202360e-02
   2.4306730e+00   2.0047402e-01   9.4449703e-03
   2.2245677e+00   4.3574635e-01   7.5738846e-03
   1.8368215e+00   7.7470438e-01   1.3201170e-02
   1.3312814e+00   9.5763200e-01   4.0908018e-02
   9.9170150e-01   7.2885710e-01   1.5669931e-01
   1.0340912e+00   3.5223991e-01   4.5684561e-01
   1.5029288e+00   1.4336587e-01   6.4367703e-01
   2.0193047e+00   8.8183519e-02   3.6912526e-01
   2.3168676e+00   1.1048558e-01   1.3020306e-01
   2.4088437e+00   2.0675421e-01   5.7542244e-02
   2.2452628e+00   4.1481758e-01   4.7588406e-02
   1.8942500e+00   6.9896628e-01   7.8962030e-02
   1.4549440e+00   7.8989564e-01   2.2076718e-01
   1.2391350e+00   4.5872092e-01   6.9753215e-01
   1.5680337e+00   1.2801109e-01   1.2798904e+00
   2.0697633e+00   3.8431518e-02   6.5536063e-01
   2.3767098e+00   3.8545801e-02   1.0074602e-01
   2.4838506e+00   8.0628376e-02   1.5533343e-02
   2.4289358e+00   1.8896847e-01   5.0097130e-03
   2.2378045e+00   4.1535523e-01   3.7867113e-03
   1.8649107e+00   7.5536347e-01   6.2913213e-03
   1.3571971e+00   9.7322142e-01   1.9008937e-02
   9.8463109e-01   7.9855198e-01   7.3999620e-02
   9.5648484e-01   4.4791722e-01   2.3637017e-01
   1.2935965e+00   2.2226007e-01   4.2349708e-01
   1.8163826e+00   1.4066082e-01   3.7650597e-01
   2.1852293e+00   1.4739796e-01   2.1183855e-01
   2.3328843e+00   2.2779024e-01   1.2489828e-01
   2.2395520e+00   3.9644473e-01   1.1380244e-01
   1.9575158e+00   5.9851505e-01   1.8046551e-01
   1.6360364e+00   5.9766434e-01   4.3204529e-01
   1.6064347e+00   2.9794055e-01   1.0328723e+00
   1.9417437e+00   8.4745338e-02   1.2309381e+00
   2.2876584e+00   3.7668985e-02   4.1726508e-01
   2.4554504e+00   5.4003789e-02   6.2871808e-02
   2.4967560e+00   1.2040117e-01   1.3581263e-02
   2.3685154e+00   2.7848802e-01   6.5408002e-03
   2.0912071e+00   5.6988928e-01   7.2861379e-03
   1.6313765e+00   8.9440213e-01   1.6609168e-02
   1.1506853e+00   9.2086921e-01   5.9421099e-02
   9.4541270e-01   5.8608461e-01   2.1887624e-01
   1.1435205e+00   2.6350438e-01   5.1311998e-01
   1.6696779e+00   1.2247909e-01   5.4083745e-01
   2.1288595e+00   9.8451106e-02   2.6496512e-01
   2.3512612e+00   1.4542217e-01   1.0434444e-01
   2.3580078e+00   2.7816761e-01   6.0695975e-02
   2.1266051e+00   5.2108119e-01   6.7534617e-02
   1.7323128e+00   7.5301791e-01   1.4076407e-01
   1.3639599e+00   6.4889612e-01   4.2399147e-01
   1.3999170e+00   2.5837681e-01   1.1005057e+00
   1.8546119e+00   6.3342701e-02   1.1373806e+00
   2.2674507e+00   3.1712749e-02   2.8817903e-01
   2.4532135e+00   5.2099701e-02   3.6555797e-02
   2.4836489e+00   1.1961267e-01   7.6181844e-03
   2.3610799e+00   2.7736580e-01   3.6449255e-03
   2.0886165e+00   5.6867588e-01   4.0439107e-03
   1.6304035e+00   8.9809278e-01   9.1986978e-03
   1.1448583e+00   9.4177163e-01   3.3045136e-02
   9.2149533e-01   6.3536688e-01   1.2448389e-01
   1.0617925e+00   3.2800310e-01   3.1637175e-01
   1.5374863e+00   1.7709987e-01   4.1508366e-01
   2.0096487e+00   1.4275259e-01   2.9404504e-01
   2.2681741e+00   1.8340990e-01   1.6790277e-01
   2.3181536e+00   3.0233458e-01   1.2318012e-01
   2.1221750e+00   4.9680859e-01   1.4896643e-01
   1.8050584e+00   6.1966052e-01   2.9603122e-01
   1.6020443e+00   4.3935477e-01   7.3375544e-01
   1.8134913e+00   1.5366533e-01   1.2895158e+00
   2.1728358e+00   4.9126537e-02   7.9261549e-01
   2.4066301e+00   4.3662430e-02   1.5575382e-01
   2.4894300e+00   8.6802856e-02   2.7202360e-02
   2.4306730e+00   2.0047402e-01   9.4449703e-03
   2.2245677e+00   4.3574635e-01   7.5738846e-03
   1.8368215e+00   7.7470438e-01   1.3201170e-02
   1.3312814e+00   9.5763200e-01   4.0908018e-02
   9.9170150e-01   7.2885710e-01   1.5669931e-01
   1.0340912e+00   3.5223991e-01   4.5684561e-01
   1.5029288e+00   1.4336587e-01   6.4367703e-01
   2.0193047e+00   8.8183519e-02   3.6912526e-01
   2.3168676e+00   1.1048558e-01   1.3020306e-01
   2.4088437e+00   2.0675421e-01   5.7542244e-02
   2.2452628e+00   4.1481758e-01   4.7588406e-02
   1.8942500e+00   6.9896628e-01   7.8962030e-02
   1.4549440e+00   7.8989564e-01   2.2076718e-01
   1.2391350e+00   4.5872092e-01   6.9753215e-01
   1.5680337e+00   1.2801109e-01   1.2798904e+00
   2.0697633e+00   3.8431518e-02   6.5536063e-01
   2.3767098e+00   3.8545801e-02   1.0074602e-01
   2.4838506e+00   8.0628376e-02   1.5533343e-02
   2.4289358e+00   1.8896847e-01   5.0097130e-03
   2.2378045e+00   4.1535523e-01   3.7867113e-03
   1.8649107e+00   7.5536347e-01   6.2913213e-03
   1.3571971e+00   9.7322142e-01   1.9008937e-02
   9.8463109e-01   7.9855198e-01   7.3999620e-02
   9.5648484e-01   4.4791722e-01   2.3637017e-01
   1.2935965e+00   2.2226007e-01   4.2349708e-01
   1.8163826e+00   1.4066082e-01   3.7650597e-01
   2.1852293e+00   1.4739796e-01   2.1183855e-01
   2.3328843e+00   2.2779024e-01   1.2489828e-01
   2.2395520e+00   3.9644473e-01   1.1380244e-01
   1.9575158e+00   5.9851505e-01   1.8046551e-01
   1.6360364e+00   5.9766434e-01   4.3204529e-01
   1.6064347e+00   2.9794055e-01   1.0328723e+00
   1.9417437e+00   8.4745338e-02   1.2309381e+00
   2.2876584e+00   3.7668985e-02   4.1726508e-01
   2.4554504e+00   5.4003789e-02   6.2871808e-02
   2.4967560e+00   1.2040117e-01   1.3581263e-02
   2.3685154e+00   2.7848802e-01   6.5408002e-03
   2.0912071e+00   5.6988928e-01   7.2861379e-03
   1.6313765e+00   8.9440213e-01   1.6609168e-02
   1.1506853e+00   9.2086921e-01   5.9421099e-02
   9.4541270e-01   5.8608461e-01   2.1887624e-01
   1.1435205e+00   2.6350438e-01   5.1311998e-01
   1.6696779e+00   1.2247909e-01   5.4083745e-01
   2.1288595e+00   9.8451106e-02   2.6496512e-01
   2.3512612e+00   1.4542217e-01   1.0434444e-01
   2.3580078e+00   2.7816761e-01   6.0695975e-02
   2.1266051e+00   5.2108119e-01   6.7534617e-02
   1.7323128e+00   7.5301791e-01   1.4076407e-01
   1.3639599e+00   6.4889612e-01   4.2399147e-01
   1.3999170e+00   2.5837681e-01   1.1005057e+00
   1.8546119e+00   6.3342701e-02   1.1373806e+00
   2.2674507e+00   3.1712749e-02   2.8817903e-01
   2.4532135e+00   5.2099701e-02   3.6555797e-02
   2.4836489e+00   1.1961267e-01   7.6181844e-03
   2.3610799e+00   2.7736580e-01   3.6449255e-03
   2.0886165e+00   5.6867588e-01   4.0439107e-03
   1.6304035e+00   8.9809278e-01   9.1986978e-03
   1.1448583e+00   9.4177163e-01   3.3045136e-02
   9.2149533e-01   6.3536688e-01   1.2448389e-01
   1.0617925e+00   3.2800310e-01   3.1637175e-01
   1.5374863e+00   1.7709987e-01   4.1508366e-01
   2.0096487e+00   1.4275259e-01   2.9404504e-01
