-0.1356016151141167 -0.4180118659437566
0.004491576711394475 -0.4045993008621605
-0.05419356980566038 -0.4619198306258062
0.23926622851497972 -0.3239232635640549
0.4177270068797103 -0.013460950175875095
-0.15989096066764405 -0.37353858323231964
0.3811037717979017 0.17550478962685584
0.17714576002635685 0.3281350102613296
-0.26881374768849253 0.22733151607284657
-0.09709343236738043 -0.3617124607160207
-0.2901231832654275 0.3023956404788808
-0.11893957569095569 0.35642762049600957
0.3918269944768304 0.13866473359219003
0.17010231368433482 0.34734053519064634
0.3301794393960012 -0.18808424047302674
-0.3209113723434341 0.22709823261654108
-0.1302697955719644 0.41536055478388306
-0.3295031678118126 -0.19070358821894484
-0.3266498284848012 0.23561881546136165
-0.26517195337097066 0.3256306202698622
0.39656110165755276 0.1265693907602425
-0.31682469153273524 0.21122820219911542
-0.09367855131973239 0.40679168193143855
0.030891800415211966 0.39408970653325265
-0.2045301907119252 0.3129040153920163
-0.2083123199361913 -0.32123046836428326
0.38015541637247524 -0.12575092475469113
0.3132375239655091 -0.2010681098453698
-0.34644878363098136 0.1786045147958373
-0.379824043704716 0.1355830996141975
0.3501937196516545 0.19366742239201543
-0.2926153586026852 -0.28879214919415297
0.1401020563465792 0.3787355086903988
-0.3279580494676448 0.24190617130645878
0.31360541679434306 -0.20716015268383936
0.4098561924656236 0.056773180543485444
0.4028392672358865 0.16607253966637067
0.2377522269506734 -0.28146540171988044
-0.2924071575298452 -0.26896594544126406
-0.23859703720691755 0.3311164420501958
0.14106824076733804 0.40099514722571
0.13451628063441717 0.3468506962317135
-0.2623974814739177 -0.2935067521960691
0.32978899549099605 0.26376524707134824
-0.4232323365000561 0.013912586507971638
0.3583816434218072 -0.24860720507990167
-0.2588629672757319 -0.3415542330032372
-0.44021673166854836 -0.024102473628103884
0.2960372602406479 -0.299881745647148
-0.11755166522794358 0.3905212065927683
-0.2876245415207475 0.270842887188372
-0.4131302616366225 -0.11695809598279866
0.32807568558085975 -0.2817193785811194
0.16662151685808552 -0.40295797688385177
0.14621924768899325 0.37617730540887734
-0.03198351673282592 -0.382939312889411
0.05896609012748747 -0.39673090981691295
-0.3924946918508977 -0.11868867122613656
0.26674166709661284 0.3312751983804444
-0.2168459449106684 0.3087813899667512
-0.16277631976881082 -0.3865053985516922
0.3921607963454044 0.15278094717008525
0.3655166191412242 0.23077870100274345
0.37153244858967344 -0.1270729395063808
0.06421206445439286 0.40955360578553923
-0.26150444515452637 -0.3148818301334166
-0.38674609166560814 0.1414481068588909
0.3617979545899528 0.20843994171584274
-0.39602733108325666 0.1826146961338991
0.3116563922312877 -0.28464162707626933
0.37163178105129563 0.22941095758323438
0.2783586264991511 -0.29602795079552524
0.19513185295488378 0.3267236892404904
-0.37138997556243863 0.06375781574434392
0.34006214809711455 0.18859997005677456
0.22800188772174473 0.3660956773395523
0.3305694075321001 -0.1400871832279181
-0.3394521045912724 0.06392744995216847
0.08789752755760126 -0.36577238291511655
-0.33091150764635374 -0.2171443796204928
0.36507690332808024 0.041226330059407686
0.23178332595595358 0.35760632901329265
0.3398514710971279 0.18305384694481136
0.367205641676453 -0.24137701070152845
-0.18291689877785486 -0.3616790252172941
-0.4096617620231969 0.016109005055686288
-0.01993238637314996 -0.4526407988290234
0.029662946021752713 -0.4166254066483957
-0.32049379388122606 -0.24347684467742792
0.2980703057850118 -0.2750233561803754
-0.384305586884654 -0.0936642050421478
0.18000125655816507 0.36228191151658473
0.2701552523169282 0.22092023018842827
0.17751369372647643 -0.3370628732558027
0.355565319449176 0.2698272578849636
0.31473415870236066 0.3070038887783486
0.38938674420972813 0.08989243668643897
-0.4075987882310879 -0.12352978611406615
0.2591841970297763 0.3327697837564999
-0.19220647479358713 -0.3418006101105821
0.367346373406828 -0.11380979616818061
0.03437412478375193 0.40493601907367477
-0.3945740146007749 -0.027877262371629075
-0.36949957786719095 0.19520515374631475
0.2340180437134847 -0.28146002970707096
0.05536143885510014 -0.41150348427601213
0.4053680095388773 -0.034140093787826856
-0.12259780271924829 -0.42616324172305803
0.20199738139500695 -0.3516054702838443
0.005894808904379867 0.39881872810681085
0.11086506642398261 -0.3634881143819966
0.24439225409313078 -0.31680737902735906
-0.3387671668148899 0.1852078371893011
-0.023449966200845208 0.35902288166930013
0.1596850622267306 0.38555387739551245
-0.23792549925017006 -0.3206971269197671
0.3326219175757749 -0.1568141618618308
0.38003707559244554 0.043429150393927446
-0.11953854349992427 -0.3783970352715301
-0.24959344721018967 0.2533677882244745
0.15199569509679317 0.3562314566240351
-0.36249473977202656 0.09787101246362111
-0.1925077808820706 0.3674382478397143
-0.18575277441778337 -0.2948378114206872
-0.3826670623043519 -0.10664977241198334
0.12352481409333071 0.34449264156442416
0.38623786846321806 -0.1395819367858598
-0.3603311578103784 -0.12859512930252498
-0.32099675697481767 0.14648133777219274
-0.3631008755392477 0.2560443890314096
0.42037200188277263 0.04940093085429838
-0.4130019808310935 -0.10050253123751876
0.3284148986682104 -0.19305720836234633
-0.2446457588686455 -0.3608788080157431
-0.05465823493284259 -0.41301777813969676
-0.29133266734773483 -0.28569312207878217
-0.3014765348007116 -0.2842835277497978
0.37056435114506386 -0.14187292959156173
0.4124094124373051 0.0815494900397419
0.2130251281681015 0.2978710690465258
0.39183356049540763 0.05646877923580483
-0.3873363872575492 -0.12137574716814435
0.00465612219871573 0.3952761593014091
-0.322087378957354 0.2926738427753835
0.3936316256878492 -0.06707967923244215
-0.38576068288586857 -0.26388300531258635
-0.3976798610551697 -0.03340128198539061
-0.2698717331684561 0.2652451235702097
0.08093451180002828 0.40802255337106386
-0.13898212369235446 -0.363926575123524
-0.12411631069399857 0.35152975451235424
-0.35741982972964587 0.051626326175959907
0.3874587708162943 -0.054483498100984656
0.21738497560607073 -0.32823180288888765
-0.2024708019062439 -0.3430028409932629
-0.39394718638428483 0.015789628190163635
-0.10290105454784908 -0.40690712558615366
0.3964893395824317 0.07237692860981741
0.09707760137110752 -0.33844826621466323
-0.10050303587382854 0.43536192089128123
-0.3495218784720843 -0.17803477279247443
-0.37940864343482744 0.19313829726765727
0.33479797618808516 -0.002389623349599631
0.24615926437375651 -0.33672787705115304
0.3702993358397615 0.11028349245094649
0.4088373034664743 0.022574888023729235
-0.019248852226763247 -0.38907118345405395
0.3796644479242336 0.038282800927321246
-0.2396295399482878 0.29623365406376256
-0.4146001182088257 0.01916785014148858
-0.3177034306742108 -0.17826376532279656
0.39186322140366875 0.14228423207091015
0.3459150336456039 0.14580418327818437
-0.008333592563866364 0.35007664341126243
-0.372736092437086 0.15186653453820273
-0.37815474707402086 0.08064098302219293
0.38986563660414697 -0.07163260705728472
-0.3769405397917144 0.010752649157631695
0.042890957577628334 -0.43533516480241896
-0.21563245411118842 0.33572085359385495
0.17759255803330584 0.3387790341406851
-0.4227800116379151 0.0138102194135044
0.0643854014743716 0.3928416450333433
0.19482166873736048 0.3672809760202518
-0.24850192175434582 0.3264112285295378
-0.14723292719059747 0.4061551388511407
-0.22408922478935528 0.3350395332020656
-0.0011150383002672937 0.45638615710453023
-0.4100096997746261 0.038467223966724244
0.3433467487742038 0.2094004663995146
0.3953297494442944 0.008935630717955344
0.04373717868446779 -0.41530652885435837
-0.27565146298675447 0.26606387032827067
0.279858587067239 0.20770124376845478
-0.3766501484381396 0.10521814035858353
0.365703473193753 0.12616315226814762
-0.0069427656706509445 0.39898090093630456
0.16859117080590352 0.3392341497084059
0.3871967401727818 0.138825782919085
0.3667195344614923 0.08383948539902694
-0.3592596150661653 -0.1026283200135436
0.2775746397457028 0.204414696354382
0.2382234731838 -0.3266820876034091
-0.39677078038106556 -0.04438394827324568
0.38028474601804135 0.08791186273323501
0.4115716534311586 -0.03797170000172231
-0.42125708280096746 0.1007179035845985
0.10996206136680016 -0.3718237418584823
0.16113659374895914 0.38240341935045224
0.14381102824455927 0.37330321504155645
0.04946451091014155 0.38516202033305325
0.29994747396566623 -0.302653730925694
0.38409005868446233 0.08340861487674824
-0.035627460419346564 -0.350262047083754
-0.43170537117629876 -0.008381870373269642
-0.01575514864958467 0.4108372259900122
0.21313014909547479 -0.3189752186911478
-0.3970192135929949 0.12146891059359127
-0.3433492103541228 -0.21578205698089706
0.40810363255486903 -0.10244215836801816
-0.38714249789396704 0.15602836780014867
0.3111782209946011 0.2882457520448072
-0.4420403478348648 0.03691072328448965
-0.09553774192267363 0.39291804527957064
0.34681224579063347 -0.192275224483349
0.29314087313134113 0.2947480923164813
-0.3155625705965512 0.25129622037386823
0.24346865509893656 0.2927528795804419
-0.3254712241354535 0.1651675285418683
0.07317780853306745 -0.3857371155924675
0.33388451323558266 -0.2563917037039846
-0.060154097584678864 -0.3738676197934344
0.14207241018503705 -0.3490257482285508
0.20718111569789463 0.36339870939868013
0.3406335950332152 -0.2732959137501394
0.39590080371616887 -0.15403374739230172
0.35318000990144893 0.1534540506608801
0.29608466206552847 0.31442260251462584
0.390046234240306 0.005377654452707808
-0.3438143196091702 0.14306991314214487
0.32287773379330065 0.19769089461160377
0.38792007475725027 0.038761229674243954
-0.3537334041654263 0.1832528933898218
0.34769427455232377 0.2065451525928158
-0.10861163491285972 -0.41718136505771
0.06452521111402754 0.3855515288312843
0.29276956697687356 0.2710865816620748
0.422875295022453 0.0030593367333440515
0.15425190060904584 -0.3974159102480978
0.423557070439185 0.1196357346898097
-0.3774545486510955 -0.0011181320033416924
-0.35306302936641243 0.07525524892082328
-0.4105399044346573 0.014755715192849992
0.1809296684003961 -0.351489339532104
0.022535219890920027 0.3713873245948596
-0.07581269710918968 -0.41668241221805
-0.30853952004265195 0.24818010566140272
0.38802225292419623 -0.047617415801468534
0.20284221887522086 0.3529721631626947
0.04444357641030483 -0.3950575279512115
-0.013984963117585673 -0.43168350495512486
-0.38843380197188176 0.07296287189076182
0.19990941443394133 -0.3409928312237069
-0.40282318089685987 -0.0720570068433186
0.3780692434601092 0.18734265633940297
0.18933314595195005 0.32579788159106954
0.32606747989258045 0.29288292217647394
-0.39252239487592727 -0.1466931359857733
-0.1080028166573568 -0.42184933368910477
-0.1269122048270703 0.4165949847685027
-0.2972110887489848 -0.26297888198030284
-0.33232461970977045 0.2056817489909985
0.3529961621227653 0.12525586996826588
-0.03619744220680642 0.3964526607957517
-0.34887712974037133 -0.15486145209337338
0.22270742498102353 -0.30575882982761077
0.047856892348397746 0.4041906216381404
-0.3767655738023459 -0.12369984040856083
0.3817986543147107 -0.07728994566316785
-0.01208815312684641 0.39989379887823284
0.40287533995067637 -0.13279936548390014
-0.41518386562870263 -0.03821539151812079
0.3149992413036876 -0.24041278400571367
0.39045505133767916 -0.14420473509439755
-0.24598185310546547 -0.2965663486508839
0.17862797296688387 0.4010412761469312
0.36706794648312685 -0.042818162214445864
0.3421741003358105 0.19664324856004692
0.13185476240266952 -0.41975064080217417
-0.05444653379733895 -0.39062610622265564
0.12843290051415632 -0.3890935544364042
0.1710709477087463 0.33492296738324245
-0.3324306216375143 0.22236599982096286
0.007769615518119517 -0.3957646742017578
-0.3739910129614835 -0.24879103169965278
0.34892336080807357 -0.26119529051481116
-0.01389729410228762 0.4141900218216914
0.37831995714820565 -0.04340317360644774
0.4031443390657428 -0.19358292448279132
0.17742518434918317 -0.3452781746752037
-0.245144677867339 -0.3462514725452613
0.4386029439858923 0.026316792412912047
0.2674598444043095 -0.3088343245283541
0.03477022664440017 -0.367399035810506
-0.09585087531242584 -0.4159599640380708
-0.08062276449652606 -0.4036321059105175
-0.41842371332506717 0.09697654401110586
0.12371095910070004 -0.3507817920777251
-0.36051116316680937 -0.16852958280764385
0.07356801081640989 -0.3869909816951723
-0.2561948265389973 -0.24614280421631762
0.19704675090392537 -0.3769159006433237
-0.06504861802536431 -0.362473184612399
-0.32865674007517964 -0.17290159720902942
0.3855362050719905 -0.048377244856947416
0.40143141224256046 0.07743473668270079
0.36163588921370493 0.07694583235025725
-0.34356076272355024 -0.2586942140408076
-0.08715950937050063 -0.398367780890254
0.12255428505618539 -0.36216865864156217
-0.36048170553859227 0.16876981356473003
0.2924301569054099 -0.24699062698696372
0.3934347489680462 0.013257855879561528
-0.26252265730633967 -0.28219966557178044
0.40143754181468916 0.14377675330812392
-0.08066876921012364 -0.35618995480831434
-0.36634978927291784 -0.14428537414471318
-0.3782760472261181 -0.1980579997990108
0.3381578884793583 -0.17898603717405895
-0.17245258824901905 -0.301959131077774
0.21190865827560215 -0.3464449601332128
-0.21733498171598797 0.3521623303041044
0.3008867551808334 -0.24272630549611202
0.37951141527747817 0.052646849203297416
-0.3564233836871446 0.148691525949379
0.33359578341962626 -0.16639352362288296
0.004831781110945083 0.4306022327765603
-0.37133084397712524 -0.23468294464929465
-0.12071596689172458 -0.3938259771166447
-0.12217725765153015 -0.40914429343508674
-0.32489203396564104 0.10639998735167247
-0.15106092500849402 -0.33105791664806516
-0.32858265722162927 -0.12971018930183587
-0.24118190227166658 0.3756509816627115
-0.13801536474618548 -0.33748145822954095
0.4003161133310617 0.1518102602836332
-0.4052556511491438 0.07075886604418657
0.00046121378989570465 0.40020857028341605
0.3106479090292667 0.2139591283166182
0.1548115684524797 -0.31851929790995265
0.3904546201712805 0.018730430729929526
-0.27641281890654756 -0.2619755629320599
0.42829248993915214 -0.08600033509208735
0.16152792306390554 -0.36660759825800315
0.18407484201751623 0.3902087406885722
0.4013612026646977 -0.03049974302053601
0.3562105967066791 0.12281114705202467
0.10626650670506248 0.40017848610603884
-0.07628719101535977 -0.3707154829877942
0.11791449307284664 -0.40615747355367093
-0.2830791750151133 -0.2977987167527981
-0.09979838984190431 -0.38708000987792957
0.3351754694633271 0.256600038896318
0.2818997410393611 -0.2531741938957573
-0.25957412218291354 -0.2825300902872808
0.2371425016788967 0.3195497387458634
-0.01003986569437587 0.3789493575808828
0.3812106093359938 -0.08892448097952474
0.07543980806247651 -0.3686119271782927
0.17126272398049255 -0.38390045207136714
0.40218950511146173 0.12247367351839572
-0.15171133714974838 0.38796005672759487
0.3587709371032659 0.20389413410972174
0.3645696790760827 -0.18368578726768214
-0.21564117062963123 0.3649048192253304
0.12973875652397288 -0.3582340484616618
-0.10238493632003322 0.33325948183975124
0.337367609781948 0.15691154160662718
0.07576707505566882 -0.37931350315943163
0.40273264024605393 0.07103045329971946
-0.10414400556691708 0.373278115822723
0.3388902618557034 0.1792951920126723
0.3839858920700651 -0.13400481978202078
-0.09243099897753472 -0.39224158883608706
-0.02042590613059099 -0.3801151335570169
0.39646906983011937 -0.02890086155808492
0.278712711464871 -0.30349370049889185
0.3117818909317834 0.19178066602830152
0.40651525663990606 0.05026158603272286
-0.42420326252643986 -0.016414328093516423
0.10113679891554375 0.344132073428843
0.24541914084267824 0.35640392431425877
0.04094021512327243 -0.3974583911654984
-0.3473003577079617 0.10398717499504176
0.24166923442323318 -0.27753211654552623
0.29388458557169306 -0.31616669113079426
-0.33367594880054896 -0.18863944075471384
0.3387984362018973 -0.20707713735502634
-0.436944305514625 0.053562507091789
-0.36482081807519057 -0.052971042799907955
0.3555645255988874 0.2230949576870046
0.3982527546065454 0.09315900475663579
-0.3323590689344461 0.30406304971089715
-0.2879173898414206 -0.2894501812027002
-0.3945568324539666 0.07236321852901378
0.33010205569183027 -0.17609436746283097
-0.3864223818892801 0.13718633311148282
0.16733183145078326 0.3713304932377477
0.23985323087932253 0.30487406902576525
-0.20294592020080732 0.3265563450275495
-0.2475219871514857 0.2915877379065829
0.3323537705777216 0.20437415796044622
-0.37139586364234023 -0.038959334709706
-0.3966253123219282 0.056132394366952706
0.21450635230685536 0.3085578338761078
-0.3852965339154971 0.030154126408043547
0.40468689345615 0.0735782072671977
-0.40428069258526617 0.22356393923312032
-0.1296711352113009 -0.3488260692772517
0.08244155782563639 0.36690587540191943
0.06089756458843405 -0.33897659132477864
-0.36520601487464854 -0.13757035111301977
0.11400079573801394 -0.35660986917550813
0.27100372277069235 0.2890996439844062
-0.3628976230813325 -0.23091737013385052
-0.29153089449086694 0.2991514401294886
0.4048389617533348 -0.026860730513901504
-0.4198698499247496 -0.028209987913346047
-0.08861999960391719 0.39040014002440815
0.010726114506760517 -0.4108338859365032
0.3017469809464011 -0.3034679013434882
-0.08049345993494256 -0.39429125432076395
0.10546252294591195 0.356793673976177
0.13565361916721796 0.38845961713017235
-0.1953805357643491 -0.3434115878690345
0.31392927021226574 0.2855659081013019
0.0008030357726145805 -0.42861651548391677
0.3607741553846544 -0.1733773918459296
-0.4077653523460758 -0.10665365604863475
-0.3641584664560537 0.12565245546911752
0.3168812318927806 0.28185792734830195
0.35694575038542636 -0.13222415716955754
0.06574772169182327 0.3556558184436056
0.0068098049625339874 -0.39776363652954494
-0.4447712087271087 -0.04347515887522654
0.2286847626536 0.3449569163407116
0.23607070844555073 -0.2769031369687596
-0.14060314105361707 -0.3524731977518209
0.3722503556144575 0.19926373213906867
0.4123296144194171 -0.06684744342340133
-0.39869899389263247 0.02615564276622423
0.3894760354945824 -0.11105334685664758
-0.28731633556751796 0.3092410971542852
0.26919583341422354 0.26428331045908116
0.2453054094870491 -0.34889888212890197
0.0657863314107483 0.3616974947652968
0.1697690071540501 -0.3884519963612923
-0.049640900532094946 -0.38492911944607316
0.31523130562422313 0.23858283401762845
-0.40156212769440364 0.17706332223216842
0.3155128526600924 0.28089422784293194
0.30890882430500927 -0.2710731444208393
-0.25853592780645346 -0.3036865150856671
-0.27575159170741625 -0.32764291076451685
-0.10592575225453059 0.40649065961693726
0.3202462884393128 -0.21267820709644158
0.3397641233249348 0.2548477299789938
0.3281432269168707 -0.2798440275849299
-0.4038185516630753 0.19225441837984564
0.19789155357561786 0.37169668463622824
-0.2938620460217496 -0.3597357031027386
-0.015608277585964798 0.450724629431398
-0.21815956272165357 -0.2869784329603788
-0.3961652003580727 0.03285367485836361
-0.02311056139351582 -0.38615971550435507
0.08436341835221861 -0.38525896845488194
-0.308083991484406 0.31210790364906454
0.30784529409155054 0.28177535715063873
-0.06792618789278526 -0.40147210955512286
0.3469410394588445 -0.21609371440479336
0.41009906518883926 -0.014445293341199077
-0.11831928739179637 -0.3806279593531629
0.12564387050653075 0.36788801787426073
0.3422716325111638 -0.21042484381715532
0.46409620571115295 0.035854170743111036
-0.1254003579600138 0.37788529764460227
0.09874770036293658 -0.3434729809983215
0.22772284778697094 0.3436253198886443
0.15998168477346714 0.41003160156357943
0.43876697974314344 0.21276250381980963
0.0038024383810599544 -0.41472272835562496
-0.39120961855648206 -0.126391900142313
0.08049968277123237 0.4013771294209781
0.04449713903825796 0.4048405493409068
-0.3773395529793575 0.13186232247160598
-0.2894233266299391 -0.23385557295903275
-0.18850101290058127 0.3179151479165429
-0.059396090891504744 -0.3950885850051927
-0.14787401580425608 0.37593196673662943
0.25769992357161237 -0.33213723689276087
-0.07311932083353907 0.1665173556924887
0.1499410477372059 0.15757313061946054
0.13074981819731923 0.11733904309861772
-0.19746765880990905 -0.0016558469810844523
-0.06495005385004946 -0.20593975960030853
0.14979814497622126 -0.12044786227303317
-0.17141600670952864 0.14386328479825908
-0.12130235556982968 -0.10370698740655074
-0.07018361989545496 0.24467994914678615
0.19494993069910635 0.029550113606985513
-0.1409676098816071 0.07943466878536329
0.03331765013648935 -0.21445530466003587
-0.09670930037989775 0.18145844442297163
0.1554026008991224 -0.03818274983982957
-0.16892338753067393 -0.09995924919216015
0.21247502056674278 -0.1314008684582538
-0.2174065812998896 0.07179623111573258
0.06189477131739501 -0.1924896187449795
-0.21218962773892286 -0.0018659450086772195
0.1866936851902459 -0.08580074742215091
0.11497051804097663 0.1817382850909065
-0.01401151455537751 -0.1988754913342746
-0.18914281699549315 -0.04146110020461008
-0.20527613539554618 -0.08806857413110847
0.03525300273735116 0.22429639524531816
-0.11539269027687755 -0.17063498613653796
0.025780663176770184 -0.1959051275747229
0.2087606746386525 -0.032828190726590906
0.017370522804275906 0.17163090957178093
-0.024451850541172084 -0.2368612665632629
-0.16110970025386206 0.06799562995468292
-0.09993172928482788 -0.13324881637922592
0.17527756180510393 0.11162217455552453
0.19387849190371792 0.1228682566602877
0.182981825493263 -0.09957751040734068
-0.10348036111562123 -0.14150626968662341
0.1958275763202393 0.01202290090481336
0.20021023541727778 0.008065045293160551
0.13246681186069478 -0.1619066043879816
-0.1647974730710609 -0.15441681922552397
-0.12935517594484347 -0.10767227485230488
0.18540678749601652 -0.014495919146771473
0.12366152170543629 -0.1977149114456706
-0.13141083186514282 -0.17051561875980062
-0.18406175315071435 -0.10507251317405189
0.18792674801053985 -0.08443423391066363
-0.09548276158081984 -0.20523802227275592
-0.013852229355016704 0.18992772812526276
0.06189971203496772 -0.21633411010667894
-0.08396804785486317 -0.21275326642432296
-0.06228869330990374 -0.18310812502015128
0.11812198449569174 0.17212818523899814
-0.04870871013121608 0.20871159043088558
0.13354932025921587 0.11993559239890084
-0.2114516881000758 0.018443780095047234
0.066177214809065 0.14660650932938676
-0.10483057276574549 -0.20821062367936416
0.0027799314334163456 -0.16641533552423524
-0.2195146407260804 -0.10669879796419825
0.1676524484488681 -0.0972179531868225
-0.18961763619971714 0.07506765221703086
-0.17973944426647875 0.11924479423413344
-0.11712960948469557 0.12130562137615013
-0.2296207639012309 -0.005427441591400533
0.18820577602776437 0.0067708441922478685
0.06623779750094634 -0.17836870425724938
-0.2035944200609229 0.10520302302813811
-0.13614830415366125 0.146804290299024
-0.09227608280577945 0.18935325176500972
-0.045317539239832 0.18940713201772952
0.14866371058109656 -0.15830084760804966
-0.12652727598750177 -0.15779317681977445
0.17195413000431514 0.16129708814729227
0.09075984567559753 0.17782909874134645
-0.09243955116112927 0.11263857668154775
0.0023086397649085336 0.21391547579269246
-0.04625408891008098 -0.19921549159740523
0.16789923489523326 -0.14210060384564943
0.15070940522015303 0.11787077364781659
-0.19632751077496674 -0.01730150281639784
-0.2445293418420998 -0.040810656325785885
0.09694676639395236 0.20815806532760223
0.06280350043310798 0.1993028418578986
0.1384372113789393 0.1381770187146455
0.15964770334360792 0.15831997415526936
0.1462168528747512 0.04473705771931256
-0.15258702891345485 -0.06375356675508602
0.17513940346598578 -0.0079880655800527
0.10345541598187281 -0.17255202196594635
-0.0472230273608219 0.193249954597311
0.15249430845398906 0.05500671906122487
0.18388446230006564 -0.08269913539800378
-0.14402014800803514 -0.18850188998114187
-0.058515248062105285 0.12562158332922904
0.06892872885052274 -0.16506287041213819
-0.19187991203197657 0.046511016938973054
0.13768697340669614 -0.19360141399191738
0.18491027469937485 -0.08090731906258483
-0.03925521346636113 -0.23668697764702226
-0.08879646045558873 -0.21056328738645927
0.11362032274616235 -0.13481347370515165
0.18195973415422592 0.008935802224318489
-0.10501105296991167 0.16743561627476428
-0.06143061303634496 -0.20646658587273686
0.16569373598897214 0.011891638605591965
-0.17219683917132364 -0.12033822473409578
0.19721980120606536 -0.13333339008741082
-0.15531599127706042 0.12637820446660494
0.1813669161320338 0.03397769527789938
0.2030615748914283 -0.08231312820168632
0.06804138639051853 0.19906132232367219
0.135685395844958 -0.052250541255295956
0.03295624468664429 -0.23388676186525434
0.1768920557849924 0.04913778807968655
0.19315296894875622 0.0216675608892654
0.16946102339646305 -0.09916189183299817
-0.14692033750325317 0.11194171148582902
-0.09676503136009369 -0.14813333250110042
-0.06316479482917875 0.1665554960426564
0.210643311643225 0.06874282739167822
0.021837003062842003 0.2544445372195999
-0.22116073678196185 0.011098686901276411
0.2144527251590441 -0.021304615434267427
0.05107883627413458 0.1372555673494522
0.012065661929762314 0.16373217577488225
0.19542179740717136 0.11259594046437313
0.17782169247383328 0.09942196478510058
-0.10644236563443817 0.18191218330806883
0.20105692187669216 -0.03960831875046518
0.19771040612672908 0.02249344445363287
0.22406411686941535 0.002702077911053446
-0.0981597779734763 0.15923075994881555
-0.1580783038288003 0.08451745197906543
-0.22752861506629263 -0.06363326795199069
0.08965718584596911 -0.18261817070820635
-0.17730030685425388 -0.07571371966856771
0.21019417050004205 0.00932486735327891
-0.1953093317278925 0.09522413796899563
-0.13952869534350054 -0.05859565729278311
0.07191410891613649 -0.17714954045410602
-0.06942876180863863 -0.13523421746180164
-0.20123966949450245 -0.026414589963357202
-0.12324529910502222 -0.18228552850018576
0.12203501733994994 0.1869972735943472
-0.05725485282230878 0.20765606569224263
0.22107155613252114 -0.03539184733787322
-0.0034541880382834914 -0.19755011488960145
-0.14147684825123827 -0.1345792151699934
0.20321966225745017 -0.0021382471181572056
-0.13631222185018832 0.1402952137650012
-0.1137175356104359 -0.21631895547892846
0.17235068065240092 -0.130576540429371
0.11013544057603974 0.17853844799188717
-0.16061971709448852 0.1092365839579836
-0.1629303250123629 0.13561743759597558
0.21222348080543754 -0.02956283748731063
-0.15681116477630366 0.060332310536798966
-0.17115849399518032 0.06112848273853912
-0.23930011086546776 -0.048788954703097624
0.08433105252287287 -0.15161288351495716
-0.13600717991250416 -0.2034661799307268
0.04974327899787952 0.2051739131006058
-0.1484352580002041 0.11595812275960946
-0.06528517720978226 -0.11987418321541185
-0.17582446167644536 -0.054720587280680286
0.09809828860665323 0.1423899323695154
0.13941551239094288 -0.16176787043256338
-0.14416583488592022 0.17336745724485617
0.039467826764013725 0.22193478758912674
-0.16757954514765952 -0.06810130221220172
-0.20813492930293537 0.05053474294049945
0.06524089371149455 0.11129760681535521
-0.16298678575475065 -0.1268246090247745
0.18674305553542658 -0.04934709706913236
0.10763222250059308 0.12514738222955543
0.17026946359545517 0.10490829781911594
0.15733991442570014 0.07409739807482486
-0.024491464895585343 0.17688144029075265
0.12212297147285907 -0.16032195837074978
-0.16448344046640295 -0.08309583772525837
0.17317901012992265 0.12595043359906535
-0.20188224392241177 -0.050239377627278925
-0.04669838414761619 0.23593995404241536
-0.13426028829629227 0.16307368920595283
-0.23572767707914458 0.005956759997923244
0.1583568082179788 -0.14726594568357598
-0.08717242415965498 0.18574714134805673
-0.15312591903265624 0.09931201858774553
0.20706455661882459 -0.0016591370157061063
0.11172747582885355 0.11182736407914681
-0.13600318513074747 0.18478644223788396
-0.029868135711805285 0.2183277924976208
0.06628597394181482 -0.19487694537188582
-0.16190615473373812 0.11961004239184125
-0.21607922181162476 -0.05897098661165989
0.1862998693356223 0.10016479694335059
-0.21892804723296197 -0.09643311184583857
0.15281662527583603 -0.12825913558110247
-0.16926132844050534 -0.05184552030936173
-0.16000683454698592 -0.0838215591737952
-0.04625677342389545 0.19487000841472882
-0.09727851564995244 0.14329104589972325
0.20669553876497554 0.08916776214732175
-0.06685368715959757 -0.20158320421359116
0.08599312926733331 0.18675706341346077
0.19387922565880247 -0.019163771031621438
0.2275707409603301 -0.07993688184123279
0.16069030793300101 0.10463791741332037
-0.14270443380611636 -0.13905514524940893
0.07819529004554705 -0.23394672763236032
0.09631735933201029 0.1429097517224865
-0.1790194113005298 0.011370808305034586
0.07802388288391356 -0.1558072585392215
-0.03060197168040393 -0.18320986634635106
-0.1742790176448777 -0.08774802699650652
0.18096261407960387 0.020381773372390062
0.07880321966617704 0.17600515536426498
-0.07377768457571658 0.17891283359376503
0.18602606196643662 -0.08717061084469696
-0.17965256945350677 0.1532447505498773
0.05024585534218286 -0.18117334097204418
-0.19868297023873274 0.09520666665247333
0.12643456714602577 0.14735865488490307
0.1993438407599833 -0.14576785637191522
-0.02678471358174607 0.21748110541478904
-0.045936303563431743 -0.14169146887644676
0.06962463364734342 0.1973852213986849
-0.19205513841769506 0.06474010711788468
-0.21028038973275384 0.026305501388027813
-0.06004743106978234 -0.22380278987643704
0.060790757014196936 -0.18146815105852218
0.14201307119132256 0.10523276775200835
-0.003764779125362198 0.2114124644943546
0.16933331244013208 0.05897714920894316
-0.139120425772259 0.06030554803131753
0.03833114706974257 -0.20986375159503795
-0.05560483261130676 -0.2305764264536469
0.16708691932067152 0.06996997812247166
0.18055455910578572 -0.16185040445983254
-0.06617514436030712 0.2050625983174874
0.03162958187551491 0.21794186290019477
-0.23595406371831787 0.022777971535915535
-0.18076090909203352 -0.0026926267109221727
-0.004117607427854837 -0.22324181840570972
0.10235762850130471 -0.1918986410697032
-0.21876585787682035 -0.050922229982859446
0.03154222818017259 -0.16164164633121805
-0.22329172565943145 0.033709515145261555
-0.0951517818014484 -0.0720778674186246
-0.09611062227909348 -0.15581777674734554
0.0346050457816835 0.23741362802145624
-0.17807221366615206 0.06676789478422221
0.02537754975992248 -0.15255898492148345
0.17354961367785526 0.14556815509215068
0.21440775658544675 0.07249683644853226
0.15504231831070595 -0.1362092941250294
-0.08987565992024925 -0.2025903526189763
-0.18142320299825318 0.14013282122226367
0.1702861709331372 0.10310292346363656
-0.19018222503349397 -0.15256320921285865
0.2026320834214408 0.025634305138849883
0.1707569643598318 0.12614855199393157
0.2458901611841227 -0.02308716618040193
0.1063323814926188 0.1642460732098451
0.20031408186539096 0.13625887822007463
-0.07747868063021111 0.1641355190787616
0.20855909327734667 -0.02517461559931198
0.20759651552584565 0.04799013578048178
0.20019587088665086 0.025411896075903995
-0.21653868889757713 0.05548831958198367
0.044925759736893174 0.18438543904270616
-0.16797919969521208 0.16235349486139558
-0.07647626159361627 0.18815479974767335
-0.17711449480656086 -0.09699833556574665
-0.09914332789513293 -0.17777132010191896
-0.16309896955356798 -0.15596561983717983
0.17312772792135275 -0.1120129909248843
-0.06692798690867782 -0.2133170528304051
0.14913187437114453 0.006945941925267141
0.1583971931597577 0.05282363549027212
0.19672499013194875 0.06428814999885771
0.20772202144134846 0.08689493492154815
0.1589453840135945 -0.1073932209791114
0.08393735088504745 0.16361205900664824
-0.14356751107888727 0.15434685954123847
0.09010174479319497 0.1373230945266926
0.08729772570674761 0.19627134013217784
-0.19531700669296584 -0.06660718729249644
-0.16860115876809764 -0.15424598069539278
0.21063808152689598 0.06254119868669021
-0.19240533787221908 0.047769898804777104
-0.09484410335557622 -0.13666665103581715
-0.1054129619684945 0.14306857263734124
0.09102351974256113 0.17580381638039128
-0.08190545877938918 -0.13781223327260175
-0.029829520716667002 0.21073915462085765
0.1956741607774161 -0.019982109383119034
-0.1280796998734773 -0.18595752715396674
0.20409515660790659 0.050234463578628825
0.07086630537033756 -0.17957529914446768
0.10524120504056798 -0.16874481367077473
-0.1864084154552878 -0.03083870053732564
-0.20265965719947332 -0.050409420947349126
0.16186781784085238 -0.091193496309921
0.06940058646619565 0.1529113039671342
0.16228028403839626 0.0041520101432093535
-0.14959053024879115 0.030065875984945666
-0.17603868876135828 0.056121177469225826
0.160526067438629 0.1280223697291219
-0.08679190908627307 0.16209460942841175
-0.014794537791051438 -0.21007753359852757
0.19664646954216297 0.05388383486839117
-0.20887082978905633 0.0032574485798126714
0.08872432821663168 -0.16207426232156052
-0.08725322559551231 0.18058681107280727
0.11947342194148676 0.14133045131194924
-0.0238502721640503 0.1874702156928218
0.14156252548548348 -0.16688064748357295
-0.025344821990493215 0.18321347897316206
-0.16126219584151277 0.1531156727164457
0.20741815760697785 0.014214849415761784
0.2290847723815562 0.041872701052212705
-0.21549943052923334 -0.00652574184067977
-0.20403594115762297 0.12403244087597501
0.2102690558348533 -0.1276689458048025
-0.09323654263407771 -0.19548824908621923
0.07055329947144776 -0.19757611909037276
0.017696103945976094 0.15485099391064966
0.1834603327537121 0.12136082188134795
0.16362643397858279 -0.16029412071758029
-0.14349150714219483 0.12740443534797657
-0.029092100075771177 0.18908640712839064
0.20682598801792484 0.09330874501778146
-0.199132243672303 0.1403516644140008
0.008582774217720197 0.2089976069220154
0.09751812686402427 -0.15193467090597318
0.15306821821477723 0.13849494954528876
0.08287118633982339 0.19702680856464988
0.010670169022937387 0.21119001299686796
0.08309655002552538 0.16955873300892887
-0.007734583216076896 -0.16630312983708284
0.10389277597986657 0.17980700566608268
0.15155023046768606 0.10789774366534453
-0.0307668971623712 -0.19124644375847774
0.17611489412893824 -0.053939625548015575
0.15149634189114894 0.09348525004538302
-0.21172503072920987 -0.04983453656287471
0.03548757177918113 0.2178097065715091
-0.02997971492006709 -0.15048322347707058
0.06736089592200145 0.17938252556937445
-0.023176241375679255 -0.17230952566187266
0.20516056505969413 0.006717674397562712
-0.16925578662580035 -0.10628471760222558
-0.19331108082924695 0.04273279815284274
-0.01212685914766087 0.19327403345871563
0.026668111098351162 -0.1786059291602454
0.14887171661977677 0.03761003444478102
-0.16045876561625266 0.12372917334531874
0.07535592709181257 0.20913501367696227
0.21899051399019864 0.11185906272665293
-0.17422171348318805 0.15063358014539982
0.18037799117912245 -0.17804304191168097
0.03526645404377638 0.2093644583824233
0.22477370364094995 0.03200057657870231
0.18561064846734115 0.08757972009869293
0.12096208906055733 0.13946722829502467
0.10337148135621033 0.22451225475852862
-0.11113847310978336 0.19085295998278873
0.1739352529925467 0.03802982964668287
-0.24139674027632174 -0.05217193131384963
0.08961352519922507 0.17291059615382415
-0.11955926086703426 0.10873644385202712
-0.08537331455712285 -0.15071235559081408
0.08996368515452163 -0.15160342267016416
0.1591117542284954 0.14039121279388692
0.18335939769121293 0.08732060858603692
-0.06623106877402993 0.19571415905553102
0.23100659861900696 0.0074767042001583385
0.11538054618440863 0.12258238407818528
-0.07883441017879185 -0.19806604777594017
0.165185775048537 -0.15142230822509534
-0.03482226746761251 0.14786517725674536
0.058874883990040955 0.21233145469583803
-0.02181901839524146 -0.17895129272093022
0.09170155411397361 -0.19546610787234978
0.17742980071986159 0.09335013660462982
0.10228334768867552 0.20039608310891013
-0.10771114780887987 0.14231604623103775
-0.06120365245634719 -0.17135442058663558
-0.11043717730878536 -0.15830511286364846
-0.1936587775054267 -0.013605219729912917
-0.12232648889589814 -0.14797274693645193
-0.10052023789978495 0.20350491924025427
0.025898438759946497 0.18640788196589492
0.16027498494451414 0.1610857130564417
0.1731870020090893 -0.17742400204892786
-0.06260848551095399 -0.20981736064651818
0.07441944515179161 -0.19256617417738206
-0.12374371428173439 -0.1662141280742216
-0.024168719175706496 -0.1854951839847607
-0.09048053771515756 0.16083139339067107
0.17562574244136547 -0.11261395930718542
-0.13265711207850414 -0.11736645818893422
0.11504831048805599 0.10823362384584455
-0.13997020304103366 -0.07429016801790292
0.20570241477732476 0.0874362229001211
-0.005913633216921951 0.2471261786490408
-0.19318394892116447 0.008221811793496799
0.1252149604173307 0.13972121260380255
0.1231572108806741 -0.15251744448153742
0.1729733923950262 -0.07925843254008025
0.18944239591234832 0.08501330670382268
0.02259163010445652 -0.2072753842733416
-0.17536130159471755 0.14523417638200506
0.10224247105714004 0.1724216430667702
-0.19716075207108513 -0.028136470702874096
0.09236577955376866 -0.14080738359947056
0.06704896873454971 0.22465639552827285
0.23937009074461618 -0.05133903256629617
-0.19660961958475118 0.060206774438630296
0.186528209998666 -0.11033742284182121
-0.16091023052043493 0.13475041067928972
-0.0038606603121897685 -0.18419382614140462
0.12711782745878117 0.09446451898727976
-0.14783461273814616 0.09522442621181978
0.15042578986845886 -0.10845522614157174
-0.13029894689221022 0.1397908174586287
-0.25002473910763295 -0.022537504226666796
-0.08730787710763477 0.11163536741622831
0.13156304405808122 -0.08239818724050282
-0.10287578286777727 0.19514429082374896
0.024298599770401226 -0.17512054063600344
0.08129333064538037 0.17008978491991134
-0.20062334715628916 -0.0633849307904461
-0.16463435071513383 0.06230417215979561
0.03285441154383953 -0.17602729217485918
-0.004591574968581985 -0.20287085419459358
-0.03398683275696539 -0.18254732151537176
0.20143397737988783 -0.07910252585022351
-0.03271809889986418 0.17601497113757741
-0.20195564227198648 -0.03576922126379084
0.08232116034015215 0.18970866315077048
0.15018903621810276 0.07081378112453011
-0.17520943761210367 -0.1867139125221828
0.12718517512833583 0.08647441693094174
0.10483250363471677 -0.20308845135219805
0.010928423100411064 -0.20936257063615538
0.04333774281648202 0.1406237685536707
0.07991001756754765 -0.16929536171635803
-0.0835874605817447 -0.1634852895288898
-0.20452764826575015 0.025761679122297935
0.1772171491883019 -0.12458585268519583
0.16957178315563612 0.15194015245181197
-0.017360877489769146 0.15080346208828865
0.1513562171580253 -0.07663558646370949
-0.2044198700305903 0.029641162644087487
0.14998180008764922 -0.07381054992826414
-0.07445401507293549 -0.15896372371186562
-0.20492601723110657 -0.06748647362871224
-0.18393526648410277 -0.09145304009708535
-0.16219620953054323 -0.11448199082762006
-0.1307598750120415 -0.16882484376059015
0.05535384149645981 0.1919749697318776
-0.21725515681073754 -0.04033852480263715
0.17216571769211794 -0.0067928647059601836
-0.20667835433895354 0.004165462217070176
0.19731542956030088 -0.03990433128776761
-0.2143325910291922 -0.026442495376594294
0.011935875475167595 0.18633310975058032
0.22407454284666142 0.027716337143387178
-0.17194215046127073 0.1284650465588993
-0.19838348426859473 -0.0017695554073673576
-0.013935802625391795 -0.2175820452581523
0.15045423202906194 -0.15760757998246094
0.191857607370651 -0.11787568408171797
-0.1924065224134161 -0.177295533349983
-0.18453586255562807 -0.059593797198001404
0.03949637435238053 0.23182262479526508
-0.10671478852292016 0.16473832669984137
-0.08544706110841813 0.1252994119483359
-0.031684308243235065 0.20688419617030662
-0.15625075617200207 0.12803423915581144
-0.17913707819066055 -0.07321604553140848
-0.026544113447272685 0.2139445435783471
0.21463247618050948 0.05194617774284361
0.1862011534792903 0.02208708029974974
0.150399711260219 -0.0594106508421237
-0.21536533967013466 0.027159878132878304
0.2052250208540071 0.05356556704231967
-0.1570196085457755 -0.12911422899451294
-0.25087072028372137 -0.035878055726638707
0.10584626815856177 -0.19023325821137052
-0.1644923116144509 0.10764939703053157
0.060997702038638725 -0.16737475607683683
-0.17812368474530207 -0.06594474895190672
0.1598332383171618 -0.08902562414981971
-0.10685277379833508 0.19034478783064476
-0.16474707530134247 -0.10365320389706263
0.2223371711179586 -0.07743402678617597
0.15780417047909567 0.08705155318962877
