0.07320644675529382 0.2013532725171939
0.07994855800743786 0.3048717362672812
0.34753702708504836 0.17751185372449044
0.41048000776245674 0.1355849077783223
0.4261065440112657 0.21596798453977026
0.45515126801326394 0.2560970619120319
0.19938139062802318 0.4756675331718173
0.25114468275478 0.42453092891137384
0.11270493284617292 0.08735503648637105
0.15306484615343302 0.07587034492890347
0.18216785509516775 0.07895145651942646
0.14156293820740062 0.10594158815880421
0.30004790714152585 0.47009255031138053
0.09180867349307757 0.35808681143541327
0.37499016210659675 0.40778672624927553
0.4315363533400374 0.32226273221018514
0.341491247493701 0.06670011915665872
0.04769444492707152 0.2335491893955347
0.2488268416105538 0.034305096643303876
0.36816071999864963 0.40540160984340207
0.10736505556478003 0.4244151323472682
0.10105890147235058 0.06684911109260924
0.06376061261411775 0.2243076478853019
0.2722990840230949 0.07489154929584049
0.18720864456120356 0.4471121099167177
0.040405365224172034 0.26168008444510854
0.25076078202144625 0.02467007644819326
0.4481246310518057 0.14895541581104776
0.4368440450786776 0.19993574796630634
0.3678225813279904 0.12507109584350964
0.3916656466794761 0.41256312283842334
0.4776944498243512 0.12908728704428024
0.0813665948489619 0.15524045950900517
0.3593653001827466 0.16267452009457856
0.19759957145694884 0.05592490573757003
0.11390485747325348 0.11279317671973597
0.3925339913821322 0.12061458489831577
0.42808641113540796 0.16534836622078058
0.01993491281244624 0.22438941642766017
0.31051646954489565 0.4317715187790043
0.28878108295041044 0.06010315670533388
0.049806683668223495 0.2618253835350192
0.32043963649775453 0.07042787759980412
0.05512305757229643 0.41763378417057373
0.08385788222558627 0.0848846116261728
0.3391613320083 0.4614806063851748
0.17070146691909313 0.4395645198306723
0.2135299676009026 0.4184291874150748
0.13483145621159387 0.10636797759333085
0.3547788791757177 0.08420039361688372
0.18603191213171286 0.03805456397548147
0.3618795357687092 0.049975912191290384
0.4445961725476249 0.18297071451674607
0.0939567832859337 0.20765150663135187
0.11613574186832114 0.3886047437232002
0.05376671480006409 0.3478226521854386
0.32723171005175367 0.4455947597311186
0.07635545897498563 0.11913189068067126
0.393008831501721 0.22552465764336632
0.06642509722112408 0.3705717004396723
0.30962653334886225 0.03771155581103054
0.14239982888515798 0.0730005448189424
0.2852512686506309 0.4645422167197088
0.1077262039098508 0.3682882675366501
0.19973642569868647 0.06788988334939028
0.16887999918051955 0.4121588871980418
0.3756946694649401 0.38504694886896623
0.4298018769658005 0.10374097206291952
0.060117632791805584 0.29943644859623303
0.10946670580019666 0.4245120501955187
0.43480363974912817 0.19447897393603095
0.19143382358655633 0.101272478623459
0.18969931972427803 0.0807726710625728
0.30249012773792144 0.051377347055954106
0.14070174674649044 0.36983532182373136
0.12882629603858725 0.41092556073259795
0.4566389092720552 0.24697816655115226
0.10323186153194665 0.37455151364020967
0.24362743337694165 0.4159994182901875
0.19334606753547265 0.44084674710902866
0.23196157581482987 0.03901906772249557
0.03312175276593449 0.27378259093591567
0.22936545046275786 0.0409177129309844
0.27346695786292624 0.40821378452798124
0.12457559042131067 0.34644786046224496
0.4624112058902667 0.37982743119377077
0.22268638996318257 0.42696630504123095
0.3446996698531854 0.35439182064666247
0.45049599623818537 0.2408017662057717
0.47402315831013797 0.2081140147124254
0.11993080525973554 0.0716430115051978
0.4292980429175315 0.34129681013618485
0.3627518894449645 0.08284552427126195
0.09770021234904688 0.36063671117446855
0.4623009124037182 0.13715637949873363
0.47183573511283794 0.15267271284317496
0.34961697665645725 0.42651858895200423
0.23005977195099844 0.07836922298228649
0.37236151983358023 0.06836231720474861
0.33020081610424185 0.4151125528605892
0.24506607274903117 0.47392210807555035
0.4378255657062527 0.1935425629980968
0.06237663525545265 0.15852523398609858
0.4372085730141864 0.28749643452364293
0.26499439558786336 0.47080518970127855
0.06418903031872994 0.13441719112732115
0.05351190237568564 0.16044240614104255
0.02828259850099025 0.21624857716134013
0.1011721745607767 0.3677849383021277
0.23476296693295967 0.042644255913069105
0.20771537594306438 0.4354143655537195
0.28832359200618474 0.443767583288991
0.38054860639620447 0.07789185912120342
0.20849707835881442 0.4748578906755983
0.06978526969029478 0.33068152465954886
0.44600281491635796 0.1995295720512445
0.40161193440363147 0.19532229527050268
0.23222577928838692 0.4639175130943321
0.20581395075753106 0.058701190783559294
0.23053232954257213 0.06570802064103205
0.3090867256248061 0.07210741258916545
0.32142431601139243 0.11327664563327657
0.13321937035284387 0.3833967793703231
0.23652987731676428 0.44375259802456407
0.4053568064445063 0.0982914735433292
0.10817097828480977 0.4195234022941504
0.3439175238897039 0.11468951532155605
0.44728892167236467 0.22441828768721792
0.14144417026486672 0.06888401400180168
0.20818486199364453 0.10685827179300555
0.1669175845548899 0.05621116118744525
0.3014699774964703 0.06075713992115489
0.15561445069223906 0.04465937691860629
0.39740212708823114 0.40158880353284243
0.06925397660447917 0.30967226017367516
0.13898606187645354 0.39885170334497466
0.3088251836861751 0.011214011903747864
0.12722041549461718 0.049322299767366864
0.4536991981864989 0.2757034196412394
0.29073014775543005 0.04985068537088935
0.07616100398427017 0.23770190673803426
0.180926498082143 0.03546471081977198
0.4585507967615073 0.2782813887333108
0.3988709785885832 0.3858892729657072
0.4635382487698943 0.3186988187967397
0.16236006571469597 0.023466990773940093
0.10395744401386757 0.4115714076090451
0.3441259506575653 0.08623677347461589
0.3167186969973814 0.44579601243011174
0.23445330970103181 0.073056512242567
0.050216027787108306 0.19547992451611831
0.46290622183773533 0.3104724912097947
0.39895423987660855 0.17358731279184883
0.3732386478610639 0.3723323858814765
0.14219265361169803 0.4237136131606295
0.17285174690345184 0.0718806122188172
0.3343236584713957 0.07436273324018643
0.22551162849432163 0.4326964484582765
0.19001498449900878 0.44809183554774445
0.30434425926687303 0.09001836500140484
0.04723277028102035 0.29504425533940226
0.47206411477455335 0.11394053661749418
0.3517078862985476 0.13880393609471345
0.4661357031230726 0.3499020743942548
0.4611561655499515 0.2905878117427252
0.0351183296386518 0.2151128516961043
0.1502691678733616 0.10231573402938565
0.06214944224798115 0.33896238989727195
0.035664811777861655 0.2679712112926432
0.21417129077496483 0.4617664796087922
0.034539133071372505 0.2652307783229169
0.4398925531352778 0.2656153838114494
0.230053146490951 0.044759801587922685
0.16133897408576833 0.39680779857793086
0.10313894090946144 0.3611196054652149
0.08847735112102945 0.41495287813388143
0.46147110006774295 0.22859048642682175
0.13147089849297985 0.022833410701218693
0.04514954456752515 0.25069298481154534
0.11576069052091227 0.3526566113134989
0.08133810545876814 0.05363819563051256
0.28031138345236584 0.003649434430365049
0.13308705404981871 0.3844244417602922
0.2931388787091762 0.45534136942561665
0.09696499167299158 0.38280541164882637
0.14239245068913317 0.4475470790752761
0.4757602558428542 0.17677619089316246
0.3437628814294835 0.09479894963689878
0.11292978375576201 0.11140024253774926
0.4818583395994151 0.2356246381709967
0.4643306969731297 0.2198429485635332
0.3877536251319252 0.41930446058532966
0.40552027528934564 0.33860454943368257
0.29941359429486575 0.06134214496353642
0.1132557560977312 0.13551308087549085
0.052500132278630346 0.30165641929084297
0.04775438587767722 0.20143094774515327
0.3970079854028731 0.3287994845518514
0.0978291629391389 0.11868158050809327
0.39892406700665867 0.4258545797376693
0.3239980751316407 0.040489721107742474
0.09345257961415493 0.2354569303643924
0.3992705943333963 0.2684467919957025
0.44967891972719665 0.2195773074210237
0.1989286974861843 0.4453915220199678
0.1885572990938463 -0.00043133028146635777
0.12832331801737876 0.3972795545857461
0.43196372654212184 0.3501727888538018
0.41733686907179474 0.11690618661053523
0.41395708686565136 0.31324638269447647
0.127684869194785 0.4578885666557768
0.26145844820847186 0.43662495707116755
0.43365031776451235 0.38931898323225494
0.231371891752587 0.04039203586988891
0.1489658279037658 0.437894718392166
0.3724175583879321 0.1128576424970635
0.42467136747384576 0.2268067069797642
0.3446573750992235 0.09133112115818919
0.12156852717654995 0.40485846434689515
0.0802949292490229 0.1418136610119215
0.10948673784369684 0.14195336023081298
0.05377983139544832 0.18493721130853338
0.16430864343064172 0.09253412544496512
0.24714773500612083 0.48291682625255333
0.21135902747709914 0.4166283828759637
0.19013248197640747 0.0870857710281368
0.04346205301537916 0.18859552239965383
0.25123775048962 0.42799155967626396
0.4215456617165963 0.2985885048041991
0.37831967051977733 0.10069253872592702
0.09831955886406238 0.3084748337141572
0.17552005396541656 0.03063138944017374
0.4172571080957969 0.27479659596504585
0.12378862973377079 0.3547441397225324
0.266235533563486 0.4294223834110691
0.33454062136309093 0.4537564433224674
0.4244674037234766 0.22511110280162794
0.4074404070996149 0.13673672769953726
0.4227151274291999 0.36222406693336145
0.4331548235904577 0.2015195852647938
0.15067825928328352 0.05372266769202012
0.03949344183653683 0.3578688220605124
0.14840939714701037 0.09997733829656305
0.33911403490362363 0.01485479983370433
0.1298760009667627 0.10733838181458052
0.39912906300592466 0.36030459389849184
0.07273083314476142 0.23947757543157536
0.13837598314078822 0.04932098084514139
0.4525907363933881 0.08951411085098754
0.4379455360374786 0.277002627653825
0.2726918998313262 0.4362536391768401
0.2615844806105118 0.46793411242249844
0.08806260754156302 0.37555353279324805
0.16827246038131952 0.396546946596675
0.1877555547533388 0.10772130224590601
0.04574899841336545 0.17493071689278095
0.1801253618121628 0.04357832371009922
0.3428704949716043 0.05861116430438112
0.07602267194937012 0.2284407616165213
0.4630414545567919 0.2180201300631057
0.20500341708075595 0.3928847186877261
0.389809750715279 0.1335692033222122
0.4288530988434516 0.15198692824039728
0.27744788178270935 0.42839022301423463
0.4598922668485369 0.33774980208872096
0.43897018497820145 0.3678503512587476
0.4337181243620435 0.09416364989752099
0.43781024462657203 0.3168896583477251
0.25433305976534937 0.03332207961274668
0.22697466998932853 0.46811858455731725
0.04248124277419652 0.35964787507472606
0.23410695659347747 0.01361329278419171
0.039675138070776016 0.2832709843206754
0.13807871133114585 0.057462439543821985
0.3732457048639609 0.09038177855158615
0.34843970145281355 0.3836883894887283
0.10326013412242852 0.10209892447464752
0.3378898654733749 0.10571677627371492
0.29904550467086827 0.08989836128072189
0.38492817799078977 0.09534362171929919
0.17848736372906893 0.06846316158013824
0.08425077661575972 0.15609258201279388
0.3975917737397574 0.1953274844282324
0.21907401745841132 0.44846039541407934
0.13943170504777444 0.09839472333438093
0.3313891396422983 0.4255671510736405
0.4501268857823997 0.21446616883914793
0.16251444855435762 0.10322511353691732
0.10581566051455024 0.14998486119160448
0.060987437591519054 0.20350477185518914
0.4328443300687481 0.17637601619655038
0.29624862219431825 0.07239214128060525
0.08128846394322581 0.3611094787165522
0.1737794161203362 0.0705974189458814
0.21066761748121757 0.047868632640300744
0.07097812392475998 0.2339247828904232
0.3036173684728422 0.47872637835516485
0.2504417430287674 0.4915765359008485
0.18038129706025213 0.4408528806023518
0.4853685662986904 0.2423487606316522
0.46013608555929925 0.2633261478026212
0.2070898949230323 0.44947675064665676
0.06261336954034998 0.1974647118931453
0.29316243257898067 0.05799654691882919
0.09557979593829079 0.3517798842545591
0.2772904181898485 0.054326017551372986
0.04973178033119111 0.3762002618153249
0.19040092707901538 0.3938525896063626
0.2693402148809104 0.03783831878343156
0.20349142213028582 0.44652521594889194
0.4372217612853401 0.21104858798922588
0.4161502354198715 0.42524682062556485
0.21661707266958177 0.4848090787937977
0.45498740529399007 0.19083114160127218
0.4021108612722433 0.13622204524473758
0.18909535870194363 0.43789767050302497
0.13294457845419597 0.10325360136398948
0.11568938748578511 0.16256259535893647
0.22843521964344224 0.4391571731509725
0.21818581140436544 0.45857561385304424
0.38315815028989175 0.16350135611152322
0.11820038541109669 0.36417806563218763
0.4451705629029972 0.20752797685967506
0.061955247625053514 0.06442901136067818
-0.0014204101012526768 0.187312939914474
0.09746583607835363 0.30067300249840767
0.11218855077978798 0.06962126171694405
0.3878983251302575 0.37476458906555415
0.26828779343148157 0.4147768270376952
0.04362600239607303 0.21211570170983077
0.0511691736088366 0.29916706151178396
0.2662189250505645 0.4551962640793601
0.14371536304362556 0.4123386766382163
0.3963197863860906 0.37179124246068856
0.04837795471582761 0.2114603935045966
0.06377710735647651 0.3323241979650845
0.014484614918774175 0.22509018950510504
0.007826996733721205 0.2557548833763035
0.06412949925659774 0.29885514377152766
0.27414820929492173 0.4133931757014918
0.22798723123369913 0.4579526854037249
0.15533260775962104 0.4471122930916626
0.12333074827263628 0.1113479663271254
0.11048120491670554 0.14521053144560309
0.0698225061219997 0.16193111031946805
0.06147693838203536 0.22221792323300374
0.4510430819346839 0.4073608586047892
0.062324176954371924 0.22087923508368262
0.07971757809431199 0.18096775820671124
0.39509653395160094 0.1563274325083141
0.35545735107508086 0.4705905289738578
0.19508470058971647 0.043993291952973926
0.1784608528644556 0.08136277042084357
0.13555236653871403 0.047769845062522194
0.2521712272120503 0.4205302858373176
0.24246000456541794 0.4909663699117361
0.3064154381996985 0.45031566070543533
0.2872534528614861 0.4491668821465966
0.3247999734717138 0.4646679530350525
0.03757620960578456 0.20328450897905645
0.26859254082601397 0.4743135986728646
0.1400016498713047 0.3797777157078015
0.07836874809164848 0.13960372277235172
0.45074197063266835 0.18019654631709173
0.4357362063294719 0.10732285567557548
0.12904429918436125 0.4537378152605949
0.07132742220828181 0.33940980694254647
0.3088321085597375 0.43266005628413406
0.08142966344442445 0.3639506724793656
0.2879514936102576 0.4726131088133064
0.1736038188363879 0.4042976734270201
0.0671071175621233 0.3303975795910704
0.10541514774820132 0.34930297524230486
0.434059684593103 0.26481603607392845
0.2848440986543179 0.04056713461416046
0.13887250176108712 0.0845848917349204
0.026632566842444153 0.22714841928298612
0.10778398808028987 0.3951544953427472
0.41040784806319697 0.07769671030883511
0.07262352711583064 0.10389001834170826
0.10282185802758156 0.4067497387408992
0.3013106226440565 0.4452522228588696
0.07393494960257972 0.28988126607720394
0.32043637565937366 0.07373391722641251
0.12996345822605465 0.13560654271389633
0.4371790364305406 0.10801517924119843
0.25410604812489906 0.0778885700499141
0.3474391323869247 0.08600402674229264
0.4613662909464673 0.23343416434250638
0.2167192527948853 0.43139373265488873
0.3199894954293699 0.4698742009622025
0.11805210350958366 0.3983839058422116
0.2634324671962685 0.4125958313265088
0.39788462290938537 0.33993828560036377
0.09859516747164454 0.1870291024669718
0.4502502201473938 0.27583929335696245
0.4190793441912265 0.34461279252969085
0.21093443534557949 0.4740324917214927
0.05877743389527171 0.17434327062727287
0.4284399443731784 0.12370497999856042
0.07516985679034242 0.40426007003336956
0.28427627812410516 0.02344914172646667
0.11472793421079239 0.3272339993473772
0.07605722561612589 0.3611041453413323
0.08647955626138004 0.0937128896924921
0.34422916321938657 0.060550471983232684
0.09798950718680724 0.3368217539805831
0.06451040329924645 0.1966240171730994
0.3623282088454886 0.11799142740030849
0.07025439595574054 0.3201932319342879
0.3507031405933869 0.08162935257182818
0.39105720402212385 0.09510880763599107
0.13982859264512176 0.05714577431324449
0.10882154757993494 0.11247401955295627
0.017118431650484905 0.34619965063248803
0.47445519864320845 0.3594295777627053
0.23785356268289853 0.004838279511162787
0.38889101138984095 0.45643899214387545
0.1835361517457023 0.45149232526436195
0.3901411068845895 0.4331459142213094
0.14275609600863948 0.41236704665282203
0.4026374065197921 0.3811929990661259
0.4197456405109865 0.40591555451007405
0.3509669070204243 0.4274898065991965
0.06047684235706677 0.20133092105171188
0.21035438047350102 0.07776212478104501
0.4286824682500047 0.1270699479175904
0.40992804571235725 0.33006259783114095
0.1318120492021594 0.44644150090006685
0.38276873431601244 0.10932950090893334
0.21359602284414525 0.07159548803552417
0.018364022578729516 0.2713300902710313
0.051183900048352854 0.2931294892043399
0.11278309937910495 0.09853015911711363
0.09088282839334243 0.18087190384249138
0.3995607389076627 0.39095700139311135
0.4151309638490933 0.3555215312435923
0.3646773831662323 0.09547070954367928
0.042122280525158484 0.33321031455853806
0.298224994382168 -0.012830674597755706
0.46805893811724014 0.26676568050318644
0.11926445686017731 0.15515526091237872
0.23662112072774555 0.4373382046944458
0.3108909951371265 0.03515383976263964
0.09206342529128392 0.16207367997071695
0.2173530331524969 0.020725250739371315
0.12290420711165713 0.4077565072897144
0.15888879874435569 0.4174992973828917
0.41626944531551646 0.20523535882313595
0.0350593173568271 0.2673872370731519
0.46660885750957243 0.23717847927180136
0.1522921373045604 0.43416888364493944
0.05734451303144231 0.311017809574737
0.029523076820485196 0.33935954720281725
0.3106035672709906 0.46970559227038894
0.28087759928084155 0.4470239595635438
0.13782298436427518 0.43521248091649156
0.03590557003417409 0.32107909031890647
0.4785417499126352 0.2806829587384253
0.15167604969034787 0.045753082809601046
0.36494307881291543 0.034639313590788645
0.12692070357172205 0.3627231325889138
0.3263053688523946 0.05553281579776886
0.38726561067589804 0.3889224235081102
0.3469493985450818 0.09225611320603437
0.01826274348862223 0.22140907876858304
0.042302931612601 0.2814824759558375
0.19172670279792403 0.07484586395801839
0.12511810190063385 0.0653949986074466
0.4724985528626867 0.3380889502370412
0.419614085848428 0.2991513618561673
0.3934941990780607 0.1083356818604411
0.20313593266018926 0.44126318653229407
0.08271113262178463 0.263720195477936
0.13060192832271683 0.057635496611489694
0.08735258647722216 0.260211712523437
0.2840999526137401 0.44839449836153766
0.22921115332973593 0.04084560876966047
0.4705797795643861 0.19170972076847814
0.47419232655267995 0.3211288298394255
0.485235022532666 0.291325619701363
0.2208755324014718 0.03668910920649586
0.1407315727133043 0.41238792172430566
0.16358409548540415 0.04742934459965025
0.4490890256720855 0.28150111434815295
0.10926414843929311 0.3735503610126704
0.042039612986100525 0.2287510109860104
0.44526593037452095 0.28259312016032845
0.33004320818313054 0.4008257486285631
0.3725525513367012 0.41427020133269754
0.15811815054063624 0.08277048817252781
0.09775248586886473 0.396871259311383
0.4877532286391402 0.3809627891676107
0.07829937099941045 0.1716623990194417
0.31535945179027064 0.45551825693567244
0.08884797586113898 0.15964504410768554
0.14693489741578125 0.05649598204296609
0.11933747056846573 0.38074881204774713
0.038998626033205586 0.18450612662306715
0.2450451131604949 0.05641179443139744
-0.2929167238226493 -0.049826264518849105
-0.4682023040658658 -0.17056968476268497
-0.34140285241678137 -0.13602875797241398
-0.13578688466399924 -0.4137999814329911
-0.11135842836490782 -0.37505376160499304
-0.0838076693428231 -0.4312291272308666
-0.3601365159642732 -0.45937761401414373
-0.05858657780157704 -0.20268282967728204
-0.13089278591429432 -0.0862870163005021
-0.06277370069865489 -0.2797410896851529
-0.07099698028761403 -0.3367898447187827
-0.3636453266546578 -0.4361854707267993
-0.3457699034659612 -0.09123834373267414
-0.14617226252342239 -0.4554167075285731
-0.3942648148411191 -0.41081741132805166
-0.3351490332801779 -0.43961718561282626
-0.2699208698657347 -0.45648738644852777
-0.11387534070818953 -0.09372805315200111
-0.3462331313076889 -0.47903874906427807
-0.3014827552293732 -0.09185780432072695
-0.17182077064692175 -0.09177241859951339
-0.26049399242369087 -0.021882818824376624
-0.2661655306704296 -0.42715098301585375
-0.42687928305862377 -0.3462740306648046
-0.17020528269120383 -0.08633255885367519
-0.21329020640176932 -0.43589452754844854
-0.4883651213583802 -0.19380126427074185
-0.4167157854652679 -0.2583621977735248
-0.18384976321646873 -0.09182341727789009
-0.053748453728203034 -0.2951935246934437
-0.41274538288541596 -0.08051135082767971
-0.4410037083019595 -0.2780845801728319
-0.05136733999761429 -0.2428546642740177
-0.32902692488381324 -0.4097298767548497
-0.38305628219760723 -0.1412925601558193
-0.31880976387968535 -0.07363625667505821
-0.43413608600237913 -0.29624324519722434
-0.05655964542748847 -0.2822980567708279
-0.05942619341277302 -0.26932363830208256
-0.2549614323266093 -0.4521983289965961
-0.07084526848422694 -0.32329579974138734
-0.43691595061855465 -0.34332301894809303
-0.17049125204531193 -0.4298480632820052
-0.39507209925871933 -0.1693177281970774
-0.19458816981854896 -0.05576568480679462
-0.43445332700742845 -0.27442413332903226
-0.48190646295185463 -0.17776613241739941
-0.1308767629787564 -0.41432753499347047
-0.08803353164662098 -0.1569491801703589
-0.08913700549597359 -0.23839530462862624
-0.48677633428784806 -0.32123031063421614
-0.4432371200035622 -0.25721628624075793
-0.3572932925376478 -0.01354410608201885
-0.47363096741514477 -0.2438311396020626
-0.3246668248021184 -0.05760991779129687
-0.37836840460116383 -0.10684595763487406
-0.05497253712415648 -0.21109721294835487
-0.186743195007735 -0.4267131057409972
-0.17825378124086083 -0.44156638051732877
-0.06516835277612076 -0.12075496430080954
-0.4026678525179881 -0.16620849480906774
-0.38433597073340087 -0.21320525756586958
-0.4426393695955413 -0.3107940370459143
-0.39993026370238055 -0.380066600752893
-0.16664840252040022 -0.05065504581738266
-0.3536977737889088 -0.37088856288678895
-0.29867813372018287 -0.114943591067979
-0.3556200257840413 -0.0880449923940788
-0.29519241911242244 -0.09577067120833081
-0.35265432741743363 -0.02928203502513209
-0.437947356466723 -0.23024519931803455
-0.16704510317962337 -0.4356050259501005
-0.26410953384178426 -0.05327143785480508
-0.11777887116160637 -0.15305377168611412
-0.08746409749870826 -0.12650999460154247
-0.3878880521259127 -0.4368545205538201
-0.05884119361688124 -0.16734535729109853
-0.4038820133626852 -0.344188961294081
-0.11122386979279353 -0.11122655969550557
-0.23633240692640278 -0.0110356542467792
-0.046468788948728225 -0.28068049194820704
-0.37271227255611955 -0.1630303605321764
-0.3495838018679017 -0.43928010105293674
-0.2862273540793085 -0.44596877637262405
-0.35529616373638834 -0.058021381229349134
-0.17038875127698258 -0.09050168309848357
-0.41637693923770064 -0.13727777193511026
-0.3664762022509678 -0.45718498701554544
-0.07631166743649673 -0.3086250720692944
-0.32185336569574763 -0.4190783995264875
-0.4684384156780362 -0.3020514135964001
-0.09279002963404484 -0.08728893656306358
-0.39117780479391995 -0.12119222697427734
-0.2878986647882509 -0.4836210911670783
-0.1986582900518163 -0.4608500492898705
-0.40852136926760324 -0.15776963122144758
-0.0890682211916195 -0.3886831580499178
0.007830023518637597 -0.2033834022811804
-0.27762729197699376 -0.4344806114666856
-0.35930871756216604 -0.07623569593362316
-0.2118491491767475 -0.4241199546887361
-0.3801468406138585 -0.42037339575170884
-0.27011801553743425 -0.4109227694895561
-0.47846444315632386 -0.12766083720450294
-0.153361289980896 -0.0949200938571075
-0.3684470116294923 -0.05165050778202521
-0.4309089935353661 -0.3561621693745597
-0.36257555450830276 -0.08970470178545717
-0.3662685268469606 -0.40266593482256413
-0.12960889701240622 -0.4068095990775113
-0.452105934003687 -0.23203306359890416
-0.1189853594407065 -0.10311648653737
-0.4082412608363656 -0.40630549447846637
-0.3455162307038352 -0.11794592932436444
-0.061994392140845345 -0.20098763869123012
-0.39505938762944115 -0.35717701577815547
-0.3925788971026756 -0.3962205384483673
-0.3130575976875149 -0.43710669132686497
-0.0673245870450497 -0.13935851258321755
-0.40744643883621795 -0.2438812817585078
-0.14493454657629284 -0.0862124108471047
-0.0948813730721131 -0.2615322107023327
-0.059646034755704354 -0.3000982601332623
-0.1193561989103536 -0.39854005480166355
-0.04474492789463823 -0.15910628275318459
-0.2585713011948622 -0.06764729795378459
-0.07042918770125467 -0.37664574666850276
-0.45622996092539164 -0.1634237624538694
-0.19035010261022783 -0.07797211327965656
-0.2024728814147121 -0.4373670214116835
-0.04989833294215267 -0.2701474453009405
-0.3238369533414775 -0.40103515815751806
-0.1550838708825697 -0.09722813027114185
-0.4218802431651532 -0.10654343430965862
-0.35654840480475775 -0.44940155541865645
-0.24396794301615687 -0.0321287998744422
-0.2632503994073979 -0.4581868034211292
-0.44693371474396804 -0.1765928626773445
-0.23451761376796143 -0.04916810767976748
-0.059549508300193704 -0.1560236231311498
-0.04806142571353325 -0.23176043066922083
-0.3937144738978478 -0.12992122428437558
-0.08848088955946798 -0.17057448844797998
-0.19968477228048412 0.0070321604929574205
-0.06744067192134 -0.2292282875772541
-0.36793698845279227 -0.4336380628580351
-0.2510630259675058 -0.4644409541634926
-0.059694403875954656 -0.13834405728706148
-0.3519152995013943 -0.08133450910942928
-0.4892309999855486 -0.2043952615404391
-0.28132376575382717 -0.45466388070096414
-0.4436305970166793 -0.2909005860795515
-0.26842974400862296 -0.04970929948969415
-0.08479080848535567 -0.2369830806580224
-0.053705767860807364 -0.28852516378906573
-0.41201105368316865 -0.39317824995382844
-0.39488805311092157 -0.14004459972532157
-0.3503022756231465 -0.3894316263085387
-0.05206386607479932 -0.3864390392659485
-0.2354318687297397 -0.44606371229948305
-0.29121324980011853 -0.4565592190246503
-0.18098614601069182 -0.46357945451876936
-0.22424190850377917 -0.44180097219229303
-0.3469613214840769 -0.07513111945300913
-0.4274585026132742 -0.14909393674391466
-0.051788517613894386 -0.18241307819354666
-0.40800741419950404 -0.36814083471375453
-0.3076259798223857 0.006565599421033436
-0.08441037567460191 -0.37887426725921036
-0.1531829235639784 -0.09797505794963986
-0.4253702481330853 -0.16942283367501265
-0.23966637780876418 -0.4428031703200007
-0.08692896093595531 -0.1933672281383432
-0.0808547195082994 -0.4037158894708824
-0.22139807843825263 -0.03818030148947499
-0.04755250717615089 -0.28811076893051346
-0.17522830033381465 -0.0035944050315284692
-0.3199975393715804 -0.09001924054700149
-0.44739551407854355 -0.28996601817798073
-0.25274185115734393 -0.07878263970308236
-0.4598240996196068 -0.23317234276387291
-0.217485175854133 -0.46850766506070385
-0.2524847385354567 -0.45026085848711855
-0.39662813172961964 -0.1051905266934907
-0.31958551698198906 -0.06564071729316145
-0.42757450837817773 -0.11945103816262924
-0.11479147016989924 -0.07385334864205279
-0.2678348694391182 -0.010354138872017665
-0.43159002754292064 -0.24079619360717952
-0.07853104655333451 -0.32562997643886277
-0.06521736991830906 -0.27731950345470224
-0.2688754848227486 -0.4622895922262828
-0.055694688764556716 -0.2423450471225317
-0.057199480999547254 -0.41473533125232476
-0.4643880564107572 -0.18587697746779816
-0.25753340595895735 -0.4804469222081056
-0.11016353126131853 -0.045653491207254975
-0.2849300301255983 -0.455085739290561
-0.45659542097533273 -0.257274222713669
-0.22880107105593084 -0.45205818993841745
-0.37145242673323814 -0.06640228800805323
-0.307562213370205 -0.07806364987785347
-0.23029743693326588 -0.009898603498925705
-0.3262693909939802 -0.4451760407810044
-0.38752321244311905 -0.4439090756985606
-0.4329329537925638 -0.2954021633811703
-0.23426624566571896 -0.44293846578978263
-0.13857217232470673 -0.08710406462859624
-0.4099911916691999 -0.1168728335778994
-0.46120848010457294 -0.1734535884782616
-0.41055622820427407 -0.1704502975142172
-0.27381331376491264 -0.04794907037384512
-0.038762110657567336 -0.1528831131360175
-0.14735982478228 -0.4015459107732084
-0.046409009762405994 -0.3816005699817573
-0.46715863367972554 -0.291509054728629
-0.34797092575205285 -0.4303130809048829
-0.4293598345586139 -0.19639054875940748
-0.30652107867324985 -0.0216927902955397
-0.047897676818408334 -0.2298241446271339
-0.24808155047368174 -0.45119337248358155
-0.05159051086704942 -0.31511752745027555
-0.21723088489728554 -0.037490615373885705
-0.06053062623331615 -0.3761967711768013
-0.15576500161479023 -0.425502618534167
-0.060221994080687326 -0.1679753007046627
-0.19523743577382593 -0.47051291121633965
-0.051739873899313546 -0.2541199775155613
-0.16419302507884045 -0.05399061879646663
-0.43638189816318135 -0.3161782615424333
-0.18095907980083487 -0.09010692751100706
-0.41895317683089905 -0.3180708699471081
-0.11133828513770783 -0.38250256427322654
-0.42874970316819305 -0.15433271906416102
-0.07148876879942913 -0.36095843382726656
-0.37613226351512763 -0.17404793829598478
-0.21069375548168082 -0.4366523344816711
-0.3470437443645229 -0.038709610736135006
-0.11395692189752911 -0.0889832710253352
-0.42916392900826084 -0.18646444562056136
-0.271992504886277 -0.04611710574358151
-0.08317084982473819 -0.16731407592235864
-0.10720341595669725 -0.385914527510078
-0.21255277963705124 -0.4488895970912274
-0.06588969812756948 -0.16713376809474642
-0.39980184109842637 -0.39055872259482866
-0.4344944734641858 -0.35110161500609666
-0.46034639926814525 -0.3400365810357917
-0.032916164956244345 -0.3945365921585333
-0.08264696475388349 -0.14304733319732857
-0.10770821313527781 -0.37674934635427
-0.2774836666319854 -0.4383082357524167
-0.4286309462520611 -0.18112222932003272
-0.07407264990905957 -0.2730592201456985
-0.24724818957546738 -0.4481566190723335
-0.06820821189928802 -0.2092215626776827
-0.45205027465235925 -0.3312568945410627
-0.20040211715456496 -0.08635259586849647
-0.07275410031233186 -0.26594883215969195
-0.2899384655144475 -0.39815560987737875
-0.054243097512881366 -0.21567600985025828
-0.17798900261813128 -0.39206185230954044
-0.06635371361199652 -0.3726164295945674
-0.09007381161681123 -0.1903700745247195
-0.3734341093903785 -0.0659702043565902
-0.43774385543533906 -0.3120022662782749
-0.43895783511516473 -0.17081479782207115
-0.02480937365202474 -0.2657911356468494
-0.21918112132289197 -0.5072639651831079
-0.09119708128860318 -0.405299096146723
-0.08284151492892598 -0.40717073475340637
-0.4560151677001972 -0.21197284957680534
-0.4177102777555182 -0.3599116986877017
-0.20526205352766116 -0.4703140323036918
-0.05178686332051916 -0.07166735456251225
-0.1308085341006549 -0.4580993757051527
-0.08434859676427033 -0.23937041813391197
-0.44674089956832014 -0.12328667256844268
-0.07066243025826237 -0.3943022344851774
-0.0035315447089237784 -0.2656720434876052
-0.21526830716187106 -0.4398319373991983
-0.20610554692851304 -0.46937150257806465
-0.25136750752483505 -0.4658771873628797
-0.41807120090367345 -0.2523453546096414
-0.3491097341491869 -0.4138019697173148
-0.39171218830123405 -0.45007362388172667
-0.12923231173425104 -0.38638329996158904
-0.4527000108323283 -0.24809539002636874
-0.28195652577012825 -0.03917148639022329
-0.1621140227574013 -0.09273924751612185
-0.4026406165400508 -0.19364459434520254
-0.055018368788495996 -0.1483399778383848
-0.20438565531113187 -0.4397738257728412
-0.3292098359739533 -0.06557166982225204
-0.1581173571353521 -0.4556720491789581
-0.0897096319342697 -0.3093024743778331
-0.42248120800086736 -0.16594227855356417
-0.40304299505449875 -0.3664857522038485
-0.4103710026289884 -0.4371974648656429
-0.4158670230537126 -0.4138602317553806
-0.03714116545085367 -0.23733207816870308
-0.1066976467005212 -0.3842783279168207
-0.40018678751353903 -0.1555042014512306
-0.1263744327053751 -0.3574251085288458
-0.08652412966707004 -0.10721405880200843
-0.0624747853411319 -0.14028429207207035
-0.343297683117711 -0.06799857597079742
-0.3529554932113532 -0.05864042434193435
-0.3213005051323683 -0.05675864658842375
-0.3839215724263961 -0.08332627954888393
-0.26386540873364234 -0.4812566894671473
-0.41544930021103227 -0.3743060958303462
-0.09801376298094686 -0.3972682520323739
-0.3411876445564652 -0.4915542456775382
-0.0870462398533937 -0.1931946205235282
-0.05048375146000566 -0.2263265413227052
-0.04844775337172533 -0.292599983513251
-0.08670812385121683 -0.3870990075915637
-0.4089160232139806 -0.36084781135146243
-0.31174290181268705 -0.46003195567719857
-0.15938472089753358 -0.05042509116807878
-0.2373263352652077 -0.031221435739463562
-0.24663746851270735 -0.4964065955825405
-0.25299678495416517 -0.5016828021084706
-0.43524748204232766 -0.2979258601806311
-0.385973832384168 -0.40233231096220806
-0.18983909885954123 -0.45960711137107124
-0.1931306204228661 -0.07871782281819455
-0.1298307693751949 -0.3997506660574405
-0.3913309654823109 -0.12287720098671784
-0.44269207829727514 -0.26272962799065547
-0.4374608485738367 -0.18616876098106674
-0.06989060328707412 -0.3389302675579993
-0.04152870678894559 -0.23832170036957087
-0.44174500718786547 -0.2836862035556745
-0.27933285701393656 -0.4592792464618845
-0.0882686433112641 -0.3282584420930762
-0.4286243723101453 -0.3431753947313042
-0.0902240789687941 -0.07692962959655072
-0.47062357481316974 -0.21530736582384993
-0.22860576459113785 -0.486101137523324
-0.2249563379301094 -0.4280831368240762
-0.3957007775794102 -0.15878712862650252
-0.21673919474694844 -0.04799388087371389
-0.1440534653265675 -0.03864898051581664
-0.41311780166651335 -0.44109942492152426
-0.4304562631317682 -0.3309830272689168
-0.09275789385842277 -0.40796203152285815
-0.18777904989561375 -0.39725275100514923
-0.09898548310949264 -0.42246178982704335
-0.4042281362256098 -0.2768692039553732
-0.11295292208757415 -0.3977654315235381
-0.2904288245542265 -0.06556289201008103
-0.11010376473008822 -0.37129245663497784
-0.07334044921082974 -0.3822398712416129
-0.17299355055886992 -0.04391993976257352
-0.1881457685073174 -0.02728083907541362
-0.3324646543095793 -0.07413018022282915
-0.11155094194103803 -0.38636698577786655
-0.4224486946032971 -0.3691865981480056
-0.27892886908102504 -0.06207647974529678
-0.2652722562635748 -0.4216876428263127
-0.3253348217731406 -0.08825525520475205
-0.06490717972845003 -0.37715233404900417
-0.05961265058626388 -0.31383252702302444
-0.1319677345678555 -0.07252783217512672
-0.042980200045264844 -0.226069256720074
-0.06641240154686998 -0.08890768476260594
-0.2731478617357095 -0.4476605740944359
-0.44680036097725107 -0.21085474739399823
-0.3328178737244241 -0.06810472517459878
-0.3534896181725464 -0.5104170459256703
-0.4787779691516213 -0.35516455526558166
-0.0869208904477843 -0.18721482942610282
-0.04498492913679437 -0.21688605292215135
-0.4370278496061827 -0.29552633840474485
-0.4467229020245776 -0.2178688208479351
-0.2187832564905004 -0.0512645445524205
-0.42640697061025257 -0.15253785788441399
-0.31206714801146984 -0.46076295643098686
-0.11614692271791116 -0.11086087115449578
-0.4007647379252256 -0.17665426735465203
-0.12775169864193267 -0.1428352161469813
-0.35751083988020643 -0.1245937723581535
-0.4026942020532836 -0.35150014372402233
-0.07961575902034394 -0.3326982572005972
-0.11951681992932879 -0.10447715720811368
-0.36603866793910683 -0.07773209193012949
-0.14676252832763684 -0.1033104568386505
-0.4542151973029077 -0.2768649520234694
-0.34665328836579024 -0.3978830231293597
-0.01042340802832812 -0.30948192366634575
-0.40398461608183217 -0.14109442908707265
-0.3197211758575678 -0.4020292738331289
-0.3361107495680511 -0.41084712023942815
-0.2916577428168425 -0.418159654459028
-0.05034015036717522 -0.2233945629156336
-0.12204580512251274 -0.17822019009759887
-0.4257198169071828 -0.3310970868584685
-0.09712597729895306 -0.19636138402244172
-0.09574655385220164 -0.22951815222828742
-0.4845326453009087 -0.25524102480392147
-0.1013801958819926 -0.3619928693959118
-0.2426568737829151 -0.07769271008153562
-0.43093664598573816 -0.3501439030483443
-0.022384440726457514 -0.17741400239914273
-0.3098117524268166 -0.4216819359865671
-0.05343101379847899 -0.274567054853216
-0.07573467560788484 -0.20927019713525136
-0.11982291230338371 -0.4245020268362177
-0.0669680539866537 -0.23602847641094987
-0.4530436637891976 -0.26502140349119707
-0.09707525774140778 -0.12963363915563628
-0.4214239967659121 -0.3646555853840065
-0.3559835316650448 -0.4270160621196138
-0.15510764082017292 -0.43481169140713616
-0.43870728782465146 -0.3788095264963407
-0.057181796847967835 -0.1401619093055554
-0.1482405823131822 -0.09441952220031391
-0.07662053842795981 -0.22473411107074384
-0.2313504573441516 -0.04980862303647086
-0.4477370404271794 -0.2168201730503556
-0.42762412086803825 -0.38989170760571557
-0.32858539918351604 -0.4642117298809415
-0.3276211531766935 -0.4291371104800217
-0.19482230571328008 -0.049040116059026584
-0.1402706852556327 -0.39226217670421376
-0.02961103297276594 -0.1291897210666414
-0.05352619963275906 -0.08803647773880748
-0.07092335136199115 -0.16671178119083874
-0.1454570674749004 -0.10332224248878154
-0.05073210262196564 -0.16166539206801311
-0.057907030134289154 -0.20488533796137237
-0.433560770620978 -0.35609515387214874
-0.04540555491644799 -0.3225705559998824
-0.13798898639459098 -0.05056853522734465
-0.19831853018411255 -0.07125255348444172
-0.17797626548084147 -0.38887547586187676
-0.2929891989176956 -0.05272518214898765
-0.27950607645630315 -0.017515972674156437
-0.0975984241101721 -0.3759842429442734
-0.0557174149623119 -0.2290182915206864
-0.049307393575500784 -0.3022024518244846
-0.3883731993997981 -0.3711921145563309
-0.4349011667330884 -0.24879257101809235
-0.28283397845161373 -0.4495411765148717
-0.4336244511254269 -0.38211415219121486
-0.0806439707651043 -0.33889317433588906
-0.4429642412035103 -0.30609906670650144
-0.08071924660742946 -0.15798550718198234
-0.06937972268079791 -0.35539051876704986
-0.07075064293492592 -0.17417493591206185
-0.4375661148696349 -0.2051272000883485
-0.06944415304203655 -0.16492910683775086
-0.272910553733815 -0.43525525731380904
-0.4429066594833068 -0.18086450021870185
-0.13252463246711724 -0.08731733229752377
-0.23062674901009442 -0.09037565665131987
-0.20124201671129588 -0.4513946573149851
-0.2679921910960865 -0.06870500653925807
-0.1534747483560424 -0.13698567962326905
-0.46069370157166284 -0.23033449235505504
-0.07170559065849791 -0.3233648890547368
-0.11873134210590021 -0.0874989133288638
-0.3369321688173536 -0.40056825736994667
-0.35742379055121937 -0.058137383457377706
-0.12253652344683244 -0.4080721169164913
-0.09893497072183265 -0.38252176731732496
-0.44439721391293197 -0.20490448839099357
-0.2843230625990263 -0.06500561209025302
-0.39069384739290147 -0.12338205026195939
-0.3192728313080441 -0.4040439522631896
-0.15046081214918608 -0.0658593522331502
-0.07067290072022128 -0.15212191891605986
-0.3629234520091084 -0.13050229453982876
-0.3941843687908892 -0.14492835700489595
-0.4706497411588938 -0.16441827054649286
-0.4795467290569334 -0.26104986365222443
-0.2999031147470525 -0.43224728696752585
-0.3090626441168942 -0.42507850552516246
-0.4368602648746556 -0.16986429125666824
-0.09500751444667666 -0.40681427706680023
-0.4314970264547893 -0.1857089734739324
-0.42743062364375656 -0.2859461698602886
-0.04201276727419372 -0.1601648701655737
-0.07692498738181393 -0.32570721042040385
-0.4321416056787956 -0.212099544837292
-0.2875024723763423 -0.44238452023976765
-0.07697283806614832 -0.11863037845549225
-0.35625583866905386 -0.038914430075054185
-0.39628594788871024 -0.07963383107440265
-0.4070698322363662 -0.14590955330462788
-0.039459676654209776 -0.17019536079196376
-0.4608690130657561 -0.30412586499215827
-0.4305221119305677 -0.3167702982571048
-0.4224900297710057 -0.17542652966333228
-0.4790344278321249 -0.24441686984615102
-0.43805799870326295 -0.12847954625085767
0.012917674623160999 -0.30239678671687864
-0.35586719940403133 -0.40107721761860854
