0.29069573370236584386 0.29528219427990159973
0.33244689723231524159 0.46408347667766858269
0.94295557248045802634 0.96256784480931500969
0.79246645665260229130 0.88148835789450585843
0.35838852517970959388 0.48927265092500743515
0.26871298988214603609 0.35891676474951200726
0.81072984215432974953 0.89827706688321951045
0.51386383674173830016 0.55790334110485284569
0.86440591984413051030 0.94133838860050578212
0.70995733171550279295 0.86499246828083298233
0.64433671769746880820 0.79563918578821657412
0.15335704974669345235 0.26091791585351858940
0.96854449934533093369 0.98479659057651502962
0.56319349142799712826 0.70738430146609265758
0.21468949222601185767 0.24944726678631767847
0.42711097866241565235 0.49317411745930894718
0.82591611720976065847 0.91785502619352898890
0.21320031811530171240 0.25881009564194967787
0.43710766914132120897 0.43839754259555080429
0.13804529944911397843 0.23290385601648327940
0.82879830497729978234 0.98481294973291877426
0.33467294435744898706 0.44548993431743921789
0.90045777272220495213 1.00765759164818557991
0.82306722368581097804 0.85894528693002181186
0.13060782185696698243 0.21298470102770558632
0.36168769708534054264 0.50688262009207918357
0.20491174999817457492 0.33238143482846765897
0.30254346242104313003 0.32284144609505560641
0.51940087905490983644 0.70392555572322756952
0.36377187412239941899 0.42830796665066728224
0.16062873821615025749 0.24834291078172959777
0.59616825143107399221 0.64860353283736249530
0.28304842797008078481 0.31052183842488967347
0.28751010507484109358 0.34493501662965997401
0.35293262318780244113 0.37806253894494329382
0.56178190273224004603 0.70507000480886061755
0.19010873179701387459 0.21148460568926713554
0.07736178461031154030 0.09004509873174146306
0.79279001331391507623 0.89950828376908831263
0.26792956980820120672 0.39079131169836495152
0.86020842363949090448 0.86041333869554925684
0.98683194730708501119 1.00268722380471864142
0.26215321282371595313 0.27253729665376102975
0.11953261260156092249 0.20215804975519099940
0.19942055891011967184 0.33726337874193745847
0.50696692988244240752 0.71138112928980246075
0.75563892990959058427 0.79100260049864445921
0.40564646638169488124 0.49480054209346147065
0.73357964423957633393 0.77119354056411437703
0.08103890360272099358 0.13253259610778861388
0.34149212479384333241 0.36769192642013109884
0.26458562266051738332 0.33312524541092086716
0.34269689555319438057 0.37827550528212783298
0.88570712479036972642 1.10494034126483731129
0.42218746995095468577 0.51422432395506723068
0.67131080170972901033 0.77903011056548943092
0.08071418868079018039 0.09211467823916451303
0.53513333044423727625 0.57012867168514269611
0.28274572334961239894 0.31656384289952083089
0.18573904393323825701 0.21126876654510073905
0.69381860166719155902 0.70289551880975287279
0.15249059971911668732 0.16282773917670581576
0.58254314950677466012 0.60956558348540179626
0.80867035404887843697 0.85278728735799891325
0.16969741205425703523 0.33266399187198769649
0.62844274027111346470 0.68197367775981132532
0.77809932185932006998 0.84361774063922834177
0.37123457047761332372 0.45818370491679860645
0.12710093046604925560 0.15098709160516082806
0.22136760780915296087 0.27229930700200094540
0.82854394092106053993 0.84479770566149647859
0.31170446673456259079 0.47781300591890890628
0.45742252117232745645 0.51812202665056705797
0.02162117312868297447 0.11839881500817237003
0.64476956451003752946 0.66368370021444289542
0.03295196892619614570 0.20531188865640134789
0.16456769518732838886 0.16654866697008718912
0.83391459548923529965 0.90062144220673401307
0.03440895371699631555 0.23549289488081454058
0.66823468808485908532 0.67665521500294145696
0.47511315985415059071 0.51572266636026775632
0.22841322358467730513 0.41858871562492316887
0.42479720256614017515 0.47587604538215777517
0.11088625672294620539 0.25962040225291344031
0.19968956414494601348 0.21436884371128858695
0.53621114496844479724 0.78718972886142402068
0.39465211373079422952 0.48159457461366994568
0.04228766714646387676 0.13757705747446163924
0.37613289395794452519 0.42298505544592218675
0.48681075915624133499 0.64687623770009006208
0.63853618986659199663 0.66416677206586993698
0.25827450730955159308 0.27359316711874437367
0.56791301079988398826 0.67840886901902108796
0.47493016663423626156 0.64739807192890785892
0.76621654507230152475 0.82086432744203219336
0.79240965069451840819 0.85341303754528197167
0.58685111619803342897 0.62095378685917257400
0.02904033376374045433 0.10203034244470790548
0.05107070428615495539 0.13343844681415090170
0.87265670003901629759 0.93248262488116340219
0.40165348193741434724 0.55739202433226953115
0.18371007907267736248 0.20385480532547803345
0.60782955422425666292 0.62777061868556960356
0.64695926195744601905 0.68479517539322398711
0.34287214999339638011 0.50486221611086412597
0.93059487905766569149 0.93403078137430139982
0.30176199414468413140 0.31084478067195936424
0.27093245243044133952 0.34278762893320030569
0.06124274680382679747 0.21625202556049916147
0.46159279814498960226 0.52630198845826225984
0.83427861298945116264 1.01939920378071002816
0.13534123688844201805 0.18561715992370919626
0.65288386674200726834 0.69690505807438840602
0.34930198891390884519 0.39625607441482202375
0.37882629479196128219 0.51574581827193000105
0.76898287379572138889 0.84267940246947636851
0.44825388083892769853 0.45647430436220315375
0.51774568974986590053 0.53558378410233820066
0.62854833908947183030 0.66458052274342016563
0.74449497866158220738 0.85896914676582691861
0.37124991840399163001 0.45133735785801026852
0.18960864682850142593 0.35480222941963202032
0.92446673140676960401 0.93209490546020301593
0.45931484238488673455 0.46893637383509689798
0.31831442614795457668 0.35530978847115080033
0.98495950039844570867 0.99161626403865055224
0.71409266638388824155 0.77962920939810342880
0.76884338800436913264 0.82234061131858593452
0.26494281332154456798 0.30288744533488998201
0.12585739506691895340 0.24341684079761927162
0.11508426323641920974 0.22424576252232961138
0.65812322904575726312 0.78697286132206012432
0.82714324542529726880 0.87904174639746346376
0.55228641568626268832 0.57608291799739552719
0.39745654999220270120 0.48574845450985426609
0.22955319251685316062 0.29053278880121402583
0.86839044334878168208 1.02754002556507706423
0.73158285573633918819 0.82738368721674604434
0.40057544661389077323 0.57453046797321050132
0.42629536483480562348 0.50243919000244519069
0.59316989229464445188 0.75361335396651996099
0.73555904560726714791 0.78094175325721559844
0.26068365743923149758 0.28895078906346083336
0.81217314324509182200 0.85927394160179959570
0.00762795620272620212 0.15306516827745902942
0.35631215514344882767 0.51443596567824789734
0.34981861180526224731 0.38956064013493180154
0.43948083079866701040 0.44320408990650533854
0.29884727280525824611 0.30138195934682165955
0.28968802467779752874 0.31742684469073378928
0.51755554962936312080 0.64423113477291726880
0.78241641501607195330 0.82691243524579993718
0.09105797836148193936 0.14438393348715555797
0.69653892151671925603 0.80936402285507158538
0.53233825260625000642 0.67789865485024980440
0.17684484523654925292 0.21345533601733762685
0.61336303135707948009 0.67230377195321078254
0.01086031376517510028 0.14295930193083278281
0.15674028672934101070 0.25677763699662081720
0.54510814491250658698 0.67563388296899629104
0.48426460822340283707 0.55165125080238830435
0.22515319117657522918 0.29458486362174113316
0.49777713630377573573 0.60156185687832564035
0.24588515584703285466 0.37846601257291057063
0.28645760122825725258 0.33192337976075558803
0.33337875319228571502 0.48774498004485911107
0.28199226049490250245 0.33814573406497766550
0.99029836451112362994 0.99786671594209397362
0.52006594360283930900 0.57037063157177636530
0.77975088149751348165 0.98533158766791351102
0.79695158735115900761 0.85017379169966478258
0.91693246728142252522 0.92375689790988224637
0.85040884571529140601 0.89126043384649000778
0.37638974817081616298 0.42391507487647073216
0.85112118823263305245 0.97191466810101112550
0.03264673059211087996 0.05168810421782731729
0.51954835236664398401 0.67186702253199603874
0.28918510179656847781 0.29836652269172142526
0.75075797235671504204 0.81260558419897588323
0.08376672762593714849 0.10675880911028748366
0.00379955454499177059 0.05435408498526399235
0.03380994192365263662 0.18937080484284704585
0.50624162461652810752 0.55408145260457730696
0.34705153475024880239 0.40014172971158629144
0.81229534117683044325 0.88048202790975260701
0.37960654388901043932 0.40614128495151907705
0.17428905610566713946 0.32525841426180601701
0.28570117669216549272 0.40095711402662620459
0.26751784040041287627 0.33694401614845886916
0.85756213851658991132 0.86427545470546296436
0.21758508178101582109 0.32429584984315679153
0.13207852142429854503 0.28550227032046415765
0.37592739989081119800 0.45279277618752350465
0.79048496055956807282 0.84625543736994646160
0.46516604049948112598 0.53788209579938373039
0.79989740569071254850 0.86380235563889928851
0.05753111052079992738 0.13574158324263066455
0.73812418019651504508 0.84576584490769923796
0.52190292055708076280 0.61461425612800513196
0.52463574978098515000 0.66986103931902241104
0.73318275595521598120 0.79151424909531686858
0.48670620905230266295 0.54683380218876775913
0.86156829973123105759 0.87633350130907627928
0.93916565675209007225 1.06017310217782489978
0.29187544355644406968 0.29486584489336148396
