0.0 7.827262565216576e-05
0.0 7.958602327954002e-05
0.0 7.971507893183881e-05
0.0 8.108129661310663e-05
0.0 8.192276039619036e-05
0.0 8.33872130264029e-05
0.0 8.498704583781803e-05
0.0 8.516446252363215e-05
0.0 8.643229169275345e-05
0.0 8.658509276607148e-05
0.0 8.665165388276322e-05
0.0 8.773346113924355e-05
0.0 8.799421145590171e-05
0.0 8.810664246972403e-05
0.0 8.908396987371972e-05
0.0 9.021294378325695e-05
0.0 9.065977857534199e-05
0.0 9.07730740931152e-05
0.0 9.240845394198426e-05
0.0 9.337063546426158e-05
0.0 9.403194117400274e-05
0.0 9.417642139679355e-05
0.0 9.43146112158365e-05
0.0 9.47940525944373e-05
0.0 9.509743660593621e-05
0.0 9.615420168547098e-05
0.0 9.618996484891264e-05
0.0 9.640261007072511e-05
0.0 9.657294009915242e-05
0.0 9.671188635915239e-05
0.0 9.700461194694111e-05
0.0 9.758337459195123e-05
0.0 9.783080472273463e-05
0.0 9.823542669690238e-05
0.0 9.829341671192323e-05
0.0 9.879746801549415e-05
0.0 9.948665966517718e-05
0.0 9.987186442560608e-05
0.0 0.0001001139596570084
0.0 0.00010031218131290356
0.0 0.00010043771638661291
0.0 0.00010072474307335702
0.0 0.000101196329978562
0.0 0.0001015661670437588
0.0 0.00010223349584352616
0.0 0.00010265896828798288
0.0 0.0001026932185695105
0.0 0.00010273614801570288
0.0 0.00010304180703759885
0.0 0.00010365480858908459
0.0 0.00010367120003899535
0.0 0.00010381204593267687
0.0 0.00010387335746287743
0.0 0.00010396025148499284
0.0 0.00010410085850258266
0.0 0.00010411192642816432
0.0 0.00010425817547153882
0.0 0.00010431226384372874
0.0 0.00010458405933586458
0.0 0.00010475357036054894
0.0 0.0001048239136820258
0.0 0.00010583063990787741
0.0 0.0001058374421889646
0.0 0.00010587643586717008
0.0 0.00010628895212741559
0.0 0.00010668370055646011
0.0 0.0001067752469748375
0.0 0.00010697675602075642
0.0 0.00010700583065363074
0.0 0.00010765467499392204
0.0 0.00010859083039725709
0.0 0.00010898340619137243
0.0 0.0001089948608687216
0.0 0.00010900786255314075
0.0 0.00010904244271117595
0.0 0.00010906456718728727
0.0 0.00010932346337047183
0.0 0.00010945888336435638
0.0 0.00011006253462311023
0.0 0.00011007656006220806
0.0 0.00011054176556324931
0.0 0.00011074895076010886
0.0 0.00011075145327154562
0.0 0.00011076916422748667
0.0 0.0001108975658142963
0.0 0.00011101615073124265
0.0 0.00011123382372603261
0.0 0.00011208656587315974
0.0 0.00011227086446542494
0.0 0.00011231428303885269
0.0 0.0001124801312967978
0.0 0.00011266193875267824
0.0 0.00011291360040280016
0.0 0.00011319675957186927
0.0 0.00011319967158517751
0.0 0.00011345956877293676
0.0 0.00011464782945342116
0.0 0.00011495436435431999
0.0 0.00011508673583427248
0.0 0.00011526372026811116
0.0 0.00011542766889237473
0.0 0.00011545066924748893
0.0 0.00011561820101312787
0.0 0.00011563769785223061
0.0 0.00011564898190379998
0.0 0.00011579494657087486
0.0 0.00011604316158024525
0.0 0.00011676876477133311
0.0 0.0001172417280578283
0.0 0.00011746033380688105
0.0 0.00011765434669354168
0.0 0.0001178412615477635
0.0 0.00011807907975961935
0.0 0.00011812244145778717
0.0 0.00011912563004247137
0.0 0.00011912586891856306
0.0 0.00011921992922342918
0.0 0.00011941575074335546
0.0 0.00011942456640864404
0.0 0.00011984320244685762
0.0 0.00011989992983110812
0.0 0.00012005832743000289
0.0 0.00012013383502508106
0.0 0.00012019188191536184
0.0 0.00012020211946214857
0.0 0.0001203362427001068
0.0 0.00012076796004810342
0.0 0.000120769836931681
0.0 0.00012080693097620494
0.0 0.00012113739898648075
0.0 0.00012124254996703252
0.0 0.00012129721846687369
0.0 0.00012136902917005664
0.0 0.00012161328566133615
0.0 0.00012162176007506518
0.0 0.0001218258057575768
0.0 0.00012201382399184119
0.0 0.00012226638427106996
0.0 0.00012231330636050915
0.0 0.0001224186962171526
0.0 0.00012270539302738914
0.0 0.00012277408696632813
0.0 0.00012294496299725073
0.0 0.00012352641015452937
0.0 0.00012359558184565174
0.0 0.00012371018549440325
0.0 0.00012406489374045966
0.0 0.0001243505099207576
0.0 0.00012442117174369004
0.0 0.0001247675762017972
0.0 0.00012496211234084916
0.0 0.0001251288592279011
0.0 0.00012574511404425464
0.0 0.0001259032727670577
0.0 0.00012595456287645926
0.0 0.00012596732568478672
0.0 0.00012621552931910512
0.0 0.00012624786859189924
0.0 0.00012627532796739165
0.0 0.0001265338260237567
0.0 0.00012658176049282262
0.0 0.00012661885453734654
0.0 0.00012765083337860542
0.0 0.000127700565105885
0.0 0.00012792898752480103
0.0 0.00012815279167261107
0.0 0.0001282901340502811
0.0 0.000128680753335455
0.0 0.00012874072260952128
0.0 0.0001289843762230456
0.0 0.00012917008532175697
0.0 0.00012979995607533687
0.0 0.0001300015219965157
0.0 0.0001302619879368742
0.0 0.00013053802632340055
0.0 0.00013085929191662029
0.0 0.00013100191231841152
0.0 0.0001310821064349076
0.0 0.0001311864611618204
0.0 0.00013119574320424036
0.0 0.00013125410859597675
0.0 0.00013126380014026818
0.0 0.0001316571721880225
0.0 0.00013206179416219024
0.0 0.00013237367533752215
0.0 0.00013242517019785942
0.0 0.00013317898351787073
0.0 0.00013328792239073356
0.0 0.0001333032559608097
0.0 0.00013358970251990256
0.0 0.0001337068200551428
0.0 0.00013392776906490453
0.0 0.00013434717860665311
0.0 0.00013443243462128265
0.0 0.0001346778172427087
0.0 0.00013474259816376478
0.0 0.00013544341511657676
0.0 0.00013570897708022465
0.0 0.00013593589799227863
0.0 0.00013595928509916035
0.0 0.00013603011754787257
0.0 0.0001364461714492855
0.0 0.00013661675172885648
0.0 0.00013671805794183723
0.0 0.0001371986652632665
0.0 0.0001372078563052706
0.0 0.0001373040892450659
0.0 0.00013757008346068926
0.0 0.00013759008080207934
0.0 0.0001376442260495292
0.0 0.00013816319004625278
0.0 0.00013859432726659817
0.0 0.00013885706821735374
0.0 0.00013894620312471026
0.0 0.00013912393831197996
0.0 0.0001394634153634281
0.0 0.0001398522487654403
0.0 0.0001400201104075868
0.0 0.00014005027704545173
0.0 0.00014036161221828833
0.0 0.0001404601201684807
0.0 0.00014048393952733785
0.0 0.0001407334967928425
0.0 0.00014111448140898485
0.0 0.00014168243775460897
0.0 0.0001417460015451026
0.0 0.00014175176869645915
0.0 0.00014175383895592046
0.0 0.00014200493185344311
0.0 0.00014200669498650083
0.0 0.00014238664447291255
0.0 0.0001424431671062273
0.0 0.00014277901551609215
0.0 0.00014289556429873315
0.0 0.0001429808089383107
0.0 0.0001431044557533905
0.0 0.0001431433584311801
0.0 0.00014320837822832784
0.0 0.00014344825532459305
0.0 0.00014345330584767448
0.0 0.0001436876205435189
0.0 0.00014393836081443
0.0 0.00014398223438993717
0.0 0.00014401947631013693
0.0 0.0001440419534128598
0.0 0.00014428950866921504
0.0 0.00014470055754775446
0.0 0.0001448573512643193
0.0 0.00014503615570647562
0.0 0.00014534593249719026
0.0 0.00014537665651260246
0.0 0.00014554457503000888
0.0 0.00014554513240755615
0.0 0.00014555284469280216
0.0 0.00014558246532817178
0.0 0.0001457725424468455
0.0 0.0001458042560917804
0.0 0.00014593849308025848
0.0 0.00014595792166904932
0.0 0.0001469349476341674
0.0 0.00014696012062421078
0.0 0.0001471099983091686
0.0 0.00014753212648834166
0.0 0.00014755865310957128
0.0 0.00014774507883655774
0.0 0.0001478625717485135
0.0 0.00014787469755392978
0.0 0.00014792171064378486
0.0 0.00014813312735998294
0.0 0.00014821337835173898
0.0 0.00014842448794153342
0.0 0.00014901782202813665
0.0 0.00014908126069305847
0.0 0.00014934952991907887
0.0 0.0001497372713161005
0.0 0.00014977929075813404
0.0 0.0001498332653798041
0.0 0.00014992557392666452
0.0 0.00015010698325572546
0.0 0.0001501362057642756
0.0 0.00015015334796761738
0.0 0.00015021174748450973
0.0 0.00015022644405167468
0.0 0.00015025682681552732
0.0 0.00015027947454402996
0.0 0.0001505126176095199
0.0 0.00015053109069394394
0.0 0.000150753336459632
0.0 0.00015075905811078058
0.0 0.00015085323216616655
0.0 0.00015110021866992254
0.0 0.00015115592229949438
0.0 0.00015116823010574243
0.0 0.0001513297103437252
0.0 0.0001513720027870064
0.0 0.00015139041899617055
0.0 0.000151745093117071
0.0 0.00015180699614997478
0.0 0.0001519091668669064
0.0 0.0001524043570049808
0.0 0.00015244422656218915
0.0 0.0001524533493538813
0.0 0.00015256724774940974
0.0 0.00015277237406185996
0.0 0.00015285358055798276
0.0 0.00015290796468152428
0.0 0.00015306827328915258
0.0 0.00015308622312118532
0.0 0.0001531212810314039
0.0 0.000153142040501277
0.0 0.00015338544386365763
0.0 0.0001534384971061169
0.0 0.00015353225028457942
0.0 0.00015357120983762893
0.0 0.00015388941554186463
0.0 0.00015390668287077827
0.0 0.00015404916677194566
0.0 0.00015406061007424283
0.0 0.00015443261977436882
0.0 0.00015454112639525622
0.0 0.0001546884219434134
0.0 0.00015477580509276417
0.0 0.00015493326993739614
0.0 0.00015501942458113251
0.0 0.00015525681054101293
0.0 0.00015528358741338625
0.0 0.0001552985911069548
0.0 0.00015549456050255688
0.0 0.00015575027167118557
0.0 0.00015598559874665667
0.0 0.00015647367947724025
0.0 0.00015658698637006544
0.0 0.00015678844991577642
0.0 0.00015697890241116565
0.0 0.0001570470958478173
0.0 0.00015728385617983854
0.0 0.00015740355585187944
0.0 0.00015748005307648032
0.0 0.00015748684398251552
0.0 0.00015807625367618384
0.0 0.0001581005052870164
0.0 0.00015812308476520717
0.0 0.00015833211272048834
0.0 0.00015837735130223371
0.0 0.00015845797767070525
0.0 0.0001585257729805374
0.0 0.00015858649300803474
0.0 0.00015874352560069126
0.0 0.00015876947209426964
0.0 0.00015894799216012635
0.0 0.0001589657827414313
0.0 0.00015897170914351563
0.0 0.00015911459117150248
0.0 0.00015936026954428017
0.0 0.00015947541919552696
0.0 0.00015971280515540738
0.0 0.000159781794845698
0.0 0.00016005626347505037
0.0 0.0001601467747636971
0.0 0.00016031018876051738
0.0 0.00016042211927205235
0.0 0.00016042835280054028
0.0 0.00016050655628293894
0.0 0.00016090844824463021
0.0 0.00016096070523345053
0.0 0.00016107111148801946
0.0 0.00016121050137504685
0.0 0.00016171131078880196
0.0 0.0001617462435734487
0.0 0.00016177683108823708
0.0 0.00016185964146668978
0.0 0.00016193974458277
0.0 0.00016194639898818139
0.0 0.00016196025380149943
0.0 0.0001619782491337401
0.0 0.00016211799164737905
0.0 0.0001621422432582116
0.0 0.00016216967988360006
0.0 0.00016218519545450796
0.0 0.00016232889648623778
0.0 0.00016240090056530448
0.0 0.00016250070527142318
0.0 0.00016265714636137647
0.0 0.00016276080721011816
0.0 0.00016283589392827288
0.0 0.0001630796044170571
0.0 0.00016313264628446436
0.0 0.00016345748364400748
0.0 0.00016349991258791252
0.0 0.00016350769312347045
0.0 0.0001639303559300868
0.0 0.00016407678697429308
0.0 0.00016426693234327871
0.0 0.0001643343864015513
0.0 0.00016447682480251076
0.0 0.00016475466044725076
0.0 0.0001647869769699409
0.0 0.00016492423972224704
0.0 0.0001649850962503682
0.0 0.00016505113980219463
0.0 0.00016519492045928834
0.0 0.00016557979534320965
0.0 0.00016565738457280114
0.0 0.00016568830196409705
0.0 0.0001657049550402035
0.0 0.0001657523435067741
0.0 0.00016576203505106553
0.0 0.00016588031284160828
0.0 0.00016590372269859396
0.0 0.00016609306043888862
0.0 0.00016610171685344942
0.0 0.00016628832458126763
0.0 0.00016659645198944438
0.0 0.0001666653620543711
0.0 0.00016672108843404692
0.0 0.00016673753675921758
0.0 0.00016709338251047254
0.0 0.00016719487072428503
0.0 0.000167356214461644
0.0 0.00016749644610251829
0.0 0.00016770657743784203
0.0 0.00016778515629695622
0.0 0.00016803950245934665
0.0 0.00016813512114633477
0.0 0.00016814053567107976
0.0 0.0001681578598752533
0.0 0.00016823862274434868
0.0 0.00016839525721018572
0.0 0.00016841359379398595
0.0 0.0001684407346680228
0.0 0.00016862992453264166
0.0 0.00016877069080095927
0.0 0.00016888916196738577
0.0 0.0001690218974490018
0.0 0.00016908089984364936
0.0 0.0001691360347206219
0.0 0.0001691810344262756
0.0 0.00016931033464219207
0.0 0.00016933043435905004
0.0 0.0001694349483366906
0.0 0.0001696035152320602
0.0 0.00016966886490571553
0.0 0.00016986428829882233
0.0 0.00016986737093791033
0.0 0.00017014041768576455
0.0 0.00017015837889284928
0.0 0.000170310645338724
0.0 0.0001703445998689
0.0 0.00017038833694378334
0.0 0.0001704917020411734
0.0 0.00017091282921577176
0.0 0.00017100820902666818
0.0 0.00017129649834418263
0.0 0.00017136675066524361
0.0 0.00017143959649815722
0.0 0.00017146760187614494
0.0 0.00017149941789654772
0.0 0.0001715168672262931
0.0 0.00017153220079636923
0.0 0.00017162561272327222
0.0 0.00017164319855364143
0.0 0.00017164968233327304
0.0 0.00017165384560229963
0.0 0.00017165980612953992
0.0 0.00017187246272640436
0.0 0.00017191423191729427
0.0 0.00017215768077988284
0.0 0.0001722638100149053
0.0 0.0001723014273118206
0.0 0.0001723395451110232
0.0 0.00017279189680332108
0.0 0.00017288365934768618
0.0 0.0001729063298262928
0.0 0.00017293393707746104
0.0 0.00017297428438685277
0.0 0.00017310050196368124
0.0 0.00017315043844189654
0.0 0.00017315823035250644
0.0 0.00017324934451890838
0.0 0.00017328056903660792
0.0 0.00017349465889002254
0.0 0.00017372074942328158
0.0 0.00017372148880166063
0.0 0.00017382689003335607
0.0 0.00017389461709287632
0.0 0.0001741246888943302
0.0 0.00017423583452727822
0.0 0.00017425372748405103
0.0 0.00017435213305877552
0.0 0.00017453042562359252
0.0 0.00017455970500740258
0.0 0.00017487399769375536
0.0 0.00017501285295333944
0.0 0.00017505273388559976
0.0 0.0001751402876607303
0.0 0.00017542979410880723
0.0 0.00017544946157368974
0.0 0.00017553486546399507
0.0 0.00017567089971068682
0.0 0.00017573858126999914
0.0 0.00017583852247674163
0.0 0.0001760344236220318
0.0 0.00017610698507864578
0.0 0.00017611676762335313
0.0 0.00017611713162501665
0.0 0.000176334497493403
0.0 0.00017635091169341773
0.0 0.00017642366652591548
0.0 0.0001764338926976502
0.0 0.00017646862073136121
0.0 0.00017650132400581886
0.0 0.00017650264351184915
0.0 0.00017661334551776972
0.0 0.00017674428374117205
0.0 0.00017674639950084132
0.0 0.0001769431423999784
0.0 0.00017709691035271515
0.0 0.00017713040988081175
0.0 0.00017735424815377773
0.0 0.00017767284060978095
0.0 0.00017784927904112432
0.0 0.0001779874517975893
0.0 0.00017799755284375222
0.0 0.00017801066827869124
0.0 0.00017809005476649638
0.0 0.00017815855532955161
0.0 0.0001781686905008705
0.0 0.0001783490419500968
0.0 0.00017874839727519536
0.0 0.00017891051451608933
0.0 0.00017891929605622195
0.0 0.0001790749181424323
0.0 0.00017911031730421042
0.0 0.00017911955384642246
0.0 0.00017927199091807695
0.0 0.00017932023251354646
0.0 0.00017939246409365286
0.0 0.00017952000117651162
0.0 0.0001796234231491616
0.0 0.00017969374372053451
0.0 0.00017975751226196387
0.0 0.00017985796534604573
0.0 0.00018009389529927204
0.0 0.00018010029945353972
0.0 0.00018010400772048692
0.0 0.000180191936872333
0.0 0.00018025659266781722
0.0 0.00018036583866708368
0.0 0.00018059371508350442
0.0 0.00018082625527123913
0.0 0.00018087244935735127
0.0 0.0001808898759369927
0.0 0.00018124137641838928
0.0 0.00018142289949797007
0.0 0.00018144323809091972
0.0 0.00018159245602286238
0.0 0.00018160867684699337
0.0 0.0001816198243979389
0.0 0.00018167415164622053
0.0 0.0001817930436895705
0.0 0.00018188837800025895
0.0 0.00018205337312930518
0.0 0.00018223903672780862
0.0 0.00018227890628501697
0.0 0.00018239767320279507
0.0 0.00018242943234793793
0.0 0.00018261551682336482
0.0 0.00018264414782921172
0.0 0.00018266398591987402
0.0 0.00018269099029328704
0.0 0.00018274560191786828
0.0 0.00018286016006641183
0.0 0.0001828994608710209
0.0 0.00018295654088188297
0.0 0.0001830397038869472
0.0 0.00018309847878055505
0.0 0.00018315361365752762
0.0 0.00018321392418315348
0.0 0.00018322691449252065
0.0 0.00018333649036829467
0.0 0.00018336897751676458
0.0 0.00018337606417415139
0.0 0.0001836134501340318
0.0 0.00018364559603094218
0.0 0.00018372315113537768
0.0 0.0001839131486286875
0.0 0.00018393867424534245
0.0 0.0001840705907232155
0.0 0.00018422822619362726
0.0 0.00018425107867306567
0.0 0.0001846055252929264
0.0 0.00018467734737116136
0.0 0.00018470183785808562
0.0 0.00018488788820835656
0.0 0.00018496065441590628
0.0 0.00018508461973244165
0.0 0.0001850960061594789
0.0 0.00018518535719282313
0.0 0.0001854634544637588
0.0 0.00018550865892034824
0.0 0.0001855755442260216
0.0 0.00018585578000673047
0.0 0.00018588212462712834
0.0 0.00018616675117790355
0.0 0.00018627557630024655
0.0 0.00018631577573396247
0.0 0.00018671489218296934
0.0 0.0001867323756378707
0.0 0.0001868325557207049
0.0 0.00018684139413609744
0.0 0.0001869325765528113
0.0 0.00018700252174746866
0.0 0.00018701027953292262
0.0 0.00018704912533545228
0.0 0.00018726192980799257
0.0 0.00018729966085542768
0.0 0.00018736576128251402
0.0 0.00018743175933413252
0.0 0.00018751958611051072
0.0 0.00018766071638049185
0.0 0.00018796117700363056
0.0 0.00018842910114209627
0.0 0.0001884632035479481
0.0 0.00018852489045486417
0.0 0.00018860510732146424
0.0 0.00018866023082338482
0.0 0.00018867740715188254
0.0 0.00018876792981558128
0.0 0.000188794365436395
0.0 0.00018898597818708674
0.0 0.00018903097789274044
0.0 0.00018913387661299912
0.0 0.00018915528446083538
0.0 0.00018928551743101465
0.0 0.00018940141783569246
0.0 0.00018940527397831548
0.0 0.00018941643290431301
0.0 0.00018947252328565235
0.0 0.00018975214481355403
0.0 0.00018991892582576194
0.0 0.00018994260868399526
0.0 0.00019005775833524205
0.0 0.00019013789557647824
0.0 0.00019027399807348188
0.0 0.00019032044241073772
0.0 0.00019041749435427596
0.0 0.00019043315780085967
0.0 0.00019043370380335495
0.0 0.00019059082739642736
0.0 0.00019060428408292595
0.0 0.0001907883210489955
0.0 0.0001910070519236201
0.0 0.00019102509275606872
0.0 0.0001911581581141923
0.0 0.0001913912329293703
0.0 0.00019139396294184677
0.0 0.00019142435708075138
0.0 0.000191494108899525
0.0 0.00019173776251304932
0.0 0.00019176399338292734
0.0 0.0001918458255069093
0.0 0.00019184880577052943
0.0 0.00019218282279702466
0.0 0.00019227698547735867
0.0 0.00019228647227071435
0.0 0.00019237476542422396
0.0 0.00019242113013611588
0.0 0.0001927510066436885
0.0 0.00019279928236431393
0.0 0.00019283918604667821
0.0 0.00019288475450493118
0.0 0.00019295748658732493
0.0 0.000192973661911248
0.0 0.0001930258278996524
0.0 0.0001934624251449507
0.0 0.00019346772591917583
0.0 0.000193669792342642
0.0 0.00019381225349370543
0.0 0.00019401363741405252
0.0 0.00019405813661741887
0.0 0.0001941207676536497
0.0 0.00019420039301754654
0.0 0.00019421247332275488
0.0 0.00019430295048624566
0.0 0.00019434692643722067
0.0 0.00019440876121981255
0.0 0.00019446295196747033
0.0 0.0001945421678294957
0.0 0.00019456475868273842
0.0 0.00019458976104700203
0.0 0.00019460925788610477
0.0 0.0001946747554354359
0.0 0.0001948962731977969
0.0 0.00019537018061360686
0.0 0.00019540146200656633
0.0 0.0001954304911392327
0.0 0.0001956439098645802
0.0 0.00019565114439764282
0.0 0.000195658720182265
0.0 0.00019577315320523674
0.0 0.00019588180770179996
0.0 0.00019646534786864388
0.0 0.00019654783974564098
0.0 0.00019659647946792999
0.0 0.00019677208752047845
0.0 0.000196865817948837
0.0 0.0001970788954226249
0.0 0.00019718827792251518
0.0 0.00019724076241237518
0.0 0.00019725270621695972
0.0 0.00019738440656884507
0.0 0.00019742569800755157
0.0 0.00019773057215086056
0.0 0.00019780780875384047
0.0 0.00019798196079973484
0.0 0.000197992630598497
0.0 0.00019804884610540816
0.0 0.00019805815089793212
0.0 0.00019809236705430378
0.0 0.00019829645823702335
0.0 0.00019846046373654685
0.0 0.0001986498356019975
0.0 0.00019865381687019233
0.0 0.00019873405648689635
0.0 0.00019873492099084725
0.0 0.0001988008735422578
0.0 0.00019883169993313785
0.0 0.0001991818240332442
0.0 0.00019944449673368786
0.0 0.00019952039108053353
0.0 0.00019959687693008241
0.0 0.00019967711654678646
0.0 0.0001997068736827799
0.0 0.0001998884650126726
0.0 0.0001998931060338826
0.0 0.000199917494145339
0.0 0.00019994518102187114
0.0 0.0002000051730460414
0.0 0.00020006132030264066
0.0 0.000200061820804928
0.0 0.00020010459100039258
0.0 0.00020015502798089523
0.0 0.00020016622103204872
0.0 0.000200187628879885
0.0 0.00020025460518597422
0.0 0.00020050451507809043
0.0 0.0002005571588186782
0.0 0.00020065910203457011
0.0 0.0002007577464853863
0.0 0.00020091940872420084
0.0 0.0002009863622801861
0.0 0.0002010164606677391
0.0 0.00020102160219123642
0.0 0.00020139008562524699
0.0 0.00020158701052521585
0.0 0.00020163603699927232
0.0 0.000201644022285766
0.0 0.00020184417770049864
0.0 0.00020187930386102914
0.0 0.0002019222333072215
0.0 0.00020199398713514454
0.0 0.00020214723183548997
0.0 0.00020217014119018828
0.0 0.00020221577789875317
0.0 0.00020223677624471795
0.0 0.0002023356254464699
0.0 0.0002023488887570847
0.0 0.00020254310639468106
0.0 0.0002026608381827285
0.0 0.0002027727459441595
0.0 0.00020300941527576487
0.0 0.00020319887814163138
0.0 0.0002033269839770894
0.0 0.0002033618826365802
0.0 0.00020338256248108937
0.0 0.00020364716894037053
0.0 0.0002037317993271409
0.0 0.0002037889930885228
0.0 0.00020380307540288054
0.0 0.0002038393845688175
0.0 0.00020392055693978432
0.0 0.0002039700384159202
0.0 0.00020399249276853912
0.0 0.00020410335402518747
0.0 0.00020410344502560336
0.0 0.00020450093484217634
0.0 0.00020454554779606254
0.0 0.00020455742335033513
0.0 0.00020469467472758931
0.0 0.00020471210130723074
0.0 0.00020474206319415992
0.0 0.0002048800653248451
0.0 0.0002048948756425299
0.0 0.0002049376458379945
0.0 0.0002049389653440248
0.0 0.00020497880077607718
0.0 0.0002053898269045126
0.0 0.0002054096649951749
0.0 0.00020543848937690557
0.0 0.00020548505883973323
0.0 0.00020553372131212617
0.0 0.00020560681739618348
0.0 0.0002056461523259485
0.0 0.00020569875056632834
0.0 0.0002057180199043914
0.0 0.00020585672728829966
0.0 0.00020587758913364064
0.0 0.0002059652225341351
0.0 0.0002060560636992894
0.0 0.0002060564504510569
0.0 0.00020609824239205073
0.0 0.00020633743698519682
0.0 0.00020637668091454597
0.0 0.0002065226000814129
0.0 0.00020655297147021356
0.0 0.00020663862561166258
0.0 0.0002067320602886695
0.0 0.0002069010708110665
0.0 0.000206973256890965
0.0 0.0002070353874249085
0.0 0.000207075131856545
0.0 0.00020713207536678322
0.0 0.0002074493028165482
0.0 0.0002075398254802469
0.0 0.00020780566044514246
0.0 0.00020815005151904824
0.0 0.000208155648044625
0.0 0.0002082737893345439
0.0 0.00020878423341733055
0.0 0.00020879224145392818
0.0 0.00020903766957556218
0.0 0.0002091496228372011
0.0 0.00020915872287878933
0.0 0.000209198330809802
0.0 0.00020927019838824489
0.0 0.00020930787256042007
0.0 0.0002094558164865404
0.0 0.0002095206315327524
0.0 0.00020962664701725504
0.0 0.00020967360323185022
0.0 0.00020970251861399675
0.0 0.0002097697906714376
0.0 0.00020977245243360214
0.0 0.00020983617547482358
0.0 0.00020985949433139335
0.0 0.00020991784834807774
0.0 0.00020997804512318374
0.0 0.0002100459314334318
0.0 0.00021012253103350054
0.0 0.0002102046134086262
0.0 0.00021036820940627824
0.0 0.00021041844163584514
0.0 0.0002104599833256953
0.0 0.00021049940925587624
0.0 0.00021090226809698627
0.0 0.0002109038606042642
0.0 0.00021093814501094778
0.0 0.00021102104638981637
0.0 0.00021133998009737913
0.0 0.00021139781086167218
0.0 0.0002114269082446505
0.0 0.00021162797366354198
0.0 0.0002118067894807503
0.0 0.00021199263508008548
0.0 0.00021200749089797825
0.0 0.00021200849190255295
0.0 0.000212058633131704
0.0 0.00021209853681406827
0.0 0.00021212811194922996
0.0 0.00021215720933220826
0.0 0.0002124871085898848
0.0 0.00021255369814420654
0.0 0.00021260069985900963
0.0 0.00021266380864742388
0.0 0.0002127932794891201
0.0 0.0002128003775215589
0.0 0.00021280281178268377
0.0 0.0002129195653162605
0.0 0.00021308905359084088
0.0 0.00021312998102788385
0.0 0.000213203964365996
0.0 0.0002134306464019583
0.0 0.0002134373576826296
0.0 0.00021343790368512488
0.0 0.000213667816235851
0.0 0.00021367022774687188
0.0 0.00021371807121552187
0.0 0.0002137589531523569
0.0 0.0002138904715034105
0.0 0.0002140019242627621
0.0 0.00021400733878750708
0.0 0.00021420856345712635
0.0 0.00021420986021305268
0.0 0.000214311507677593
0.0 0.00021440714911468505
0.0 0.00021465628550326626
0.0 0.00021469966995153804
0.0 0.00021471711928128343
0.0 0.00021475825146926214
0.0 0.00021477338028840255
0.0 0.00021484199460197764
0.0 0.00021489679960244262
0.0 0.000214949761844486
0.0 0.00021500620485243686
0.0 0.0002150497940516444
0.0 0.00021515822104716792
0.0 0.00021541286296090998
0.0 0.00021543522631311298
0.0 0.0002154917830715837
0.0 0.00021550061011192429
0.0 0.00021561199462096395
0.0 0.00021565044229667415
0.0 0.00021566002009044572
0.0 0.0002157722008531244
0.0 0.00021584427318250302
0.0 0.00021599496987120375
0.0 0.00021604451959765156
0.0 0.0002161642533948484
0.0 0.00021646930953898914
0.0 0.00021647731757558678
0.0 0.00021652163477812135
0.0 0.00021662892426844635
0.0 0.00021664985436409923
0.0 0.00021666054691296538
0.0 0.00021668293301527238
0.0 0.00021671944693214506
0.0 0.00021673380224775045
0.0 0.0002167658798943489
0.0 0.0002167698156623358
0.0 0.00021679106425944426
0.0 0.00021679267951682618
0.0 0.0002170179510463423
0.0 0.00021720777791387234
0.0 0.00021743782696522228
0.0 0.00021764492116166595
0.0 0.00021773605807817186
0.0 0.00021780824415807033
0.0 0.000217883365001381
0.0 0.0002179170806554653
0.0 0.00021793407498313128
0.0 0.00021799183749711244
0.0 0.00021807435212421354
0.0 0.0002181236060993097
0.0 0.00021825840046533506
0.0 0.00021850260008135467
0.0 0.00021862854465693547
0.0 0.00021884296438685766
0.0 0.0002188532019336444
0.0 0.00021894329234536768
0.0 0.00021909596829311384
0.0 0.00021916196634473234
0.0 0.00021917846017011097
0.0 0.00021920437253853338
0.0 0.00021921149332107615
0.0 0.00021938744262518418
0.0 0.00021950162539701224
0.0 0.00021958821229272406
0.0 0.00021969736729157463
0.0 0.00021969968780217962
0.0 0.00021974259449826804
0.0 0.00021979512448833596
0.0 0.00021987841261897204
0.0 0.00021992466358034413
0.0 0.00021995894798702771
0.0 0.00022001548199539444
0.0 0.00022026400413116846
0.0 0.00022038963020529366
0.0 0.000220548357680696
0.0 0.00022055429545783233
0.0 0.00022057336004495962
0.0 0.0002205988401614066
0.0 0.00022060789470278687
0.0 0.00022065159765251424
0.0 0.00022068560905795018
0.0 0.00022071918821141068
0.0 0.00022095785955216543
0.0 0.00022107647859426774
0.0 0.00022109702193815313
0.0 0.00022123222580604994
0.0 0.00022133278126559966
0.0 0.00022145344781705932
0.0 0.00022146204735636017
0.0 0.00022161565605836913
0.0 0.0002216443894396839
0.0 0.00022173918912292908
0.0 0.00022190885939834125
0.0 0.00022200199832399657
0.0 0.00022201332787577388
0.0 0.00022204292576103954
0.0 0.00022218147389422001
0.0 0.00022244162133312295
0.0 0.00022248193451735872
0.0 0.00022273396016914417
0.0 0.00022275234225315236
0.0 0.00022278137138581874
0.0 0.00022284691443535783
0.0 0.000222917781009226
0.0 0.00022296671648286659
0.0 0.00022302124848208395
0.0 0.00022306244892037456
0.0 0.00022329920925239578
0.0 0.0002233022350162239
0.0 0.00022353485482932249
0.0 0.0002236565451354608
0.0 0.00022378055595220412
0.0 0.0002238097443355983
0.0 0.0002239621927823048
0.0 0.00022402557457196665
0.0 0.00022405599146097524
0.0 0.00022415140539702762
0.0 0.00022443027617149829
0.0 0.00022444383523346473
0.0 0.000224496888475924
0.0 0.00022469617938670577
0.0 0.00022479366358221946
0.0 0.00022495839708507002
0.0 0.00022501766110591322
0.0 0.00022514042066693816
0.0 0.00022519882018383051
0.0 0.00022532722177064015
0.0 0.0002254072793865124
0.0 0.00022557442440038385
0.0 0.00022573467613275222
0.0 0.00022583334333367238
0.0 0.00022591688171545214
0.0 0.00022597694198993432
0.0 0.00022621399807330717
0.0 0.0002262181385922298
0.0 0.00022625877027792116
0.0 0.0002263080470031213
0.0 0.0002263968179088143
0.0 0.0002264990568760578
0.0 0.0002266535983323296
0.0 0.00022668023870407906
0.0 0.0002266866087331908
0.0 0.0002268086402908887
0.0 0.00022687482034333895
0.0 0.00022698015332472246
0.0 0.00022706560271523575
0.0 0.00022711551644334708
0.0 0.00022751362051272726
0.0 0.00022761890799390285
0.0 0.0002276556039116073
0.0 0.00022777536045890813
0.0 0.00022779681380695235
0.0 0.00022791479584614348
0.0 0.0002280599415094754
0.0 0.0002280723630662433
0.0 0.00022814272913782415
0.0 0.0002281531031852347
0.0 0.00022816431898649216
0.0 0.00022822415175993466
0.0 0.0002282772277524979
0.0 0.00022842528542913804
0.0 0.00022847019413437585
0.0 0.0002284891449709833
0.0 0.00022859964222596814
0.0 0.00022876439847892266
0.0 0.0002287680612456619
0.0 0.00022895365659385345
0.0 0.00022918195388719765
0.0 0.00022952409270081035
0.0 0.00022954707030582058
0.0 0.00022967761040240344
0.0 0.00022972932138872842
0.0 0.00022980207622122617
0.0 0.0002298989916641406
0.0 0.0002299016079260972
0.0 0.0002299043834387816
0.0 0.0002300353557873399
0.0 0.0002300774207295814
0.0 0.000230109361875556
0.0 0.00023025619104658177
0.0 0.00023027805389649745
0.0 0.00023036170602879706
0.0 0.00023050532743516298
0.0 0.00023064903984194477
0.0 0.0002306946310503017
0.0 0.00023073123596759027
0.0 0.00023078001219050307
0.0 0.00023082835616144043
0.0 0.00023096219502309902
0.0 0.00023112326575921034
0.0 0.00023117870776258648
0.0 0.00023121999920129298
0.0 0.00023125134884456437
0.0 0.00023129218528119145
0.0 0.00023134335026502115
0.0 0.00023145901179360732
0.0 0.00023153165287558518
0.0 0.0002316146907550776
0.0 0.00023177580699139684
0.0 0.0002318115701548385
0.0 0.0002318174396816629
0.0 0.0002318177581831185
0.0 0.00023185213359021794
0.0 0.0002318791834638389
0.0 0.00023191926914703495
0.0 0.00023192638992957772
0.0 0.00023200287577912663
0.0 0.00023208550415674758
0.0 0.0002322093557227631
0.0 0.0002325094295941343
0.0 0.0002327630477531977
0.0 0.00023286519572002535
0.0 0.00023289668186392054
0.0 0.00023303497974595737
0.0 0.0002330847342233409
0.0 0.00023334269765226266
0.0 0.00023343576832760606
0.0 0.00023365257681844516
0.0 0.00023380384225974517
0.0 0.0002338057305183747
0.0 0.00023393035558792524
0.0 0.00023398338608028054
0.0 0.00023399628538923182
0.0 0.00023408853706083227
0.0 0.00023415478536359445
0.0 0.0002342489935441364
0.0 0.00023434026696126612
0.0 0.0002343533255209452
0.0 0.0002344911001505907
0.0 0.00023449983619051537
0.0 0.00023453728286165084
0.0 0.00023471091165515388
0.0 0.000234778752465194
0.0 0.00023503016386417224
0.0 0.00023514755440066015
0.0 0.00023516589098446038
0.0 0.00023521528146018037
0.0 0.00023542246665703994
0.0 0.00023549215022550165
0.0 0.00023561509178735837
0.0 0.00023597938920223835
0.0 0.00023605014202558668
0.0 0.00023606606709836603
0.0 0.00023618903141032672
0.0 0.00023638704831528614
0.0 0.00023654534353871305
0.0 0.00023675314298837982
0.0 0.00023679673218758733
0.0 0.0002368715572795464
0.0 0.0002369303435482062
0.0 0.00023696883672412434
0.0 0.00023704297931296427
0.0 0.00023709127778369368
0.0 0.00023733174638266213
0.0 0.0002373477397057534
0.0 0.0002373661900400735
0.0 0.00023756459369680044
0.0 0.00023759598884027976
0.0 0.00023765017958793754
0.0 0.0002380223485387913
0.0 0.00023815782540793578
0.0 0.00023824959932735288
0.0 0.00023830404032615434
0.0 0.000238309705102043
0.0 0.00023843594542897543
0.0 0.0002385600017459267
0.0 0.00023856537077046375
0.0 0.00023860065618172202
0.0 0.0002386866515747306
0.0 0.00023873030902425002
0.0 0.0002388110491432414
0.0 0.00023890557582523895
0.0 0.00023906778406654878
0.0 0.00023947714943739438
0.0 0.00023965701175938532
0.0 0.00023987896177372176
0.0 0.00023989263458620803
0.0 0.00023990821840742785
0.0 0.00023995003309852566
0.0 0.0002400017213347467
0.0 0.00024016925310038563
0.0 0.00024023941442103072
0.0 0.00024029624418074908
0.0 0.00024035088993048628
0.0 0.00024036292473548668
0.0 0.00024043440556216207
0.0 0.00024051166491524597
0.0 0.00024052263046535975
0.0 0.00024055368435727952
0.0 0.00024065358006381408
0.0 0.00024072917865930815
0.0 0.00024096964725827657
0.0 0.000241018696482437
0.0 0.00024102283700135966
0.0 0.00024103744256810872
0.0 0.0002413860196611451
0.0 0.00024149706291862522
0.0 0.0002415209960280022
0.0 0.0002415399696147136
0.0 0.0002415515721677386
0.0 0.00024165749665182535
0.0 0.0002418047125746186
0.0 0.0002419707200832915
0.0 0.0002419830733897475
0.0 0.0002419935839377819
0.0 0.00024199581344797099
0.0 0.00024232562170523167
0.0 0.00024243600520969664
0.0 0.00024248509993406503
0.0 0.0002425003425037253
0.0 0.00024263402211465606
0.0 0.00024264496491466589
0.0 0.00024269271738290002
0.0 0.0002429969090230899
0.0 0.00024326997852104808
0.0 0.00024336698496437838
0.0 0.00024349766156158507
0.0 0.00024361439234505783
0.0 0.00024376470228199107
0.0 0.0002442331724229521
0.0 0.00024432749435401385
0.0 0.00024435729699021525
0.0 0.0002443858256205943
0.0 0.00024456400443489143
0.0 0.00024478201868124094
0.0 0.00024490866851004485
0.0 0.00024500608445524665
0.0 0.00024502831130682586
0.0 0.00024505470142743163
0.0 0.0002451344405418483
0.0 0.0002451796904986457
0.0 0.00024550622274093463
0.0 0.0002456146269863542
0.0 0.00024561717499799884
0.0 0.00024609128716474455
0.0 0.0002460959054358506
0.0 0.0002461451366608428
0.0 0.0002461530764471285
0.0 0.0002462882120647134
0.0 0.0002465221513838423
0.0 0.00024677952331006084
0.0 0.0002467911941133977
0.0 0.0002468020686630956
0.0 0.0002468389010814239
0.0 0.0002470179898998799
0.0 0.00024703700898679923
0.0 0.00024728564487309305
0.0 0.00024735428193677214
0.0 0.00024736891025362517
0.0 0.00024749672033773156
0.0 0.00024766074858735906
0.0 0.0002476944642414434
0.0 0.00024775090724939424
0.0 0.0002477924489392444
0.0 0.00024781852055839464
0.0 0.00024782384408272374
0.0 0.0002479021044403823
0.0 0.0002481427095399746
0.0 0.00024824037573632004
0.0 0.00024856984274202116
0.0 0.0002485964376135627
0.0 0.00024867046645188275
0.0 0.00024874981881453195
0.0 0.00024888502268242876
0.0 0.00024891791933277015
0.0 0.00024924895609564524
0.0 0.0002493199819202412
0.0 0.00024935622283586624
0.0 0.0002493877772300734
0.0 0.0002493986517797713
0.0 0.0002497462506183369
0.0 0.000249875857960657
0.0 0.00025011621280910556
0.0 0.0002501162810594175
0.0 0.0002501232653413364
0.0 0.0002501941319152046
0.0 0.0002502505521730515
0.0 0.0002502587194603769
0.0 0.000250391420816837
0.0 0.00025048487824394787
0.0 0.0002505082426007256
0.0 0.0002505868669600477
0.0 0.00025064558497839566
0.0 0.0002506641263131316
0.0 0.00025081384474736165
0.0 0.0002511164438802736
0.0 0.0002511337112091872
0.0 0.0002512595192841442
0.0 0.0002512907779269997
0.0 0.0002514343310830537
0.0 0.00025152510399789607
0.0 0.0002515897597933803
0.0 0.0002516465895530987
0.0 0.0002516474540570496
0.0 0.00025170448856770366
0.0 0.00025176887136194026
0.0 0.0002519200003026164
0.0 0.00025193911038995164
0.0 0.0002523337791936323
0.0 0.000252343288737092
0.0 0.00025250774923869486
0.0 0.00025261151246290444
0.0 0.0002526194749992941
0.0 0.00025267439375027895
0.0 0.0002526792167723207
0.0 0.0002528285939549912
0.0 0.0002531892968534438
0.0 0.0002533120336643648
0.0 0.0002533682946714839
0.0 0.00025348588995890753
0.0 0.00025359820722221
0.0 0.000253632923880869
0.0 0.00025367517082394226
0.0 0.0002537636232281797
0.0 0.0002538495276207724
0.0 0.00025408685670539287
0.0 0.00025423848614835644
0.0 0.0002543618372120846
0.0 0.00025443077002711525
0.0 0.000254441030324006
0.0 0.0002545472278093404
0.0 0.00025457548343847176
0.0 0.0002547629215450849
0.0 0.0002548177037954459
0.0 0.00025487264529653475
0.0 0.00025501608470206887
0.0 0.00025509004529007705
0.0 0.000255177291938804
0.0 0.0002552391267213959
0.0 0.0002556435553196799
0.0 0.00025575157281333195
0.0 0.00025599893469380343
0.0 0.00025619519984075714
0.0 0.0002564649023233277
0.0 0.0002564823516530731
0.0 0.00025654202517578774
0.0 0.00025659189340369117
0.0 0.00025671799722999975
0.0 0.00025703488342820516
0.0 0.0002572260980520774
0.0 0.00025732051098355507
0.0 0.00025732911052285594
0.0 0.0002573345705478089
0.0 0.0002573478338584237
0.0 0.00025766474280673307
0.0 0.00025801509440787914
0.0 0.0002580365705060273
0.0 0.00025809401451855286
0.0 0.00025832235731210505
0.0 0.0002586585810986854
0.0 0.0002587089043286682
0.0 0.0002589686877659076
0.0 0.0002590112987106444
0.0 0.0002590143244744725
0.0 0.00025911387892944745
0.0 0.0002592242169337045
0.0 0.00025925103930628577
0.0 0.00025945333323079163
0.0 0.0002595037702112943
0.0 0.00025959131261137287
0.0 0.0002596166107269881
0.0 0.0002597685586714072
0.0 0.0002599223948744559
0.0 0.00026012414279646647
0.0 0.00026013544959813985
0.0 0.0002601503509162405
0.0 0.00026016845999900104
0.0 0.0002602089551840686
0.0 0.0002603350590103772
0.0 0.00026033533201162484
0.0 0.00026035701286070877
0.0 0.00026040340032270465
0.0 0.0002604959932458647
0.0 0.00026051455733070464
0.0 0.00026068825437451957
0.0 0.0002606968994140284
0.0 0.0002609466955556247
0.0 0.0002609832322226014
0.0 0.0002614920610480061
0.0 0.00026152411594450054
0.0 0.00026152604970333806
0.0 0.00026156565763435074
0.0 0.0002616703536128231
0.0 0.0002616958109791661
0.0 0.00026169972399704906
0.0 0.00026172079059332573
0.0 0.00026196915347837196
0.0 0.0002620824034959372
0.0 0.00026217663442658313
0.0 0.0002621847334635966
0.0 0.000262454572446791
0.0 0.00026245880396612954
0.0 0.00026259189207435705
0.0 0.00026265092859416056
0.0 0.0002626563203688016
0.0 0.0002628217136246673
0.0 0.000262837388446303
0.0 0.0002632258237214957
0.0 0.0002633774986646672
0.0 0.0002634173113466156
0.0 0.00026356006824903064
0.0 0.0002638809129653269
0.0 0.0002639365597196388
0.0 0.00026396385984440345
0.0 0.00026402599037834697
0.0 0.00026433414053662766
0.0 0.00026436872069466287
0.0 0.0002644376990099015
0.0 0.0002655322520121313
0.0 0.00026565655858022625
0.0 0.0002657281986576294
0.0 0.0002660477466179994
0.0 0.00026612323146297357
0.0 0.00026665403688881385
0.0 0.0002666802222584839
0.0 0.0002667371202685142
0.0 0.00026675452409805165
0.0 0.0002668992830096161
0.0 0.00026696514456061075
0.0 0.00026728503377254024
0.0 0.0002672996165891854
0.0 0.0002675439527058288
0.0 0.0002677014744257207
0.0 0.0002680297811761193
0.0 0.0002680375389615733
0.0 0.00026804927801522203
0.0 0.0002680677738497501
0.0 0.000268255371207091
0.0 0.0002682668372594922
0.0 0.0002683227570150517
0.0 0.00026854693653957727
0.0 0.0002686949032158015
0.0 0.0002688517196824703
0.0 0.00026899727484767374
0.0 0.0002693075180155198
0.0 0.0002693271058550384
0.0 0.0002694738212755443
0.0 0.00026952589626353285
0.0 0.0002697073965930097
0.0 0.00026995498597452087
0.0 0.00026996549652255527
0.0 0.0002700435976294861
0.0 0.0002701063196661328
0.0 0.0002706555071759812
0.0 0.00027105640950814976
0.0 0.00027108093412023
0.0 0.00027122978805050913
0.0 0.0002714087403683413
0.0 0.00027150731656884556
0.0 0.0002716491862172057
0.0 0.00027205017954979016
0.0 0.00027230498071426003
0.0 0.0002724889153048617
0.0 0.00027250313411984327
0.0 0.00027258937976399553
0.0 0.00027318026821442196
0.0 0.00027331908934885005
0.0 0.0002735644264700682
0.0 0.0002736328815329155
0.0 0.0002738422052395483
0.0 0.00027407314154495306
0.0 0.0002740897036206436
0.0 0.00027429911832769225
0.0 0.0002748283994965665
0.0 0.00027484323256435524
0.0 0.00027486161464836345
0.0 0.00027487658421677605
0.0 0.000274950704055512
0.0 0.0002749508633062398
0.0 0.000275169105053629
0.0 0.0002752577167085942
0.0 0.0002753362273173965
0.0 0.0002755427527612409
0.0 0.00027567663712310745
0.0 0.0002760227799550189
0.0 0.0002760858887434332
0.0 0.00027617986942293543
0.0 0.0002763945849042092
0.0 0.00027643853810508024
0.0 0.00027661018763953786
0.0 0.00027661758142332826
0.0 0.0002767103335972161
0.0 0.00027682699613037695
0.0 0.0002769622909986896
0.0 0.00027707194649982756
0.0 0.00027709519710608546
0.0 0.00027735875706058394
0.0 0.0002773901067038553
0.0 0.0002777684409328851
0.0 0.0002778108243765822
0.0 0.00027802155858966117
0.0 0.000278316513687639
0.0 0.0002784102213658936
0.0 0.0002786099445286508
0.0 0.0002788472963633753
0.0 0.0002789106554029332
0.0 0.00027896252563998597
0.0 0.0002791008690222307
0.0 0.0002791350624284984
0.0 0.0002793258903006032
0.0 0.00027934804890187046
0.0 0.000279503523112405
0.0 0.0002796442097553587
0.0 0.0002796614543341684
0.0 0.00027979909246319005
0.0 0.0002799410076117582
0.0 0.00027999160384298863
0.0 0.0002800513456160152
0.0 0.000280159567860603
0.0 0.00028018791449015026
0.0 0.00028047904757066104
0.0 0.00028060283088636467
0.0 0.000280971519071311
0.0 0.0002810067589823613
0.0 0.00028112426326936903
0.0 0.000281129723294322
0.0 0.000281375128665852
0.0 0.0002816847120806829
0.0 0.0002818494455835335
0.0 0.00028226158646706346
0.0 0.0002822695035032452
0.0 0.00028231616396648873
0.0 0.00028237026371373064
0.0 0.00028263928369318207
0.0 0.00028281951001683656
0.0 0.0002829985988352925
0.0 0.00028344277186521304
0.0 0.00028347632826856956
0.0 0.0002837494887669436
0.0 0.0002839541942024704
0.0 0.00028443595040415017
0.0 0.000284937749447428
0.0 0.00028494375547487625
0.0 0.00028498177089861097
0.0 0.0002851980788871627
0.0 0.0002851988523906977
0.0 0.00028546011458469516
0.0 0.00028560109697900053
0.0 0.00028564568718278274
0.0 0.00028575420517872215
0.0 0.0002861305601487065
0.0 0.0002864516323660425
0.0 0.000286787719651999
0.0 0.0002869522029037059
0.0 0.00028726463008153314
0.0 0.0002876218522140783
0.0 0.00028803993087474455
0.0 0.0002881438305995779
0.0 0.00028841728684930366
0.0 0.0002886557989393306
0.0 0.0002888974505437055
0.0 0.00028920885396685404
0.0 0.00028934831210419333
0.0 0.00028936289492083843
0.0 0.00028944347578910203
0.0 0.00028965268574521495
0.0 0.00028966026152983714
0.0 0.0002898246082809202
0.0 0.00028986646847222597
0.0 0.0002899010713803651
0.0 0.0002903367131212967
0.0 0.0002903474966705787
0.0 0.00029043442481785006
0.0 0.00029060455009534164
0.0 0.00029118156098234603
0.0 0.00029124778653500424
0.0 0.00029174189604314
0.0 0.0002921059659569803
0.0 0.0002923166546698513
0.0 0.0002925788951183195
0.0 0.0002926870263624914
0.0 0.000293411321422601
0.0 0.00029344963259768733
0.0 0.0002938714877756127
0.0 0.0002939551854081203
0.0 0.00029403517477368066
0.0 0.0002941618246024846
0.0 0.00029476984388120077
0.0 0.0002950392733625237
0.0 0.00029532344491121947
0.0 0.000295378613913348
0.0 0.0002956166937513995
0.0 0.00029571097018225335
0.0 0.0002958068846205931
0.0 0.000295911921850625
0.0 0.00029606691830897616
0.0 0.00029616649551405513
0.0 0.00029645489858208947
0.0 0.0002966824451220026
0.0 0.00029673747762350736
0.0 0.00029683505281943693
0.0 0.00029767318939981493
0.0 0.0002981772634534898
0.0 0.00029839821246325154
0.0 0.00029842872035267605
0.0 0.0002987222194439998
0.0 0.0002988128558582183
0.0 0.00029938317821465534
0.0 0.0002994089995826619
0.0 0.0002994694011087036
0.0 0.0002996686237691735
0.0 0.0003003573604167771
0.0 0.00030072493384662887
0.0 0.00030107171368145153
0.0 0.00030140650421148175
0.0 0.0003020280370519565
0.0 0.00030203745559500027
0.0 0.00030213544029280133
0.0 0.00030239520097993675
0.0 0.00030264433736851797
0.0 0.00030275508487464647
0.0 0.000302763934665091
0.0 0.00030282963696535786
0.0 0.0003031535984458981
0.0 0.0003032490806322624
0.0 0.0003033237464734936
0.0 0.0003033822824910098
0.0 0.00030358391666250053
0.0 0.0003044952175772478
0.0 0.0003045943852804553
0.0 0.00030490308144123134
0.0 0.0003049829115560639
0.0 0.000305022178235517
0.0 0.0003067460901139874
0.0 0.00030688866501557067
0.0 0.00030705214726270283
0.0 0.00030715966425406754
0.0 0.00030721396875224517
0.0 0.00030731454696189883
0.0 0.00030759182522909157
0.0 0.0003076800956324972
0.0 0.0003091591708920368
0.0 0.00030916485841802943
0.0 0.0003092589528480515
0.0 0.000309307205818573
0.0 0.00030936203356914197
0.0 0.00030937534237996474
0.0 0.0003096462506180457
0.0 0.0003098717041483936
0.0 0.00031054155820970167
0.0 0.0003110687691191146
0.0 0.0003111933259383532
0.0 0.00031156963540812963
0.0 0.0003116320844435287
0.0 0.00031172233410597976
0.0 0.00031173919193302194
0.0 0.0003118393378907002
0.0 0.00031213354223524697
0.0 0.00031253180555535496
0.0 0.0003126245349791388
0.0 0.00031268100073719366
0.0 0.00031268673376339424
0.0 0.0003132443843119197
0.0 0.00031325118659300685
0.0 0.0003133852757058091
0.0 0.0003135049185025901
0.0 0.0003136091367288791
0.0 0.00031436009491084206
0.0 0.00031440873463313104
0.0 0.00031461157456013223
0.0 0.0003150248074486528
0.0 0.0003151359644566528
0.0 0.000315478467271929
0.0 0.0003155567958798995
0.0 0.00031651509850944985
0.0 0.00031684458826525497
0.0 0.0003172743149791542
0.0 0.0003175929074351574
0.0 0.000318452201612228
0.0 0.0003190467300792897
0.0 0.0003204946831965976
0.0 0.00032073899656313707
0.0 0.00032135072410880046
0.0 0.00032169818644674225
0.0 0.00032206487262253917
0.0 0.0003221909536987438
0.0 0.0003224663892075149
0.0 0.00032332759439331906
0.0 0.00032334256396173165
0.0 0.00032346172900632925
0.0 0.00032417712877578635
0.0 0.0003242086376697855
0.0 0.0003247055226906057
0.0 0.00032481424543748087
0.0 0.0003248898667830789
0.0 0.00032582662506416913
0.0 0.00032589366962057026
0.0 0.000326016611182427
0.0 0.0003265087641816213
0.0 0.0003269216558185823
0.0 0.00032755319870480403
0.0 0.0003284575380877363
0.0 0.00032936344722784254
0.0 0.0003298016369804188
0.0 0.0003305751177653126
0.0 0.00033076819789771043
0.0 0.0003312945898033804
0.0 0.0003314692423515621
0.0 0.00033177953101961607
0.0 0.0003320299186639156
0.0 0.0003321366849018493
0.0 0.00033247384144269245
0.0 0.00033281293174237313
0.0 0.0003337733501315927
0.0 0.00033412017546662336
0.0 0.0003347913490339617
0.0 0.0003349617700628049
0.0 0.0003350187135730431
0.0 0.0003354491910403734
0.0 0.00033548115493645196
0.0 0.00033630127343448534
0.0 0.000336331599323078
0.0 0.00033665449154873166
0.0 0.00033667041662151107
0.0 0.00033756795372335614
0.0 0.0003385265066040501
0.0 0.00033916523852312654
0.0 0.0003398472183898509
0.0 0.0003417228052114928
0.0 0.0003423933645260239
0.0 0.0003429888257473484
0.0 0.0003432286800935096
0.0 0.0003433924125917855
0.0 0.0003435817844572361
0.0 0.00034359684502606463
0.0 0.000345549167948399
0.0 0.0003464718894153395
0.0 0.00034846206851068086
0.0 0.00034900047247124727
0.0 0.00034992533244796093
0.0 0.00034998227595819915
0.0 0.00035020151871016306
0.0 0.00035099067431669257
0.0 0.0003525444381675674
0.0 0.0003536813746134943
0.0 0.0003562827352520038
0.0 0.000356446171998928
0.0 0.00035798903855000094
0.0 0.000358486037321341
0.0 0.000359358162557051
0.0 0.0003595051054785966
0.0 0.0003597103341665147
0.0 0.00036081906048351817
0.0 0.0003609197524436917
0.0 0.0003609543098516229
0.0 0.0003617528612510922
0.0 0.00036224449099789524
0.0 0.000362334217407955
0.0 0.00036296355353409156
0.0 0.00036629919652835365
0.0 0.00036762138707091254
0.0 0.00037112096731438615
0.0 0.00037205927260254644
0.0 0.0003730442611040542
0.0 0.0003732251016805159
0.0 0.00037536292895062596
0.0 0.0003768951257029367
0.0 0.000380138767276742
0.0 0.00038312949594470697
0.0 0.00038390609349384477
0.0 0.0003885169935661745
0.0 0.00039191781560831215
0.0 0.0003958597261232847
0.0 0.0003979529631896125
0.0 0.0004002989994112608
0.0 0.0004036143265626772
0.0 0.00040459922406376906
0.0 0.0004292923689142067
0.0 0.00043108225609419154
0.0 0.0004442191216311384
0.0 0.0005111929707091298
0.0 0.000531139078865078
0.0 0.0005520820510768066
0.0 0.0005552126473839824
0.0 0.0005783216114945366
0.0 0.0005875134270021629
0.0 0.0005980304815662802
0.0 0.0005982491100654369
0.0 0.0006169752666460698
0.0 0.0006318304020357023
0.0 0.0006444793233426893
0.0 0.000646925369021392
0.0 0.0006525471017133401
0.0 0.000652582728376158
0.0 0.0006535979290157386
0.0 0.0007099472065382479
0.0 0.000717178918587982
0.0 0.0007220616369025515
0.0 0.0007659404904338266
0.0 0.0007715211819382118
0.0 0.0007736264765596441
0.0 0.0007789816690334735
0.0 0.0007795307655429059
0.0 0.0007976733364564871
0.0 0.0008158655935971397
0.0 0.0008280796694168342
0.0 0.000830810409896624
0.0 0.0008385834834204406
0.0 0.000863678941109493
0.0 0.0008707312913395233
0.0 0.0008748783622921021
0.0 0.0008858021432150043
0.0 0.0008915500024833649
0.0 0.0009012461877960177
0.0 0.000903021969911541
0.0 0.000907408098956642
0.0 0.0009142433221943776
0.0 0.0009802861460174793
0.0 0.0009808291454990478
0.0 0.0009959340315300687
0.0 0.001006397896351103
0.0 0.0010220852760441852
0.0 0.0010307098404594105
0.0 0.001051752321625906
0.0 0.0010619304451410705
0.0 0.0010633757137461098
0.0 0.0010748250220707313
0.0 0.0010789772800470154
0.0 0.0010891246454216115
0.0 0.0011036613248558646
0.0 0.0011038617987720529
0.0 0.00110511596650374
0.0 0.0011184415214030182
0.0 0.0011186129661865402
0.0 0.0011296393045781416
0.0 0.0011327648048620278
0.0 0.0011373979090358328
0.0 0.0011400927953517652
0.0 0.0011485436399730716
0.0 0.0011509873651411693
0.0 0.0011760898298622446
0.0 0.001188019984384387
0.0 0.0011892231918831798
0.0 0.0011910710463280817
0.0 0.0011921645983257367
0.0 0.0012062228885736978
0.0 0.0012146879292598818
0.0 0.00121741229971056
0.0 0.0012363977164760408
0.0 0.0012436103184384397
0.0 0.001244000619222158
0.0 0.0012467543828071658
0.0 0.0012486508314741487
0.0 0.0012710442138144141
0.0 0.0012830831138335354
0.0 0.0012852319976541752
0.0 0.00129400043372691
0.0 0.001295436875291609
0.0 0.0012964460699037414
0.0 0.0013009990937115701
0.0 0.0013092122452465925
0.0 0.0013095777939171908
0.0 0.0013167549967178116
0.0 0.0013174020096747333
0.0 0.0013236640212928277
0.0 0.0013299208458872169
0.0 0.0013328292191788086
0.0 0.0013523048551846463
0.0 0.0013548786199470396
0.0 0.0013749004404490018
0.0 0.0013842384481247427
0.0 0.0013848130247506223
0.0 0.001387283595041405
0.0 0.0013933089145777902
0.0 0.0013945453372283803
0.0 0.0013989088071699265
0.0 0.0014186604474371348
0.0 0.001423825176040523
0.0 0.001442707853336473
0.0 0.0014456404327386893
0.0 0.0014489041626543006
0.0 0.001454166716704762
0.0 0.00146755879290805
0.0 0.0014759430252249308
0.0 0.0014802349688395938
0.0 0.0014810866417318345
0.0 0.0014909491758047198
0.0 0.0014935963779027298
0.0 0.0014978636604046887
0.0 0.0014992190205988366
0.0 0.001502264349516331
0.0 0.0015171642116103695
0.0 0.0015243457824309524
0.0 0.0015259581277995513
0.0 0.001560965441786897
0.0 0.001565726037543353
0.0 0.0015738541946899414
0.0 0.0015754379659279534
0.0 0.0015845172594213415
0.0 0.0015877856303581628
0.0 0.0015932578493668165
0.0 0.001595924707554657
0.0 0.0016165572318476039
0.0 0.0016273045629641109
0.0 0.0016351722769204447
0.0 0.0016397261197320166
0.0 0.0016407842725678936
0.0 0.0016410350697140645
0.0 0.0016684382069494708
0.0 0.0017047870490677504
0.0 0.0017086225345963489
0.0 0.00171457214178672
0.0 0.0017174945291423575
0.0 0.0017276361614907533
0.0 0.0017329360257117264
0.0 0.0017331919188811869
0.0 0.0017454196447632636
0.0 0.0017515696348694072
0.0 0.0017576333565812944
0.0 0.0017628152842632844
0.0 0.0017887613228395867
0.0 0.0018066316205088485
0.0 0.0018075754768223774
0.0 0.001814641659115622
0.0 0.001836550737242563
0.0 0.0018596036905971416
0.0 0.0018790293673746601
0.0 0.0018987027472842097
0.0 0.0019113390650335972
0.0 0.0022057226803996904
0.0 0.0022416953267987132
0.0 0.0022484053334641953
0.0 0.0025845879878565784
0.0 0.003114712366584363
0.0 0.0032667827975632643
0.0 0.0032840714205742082
0.0 0.0033555369591797236
0.0 0.0035199630626254323
0.0 0.0036311524667734622
0.0 0.004064301342312336
0.0 0.004225210825686697
0.0 0.004350429945952101
0.0 0.00501692863992578
0.0 0.005265531584069079
0.0 0.005621623855450641
0.0 0.005918919666125793
0.0 0.005938432703302559
0.0 0.007044468138008371
0.0 0.00711044052750958
0.0 0.0073133503428301615
0.0 0.007529206241315794
0.0 0.007596153427271932
0.0 0.007834265115469015
0.0 0.008455759371767374
0.0 0.008593292304308279
0.0 0.00894033804234617
0.0 0.009013433216399304
0.0 0.009474760188715235
0.0 0.009683164973148441
0.0 0.00973446227158284
0.0 0.009807638254005276
0.0 0.010355387957282768
0.0 0.010671729426998715
0.0 0.011304523750939648
0.0 0.012033472754318236
0.0 0.012122139191533784
0.0 0.012534266243000568
0.0 0.012623877628534636
0.0 0.01265735267751936
0.0 0.012666607055812905
0.0 0.012700460666527698
0.0 0.012880578881688113
0.0 0.012926648388230919
0.0 0.013022265801213205
0.0 0.013093968304901678
0.0 0.013249782856991632
0.0 0.013524864738146639
0.0 0.014110624951136417
0.0 0.014220259340177854
0.0 0.014378160349803153
0.0 0.014503688507480893
0.0 0.014958537706192673
0.0 0.015082471536584159
0.0 0.015186740541105187
0.0 0.01541900272256937
0.0 0.01607332192088139
0.0 0.01665210640599131
0.0 0.016796597594332226
0.0 0.0174203362848879
0.0 0.018573700307890663
0.0 0.018821448576127994
0.0 0.01919717400523529
0.0 0.019246309861791655
0.0 0.020187733188201697
0.0 0.020631197870884965
0.0 0.02081230034654356
0.0 0.02142561694146909
0.0 0.025532943280410482
0.0 0.03228835696940765
0.0 0.032960161351628915
0.0 0.03408315307582687
0.0 0.036430690076333885
0.0 0.0367659647285766
0.0 0.03758784262865065
0.0 0.037608678083871014
0.0 0.03980059709318638
0.0 0.04060787707054629
0.0 0.041140303759795896
0.0 0.043241953268569534
0.0 0.044021863232845425
0.0 0.05421010963427256
0.0 0.054962055534749546
0.0 0.06246691952881854
0.0 0.1563453888199376
0.0 0.16314629106882256
0.0 0.2613243771296718
