0.0 7.754459388747906e-05
0.0 7.759981407734151e-05
0.0 7.817501064355424e-05
0.0 7.837351667574904e-05
0.0 7.875717442910795e-05
0.0 7.887079982338872e-05
0.0 7.936386282674188e-05
0.0 7.953033102502019e-05
0.0 7.96922435149784e-05
0.0 8.068428454871703e-05
0.0 8.165716430738648e-05
0.0 8.279702414167359e-05
0.0 8.463391872398757e-05
0.0 8.54628073871016e-05
0.0 8.560913605584e-05
0.0 8.577567819195622e-05
0.0 8.606085643275272e-05
0.0 8.606354094502123e-05
0.0 8.618402549564913e-05
0.0 8.656078427997897e-05
0.0 8.670526450276976e-05
0.0 8.709208452058057e-05
0.0 8.746127320781422e-05
0.0 8.815473618951772e-05
0.0 8.857454954561177e-05
0.0 8.881398301484954e-05
0.0 8.969686336221161e-05
0.0 8.971094567656937e-05
0.0 9.140221115584203e-05
0.0 9.16779253533868e-05
0.0 9.168107055526072e-05
0.0 9.24998069844779e-05
0.0 9.252086789322861e-05
0.0 9.285928137731613e-05
0.0 9.364651460006013e-05
0.0 9.390290258428194e-05
0.0 9.413709784208049e-05
0.0 9.416481315624258e-05
0.0 9.452073853286142e-05
0.0 9.47859421823718e-05
0.0 9.496116348315277e-05
0.0 9.5243463835797e-05
0.0 9.541848038564224e-05
0.0 9.542318396963813e-05
0.0 9.598569166536131e-05
0.0 9.606744416397939e-05
0.0 9.62011920252221e-05
0.0 9.626969258827733e-05
0.0 9.630280536460643e-05
0.0 9.674802489930957e-05
0.0 9.679531099041231e-05
0.0 9.708742232539381e-05
0.0 9.720997713548302e-05
0.0 9.805537099902766e-05
0.0 9.83798784820632e-05
0.0 9.841964566380368e-05
0.0 9.874638265702834e-05
0.0 9.877327327992149e-05
0.0 9.912295375300042e-05
0.0 9.960406157671706e-05
0.0 9.964165612352836e-05
0.0 9.969930488698966e-05
0.0 0.00010009830758547668
0.0 0.00010036741856534399
0.0 0.00010078406396946016
0.0 0.00010125805101063402
0.0 0.00010148320878963028
0.0 0.00010153551127865853
0.0 0.00010153612553146573
0.0 0.00010177952889384635
0.0 0.00010196574986989707
0.0 0.00010200943006952047
0.0 0.00010209418558186266
0.0 0.00010221500000899812
0.0 0.0001023510797558978
0.0 0.00010251088786123875
0.0 0.00010251271924460837
0.0 0.00010254660552447247
0.0 0.00010276403964317074
0.0 0.00010277566494629967
0.0 0.00010314199849548503
0.0 0.00010335936436387139
0.0 0.00010343927410406785
0.0 0.00010383365853144886
0.0 0.00010385959364997526
0.0 0.00010395667971866946
0.0 0.00010415542462695595
0.0 0.00010421860166568209
0.0 0.00010430996608322772
0.0 0.00010437784101842377
0.0 0.00010442516123468246
0.0 0.0001044567725041495
0.0 0.00010450518472539877
0.0 0.00010454248352085845
0.0 0.00010469182657837295
0.0 0.00010500523201067088
0.0 0.00010510959811263564
0.0 0.00010514989992181943
0.0 0.0001056377759014673
0.0 0.00010598366848223513
0.0 0.00010603474246564896
0.0 0.00010634186886925102
0.0 0.00010643516704563414
0.0 0.00010649840095962021
0.0 0.00010681199976780189
0.0 0.00010702401936175517
0.0 0.00010736744355624221
0.0 0.00010819086081935133
0.0 0.00010822036770420109
0.0 0.00010830760297787606
0.0 0.00010868360532124888
0.0 0.0001089838953186078
0.0 0.0001090096029360945
0.0 0.00010936332155262818
0.0 0.00010938790303996834
0.0 0.00010944282179095319
0.0 0.00010945982749367114
0.0 0.00010946788103047671
0.0 0.00010949928754900802
0.0 0.00010954239899603217
0.0 0.00011008930012043155
0.0 0.00011022034071930177
0.0 0.00011042024588289075
0.0 0.00011068610359789028
0.0 0.00011094390777608425
0.0 0.00011101708348550544
0.0 0.00011106207181610715
0.0 0.00011109488884108463
0.0 0.00011120611409939652
0.0 0.00011125362769153895
0.0 0.00011130408742214558
0.0 0.00011144815245553891
0.0 0.00011219570949695831
0.0 0.00011238808437613307
0.0 0.00011243398271089359
0.0 0.00011268911375187103
0.0 0.00011292256394376454
0.0 0.00011322435544798552
0.0 0.00011350165646528224
0.0 0.00011357344441836122
0.0 0.00011364108047746558
0.0 0.00011382110205018434
0.0 0.00011433315001530089
0.0 0.00011508002455360117
0.0 0.0001152286509828406
0.0 0.00011538246443578531
0.0 0.00011563019031792033
0.0 0.00011587420793310816
0.0 0.00011591048297388916
0.0 0.00011592670379802015
0.0 0.00011681328672480343
0.0 0.00011725627674931745
0.0 0.00011744341910457897
0.0 0.00011748596179900385
0.0 0.0001177623073119338
0.0 0.00011789182365383798
0.0 0.00011789264265758092
0.0 0.00011815615711187148
0.0 0.00011847811658326233
0.0 0.00011868408464955946
0.0 0.00011893546192338176
0.0 0.00011894208220363718
0.0 0.00011898858341615293
0.0 0.00011912234265244762
0.0 0.00011914477425496256
0.0 0.00011919957925542755
0.0 0.00011952499674262191
0.0 0.00011952961501372793
0.0 0.00011954558558671523
0.0 0.00011965334145417162
0.0 0.00011967924244754205
0.0 0.00011973584470622072
0.0 0.00011980219538445075
0.0 0.00011989634668973277
0.0 0.00012017421645962874
0.0 0.00012020170996027711
0.0 0.00012024865479982029
0.0 0.00012032328651589558
0.0 0.00012051323850899747
0.0 0.00012063195992656764
0.0 0.00012106486027997075
0.0 0.00012108522162302436
0.0 0.00012131312078954908
0.0 0.0001214770352886567
0.0 0.00012148276831485727
0.0 0.00012150669004918228
0.0 0.00012171202111256823
0.0 0.00012198999325793207
0.0 0.00012224879844070075
0.0 0.00012278479089024627
0.0 0.00012299212396278163
0.0 0.00012299704936029123
0.0 0.00012370778535843437
0.0 0.00012371170975136928
0.0 0.00012405480406934874
0.0 0.0001241276157771064
0.0 0.00012455902599869942
0.0 0.00012456896779413455
0.0 0.0001247251358828402
0.0 0.00012482201720059868
0.0 0.00012496218059116106
0.0 0.00012553241194718223
0.0 0.00012622085284343424
0.0 0.00012636247224065073
0.0 0.0001270531198969879
0.0 0.000127070773977669
0.0 0.0001275841755739718
0.0 0.00012830856163449723
0.0 0.0001286109901416294
0.0 0.00012872361453133545
0.0 0.0001287857791904349
0.0 0.00012891719516602065
0.0 0.0001290870246921606
0.0 0.00012913468615997884
0.0 0.00012918739815087854
0.0 0.0001292317153534131
0.0 0.00012937533675977904
0.0 0.00012944827359310853
0.0 0.00012968587567897667
0.0 0.00012976733242624314
0.0 0.00012991058983094551
0.0 0.00013048570108426837
0.0 0.0001306001113571361
0.0 0.00013081679472240335
0.0 0.0001313282966850246
0.0 0.00013136361622143885
0.0 0.00013140862730214454
0.0 0.00013146420580614453
0.0 0.0001315755903151842
0.0 0.0001319113249745292
0.0 0.00013224106498147797
0.0 0.0001323917616701787
0.0 0.0001323987118269417
0.0 0.0001324380012564988
0.0 0.0001327538978251815
0.0 0.0001328513023953313
0.0 0.00013344986900584775
0.0 0.0001334754514977626
0.0 0.00013347803363456326
0.0 0.00013390490521041415
0.0 0.00013428782358539403
0.0 0.00013446114525249346
0.0 0.00013477453930973938
0.0 0.00013483354170438694
0.0 0.0001350833378459833
0.0 0.00013516269020863247
0.0 0.00013609559234709973
0.0 0.0001361020875017833
0.0 0.00013624368414889585
0.0 0.00013688337157233903
0.0 0.0001369797068876022
0.0 0.0001370304964947164
0.0 0.00013762077069233558
0.0 0.00013775939845087998
0.0 0.00013783373441560366
0.0 0.00013838872320196457
0.0 0.00013839946125103865
0.0 0.00013841163255666288
0.0 0.00013868111891324571
0.0 0.0001389288106702248
0.0 0.0001389473178798048
0.0 0.00013917066702553543
0.0 0.0001392527266505571
0.0 0.00013930113887180637
0.0 0.0001394768492998227
0.0 0.00013975355881441618
0.0 0.00014005937708703995
0.0 0.00014019934710171857
0.0 0.00014069905313543113
0.0 0.00014093320858054773
0.0 0.00014093526746495707
0.0 0.00014098141605086128
0.0 0.0001410774101145649
0.0 0.00014111825792624397
0.0 0.00014117839782609005
0.0 0.0001411874523674703
0.0 0.00014120154605688006
0.0 0.00014147963195276374
0.0 0.0001416877271537821
0.0 0.00014188304817142105
0.0 0.00014221016054136122
0.0 0.0001422507808520006
0.0 0.00014232248917971568
0.0 0.00014235067655853515
0.0 0.0001425218255907054
0.0 0.0001426010869529387
0.0 0.00014260760485772624
0.0 0.00014262053829183348
0.0 0.00014289424479270286
0.0 0.00014292243217152234
0.0 0.00014298457408051782
0.0 0.00014306550757539296
0.0 0.00014307778125648504
0.0 0.00014345331722272648
0.0 0.0001435871219592291
0.0 0.00014376329876437683
0.0 0.00014376883841469367
0.0 0.0001440116047741631
0.0 0.00014411529974806076
0.0 0.00014448736632344668
0.0 0.0001445307962719264
0.0 0.00014458806965867221
0.0 0.00014462431057429725
0.0 0.00014466906002880728
0.0 0.0001447384364708654
0.0 0.00014477929565759643
0.0 0.00014479164896405244
0.0 0.00014498949524323207
0.0 0.0001450914953343839
0.0 0.00014517258807998686
0.0 0.0001451743284629406
0.0 0.00014548013536051237
0.0 0.00014559174737059175
0.0 0.00014571812419814803
0.0 0.00014572791811790734
0.0 0.0001458961892619253
0.0 0.0001461022597036903
0.0 0.00014613889874613484
0.0 0.00014614341464177298
0.0 0.00014644621852562064
0.0 0.0001465865752920668
0.0 0.0001466863686231335
0.0 0.0001470578095706602
0.0 0.00014718318539364177
0.0 0.00014719368456662417
0.0 0.00014730803796423198
0.0 0.00014739937963167363
0.0 0.00014750806825339282
0.0 0.00014774369108021553
0.0 0.00014800243938772428
0.0 0.0001480403183108352
0.0 0.00014810108383854045
0.0 0.00014813103435041766
0.0 0.0001482910813318503
0.0 0.00014846572250498002
0.0 0.00014852325751792147
0.0 0.00014852379214536478
0.0 0.00014864490232385186
0.0 0.00014870656648066394
0.0 0.00014878492921379042
0.0 0.0001488598908063733
0.0 0.00014887610025545228
0.0 0.0001489104415373958
0.0 0.000148948866463002
0.0 0.00014927306681963395
0.0 0.00014929925218930403
0.0 0.00014933283134276453
0.0 0.00014960047494092573
0.0 0.00014962305441911647
0.0 0.00014974442622379922
0.0 0.00014980043697977464
0.0 0.000149824085712852
0.0 0.00015028939358936112
0.0 0.00015030023401390306
0.0 0.00015042040006307537
0.0 0.00015049666978663654
0.0 0.00015049837604443433
0.0 0.00015072513770576052
0.0 0.00015083641983933236
0.0 0.00015091125630634338
0.0 0.0001509182633383663
0.0 0.00015112382190279197
0.0 0.00015132377256658888
0.0 0.00015148313704490242
0.0 0.00015182353547556137
0.0 0.00015189308254339926
0.0 0.00015211419080388876
0.0 0.00015219744480936888
0.0 0.00015222456293330176
0.0 0.00015226145222688997
0.0 0.0001522708366447778
0.0 0.0001523056443038527
0.0 0.00015257144514359232
0.0 0.00015262414575944002
0.0 0.00015269343120108224
0.0 0.00015269543321023166
0.0 0.0001527087647711584
0.0 0.00015271891131752924
0.0 0.0001527285232364568
0.0 0.00015275178521776664
0.0 0.00015291102457050832
0.0 0.00015303256700097085
0.0 0.00015315273305014314
0.0 0.00015315673706844195
0.0 0.00015332475796131625
0.0 0.00015356068791454256
0.0 0.0001538944774399981
0.0 0.00015394573342424368
0.0 0.0001540370864667373
0.0 0.00015407187137570822
0.0 0.000154085942315014
0.0 0.00015439532097890916
0.0 0.0001544956148122632
0.0 0.00015461935262775888
0.0 0.00015475165585739946
0.0 0.00015484629628991682
0.0 0.00015506800742816156
0.0 0.0001551100382452471
0.0 0.00015522585902456103
0.0 0.00015526221369070592
0.0 0.0001554805009383031
0.0 0.00015552038187056344
0.0 0.00015553839995290807
0.0 0.0001555644829471103
0.0 0.00015563884166193794
0.0 0.00015584399072449213
0.0 0.00015599064926973813
0.0 0.00015599849805560795
0.0 0.00015606272159911672
0.0 0.00015619723158884246
0.0 0.00015628584324380764
0.0 0.00015629580778934673
0.0 0.00015630403195193208
0.0 0.00015630568133446994
0.0 0.00015635081754074745
0.0 0.00015638076805262464
0.0 0.00015657936508523532
0.0 0.00015660143268608675
0.0 0.00015660914497133275
0.0 0.00015663054144411702
0.0 0.00015701266356545792
0.0 0.00015705468300749147
0.0 0.00015733461166179678
0.0 0.00015737988436869812
0.0 0.00015760629340341275
0.0 0.00015762597224334727
0.0 0.00015780045416574918
0.0 0.0001579836038777639
0.0 0.0001580208685480676
0.0 0.0001583372314938817
0.0 0.00015841044132845883
0.0 0.00015873089929298762
0.0 0.00015889646317463312
0.0 0.00015892991720252176
0.0 0.00015908068214153442
0.0 0.00015931009418997317
0.0 0.00015940225486115776
0.0 0.00015957814729000586
0.0 0.00015959681375031368
0.0 0.0001596901119266968
0.0 0.00015990878592606146
0.0 0.00015991687358802298
0.0 0.0001599803918783087
0.0 0.00016026653131099794
0.0 0.0001604294106803749
0.0 0.00016046965561429877
0.0 0.00016047971116025373
0.0 0.0001605191029652787
0.0 0.0001605305917677838
0.0 0.00016068008270097412
0.0 0.00016069742965525163
0.0 0.000160767363474857
0.0 0.00016098276145924993
0.0 0.0001610733182481046
0.0 0.00016107699238989583
0.0 0.000161131672264789
0.0 0.00016113227514254422
0.0 0.00016147871372580735
0.0 0.00016153358697658425
0.0 0.00016154235714166488
0.0 0.00016160157566230015
0.0 0.0001616328115550517
0.0 0.00016179098165290676
0.0 0.00016183937112405206
0.0 0.00016189330024551416
0.0 0.00016190546017608642
0.0 0.00016203123412588744
0.0 0.00016209499129226485
0.0 0.00016215006929397747
0.0 0.00016216707499669544
0.0 0.0001622970008404711
0.0 0.0001624124803682255
0.0 0.00016248930746933394
0.0 0.00016256727207564092
0.0 0.00016281723884301706
0.0 0.0001629378257691128
0.0 0.00016296455714127816
0.0 0.00016299496265523476
0.0 0.00016299689641407225
0.0 0.00016302154615172433
0.0 0.00016304137286733464
0.0 0.00016318900966705134
0.0 0.0001633614782052519
0.0 0.00016357109766323627
0.0 0.00016364444399843725
0.0 0.00016394590562615065
0.0 0.000163949488767526
0.0 0.00016398006490726238
0.0 0.00016404447045160296
0.0 0.0001641172025339967
0.0 0.00016420128691827177
0.0 0.0001642124458442693
0.0 0.00016421820162057385
0.0 0.0001642592883083446
0.0 0.00016429215083353004
0.0 0.00016434051755457137
0.0 0.0001644397307579868
0.0 0.00016453640732480955
0.0 0.000164577732888672
0.0 0.0001646454940733482
0.0 0.00016467025756152013
0.0 0.00016480923794667606
0.0 0.00016490996403200554
0.0 0.0001650234415506105
0.0 0.00016503367909739724
0.0 0.00016533113670681184
0.0 0.00016533938361950115
0.0 0.00016547261960340453
0.0 0.0001655238983377541
0.0 0.00016552941523796693
0.0 0.0001656887342160725
0.0 0.00016588976550980803
0.0 0.00016590248281792756
0.0 0.0001660457743477859
0.0 0.0001663954661959168
0.0 0.0001665290775565357
0.0 0.00016654877914657417
0.0 0.00016655650280687214
0.0 0.00016661077317989384
0.0 0.00016680100954929536
0.0 0.00016680443343994292
0.0 0.00016682642141543043
0.0 0.00016692596449535346
0.0 0.0001669681431881148
0.0 0.0001670396126397382
0.0 0.00016706320449755564
0.0 0.0001670968064011201
0.0 0.00016720410726649707
0.0 0.00016737699668162106
0.0 0.00016744098134903815
0.0 0.0001674911225781892
0.0 0.00016755783725808275
0.0 0.0001676297275866296
0.0 0.00016764676741450353
0.0 0.00016772444764451088
0.0 0.0001677390873364159
0.0 0.00016774054334307002
0.0 0.00016778645305288255
0.0 0.00016795360944180595
0.0 0.00016801434084435526
0.0 0.0001680753566232042
0.0 0.00016812380296960943
0.0 0.0001681278524881162
0.0 0.00016826210085164626
0.0 0.00016832692727291026
0.0 0.0001684033676222512
0.0 0.0001684681940435152
0.0 0.00016850758584854018
0.0 0.00016859021422616113
0.0 0.00016877030404919177
0.0 0.00016897471373336694
0.0 0.00016913962923704925
0.0 0.00016920029238928666
0.0 0.00016922354299554453
0.0 0.00016930548887004635
0.0 0.00016933175386508033
0.0 0.00016936264850627228
0.0 0.0001695494951101822
0.0 0.00016957098258338235
0.0 0.0001695966447006611
0.0 0.0001697373540937188
0.0 0.0001699334713649967
0.0 0.0001701139820649508
0.0 0.000170252757699171
0.0 0.0001703194268788566
0.0 0.00017044406332345912
0.0 0.0001705227331829892
0.0 0.00017058618322296298
0.0 0.00017062185538598877
0.0 0.00017065276140223272
0.0 0.0001707256982355622
0.0 0.00017073391102309556
0.0 0.00017073637940937637
0.0 0.0001708710372747779
0.0 0.00017099856298258468
0.0 0.00017111040249370376
0.0 0.00017116326236027928
0.0 0.0001713352645213484
0.0 0.00017144790028610646
0.0 0.00017145322381043558
0.0 0.0001715803968916308
0.0 0.0001716105749045477
0.0 0.00017179967376875068
0.0 0.00017194265817220542
0.0 0.00017203001857145223
0.0 0.00017203023469743994
0.0 0.00017203087170035113
0.0 0.00017207684966047556
0.0 0.00017208575632618
0.0 0.00017214702235617262
0.0 0.00017215804478154636
0.0 0.00017217162659361674
0.0 0.00017218670991254922
0.0 0.00017220394311630687
0.0 0.00017228321585359218
0.0 0.0001723532747987694
0.0 0.0001723776515351738
0.0 0.0001724112306886343
0.0 0.00017243854218845092
0.0 0.00017247085871114105
0.0 0.00017252170519351515
0.0 0.00017256291700685776
0.0 0.00017258207259440096
0.0 0.00017264652363894943
0.0 0.00017277373084530063
0.0 0.00017313487737078068
0.0 0.00017320416281242293
0.0 0.00017321666399455472
0.0 0.0001732504933991589
0.0 0.00017327499526113515
0.0 0.00017331005317135372
0.0 0.00017335716863667669
0.0 0.00017339005391196606
0.0 0.0001734085383714421
0.0 0.0001734214376803934
0.0 0.00017346684688791857
0.0 0.00017351442873037292
0.0 0.00017358975432461932
0.0 0.0001737658856295591
0.0 0.00017400671823019107
0.0 0.00017403855700069782
0.0 0.0001740550849512324
0.0 0.0001740570187100699
0.0 0.0001741849084195402
0.0 0.00017420947853182835
0.0 0.00017426192889653238
0.0 0.00017428524775310218
0.0 0.00017429902294105633
0.0 0.00017440137565881972
0.0 0.00017444555636073048
0.0 0.00017444636398942142
0.0 0.0001745041947537145
0.0 0.00017454178930052577
0.0 0.00017454975183691548
0.0 0.00017457114830969975
0.0 0.0001746962966316416
0.0 0.00017471432608903823
0.0 0.00017478472628577502
0.0 0.00017479180156810986
0.0 0.00017479751184420645
0.0 0.0001749172570164553
0.0 0.00017493686760607788
0.0 0.00017496143771836606
0.0 0.00017500088639865093
0.0 0.00017505813703529277
0.0 0.0001750923873168204
0.0 0.00017528938046710115
0.0 0.0001756828890154793
0.0 0.00017571283952735647
0.0 0.00017598571564943091
0.0 0.00017600116297002692
0.0 0.00017605996061373873
0.0 0.00017610514232022418
0.0 0.0001761774307755905
0.0 0.0001762116469319622
0.0 0.00017631795816781644
0.0 0.00017633942289091263
0.0 0.00017636605188761013
0.0 0.00017638554872671287
0.0 0.00017642269964649672
0.0 0.00017669537101763544
0.0 0.0001767140033527873
0.0 0.00017671547073449338
0.0 0.0001767775898933849
0.0 0.0001770568360445711
0.0 0.00017710889965750763
0.0 0.0001771468923311384
0.0 0.0001772987834002976
0.0 0.0001773199296219382
0.0 0.0001774127841712939
0.0 0.00017745699899836061
0.0 0.00017755643970281576
0.0 0.00017757463978599217
0.0 0.0001777326165079635
0.0 0.00017776905079947228
0.0 0.00017780340345646778
0.0 0.00017786768387523648
0.0 0.00017794203121501215
0.0 0.00017812332679355327
0.0 0.00017817658478694825
0.0 0.00017822299499904812
0.0 0.00017826991708848731
0.0 0.00017834837082202968
0.0 0.00017839625979088763
0.0 0.0001785283241444365
0.0 0.00017872257590718883
0.0 0.00017873330258121094
0.0 0.000178741742869784
0.0 0.0001787734678897709
0.0 0.00017878257930641108
0.0 0.00017879056459290472
0.0 0.00017889541982210488
0.0 0.00017907974116447404
0.0 0.0001791171423354016
0.0 0.00017917148095873518
0.0 0.00017919152380033323
0.0 0.00017924057302449366
0.0 0.00017932303077633483
0.0 0.0001794686883170061
0.0 0.00017962469715498397
0.0 0.00017976516767194997
0.0 0.00017981131625785418
0.0 0.0001798296528416544
0.0 0.0001799299239249045
0.0 0.0001799789958991689
0.0 0.00018001846732955775
0.0 0.00018004648408259747
0.0 0.00018012489231593188
0.0 0.00018033205476268745
0.0 0.00018044958179979918
0.0 0.00018047342390876029
0.0 0.00018063254951098212
0.0 0.00018063645115381306
0.0 0.0001807053384686358
0.0 0.00018074442314725716
0.0 0.00018094478331292556
0.0 0.0001809866548792833
0.0 0.00018099896268553137
0.0 0.0001810280941936656
0.0 0.00018112660214385798
0.0 0.00018134872278397418
0.0 0.00018137596603347888
0.0 0.00018144776536160986
0.0 0.0001817530603818423
0.0 0.00018179585332741085
0.0 0.00018179795771202813
0.0 0.0001819750331462827
0.0 0.00018199707799703013
0.0 0.00018211560603871655
0.0 0.00018221479649202803
0.0 0.0001822284124292544
0.0 0.00018234135532041606
0.0 0.00018252527853596573
0.0 0.00018255880081416632
0.0 0.00018258639669028255
0.0 0.00018262992901423014
0.0 0.00018306022448072863
0.0 0.00018308968586537046
0.0 0.00018311576885957266
0.0 0.00018338242282821117
0.0 0.00018352095958633965
0.0 0.0001835891530229913
0.0 0.00018376201968801133
0.0 0.00018377559012502974
0.0 0.00018384920946147836
0.0 0.00018388100273177715
0.0 0.0001839152302632008
0.0 0.00018394497602414227
0.0 0.0001839684200062839
0.0 0.0001840469761152941
0.0 0.00018420032319110743
0.0 0.0001842863868344279
0.0 0.00018451032748286174
0.0 0.00018463590805677904
0.0 0.00018480215444154364
0.0 0.0001848171467600602
0.0 0.00018487531877591285
0.0 0.0001851242617886103
0.0 0.00018514479375744369
0.0 0.00018524094707187512
0.0 0.00018526693906566142
0.0 0.0001857609916985373
0.0 0.0001857910104607264
0.0 0.0001858003493784063
0.0 0.00018582239422915373
0.0 0.00018588526414147627
0.0 0.0001859187522945209
0.0 0.00018594600691907757
0.0 0.0001861113774248393
0.0 0.00018633646695352367
0.0 0.00018642299697397554
0.0 0.00018655469732586092
0.0 0.0001865570860867778
0.0 0.0001866447649874802
0.0 0.00018665181751971108
0.0 0.00018686577087250185
0.0 0.0001868851084608768
0.0 0.00018688829347543267
0.0 0.00018699900685640523
0.0 0.00018731757656230446
0.0 0.0001873782055893859
0.0 0.00018747656566390247
0.0 0.00018750337666143172
0.0 0.00018762137007567484
0.0 0.0001879080555108594
0.0 0.00018807372176797273
0.0 0.00018832174340145937
0.0 0.00018842273111298454
0.0 0.00018843061402401033
0.0 0.00018847865086854407
0.0 0.00018854952881746425
0.0 0.00018861726725203647
0.0 0.0001887221338562886
0.0 0.0001888009402164425
0.0 0.000188846087797772
0.0 0.0001888995732922067
0.0 0.0001890010615060192
0.0 0.00018904071493723983
0.0 0.00018907708097843672
0.0 0.00018916124498807564
0.0 0.00018926936485719556
0.0 0.00018939189691718082
0.0 0.00018941286113798963
0.0 0.00018952338114307845
0.0 0.0001895682557231603
0.0 0.00018964090818019016
0.0 0.00018980423117659454
0.0 0.00018983494381695477
0.0 0.00018986759021615246
0.0 0.0001898826735350849
0.0 0.0001898967444743907
0.0 0.00019013435793531082
0.0 0.00019034709415753919
0.0 0.000190393527119743
0.0 0.00019043262317341636
0.0 0.00019048276440256738
0.0 0.0001906151813827278
0.0 0.0001906291726966697
0.0 0.00019071964986016045
0.0 0.00019072389275455096
0.0 0.00019080623675587227
0.0 0.00019081761180785752
0.0 0.00019087819533473104
0.0 0.00019091027298132946
0.0 0.00019092717630857958
0.0 0.00019093552559673675
0.0 0.00019098801008659674
0.0 0.00019102632126168312
0.0 0.00019107853275029547
0.0 0.0001911471015636626
0.0 0.00019130043726442396
0.0 0.00019135467351228967
0.0 0.00019157286975947095
0.0 0.00019171792442238702
0.0 0.00019190709153690192
0.0 0.00019212799504645569
0.0 0.00019213923359781714
0.0 0.000192769889229984
0.0 0.0001929131466346864
0.0 0.00019294392752535852
0.0 0.0001932605179722123
0.0 0.0001933072011855598
0.0 0.0001933569329128394
0.0 0.00019340495838232117
0.0 0.0001934052313835688
0.0 0.00019368125839504317
0.0 0.0001939440220959027
0.0 0.00019407620019997146
0.0 0.00019420478378761284
0.0 0.000194515709458578
0.0 0.00019454680885070568
0.0 0.00019474273274609983
0.0 0.0001947701466213843
0.0 0.0001948714300842611
0.0 0.00019490016346557587
0.0 0.00019491852279948006
0.0 0.00019492928359865814
0.0 0.0001950785015306008
0.0 0.0001950832790524346
0.0 0.00019526614438814967
0.0 0.0001954228698544026
0.0 0.0001958847879654201
0.0 0.00019590180504319005
0.0 0.0001959106320835306
0.0 0.00019592969667065792
0.0 0.0001959733086199694
0.0 0.0001960148275597156
0.0 0.00019619221012037377
0.0 0.00019631708544106798
0.0 0.0001963475478302845
0.0 0.00019638130898457678
0.0 0.0001963972568074601
0.0 0.00019643283797007
0.0 0.00019643861649647852
0.0 0.00019667833434201592
0.0 0.00019670006069130776
0.0 0.00019674462814498603
0.0 0.000196782461567889
0.0 0.0001968103304452529
0.0 0.00019682607351720048
0.0 0.00019703758123381445
0.0 0.0001970728893951767
0.0 0.000197078076418882
0.0 0.00019720010797657988
0.0 0.0001972261568456261
0.0 0.00019744717410569976
0.0 0.00019749310656561622
0.0 0.000197670034124195
0.0 0.00019774779397956625
0.0 0.0001978616582499387
0.0 0.00019798525956481056
0.0 0.00019801108093281711
0.0 0.00019801715521057723
0.0 0.0001980374710534229
0.0 0.0001980685021952387
0.0 0.0001981379582626607
0.0 0.00019817922695126324
0.0 0.00019820971209058374
0.0 0.00019821285160493167
0.0 0.0001983569962636889
0.0 0.0001984435149090888
0.0 0.00019886209407204245
0.0 0.0001988681683498026
0.0 0.00019904611966306004
0.0 0.00019910074266269324
0.0 0.0001991879210611083
0.0 0.0001992384717921308
0.0 0.00019924709408153564
0.0 0.00019931714165166088
0.0 0.00019933290747371245
0.0 0.00019934416877517784
0.0 0.00019943048266964203
0.0 0.0001994859019229142
0.0 0.00019950958478114753
0.0 0.00019975869841962475
0.0 0.0001997640674441618
0.0 0.00019980701964045813
0.0 0.0001999056868413783
0.0 0.00019999527675081423
0.0 0.00020003556718494603
0.0 0.00020020016418717274
0.0 0.00020036537544220669
0.0 0.0002003680827045792
0.0 0.00020040154810751983
0.0 0.00020040632562935365
0.0 0.0002004511888343835
0.0 0.0002005160266306995
0.0 0.00020052878943902695
0.0 0.00020058445894344284
0.0 0.00020080279169124794
0.0 0.00020095246462527002
0.0 0.00020100105884735106
0.0 0.00020100108159745503
0.0 0.0002010490160665209
0.0 0.000201078272700227
0.0 0.00020119639124004197
0.0 0.00020120317077102517
0.0 0.00020124939898229327
0.0 0.00020137204479279836
0.0 0.00020137322779820483
0.0 0.00020140607894833827
0.0 0.00020176157207298166
0.0 0.00020184176618947777
0.0 0.0002018990054510676
0.0 0.0002019131332656333
0.0 0.00020233639895000488
0.0 0.00020237161611095126
0.0 0.00020245151447609574
0.0 0.00020267803726133022
0.0 0.00020270231162226678
0.0 0.00020281615314253528
0.0 0.00020282877945023892
0.0 0.0002030282296117485
0.0 0.0002031944646214611
0.0 0.000203196079878843
0.0 0.0002033345370116076
0.0 0.0002039281327244065
0.0 0.00020404604651328573
0.0 0.0002041852088992734
0.0 0.00020419232968181618
0.0 0.000204219493305957
0.0 0.00020424708918207322
0.0 0.0002043273060486733
0.0 0.00020433363057757712
0.0 0.00020435790493851365
0.0 0.0002043704629959054
0.0 0.00020451997667919966
0.0 0.0002045217966875173
0.0 0.0002045350827482361
0.0 0.00020456729689545834
0.0 0.00020478494714014435
0.0 0.00020482999234600597
0.0 0.00020502866900398055
0.0 0.00020503399252830965
0.0 0.0002050710979478856
0.0 0.000205105518855193
0.0 0.0002051469467945233
0.0 0.0002051634633700059
0.0 0.00020525776255096373
0.0 0.00020527937514973574
0.0 0.00020537981685876558
0.0 0.00020543371185507175
0.0 0.0002058019677880426
0.0 0.0002058029005423054
0.0 0.000205830223417174
0.0 0.0002059788043462055
0.0 0.0002060487836660188
0.0 0.0002060490339171625
0.0 0.00020607062376583053
0.0 0.00020614212734260988
0.0 0.00020620157336428486
0.0 0.00020621258441460658
0.0 0.00020631079661344732
0.0 0.00020631759889453452
0.0 0.00020635795757897822
0.0 0.000206424501633092
0.0 0.00020657551682324833
0.0 0.00020708605190645086
0.0 0.00020731619195821666
0.0 0.00020742425495207665
0.0 0.0002075152781180627
0.0 0.00020752742667358296
0.0 0.00020755741131061613
0.0 0.0002076103735526595
0.0 0.00020761428657054242
0.0 0.00020786385521109907
0.0 0.00020796143040702864
0.0 0.0002079755809716983
0.0 0.000208025221698562
0.0 0.00020814327198806503
0.0 0.00020822687862015671
0.0 0.0002084525596515443
0.0 0.00020874009821562773
0.0 0.00020895485919710947
0.0 0.00020898291007530513
0.0 0.0002090201292454009
0.0 0.00020911463317729447
0.0 0.0002091664806642433
0.0 0.0002092197841578462
0.0 0.00020937826138210487
0.0 0.00020938686092140574
0.0 0.00020939598371309793
0.0 0.00020950486571070083
0.0 0.0002095534371826779
0.0 0.00020958528732823665
0.0 0.00020959700363178146
0.0 0.0002096075596800238
0.0 0.00020967367148216212
0.0 0.00020970213186222926
0.0 0.00020972435871380844
0.0 0.0002097954072885084
0.0 0.0002099699915863782
0.0 0.00021003298662427257
0.0 0.00021005161895942443
0.0 0.00021006779428334746
0.0 0.00021018880208636669
0.0 0.0002102830330170126
0.0 0.00021056160804013165
0.0 0.00021063399887096584
0.0 0.00021091437115229857
0.0 0.00021112694812379916
0.0 0.00021117765810554944
0.0 0.00021122604757669474
0.0 0.00021125118644158217
0.0 0.000211394102594725
0.0 0.00021145056835277984
0.0 0.00021176868305659965
0.0 0.00021178651913811254
0.0 0.0002118746075406864
0.0 0.00021188209232489273
0.0 0.0002119303452954142
0.0 0.00021196410644970645
0.0 0.0002119732519915026
0.0 0.0002119864470518055
0.0 0.00021198733430586035
0.0 0.00021204204830590947
0.0 0.00021204816808387755
0.0 0.000212172065150101
0.0 0.0002124892015994501
0.0 0.00021257603874630558
0.0 0.00021269954906076157
0.0 0.0002129088272671864
0.0 0.00021299718867100791
0.0 0.0002130215995325683
0.0 0.00021312779701790268
0.0 0.0002131940908208728
0.0 0.00021320589812483349
0.0 0.00021321831968160139
0.0 0.00021328820800099884
0.0 0.00021355067595050676
0.0 0.00021358960137840034
0.0 0.00021366119595559558
0.0 0.00021366558672566188
0.0 0.00021367245725706097
0.0 0.00021376784844300939
0.0 0.00021378889228918212
0.0 0.0002137915995515546
0.0 0.00021379207730373798
0.0 0.0002138525015798837
0.0 0.00021390466756828811
0.0 0.00021391074184604823
0.0 0.00021392016038909205
0.0 0.00021393233169471627
0.0 0.0002140256981214113
0.0 0.0002144190929192696
0.0 0.00021472135080062194
0.0 0.00021475841071998993
0.0 0.0002148136934726383
0.0 0.00021505252406412085
0.0 0.00021522230809005287
0.0 0.00021523891566595135
0.0 0.00021526462328343805
0.0 0.00021527112981317362
0.0 0.0002154737194890311
0.0 0.0002154819095264605
0.0 0.0002155089366499775
0.0 0.00021554128729782358
0.0 0.00021570570229921855
0.0 0.00021577561336871996
0.0 0.00021596273297387752
0.0 0.00021604727236023197
0.0 0.00021606014891907929
0.0 0.00021621428087347959
0.0 0.00021623862348472804
0.0 0.0002163626115513674
0.0 0.00021638285914390117
0.0 0.00021668411602067882
0.0 0.0002167007235965773
0.0 0.00021693072714771931
0.0 0.00021697838861553756
0.0 0.00021710274068384043
0.0 0.0002172210639745911
0.0 0.000217317638165946
0.0 0.00021738909624251742
0.0 0.0002174151906117716
0.0 0.00021743257169120508
0.0 0.0002174485422641924
0.0 0.00021762292181112645
0.0 0.0002177731407476438
0.0 0.00021786641617392295
0.0 0.00021791603415068265
0.0 0.00021803867996118777
0.0 0.00021837549525047134
0.0 0.0002183817970292712
0.0 0.00021861787485817332
0.0 0.0002186826444041774
0.0 0.00021882228454234845
0.0 0.00021885361143551585
0.0 0.0002188719480193161
0.0 0.00021887522403428786
0.0 0.00021890211465718103
0.0 0.00021894106283517855
0.0 0.00021901909569179746
0.0 0.0002190233727113439
0.0 0.00021906357214505982
0.0 0.000219086572500174
0.0 0.00021915257055179252
0.0 0.00021921836385247525
0.0 0.0002194708672564441
0.0 0.00021961339665781942
0.0 0.00021966308288489105
0.0 0.00021978770795444159
0.0 0.00021978782170496144
0.0 0.00021982174210998147
0.0 0.00021990748725184638
0.0 0.00021992809884604367
0.0 0.00021995032569762288
0.0 0.00021999887441949596
0.0 0.00022001241073135844
0.0 0.00022011719771024667
0.0 0.00022014875210445378
0.0 0.0002202193684271783
0.0 0.00022035548229923393
0.0 0.00022046427329642097
0.0 0.00022058118608072548
0.0 0.00022061346847825964
0.0 0.00022092025363030216
0.0 0.0002209331756893574
0.0 0.00022094985151556782
0.0 0.00022098215666320595
0.0 0.00022099435071893417
0.0 0.00022099698973099472
0.0 0.00022120365167546297
0.0 0.00022120683669001883
0.0 0.00022147160240002778
0.0 0.0002214996077780155
0.0 0.0002216155423078493
0.0 0.00022165007696567653
0.0 0.00022165697024717962
0.0 0.00022168679563348498
0.0 0.0002217268130663691
0.0 0.00022201025661173785
0.0 0.00022229197114920484
0.0 0.00022238149280832885
0.0 0.00022239132085324413
0.0 0.0002224745407335683
0.0 0.0002226184806413898
0.0 0.0002230154927057794
0.0 0.00022316955640986778
0.0 0.00022336568505619767
0.0 0.00022347374805005765
0.0 0.00022358690706720703
0.0 0.00022371576365609608
0.0 0.0002237719109126953
0.0 0.00022394854271992246
0.0 0.00022414621837332235
0.0 0.00022415893568144188
0.0 0.00022420218362908983
0.0 0.000224237560040764
0.0 0.00022430160158344101
0.0 0.00022441250834029732
0.0 0.00022448681017986504
0.0 0.00022464751691431283
0.0 0.00022464967817419003
0.0 0.0002246885126016677
0.0 0.0002248091564030234
0.0 0.00022481352442298573
0.0 0.00022483447726874258
0.0 0.00022485326885462222
0.0 0.00022487843046961362
0.0 0.00022495573532290547
0.0 0.00022528470182631922
0.0 0.0002253020146554408
0.0 0.00022532012373820134
0.0 0.0002253351388068219
0.0 0.00022541412716780754
0.0 0.0002254968237957404
0.0 0.00022550906335167654
0.0 0.00022554951303653612
0.0 0.00022555051404111082
0.0 0.00022563009390479973
0.0 0.00022570414549322377
0.0 0.00022581946577025035
0.0 0.00022583862135779352
0.0 0.00022590423265764453
0.0 0.00022602660546690195
0.0 0.00022605533884821673
0.0 0.00022619063371652945
0.0 0.0002262363614255102
0.0 0.0002266470235522821
0.0 0.00022673381519892964
0.0 0.0002268891984090483
0.0 0.00022702886129732336
0.0 0.00022703350231853336
0.0 0.00022728550522021484
0.0 0.0002273160131096393
0.0 0.00022770604089210995
0.0 0.00022788633546607634
0.0 0.00022788856497626546
0.0 0.00022788895172803296
0.0 0.00022806956480345494
0.0 0.00022812163979144348
0.0 0.00022813151333656668
0.0 0.00022816652574657732
0.0 0.00022816818650416717
0.0 0.0002281845893291299
0.0 0.00022845997933769308
0.0 0.00022852160936934923
0.0 0.00022863535988920186
0.0 0.00022872727030924276
0.0 0.0002287721790144806
0.0 0.00022881428945693003
0.0 0.00022882482275506837
0.0 0.0002289159369214703
0.0 0.00022899995305543345
0.0 0.00022940385840132613
0.0 0.00022942037497680873
0.0 0.0002294873967831059
0.0 0.00022953496725050825
0.0 0.00022961864213291185
0.0 0.00022972204135545787
0.0 0.00022977714210727448
0.0 0.0002299263827893211
0.0 0.00022994153435856548
0.0 0.00022994603887915163
0.0 0.0002300589021449494
0.0 0.00023018746298248682
0.0 0.00023036172877890102
0.0 0.00023050189216946342
0.0 0.00023054177310172377
0.0 0.00023054432111336846
0.0 0.00023056051918739546
0.0 0.00023064073605399553
0.0 0.00023065540987105652
0.0 0.0002306671716748093
0.0 0.00023071148887734386
0.0 0.00023079081848988907
0.0 0.00023084171047247113
0.0 0.00023089114644839908
0.0 0.0002308937399602517
0.0 0.00023104443664895247
0.0 0.00023120837389816406
0.0 0.00023123405876554677
0.0 0.000231267842669943
0.0 0.0002314405614592872
0.0 0.000231514044295112
0.0 0.000231522552833997
0.0 0.00023161896777462406
0.0 0.00023162044653138214
0.0 0.00023164376538795193
0.0 0.00023165152317340586
0.0 0.0002316735680241533
0.0 0.00023180112785711602
0.0 0.00023187149392869686
0.0 0.00023188129922350817
0.0 0.00023201268107393792
0.0 0.00023211430578837426
0.0 0.00023215245771273282
0.0 0.00023266155953938518
0.0 0.00023278832311870895
0.0 0.00023313348769614972
0.0 0.00023319259246626513
0.0 0.00023323923017940472
0.0 0.00023334065014290532
0.0 0.0002333432664048619
0.0 0.00023346249969977142
0.0 0.00023364932355357738
0.0 0.00023390021170016428
0.0 0.00023410621389161737
0.0 0.00023413929254279052
0.0 0.00023417630696195057
0.0 0.0002342210564164606
0.0 0.00023440492275675034
0.0 0.00023453753311279452
0.0 0.0002347147564227249
0.0 0.0002347665584094658
0.0 0.0002352367348082246
0.0 0.00023541334386534775
0.0 0.0002354650321015688
0.0 0.00023549902075690074
0.0 0.00023552588862968993
0.0 0.00023561386328174394
0.0 0.00023564045815328548
0.0 0.000235702588687229
0.0 0.00023578196379998214
0.0 0.00023586051990899236
0.0 0.0002359014018458274
0.0 0.0002359481533094868
0.0 0.0002359686056529563
0.0 0.0002359923112612936
0.0 0.0002361012160090005
0.0 0.00023616391529554325
0.0 0.00023626608601247487
0.0 0.0002362744125505281
0.0 0.00023640927516686535
0.0 0.0002368529476944985
0.0 0.00023685451745167246
0.0 0.00023697236299023976
0.0 0.00023700250687800072
0.0 0.0002371186689088742
0.0 0.00023715500082491513
0.0 0.00023724875400337765
0.0 0.00023739364941556591
0.0 0.00023758538729182948
0.0 0.00023803997986936848
0.0 0.00023806502773384002
0.0 0.00023861066622746905
0.0 0.00023868944983751898
0.0 0.00023885445634161718
0.0 0.00023893080569054227
0.0 0.00023900469802823853
0.0 0.00023906428055053732
0.0 0.0002391252508291783
0.0 0.00023913928764332813
0.0 0.00023932367723600921
0.0 0.00023954838001292607
0.0 0.0002399020758793558
0.0 0.00023991042516751298
0.0 0.0002401682520958109
0.0 0.00024035427969597788
0.0 0.00024036640550139418
0.0 0.0002405830319914015
0.0 0.00024081606130637158
0.0 0.00024093602260460813
0.0 0.0002410062066753572
0.0 0.0002410817825207473
0.0 0.0002412030178248062
0.0 0.0002412876027113686
0.0 0.00024130100252260723
0.0 0.00024135580752307224
0.0 0.00024171334815707298
0.0 0.0002417723619267725
0.0 0.00024181720238169841
0.0 0.00024193909743877248
0.0 0.0002419838241431785
0.0 0.00024198696365752647
0.0 0.00024204747893408804
0.0 0.00024207152579398488
0.0 0.00024207980683183016
0.0 0.00024209709691084776
0.0 0.0002421269450472571
0.0 0.0002421480116435338
0.0 0.00024216696248014123
0.0 0.00024224645134341425
0.0 0.00024242442540677565
0.0 0.00024247497613779815
0.0 0.00024255537500522998
0.0 0.00024267260629099008
0.0 0.00024282858100381198
0.0 0.00024285051210403956
0.0 0.0002428716469506282
0.0 0.0002429276804567076
0.0 0.00024310485826643002
0.0 0.00024314815171428593
0.0 0.00024347577596156542
0.0 0.00024347855147424983
0.0 0.00024356261310842092
0.0 0.0002436828019076972
0.0 0.00024375344098052568
0.0 0.00024377052630860754
0.0 0.00024385763645671065
0.0 0.0002441993430183479
0.0 0.0002444729585188014
0.0 0.0002445016691500122
0.0 0.0002446303437380695
0.0 0.000244648475570934
0.0 0.00024473092194772316
0.0 0.00024515118461837065
0.0 0.0002453218103981496
0.0 0.00024532747517403824
0.0 0.0002454242086161209
0.0 0.0002455705372848593
0.0 0.0002456597404425277
0.0 0.00024567521051322767
0.0 0.00024576869069044255
0.0 0.000245925780158359
0.0 0.0002460066795280782
0.0 0.00024612363781259067
0.0 0.00024652367564080834
0.0 0.000246527019906092
0.0 0.0002465353236940412
0.0 0.00024671721077528555
0.0 0.00024672091904223275
0.0 0.0002467739040343801
0.0 0.0002468486608760273
0.0 0.00024688795030558433
0.0 0.00024695376635637105
0.0 0.00024710086852864445
0.0 0.0002471898441852732
0.0 0.0002472204203250096
0.0 0.0002473463876506944
0.0 0.0002476384762355719
0.0 0.00024780639475297834
0.0 0.0002479517906674539
0.0 0.0002482458812614809
0.0 0.0002484220125664207
0.0 0.00024863522654083246
0.0 0.0002487008378406834
0.0 0.0002489985684513457
0.0 0.00024901765578857696
0.0 0.00024904643467009966
0.0 0.00024915813768059493
0.0 0.0002494224938887324
0.0 0.0002495198870838302
0.0 0.00024955232873209216
0.0 0.0002495657285433308
0.0 0.00024960965899409787
0.0 0.00024971091970687066
0.0 0.00024975510040878144
0.0 0.0002498472155797581
0.0 0.000249896651555686
0.0 0.0002499624221062648
0.0 0.0002500028262909165
0.0 0.0002501440134361575
0.0 0.0002502006156948362
0.0 0.00025022982682833435
0.0 0.0002502418161331268
0.0 0.0002502819018163229
0.0 0.00025028756659221154
0.0 0.0002506479054890007
0.0 0.00025075280621840874
0.0 0.0002509350345512126
0.0 0.00025133589138317327
0.0 0.00025138184659319367
0.0 0.0002513972939137897
0.0 0.0002514647707221663
0.0 0.00025166360663086865
0.0 0.0002516847869776652
0.0 0.00025169848254025544
0.0 0.000251876342853097
0.0 0.000251921092307607
0.0 0.00025195781097541543
0.0 0.0002521149459435398
0.0 0.00025236901910468263
0.0 0.0002523794614024051
0.0 0.0002524210713425672
0.0 0.0002526137874733015
0.0 0.00025300458875930713
0.0 0.00025312543731159854
0.0 0.0002535690415889198
0.0 0.0002539183466852832
0.0 0.00025398120522255376
0.0 0.0002539921252724596
0.0 0.00025399392253067326
0.0 0.000254348391900638
0.0 0.00025437155150648
0.0 0.00025461006359650697
0.0 0.00025523130068563006
0.0 0.0002552545740419919
0.0 0.00025597516083515425
0.0 0.00025618143602785495
0.0 0.0002562659981643134
0.0 0.0002563142511348349
0.0 0.0002565105390318926
0.0 0.00025654063741944555
0.0 0.0002566266555625581
0.0 0.00025680267311697805
0.0 0.00025683802677854825
0.0 0.00025692293016656625
0.0 0.0002571046352469788
0.0 0.0002573672169470066
0.0 0.0002576828746395976
0.0 0.00025774819018809696
0.0 0.00025784870014743875
0.0 0.00025787433951461353
0.0 0.00025799703082532655
0.0 0.00025807836244702114
0.0 0.00025811872113146487
0.0 0.00025821797983508827
0.0 0.0002582317663980944
0.0 0.00025840127742277877
0.0 0.0002585914455418684
0.0 0.00025893242410017855
0.0 0.0002590304315480836
0.0 0.00025911226367206555
0.0 0.000259162859903296
0.0 0.00025942539610311583
0.0 0.00025967137022724513
0.0 0.00025994241496594993
0.0 0.00026020590667013655
0.0 0.0002602287932747309
0.0 0.00026033039523906323
0.0 0.0002607662417309305
0.0 0.0002610255019157786
0.0 0.00026108133067092226
0.0 0.0002614137096899316
0.0 0.00026143382078184157
0.0 0.0002618197990458055
0.0 0.0002618625009909581
0.0 0.0002620016178767379
0.0 0.0002621337277304947
0.0 0.0002621668973820837
0.0 0.00026250912719611233
0.0 0.0002627098058632363
0.0 0.000263473344852695
0.0 0.0002634925459404461
0.0 0.00026352221207602366
0.0 0.0002635792920868857
0.0 0.0002637564243964002
0.0 0.0002639808769221734
0.0 0.00026401911984694784
0.0 0.0002640325879084984
0.0 0.00026417332005166007
0.0 0.000264263660714527
0.0 0.0002642770832758696
0.0 0.0002646274803772236
0.0 0.0002646811251223861
0.0 0.00026483084355661613
0.0 0.00026485320690881913
0.0 0.000264916634198689
0.0 0.0002653090507420765
0.0 0.00026531542077118825
0.0 0.0002656574685843851
0.0 0.0002658412894244669
0.0 0.00026588583412804115
0.0 0.00026588808638833424
0.0 0.00026607702600180946
0.0 0.00026641604805117817
0.0 0.0002666572446534737
0.0 0.00026669309881733125
0.0 0.0002669049022852968
0.0 0.00026718977908721567
0.0 0.00026719674061903066
0.0 0.0002677588956881423
0.0 0.0002679209901789323
0.0 0.00026815788701157735
0.0 0.0002682162637783657
0.0 0.00026833374531526946
0.0 0.0002687581940050475
0.0 0.0002688364771128101
0.0 0.0002689377833257908
0.0 0.00026903754253170155
0.0 0.00026931425204629507
0.0 0.00026952482700864623
0.0 0.0002696798689672053
0.0 0.00026988878317196665
0.0 0.00027006379972181185
0.0 0.0002702303532329801
0.0 0.00027027844695277377
0.0 0.00027043119115083183
0.0 0.0002705450781713083
0.0 0.000270742890325332
0.0 0.00027108769090110926
0.0 0.0002711253650732844
0.0 0.000271139561138162
0.0 0.0002718028859196306
0.0 0.00027181159920945127
0.0 0.0002719498288411762
0.0 0.0002721744861178851
0.0 0.00027254560856395624
0.0 0.00027299442261508673
0.0 0.000273460412994715
0.0 0.0002736260792518283
0.0 0.0002737135761516989
0.0 0.0002737314349833158
0.0 0.00027416744072591086
0.0 0.0002741771322702023
0.0 0.00027424092356173564
0.0 0.0002747385365858829
0.0 0.00027476645096345475
0.0 0.00027483267651611296
0.0 0.00027488088398642646
0.0 0.0002749081841111911
0.0 0.00027501549635162005
0.0 0.00027532169000095934
0.0 0.00027550314483022824
0.0 0.00027636437276613634
0.0 0.0002764088492193987
0.0 0.00027645626043607327
0.0 0.00027667286417597665
0.0 0.00027785370832256667
0.0 0.0002782415520950561
0.0 0.000278291807074727
0.0 0.0002784526048095907
0.0 0.00027883141679080386
0.0 0.0002789388882819606
0.0 0.0002789529478462144
0.0 0.0002789562466112901
0.0 0.00027903048020054593
0.0 0.00027907386464881773
0.0 0.00027941131694101247
0.0 0.00027972429012133496
0.0 0.0002797244266219588
0.0 0.0002800211789781503
0.0 0.0002800606049083312
0.0 0.00028010703787053503
0.0 0.00028013099373001604
0.0 0.00028100038895324955
0.0 0.00028133413297849714
0.0 0.0002814371226991717
0.0 0.0002818821147328351
0.0 0.00028203383517621454
0.0 0.00028214239867236187
0.0 0.00028273669963838386
0.0 0.0002841865865145293
0.0 0.00028426109310503275
0.0 0.000284659902427636
0.0 0.00028470917915283614
0.0 0.00028498604791815744
0.0 0.00028512825881807716
0.0 0.00028538745075261336
0.0 0.00028571120748221784
0.0 0.00028571846476538445
0.0 0.00028615945278074906
0.0 0.0002863241407833917
0.0 0.0002863766935235636
0.0 0.0002864914450479909
0.0 0.00028649765582637485
0.0 0.0002865826729649127
0.0 0.0002867312311438402
0.0 0.00028691466523215456
0.0 0.00028712790195667024
0.0 0.000287894534960269
0.0 0.0002880263263125702
0.0 0.0002884755726156761
0.0 0.00028864080662081403
0.0 0.0002887764199905823
0.0 0.00028925890419558914
0.0 0.00028982879430005076
0.0 0.0002899169964531445
0.0 0.00029022473710955374
0.0 0.00029047223549064907
0.0 0.00029075970580442063
0.0 0.00029098493183372877
0.0 0.00029141602355386623
0.0 0.0002917196009412489
0.0 0.00029243970998222787
0.0 0.0002929200556774615
0.0 0.00029332079875890225
0.0 0.00029378983765246256
0.0 0.00029383945562922223
0.0 0.00029533281795405533
0.0 0.00029557838257631314
0.0 0.00029558463885490506
0.0 0.0002959526672868362
0.0 0.0002966569422554517
0.0 0.0002970071573559739
0.0 0.00029727808834415886
0.0 0.00029751418892316495
0.0 0.00029758514649744905
0.0 0.0002979046034574031
0.0 0.00029802203949409896
0.0 0.0002983393579442798
0.0 0.0002985181510113842
0.0 0.00029884397800044996
0.0 0.00029901041776109834
0.0 0.0002991752877645727
0.0 0.0002993887064899202
0.0 0.00029993354872991025
0.0 0.00030071747181252654
0.0 0.00030125733177974705
0.0 0.0003019265715882479
0.0 0.00030237704639696824
0.0 0.00030277492296530874
0.0 0.000303473965410011
0.0 0.00030358014014524146
0.0 0.00030371140824515135
0.0 0.00030378309382276245
0.0 0.0003038757777463384
0.0 0.00030454597305920605
0.0 0.0003046987400073681
0.0 0.00030473018065105533
0.0 0.0003055080294559115
0.0 0.0003059798438621562
0.0 0.00030644419623429857
0.0 0.00030726451948326767
0.0 0.0003073922385669582
0.0 0.0003077405426587469
0.0 0.0003078378676035328
0.0 0.0003078613457108304
0.0 0.0003080816349675769
0.0 0.0003083569794759322
0.0 0.0003084428611184209
0.0 0.0003085604109056366
0.0 0.0003089858378498854
0.0 0.0003091132156820163
0.0 0.0003092130886384469
0.0 0.0003104465310254168
0.0 0.00031060748801100825
0.0 0.0003110296389402853
0.0 0.00031207621197324126
0.0 0.00031207762247968744
0.0 0.0003128426174758002
0.0 0.00031307694354669663
0.0 0.0003134059783004223
0.0 0.00031349879872462203
0.0 0.00031513482695145426
0.0 0.0003154813565351333
0.0 0.00031556289290776365
0.0 0.00031634802174589034
0.0 0.0003163584412935089
0.0 0.0003165549111913983
0.0 0.0003165749767831003
0.0 0.00031710616896070805
0.0 0.00031737307318049023
0.0 0.0003184348432828985
0.0 0.00031890142516522997
0.0 0.0003191238529317498
0.0 0.00031926160481129126
0.0 0.00031930740077058394
0.0 0.0003196164609330235
0.0 0.00032031088510661975
0.0 0.0003206843963136078
0.0 0.0003208000805922979
0.0 0.0003208117741457388
0.0 0.00032289274890602647
0.0 0.0003233083933055679
0.0 0.0003236964873292011
0.0 0.0003248206837169045
0.0 0.0003249213301768701
0.0 0.00032543969129583846
0.0 0.00032555646757951917
0.0 0.0003255963712618835
0.0 0.0003256520407662993
0.0 0.0003267866112014133
0.0 0.0003270981511251856
0.0 0.00032828709430878915
0.0 0.00032896377340128837
0.0 0.00032924698944561745
0.0 0.0003293265693093063
0.0 0.0003293887908436657
0.0 0.00033069178029847344
0.0 0.0003311512413982621
0.0 0.0003320454797350315
0.0 0.00033246706191170924
0.0 0.0003325811764332254
0.0 0.00033330431123803245
0.0 0.0003355903554355105
0.0 0.00033589684483620135
0.0 0.000336090084219327
0.0 0.0003365546185923011
0.0 0.0003366556290539302
0.0 0.00033875366639219583
0.0 0.00033909075468272707
0.0 0.00033952089089849777
0.0 0.00034091651877667345
0.0 0.00034104373735807664
0.0 0.0003412845472086046
0.0 0.00034148354236803477
0.0 0.0003417520390950949
0.0 0.0003426581984863448
0.0 0.00034297770094650684
0.0 0.000343812652512329
0.0 0.0003438772628076053
0.0 0.00034539323873578504
0.0 0.0003489788826225792
0.0 0.00034941409211153534
0.0 0.00034988349500675916
0.0 0.000350971837230605
0.0 0.0003511747226578141
0.0 0.0003531016337140135
0.0 0.00035383391406061665
0.0 0.0003542914186514639
0.0 0.00035507650198938264
0.0 0.0003555136907373842
0.0 0.0003555513649095594
0.0 0.000356204588644865
0.0 0.0003562738854615592
0.0 0.00035754315926228266
0.0 0.0003578257838039085
0.0 0.0003597698256883976
0.0 0.0003605199193664097
0.0 0.00036552469198878116
0.0 0.000366114465684113
0.0 0.0003678767797380856
0.0 0.0003680526835419857
0.0 0.00037414941565473426
0.0 0.0003763044192533421
0.0 0.0003778661456406066
0.0 0.0003790078823584713
0.0 0.00038342142527885673
0.0 0.0003851829203290864
0.0 0.0003868687485335101
0.0 0.000387899146242543
0.0 0.00039020022825874556
0.0 0.0003916552339082844
0.0 0.0003962327368279854
0.0 0.00041108263969370464
0.0 0.0004117865734107606
0.0 0.0004128657018424984
0.0 0.00042124388263172294
0.0 0.00042253831804743775
0.0 0.00042827425626131786
0.0 0.0004283367280468209
0.0 0.0004299955291277276
0.0 0.00044767695543382617
0.0 0.0004515674507138253
0.0 0.0004976608448657991
0.0 0.0005138022711339249
0.0 0.0005277056786740546
0.0 0.0005543167937898311
0.0 0.0005698072940831523
0.0 0.0005805310105917379
0.0 0.0006050097584623573
0.0 0.0006473183998175868
0.0 0.0006594550797835736
0.0 0.0006600477654922136
0.0 0.0006645419575311746
0.0 0.0006866429555352109
0.0 0.0007186325592312826
0.0 0.000720207503428954
0.0 0.0007242067442059321
0.0 0.000735953623890488
0.0 0.0007417668214574519
0.0 0.0007610647791512799
0.0 0.0007712575537334014
0.0 0.0007900831737685934
0.0 0.0007930183011824545
0.0 0.0007979377836650404
0.0 0.0008045388628327115
0.0 0.0008137902381125327
0.0 0.0008501502732819658
0.0 0.0008582908064851142
0.0 0.0008677742328254347
0.0 0.0008678520381810139
0.0 0.0009139039816435533
0.0 0.0009181775431742081
0.0 0.0009226529436272895
0.0 0.0009317760993211329
0.0 0.0009367435390228886
0.0 0.0009403302294144654
0.0 0.0009459007288722718
0.0 0.000986434498116137
0.0 0.000998103390444282
0.0 0.0010020807456212406
0.0 0.0010189051755107694
0.0 0.0010255159007225242
0.0 0.0010435888563179554
0.0 0.0010535748779551925
0.0 0.0010887995009356648
0.0 0.0011018639756417775
0.0 0.001109529031671942
0.0 0.00111209296838942
0.0 0.0011184750095560628
0.0 0.0011538498742231563
0.0 0.001171890797672197
0.0 0.0011777785245797685
0.0 0.0011782625557918453
0.0 0.001181671067369125
0.0 0.0011878510876125097
0.0 0.0011905571669795956
0.0 0.0012007358364972552
0.0 0.001206090755969837
0.0 0.0012078991162342459
0.0 0.0012182932747367143
0.0 0.0012275547510626984
0.0 0.001230102762707397
0.0 0.0012450568610493013
0.0 0.0012456001335321174
0.0 0.0012462038302910794
0.0 0.0012469501247017283
0.0 0.0012511992071205108
0.0 0.0012575658692168697
0.0 0.001260579438989221
0.0 0.0012702475961737822
0.0 0.0012814083421796415
0.0 0.001285111786104795
0.0 0.0012947094179670475
0.0 0.0013119143205953796
0.0 0.0013158396235344535
0.0 0.0013187734769424923
0.0 0.0013261746317665987
0.0 0.0013343178949822238
0.0 0.0013385358552587745
0.0 0.0013398164131110675
0.0 0.0013593705824758114
0.0 0.0013613758676401893
0.0 0.0013718658495805816
0.0 0.001383859886394673
0.0 0.0013847392234133417
0.0 0.0013851688363767211
0.0 0.0013882933356560328
0.0 0.0013975038517491229
0.0 0.0014009307454104108
0.0 0.0014057904406197621
0.0 0.001410172019644069
0.0 0.0014150055067336464
0.0 0.0014170266259703878
0.0 0.0014305660318469889
0.0 0.0014341691023134246
0.0 0.0014366351225834134
0.0 0.0014397425137845392
0.0 0.001454406047798532
0.0 0.001456593242794258
0.0 0.0014600080334002336
0.0 0.0014712266556705937
0.0 0.001479932392456786
0.0 0.001485827308397212
0.0 0.0014863159806304989
0.0 0.0015053074034234281
0.0 0.0015055195253928493
0.0 0.0015068468574589054
0.0 0.0015110247775524683
0.0 0.0015152626669200973
0.0 0.00152314211993008
0.0 0.0015323296129179519
0.0 0.0015531335819944207
0.0 0.0015542363250340798
0.0 0.0015552231335439052
0.0 0.0015649152238378435
0.0 0.0015678649113182457
0.0 0.0015720694945336618
0.0 0.0015847416664469067
0.0 0.0016029781497896782
0.0 0.001621743709550388
0.0 0.001622508477045461
0.0 0.0016378051009527455
0.0 0.0016446827303842823
0.0 0.0016487380729176518
0.0 0.0016496697351754527
0.0 0.0016604876826146842
0.0 0.0016614089708250745
0.0 0.00167937663893933
0.0 0.0016958528102372784
0.0 0.001698488728283719
0.0 0.0017076038759409648
0.0 0.0017190191501100462
0.0 0.0017230923287249286
0.0 0.0017430989521574384
0.0 0.0017465657040008826
0.0 0.0017489431808662183
0.0 0.0017666030855739605
0.0 0.001802602486095253
0.0 0.0018413428191429138
0.0 0.0018560348362870777
0.0 0.0019080419379653572
0.0 0.001913342712190489
0.0 0.001929274883002294
0.0 0.001934266983816754
0.0 0.002064853308610884
0.0 0.002075902215105624
0.0 0.0021294266577183214
0.0 0.0021510361624761786
0.0 0.0021551954274844857
0.0 0.002156626500024647
0.0 0.0022681809978411962
0.0 0.0025855565962832274
0.0 0.0025876958340597836
0.0 0.0027508548477147496
0.0 0.0031724215543218145
0.0 0.0032845038545504797
0.0 0.003589145218795634
0.0 0.0037435998606706465
0.0 0.0038597273113861025
0.0 0.00396443675792
0.0 0.003993618407283407
0.0 0.004315619374863892
0.0 0.004568482594477127
0.0 0.004914486923755664
0.0 0.0052738661301588875
0.0 0.005290437669892681
0.0 0.005819951617830728
0.0 0.007469151790860229
0.0 0.007715444052443449
0.0 0.009002682791268656
0.0 0.011860432187503465
0.0 0.02233355793886114
0.0 0.026798055814116453
0.0 0.03174459090033581
0.0 0.03188220391324269
0.0 0.032852970141753084
0.0 0.03540235043270654
0.0 0.04037694276715066
0.0 0.04148451246886825
0.0 0.054940599820694526
0.0 0.057103666602151985
0.0 0.05964918556345873
0.0 0.06399418897261096
0.0 0.07007065802275508
