0.0 7.754922922116306e-05
0.0 7.759690206403329e-05
0.0 7.821616558163691e-05
0.0 7.832423995054888e-05
0.0 7.880142906885661e-05
0.0 7.880695734412145e-05
0.0 7.951281344496288e-05
0.0 7.952744176181593e-05
0.0 7.96083468190611e-05
0.0 7.979592142629806e-05
0.0 8.094865781943248e-05
0.0 8.098621824108781e-05
0.0 8.176416373388585e-05
0.0 8.202996457362545e-05
0.0 8.317360661269767e-05
0.0 8.322270133706606e-05
0.0 8.48038392505434e-05
0.0 8.549133032995463e-05
0.0 8.5542751252454e-05
0.0 8.603043385621814e-05
0.0 8.621508507509488e-05
0.0 8.626758094000687e-05
0.0 8.636901796608543e-05
0.0 8.637210629269943e-05
0.0 8.65640830450547e-05
0.0 8.729227974799519e-05
0.0 8.773308007500204e-05
0.0 8.789159142441667e-05
0.0 8.798784142678996e-05
0.0 8.881284550965101e-05
0.0 8.913200103072749e-05
0.0 9.006418085339369e-05
0.0 9.010457366299335e-05
0.0 9.04948346340297e-05
0.0 9.050777944318893e-05
0.0 9.162995675916495e-05
0.0 9.174867817673512e-05
0.0 9.203056333998189e-05
0.0 9.234789885274072e-05
0.0 9.267927686717536e-05
0.0 9.316369483101971e-05
0.0 9.391300363044484e-05
0.0 9.393265403274938e-05
0.0 9.39400478165398e-05
0.0 9.39729330918292e-05
0.0 9.406046411685579e-05
0.0 9.448796700809188e-05
0.0 9.468358377708242e-05
0.0 9.500880220086705e-05
0.0 9.536603570846419e-05
0.0 9.551163637387553e-05
0.0 9.584375376668921e-05
0.0 9.603319388245177e-05
0.0 9.609094502138093e-05
0.0 9.626433493879228e-05
0.0 9.629593483320733e-05
0.0 9.639382853059249e-05
0.0 9.649173360302964e-05
0.0 9.66333075000382e-05
0.0 9.68763468607553e-05
0.0 9.720939700783177e-05
0.0 9.731262560459803e-05
0.0 9.74308920200888e-05
0.0 9.771091167480997e-05
0.0 9.802489723475915e-05
0.0 9.812454269015005e-05
0.0 9.839433617313648e-05
0.0 9.851250021315938e-05
0.0 9.869132740541968e-05
0.0 9.882630377227679e-05
0.0 9.885399064880891e-05
0.0 9.942132136657384e-05
0.0 9.948063088762498e-05
0.0 9.967886391857214e-05
0.0 9.988289822603178e-05
0.0 9.991270086223316e-05
0.0 0.0001000419442028897
0.0 0.00010026045895152658
0.0 0.00010055570980085603
0.0 0.00010107179590942735
0.0 0.00010125553712414528
0.0 0.00010143343156214278
0.0 0.00010162780845046694
0.0 0.0001018896280220117
0.0 0.00010192980470562365
0.0 0.00010216153726466739
0.0 0.00010218921276614754
0.0 0.00010222772869216963
0.0 0.00010243807615348109
0.0 0.00010259047909997962
0.0 0.00010261228507463537
0.0 0.00010269038618156617
0.0 0.00010272406771049453
0.0 0.0001029527062553983
0.0 0.00010330982601247558
0.0 0.00010331710604574615
0.0 0.00010337194517136709
0.0 0.00010353011526922215
0.0 0.00010354652946923689
0.0 0.00010357663923184187
0.0 0.00010369209600949228
0.0 0.00010381976959297485
0.0 0.00010383132664579188
0.0 0.00010386770406204075
0.0 0.00010403000330376646
0.0 0.00010403557707923924
0.0 0.00010405121777571898
0.0 0.00010418659226939556
0.0 0.00010436449808244506
0.0 0.00010450950724515317
0.0 0.00010451608202520065
0.0 0.00010461535210387603
0.0 0.00010468087240331114
0.0 0.00010479234791276671
0.0 0.00010488176719642285
0.0 0.00010523970595724308
0.0 0.00010549339236661838
0.0 0.00010552614114128394
0.0 0.00010568751900379885
0.0 0.0001057057759622352
0.0 0.00010616775094851262
0.0 0.00010649762745608521
0.0 0.00010672694850410808
0.0 0.00010679613157028245
0.0 0.00010681050963599182
0.0 0.00010713447111653207
0.0 0.00010714931555937284
0.0 0.00010727365625262372
0.0 0.00010739847469805799
0.0 0.00010740351384608747
0.0 0.00010789955711306075
0.0 0.00010840205003450968
0.0 0.00010866563273911217
0.0 0.00010867104726385715
0.0 0.00010867653003891405
0.0 0.00010873023165933647
0.0 0.00010877587974295332
0.0 0.00010883973928479859
0.0 0.00010885244521786612
0.0 0.00010885456097753538
0.0 0.00010901633696686977
0.0 0.0001090180887248755
0.0 0.00010934225495635148
0.0 0.00010956611597942143
0.0 0.00010966654631339931
0.0 0.00011000117759270173
0.0 0.00011001304177192235
0.0 0.00011028508751520188
0.0 0.0001105002352484511
0.0 0.00011051406731166519
0.0 0.00011065210356750633
0.0 0.00011066717551138681
0.0 0.00011072935154553825
0.0 0.00011092184017523284
0.0 0.00011132456251571904
0.0 0.00011139867097940303
0.0 0.00011147247231668341
0.0 0.00011172011857345453
0.0 0.00011212540030063742
0.0 0.00011219096610028047
0.0 0.00011222371487494604
0.0 0.00011231771830455223
0.0 0.00011234816931871678
0.0 0.00011265787785911949
0.0 0.00011302380190643338
0.0 0.00011317571572569655
0.0 0.0001132517010729581
0.0 0.00011402121196470905
0.0 0.00011431697469137784
0.0 0.0001144847225830045
0.0 0.00011469567292207117
0.0 0.00011487238435466221
0.0 0.0001150537595585672
0.0 0.00011512616176445339
0.0 0.00011521728730590733
0.0 0.00011531982202450247
0.0 0.0001153929749838197
0.0 0.00011539917438715166
0.0 0.00011546818682754624
0.0 0.00011575128912135543
0.0 0.00011607625160647038
0.0 0.00011612317369590958
0.0 0.00011654618912913749
0.0 0.00011715900867979147
0.0 0.00011732143304708903
0.0 0.00011774623436347862
0.0 0.00011781635018391577
0.0 0.00011789539542016136
0.0 0.00011825502906372739
0.0 0.00011871380766039695
0.0 0.00011876741828040349
0.0 0.00011882876393576001
0.0 0.00011884584926384187
0.0 0.000118934506419015
0.0 0.0001190203198111918
0.0 0.00011908378122621759
0.0 0.00011912254740338335
0.0 0.00011927406309582705
0.0 0.0001195783457364328
0.0 0.00011960252909695346
0.0 0.00011964150002505496
0.0 0.00011967979982508934
0.0 0.00011971932813073813
0.0 0.00011991497902488462
0.0 0.00011998178470519407
0.0 0.00011998181883035002
0.0 0.00012026902751792588
0.0 0.00012031412959904745
0.0 0.00012043522840248255
0.0 0.00012069555784221724
0.0 0.0001207301607503564
0.0 0.00012091340146278699
0.0 0.00012115081017277138
0.0 0.00012120294203601984
0.0 0.0001212991294756072
0.0 0.00012139134702205172
0.0 0.00012184219720748757
0.0 0.000121859612412077
0.0 0.00012189371481792881
0.0 0.00012211598333372082
0.0 0.00012225193795504868
0.0 0.0001223082558374277
0.0 0.00012252106030996799
0.0 0.00012259870641481938
0.0 0.0001226248349092295
0.0 0.00012336069839720808
0.0 0.00012340188746044672
0.0 0.00012391276379520878
0.0 0.0001239182351952137
0.0 0.00012417818925823285
0.0 0.00012434136437896145
0.0 0.00012472179161755653
0.0 0.00012501938572759494
0.0 0.0001250994547185192
0.0 0.0001253739802231315
0.0 0.0001255345959571634
0.0 0.00012573744725921657
0.0 0.00012583224694246174
0.0 0.0001258490933944519
0.0 0.00012586100307388049
0.0 0.00012602975197008185
0.0 0.0001261486440134318
0.0 0.00012623950792869007
0.0 0.00012720315683267347
0.0 0.0001274707208054708
0.0 0.00012751523138388913
0.0 0.00012785398043201022
0.0 0.00012840834359051194
0.0 0.00012865602397243902
0.0 0.00012880467315178244
0.0 0.0001292622118677856
0.0 0.00012972093358919523
0.0 0.00012974484394846826
0.0 0.00012982201230113627
0.0 0.0001298315673448039
0.0 0.00012997454037320664
0.0 0.00013053308955083894
0.0 0.0001305641434427587
0.0 0.00013066779291644843
0.0 0.00013082959165588678
0.0 0.0001308430028421774
0.0 0.00013108415394426495
0.0 0.00013159123101166395
0.0 0.0001316121042320569
0.0 0.0001316172116303983
0.0 0.00013180603749335363
0.0 0.00013196310421116611
0.0 0.00013198607044112435
0.0 0.00013199559135963602
0.0 0.000132633879651685
0.0 0.00013273888275656094
0.0 0.00013276606913080572
0.0 0.0001331299911689702
0.0 0.00013315609691327636
0.0 0.00013324848508550067
0.0 0.00013340767893803442
0.0 0.00013353513639552926
0.0 0.0001339079650993982
0.0 0.0001339167580145828
0.0 0.00013418293423103793
0.0 0.00013449201714358145
0.0 0.00013484920515097066
0.0 0.0001350087743802199
0.0 0.0001353315414803017
0.0 0.00013535496271233936
0.0 0.00013551612444886654
0.0 0.0001357757941355861
0.0 0.00013667595887443976
0.0 0.0001367409900466395
0.0 0.00013687283827420066
0.0 0.00013722779677140075
0.0 0.00013730246261263202
0.0 0.0001374974310036594
0.0 0.00013769382127618493
0.0 0.00013771256736185665
0.0 0.00013834302961813978
0.0 0.00013837244550257366
0.0 0.0001383765746464443
0.0 0.00013845334487229283
0.0 0.00013877116382476104
0.0 0.00013891989262946835
0.0 0.00013900541027029353
0.0 0.00013936875218080677
0.0 0.00013949094298923244
0.0 0.00013954881925373346
0.0 0.00013973581373331916
0.0 0.0001402842959899445
0.0 0.00014035964433429488
0.0 0.0001405449439311348
0.0 0.00014112153394121572
0.0 0.000141159901991562
0.0 0.0001412932858511412
0.0 0.0001413434498303962
0.0 0.0001414058874907433
0.0 0.00014143391561883498
0.0 0.00014157902715701095
0.0 0.00014159375784933187
0.0 0.00014197815498106982
0.0 0.00014230499434976233
0.0 0.00014237057152445738
0.0 0.00014248213803432882
0.0 0.00014251821969922608
0.0 0.00014255661049967632
0.0 0.00014262886482988672
0.0 0.00014264274239330873
0.0 0.0001426646734935363
0.0 0.00014269255374595218
0.0 0.00014277532999924894
0.0 0.00014288211898728657
0.0 0.00014305259689138968
0.0 0.00014309874547729389
0.0 0.0001432472240308575
0.0 0.00014346569327928645
0.0 0.00014367053521543703
0.0 0.0001438154420026773
0.0 0.000143838044230972
0.0 0.0001438408311187084
0.0 0.00014391537183436781
0.0 0.00014396354517952538
0.0 0.00014416792073854457
0.0 0.00014455304587360958
0.0 0.00014470693895191818
0.0 0.00014486531380070899
0.0 0.0001449781543164028
0.0 0.0001450122567222546
0.0 0.00014505059064744494
0.0 0.00014506997373602782
0.0 0.00014512058134231025
0.0 0.00014512413035852964
0.0 0.0001451610424022218
0.0 0.00014519428030412276
0.0 0.0001452678768904674
0.0 0.00014528318771043954
0.0 0.00014534606899781408
0.0 0.00014541367093176248
0.0 0.00014541734507355372
0.0 0.00014549836956884475
0.0 0.00014553147097012186
0.0 0.00014579313129093883
0.0 0.00014596018530439438
0.0 0.00014596520170231987
0.0 0.00014624510760652122
0.0 0.00014632625722738407
0.0 0.00014634504881326372
0.0 0.0001469094220175125
0.0 0.0001469155759206365
0.0 0.00014732628354761635
0.0 0.0001474251099992643
0.0 0.00014749811508290572
0.0 0.00014758081171083857
0.0 0.0001476302021865586
0.0 0.00014776472355133627
0.0 0.00014790427268909147
0.0 0.00014799780974156628
0.0 0.00014823383069520848
0.0 0.0001485116549648965
0.0 0.0001485950113458445
0.0 0.00014871700877838642
0.0 0.00014873937213058945
0.0 0.00014878087969528365
0.0 0.00014880295867118705
0.0 0.0001488078044433328
0.0 0.0001488815716554572
0.0 0.0001489832987453614
0.0 0.00014921293829483985
0.0 0.00014923709890525655
0.0 0.00014935910771285047
0.0 0.00014942358150750294
0.0 0.00014942938278401542
0.0 0.00014947646412418242
0.0 0.00014948639454456556
0.0 0.00014978175914441485
0.0 0.00015003673093466448
0.0 0.00015010352523992193
0.0 0.00015010474237048437
0.0 0.0001501820585988282
0.0 0.00015026741698892558
0.0 0.00015028325106128908
0.0 0.00015029362510869963
0.0 0.00015029660537231978
0.0 0.00015031653446339794
0.0 0.00015057596527402582
0.0 0.00015067927349615595
0.0 0.00015092554337163688
0.0 0.00015094646209223777
0.0 0.0001509643322989066
0.0 0.00015099395293427623
0.0 0.00015102087768232534
0.0 0.00015110175430194055
0.0 0.0001512560113819127
0.0 0.00015137599543025323
0.0 0.00015147616413803544
0.0 0.00015164132989286145
0.0 0.00015186963856125761
0.0 0.00015196257273597722
0.0 0.00015198880360585524
0.0 0.00015209975586291948
0.0 0.00015210135974524938
0.0 0.0001521662544168253
0.0 0.0001521879466409612
0.0 0.00015238264203074094
0.0 0.00015245767187363571
0.0 0.00015259212498810153
0.0 0.00015273177650132458
0.0 0.00015276395652339086
0.0 0.0001527952037911944
0.0 0.00015284432126566675
0.0 0.00015290071877340966
0.0 0.00015290843105865567
0.0 0.00015292163749401058
0.0 0.00015298044651277436
0.0 0.00015300215011196226
0.0 0.00015301142077933023
0.0 0.00015313870761104532
0.0 0.00015318443532002607
0.0 0.00015335146658337765
0.0 0.00015350171964505097
0.0 0.0001536982577932523
0.0 0.00015371773188225108
0.0 0.00015372187240117374
0.0 0.0001538701462038016
0.0 0.00015392376819886014
0.0 0.00015406522834534884
0.0 0.00015432807167157229
0.0 0.00015435476891858169
0.0 0.00015445506275193574
0.0 0.0001546584486814322
0.0 0.00015465917668475927
0.0 0.00015477719284910635
0.0 0.00015496551820977434
0.0 0.00015509391979658398
0.0 0.0001551128933832954
0.0 0.00015519389512848246
0.0 0.00015553448693502516
0.0 0.00015557696137913813
0.0 0.00015567751683868782
0.0 0.00015575852995892688
0.0 0.00015635599318940073
0.0 0.00015636090721185837
0.0 0.0001564726557225616
0.0 0.00015656250725819317
0.0 0.00015665114166326234
0.0 0.00015668232068075393
0.0 0.0001567827623897838
0.0 0.00015689482940194259
0.0 0.0001569270207990609
0.0 0.0001570043370274047
0.0 0.00015710602999215295
0.0 0.00015712347932189834
0.0 0.0001571900347510641
0.0 0.00015724516962803666
0.0 0.00015727244700269733
0.0 0.00015765337474357976
0.0 0.00015786094669220681
0.0 0.00015788412904815276
0.0 0.00015795091197835825
0.0 0.0001579942509264221
0.0 0.00015821610994034264
0.0 0.00015826933380858166
0.0 0.00015827568108758944
0.0 0.00015828769314248588
0.0 0.00015835516995086246
0.0 0.0001583905691126406
0.0 0.0001583921843700225
0.0 0.00015853784191069377
0.0 0.00015860937961262908
0.0 0.0001587008919058505
0.0 0.0001588663079118202
0.0 0.00015894566027446937
0.0 0.00015896900188114312
0.0 0.00015911498929832197
0.0 0.0001591528568463809
0.0 0.00015931736284819175
0.0 0.00015956216534196657
0.0 0.00015964669335326905
0.0 0.0001597158877944954
0.0 0.00015983161757339345
0.0 0.0001598627510906771
0.0 0.00015992741826121332
0.0 0.00016028379863991158
0.0 0.00016033199473517313
0.0 0.00016034737380545718
0.0 0.00016036739389695126
0.0 0.00016039296501381412
0.0 0.00016041064184459922
0.0 0.00016067127841073753
0.0 0.00016077561038754635
0.0 0.00016080202325825612
0.0 0.00016098237470748243
0.0 0.00016100556843848038
0.0 0.00016111387030843207
0.0 0.00016127795543331946
0.0 0.00016138645067915487
0.0 0.00016138808868664076
0.0 0.0001614256604833481
0.0 0.0001614575106289068
0.0 0.00016160005140533412
0.0 0.0001616354846922682
0.0 0.00016164109259289694
0.0 0.00016166045293137586
0.0 0.0001616923144519866
0.0 0.00016176975580590224
0.0 0.00016180587159595546
0.0 0.00016180596259637135
0.0 0.00016184516102551254
0.0 0.00016207299194172535
0.0 0.00016210282870308268
0.0 0.00016218526370481988
0.0 0.00016233051174361967
0.0 0.0001626129087842058
0.0 0.0001627086980969737
0.0 0.0001629078183819757
0.0 0.00016299352939868462
0.0 0.00016302798443114798
0.0 0.00016304400050434322
0.0 0.00016305552343200431
0.0 0.00016309761112434976
0.0 0.00016329152163554252
0.0 0.00016350936525611227
0.0 0.00016385026418905857
0.0 0.0001639733308764871
0.0 0.00016398009903241835
0.0 0.00016403666716594106
0.0 0.00016409656818969543
0.0 0.00016409901382587227
0.0 0.00016412142267828323
0.0 0.0001641451396616725
0.0 0.00016415183956729182
0.0 0.00016421640436236018
0.0 0.00016424128160105194
0.0 0.00016432105484062457
0.0 0.00016434145030883414
0.0 0.00016450266892062128
0.0 0.00016454843075475796
0.0 0.00016457401324667282
0.0 0.00016459198582880955
0.0 0.00016464200193238874
0.0 0.00016465495811659995
0.0 0.0001647083184854628
0.0 0.00016474997392583283
0.0 0.0001647784911811599
0.0 0.00016516534532412666
0.0 0.00016531448363070543
0.0 0.00016547384810901893
0.0 0.00016551666380469146
0.0 0.0001655556802330009
0.0 0.00016557565482428702
0.0 0.00016559988368501562
0.0 0.00016560665184094686
0.0 0.00016561137248752075
0.0 0.00016561829989417977
0.0 0.00016563607910043273
0.0 0.00016565410855782936
0.0 0.00016597792216269382
0.0 0.00016611425216073717
0.0 0.0001661524268351997
0.0 0.00016644699518141004
0.0 0.00016656314583723156
0.0 0.0001666145951973609
0.0 0.0001666896136652037
0.0 0.00016702008167547951
0.0 0.0001670524209482736
0.0 0.00016706889202354827
0.0 0.00016709868328469767
0.0 0.0001671134026019666
0.0 0.0001672403368070701
0.0 0.00016732660520132634
0.0 0.00016740032691324282
0.0 0.0001676179999080328
0.0 0.000167630182588709
0.0 0.00016763657536792472
0.0 0.00016764359377499964
0.0 0.000167658745344244
0.0 0.0001676804375683799
0.0 0.00016772279826197302
0.0 0.00016775605891397791
0.0 0.00016776377119922392
0.0 0.00016782451397682522
0.0 0.00016785528349244535
0.0 0.00016792559268876626
0.0 0.00016800302266762994
0.0 0.00016803795545227668
0.0 0.0001680908721941121
0.0 0.00016820804660461227
0.0 0.000168214439383828
0.0 0.0001682564247007056
0.0 0.00016835159976066628
0.0 0.00016845653461523033
0.0 0.00016855130017331954
0.0 0.0001685541894365238
0.0 0.00016856641761740795
0.0 0.00016859685725652051
0.0 0.00016864302859252869
0.0 0.00016867043109276118
0.0 0.00016890979631168705
0.0 0.00016895508039364038
0.0 0.00016909172889313932
0.0 0.00016917750816016017
0.0 0.00016925683777270538
0.0 0.00016932877360146018
0.0 0.00016936185225263333
0.0 0.00016949738599703773
0.0 0.00016966446276059724
0.0 0.00016969980504711544
0.0 0.0001697113279747765
0.0 0.0001698503538601404
0.0 0.00017008284854766714
0.0 0.00017013236414895898
0.0 0.0001701466284641485
0.0 0.00017026759076695978
0.0 0.00017031130509173915
0.0 0.0001704624567825193
0.0 0.00017055006743290979
0.0 0.0001708499820535532
0.0 0.00017087762342987738
0.0 0.00017092650202825803
0.0 0.00017095020763659532
0.0 0.0001710204713327083
0.0 0.00017104277780965137
0.0 0.0001710458376986354
0.0 0.0001710653686628941
0.0 0.000171079348601784
0.0 0.00017111999166252734
0.0 0.00017112356342885072
0.0 0.00017112768119766937
0.0 0.00017118749122100788
0.0 0.0001711926441195572
0.0 0.0001712272242775924
0.0 0.00017125551403187974
0.0 0.00017127634175206476
0.0 0.00017136268977168488
0.0 0.00017150951894271064
0.0 0.00017153482843337785
0.0 0.00017169572854370936
0.0 0.00017180523616917149
0.0 0.00017180903543653455
0.0 0.0001718631806839844
0.0 0.00017191284416095205
0.0 0.00017192949723705847
0.0 0.00017199878267870072
0.0 0.00017205086904174122
0.0 0.00017210975768586892
0.0 0.00017217178584434456
0.0 0.00017218068113499703
0.0 0.00017222289395291433
0.0 0.00017226810978455574
0.0 0.00017239267797884635
0.0 0.0001724055204125377
0.0 0.00017251745092407267
0.0 0.00017254841381557655
0.0 0.00017256762627837968
0.0 0.0001726117501050305
0.0 0.00017264344099986143
0.0 0.00017283360911895103
0.0 0.00017287493468281349
0.0 0.0001728967634075732
0.0 0.00017293356170074552
0.0 0.00017299080096233537
0.0 0.00017299340584923999
0.0 0.0001730255176209944
0.0 0.00017304907535365587
0.0 0.00017306149691042377
0.0 0.00017316777402112208
0.0 0.0001731719259150967
0.0 0.00017319733778123177
0.0 0.00017326989923784574
0.0 0.0001733626172865776
0.0 0.0001733651766732743
0.0 0.00017336614355269305
0.0 0.00017362880487808473
0.0 0.00017368393975505727
0.0 0.0001737121840091367
0.0 0.00017375706996427054
0.0 0.00017381425235060043
0.0 0.00017401180287842847
0.0 0.00017405974872254635
0.0 0.00017415011213551727
0.0 0.00017424528719547797
0.0 0.0001742540573605586
0.0 0.00017437671454611568
0.0 0.00017437705579767524
0.0 0.00017444046033744106
0.0 0.0001744784985112798
0.0 0.0001745109060343858
0.0 0.00017469608050565388
0.0 0.00017472203837428423
0.0 0.00017480586113236362
0.0 0.00017484173804632513
0.0 0.00017484419505755397
0.0 0.00017498829421610325
0.0 0.00017506168605151216
0.0 0.0001751136700390848
0.0 0.00017515123046074014
0.0 0.00017522653330488257
0.0 0.00017524344800718466
0.0 0.00017528013254983712
0.0 0.00017546513639532543
0.0 0.00017554104211722307
0.0 0.0001755433512527761
0.0 0.0001755446480087024
0.0 0.00017568615365539904
0.0 0.00017569096530238882
0.0 0.00017570083884751203
0.0 0.00017572608008786732
0.0 0.00017580893596652798
0.0 0.0001758372370958673
0.0 0.00017590788754374775
0.0 0.00017601017201119922
0.0 0.00017605150895011367
0.0 0.00017605745810230197
0.0 0.00017609619015431177
0.0 0.0001761164036216896
0.0 0.00017615902594147835
0.0 0.00017620895104464168
0.0 0.00017620974729828064
0.0 0.00017631166776406858
0.0 0.00017646142032345455
0.0 0.0001767539639104115
0.0 0.00017676110744305827
0.0 0.00017680735840443034
0.0 0.00017686669067558546
0.0 0.00017691702528062025
0.0 0.00017693784162575328
0.0 0.00017708351054147653
0.0 0.00017741805082036307
0.0 0.000177432008009149
0.0 0.00017744394043868152
0.0 0.000177449764465298
0.0 0.00017764203696900486
0.0 0.00017768737792621812
0.0 0.00017775501398532248
0.0 0.00017776166839073384
0.0 0.00017780417696000277
0.0 0.00017785770795464542
0.0 0.00017790168390562043
0.0 0.00017795160900878376
0.0 0.00017803890115771864
0.0 0.0001781131006218185
0.0 0.00017811980052743782
0.0 0.0001781448370168574
0.0 0.0001783286806070432
0.0 0.00017833782614883935
0.0 0.00017843677772605911
0.0 0.00017846878712234564
0.0 0.00017847003837806404
0.0 0.00017853557005255113
0.0 0.00017856632819311926
0.0 0.00017872741030428257
0.0 0.00017880437390601484
0.0 0.00017894683505707826
0.0 0.00017903685721848962
0.0 0.0001790939827295596
0.0 0.00017922931172302826
0.0 0.0001792316663587892
0.0 0.00017923755863571758
0.0 0.0001792552809667106
0.0 0.0001793701348666058
0.0 0.00017948279338146782
0.0 0.0001795020285943749
0.0 0.0001796127192252435
0.0 0.00017965989156582636
0.0 0.00017968373367478746
0.0 0.00017979630118923363
0.0 0.00018002325622644357
0.0 0.00018016000710141037
0.0 0.00018026265557052537
0.0 0.0001802728248670002
0.0 0.00018027982052397113
0.0 0.00018028464354601288
0.0 0.00018040733485672592
0.0 0.0001805169334826039
0.0 0.0001805684965932531
0.0 0.00018060131361823058
0.0 0.00018075472894435582
0.0 0.0001809611861378883
0.0 0.00018097270906554936
0.0 0.00018100620859364596
0.0 0.00018105839733215435
0.0 0.0001810860500835305
0.0 0.00018117207960169506
0.0 0.00018122449584124313
0.0 0.00018131156048913834
0.0 0.00018135871007961724
0.0 0.00018136972112993898
0.0 0.0001814119908231162
0.0 0.00018160477520416242
0.0 0.00018171421457931263
0.0 0.00018182400658107436
0.0 0.00018195998395250618
0.0 0.00018212299982250696
0.0 0.00018218004570821306
0.0 0.00018218569910904972
0.0 0.00018222363490742058
0.0 0.00018231110905718724
0.0 0.00018242363107142545
0.0 0.0001824389532664496
0.0 0.00018245056719452655
0.0 0.00018252482353388634
0.0 0.0001825270871692314
0.0 0.00018259900024788223
0.0 0.00018272047442803284
0.0 0.00018286816810300947
0.0 0.0001828765628913746
0.0 0.00018298447800955877
0.0 0.00018301163025864759
0.0 0.00018307934594311584
0.0 0.00018323823266924597
0.0 0.00018337464229265324
0.0 0.0001835456320740957
0.0 0.00018365872284093317
0.0 0.0001836691082633957
0.0 0.00018367253215404326
0.0 0.000183736789822708
0.0 0.00018384103079910094
0.0 0.0001838521100997346
0.0 0.00018390128444946687
0.0 0.00018412367809083073
0.0 0.000184161284012694
0.0 0.00018434533235381554
0.0 0.00018436849195965752
0.0 0.00018443183962416345
0.0 0.00018453330508787197
0.0 0.0001846213366151859
0.0 0.00018476107912882486
0.0 0.00018483635922286333
0.0 0.0001849519980013455
0.0 0.0001850953805316197
0.0 0.00018532840984658978
0.0 0.00018541771537972608
0.0 0.00018544063610947636
0.0 0.00018544403725001996
0.0 0.0001854886160787502
0.0 0.00018560046696492128
0.0 0.00018561939505142475
0.0 0.00018567534893214026
0.0 0.00018568895349431463
0.0 0.000185903213973509
0.0 0.00018591429327414265
0.0 0.00018596459375402148
0.0 0.00018607546638572183
0.0 0.00018616960631595187
0.0 0.00018625094931269847
0.0 0.0001862524508195605
0.0 0.00018640046299599273
0.0 0.00018643806891785602
0.0 0.00018647403683223342
0.0 0.0001865019057095973
0.0 0.00018651623827509872
0.0 0.00018653971638239633
0.0 0.00018662175325731401
0.0 0.00018662673553008357
0.0 0.00018664981551056166
0.0 0.00018673531040128288
0.0 0.00018676588654101928
0.0 0.00018679972732067542
0.0 0.00018689180836649612
0.0 0.0001871336192215988
0.0 0.0001871823158191477
0.0 0.00018733187500264993
0.0 0.0001874733010239827
0.0 0.000187490056475557
0.0 0.00018756245868144317
0.0 0.00018793430913084137
0.0 0.00018799705391759207
0.0 0.00018801040822862276
0.0 0.00018804035874049998
0.0 0.000188186198282003
0.0 0.00018824412004671195
0.0 0.00018830109768210612
0.0 0.00018842551800072092
0.0 0.00018850343710681997
0.0 0.0001885187706768961
0.0 0.0001886167212495412
0.0 0.00018861711937636066
0.0 0.00018865045965372947
0.0 0.00018877830386299183
0.0 0.00018883840963768194
0.0 0.00018887582218366148
0.0 0.00018888615073086408
0.0 0.00018892622503900817
0.0 0.0001890223669783876
0.0 0.00018904433220377114
0.0 0.00018909898932856033
0.0 0.00018931138429922913
0.0 0.0001893440648235828
0.0 0.00018947829043700887
0.0 0.00018948582072142312
0.0 0.0001895898683219323
0.0 0.00018966726417564002
0.0 0.0001898593774286191
0.0 0.00018989269495588393
0.0 0.00018991882345029408
0.0 0.00018997384457674677
0.0 0.00019000468234267883
0.0 0.00019004603065664525
0.0 0.00019033217008933452
0.0 0.00019039680313471478
0.0 0.00019047587112106432
0.0 0.00019048401565828577
0.0 0.00019048640441920268
0.0 0.00019065978296156202
0.0 0.00019068039455575933
0.0 0.00019072360837825132
0.0 0.00019077149734710928
0.0 0.00019079338294712892
0.0 0.00019083994103490462
0.0 0.00019087526057131885
0.0 0.00019103576255483087
0.0 0.00019106772645090947
0.0 0.00019123992198786236
0.0 0.0001915885900813146
0.0 0.0001916617544156838
0.0 0.00019171749217041157
0.0 0.0001917571456016322
0.0 0.0001918077645829666
0.0 0.00019188238492398992
0.0 0.00019202555132827643
0.0 0.0001920376998837967
0.0 0.00019211252497575574
0.0 0.00019216762572757235
0.0 0.0001922940935555445
0.0 0.00019255412724392758
0.0 0.00019274570586946336
0.0 0.00019277389324828283
0.0 0.0001929819884493012
0.0 0.00019326952701338463
0.0 0.0001933192587406642
0.0 0.0001935377507391971
0.0 0.00019372034307366454
0.0 0.0001937371099002908
0.0 0.00019380647496729692
0.0 0.00019382026153030307
0.0 0.0001938749527802482
0.0 0.0001939326015437095
0.0 0.0001939333750472445
0.0 0.00019394513685099728
0.0 0.0001940730834357275
0.0 0.0001940943775330439
0.0 0.0001941006110615318
0.0 0.00019412709218255352
0.0 0.00019429653495692598
0.0 0.00019431396153656738
0.0 0.00019459972559254113
0.0 0.0001946107821430708
0.0 0.00019461469516095372
0.0 0.00019469425227453864
0.0 0.0001946988250454367
0.0 0.0001947222349024224
0.0 0.00019476138783135565
0.0 0.0001947678488608833
0.0 0.00019476853136400242
0.0 0.00019489044917118045
0.0 0.00019492086606018904
0.0 0.00019507922953392786
0.0 0.00019529239800813165
0.0 0.00019551418877174028
0.0 0.0001958942065084639
0.0 0.00019626346344600945
0.0 0.00019627595325308927
0.0 0.00019637150368976547
0.0 0.00019638531300287558
0.0 0.0001964485127917057
0.0 0.00019655821379305156
0.0 0.00019655928304793816
0.0 0.00019659541021304337
0.0 0.00019666796029460537
0.0 0.00019673370809508017
0.0 0.00019676537623980714
0.0 0.00019688551953887546
0.0 0.00019704684052613045
0.0 0.00019713067465926184
0.0 0.00019719806046722253
0.0 0.00019726394476832115
0.0 0.00019727336331136494
0.0 0.0001974402580740927
0.0 0.0001974469011044521
0.0 0.00019753963052823595
0.0 0.0001976989722564455
0.0 0.00019774811248102182
0.0 0.00019781856955301854
0.0 0.00019790652145496859
0.0 0.00019791664525123547
0.0 0.0001979917205943382
0.0 0.0001980270742559084
0.0 0.00019804081531870659
0.0 0.0001980973720771773
0.0 0.0001981158224114974
0.0 0.00019817729319242575
0.0 0.000198203342061472
0.0 0.00019823516945692676
0.0 0.0001984334138629259
0.0 0.00019848382809332457
0.0 0.00019866698918039126
0.0 0.00019869701931763236
0.0 0.0001988765858882717
0.0 0.00019906748201068834
0.0 0.0001991054974344231
0.0 0.00019918152828189259
0.0 0.00019919056007316888
0.0 0.00019919606559832976
0.0 0.00019920600739376486
0.0 0.00019923242026447465
0.0 0.0001992693436832188
0.0 0.00019929678030860724
0.0 0.00019936521262135058
0.0 0.00019941826586380984
0.0 0.00019948362691251715
0.0 0.0001995908709026342
0.0 0.00019968414632891334
0.0 0.00019974320559882082
0.0 0.00019976898146661942
0.0 0.00019978788680301892
0.0 0.00019991505988421415
0.0 0.00019995102779859155
0.0 0.0001999513007998392
0.0 0.00019996324460442373
0.0 0.0002000793611350893
0.0 0.0002002863415810131
0.0 0.0002004092148925579
0.0 0.00020053440871470768
0.0 0.00020066317430318084
0.0 0.0002007313563647805
0.0 0.00020073231186914725
0.0 0.00020081307473824263
0.0 0.00020085618618526676
0.0 0.00020108063871103994
0.0 0.00020115373479509722
0.0 0.0002011978244965921
0.0 0.00020124955823302108
0.0 0.00020126607480850368
0.0 0.0002012683725690047
0.0 0.00020133077610419586
0.0 0.00020136933753042588
0.0 0.00020151068392639475
0.0 0.00020151609845113974
0.0 0.00020163881251195672
0.0 0.00020170087479558831
0.0 0.00020188453638494234
0.0 0.00020229929353042896
0.0 0.00020232081512878508
0.0 0.00020250686547905602
0.0 0.00020268540829501667
0.0 0.00020280832710676942
0.0 0.00020281060211716647
0.0 0.00020285976509184676
0.0 0.00020288733821785903
0.0 0.00020296773708529086
0.0 0.0002030634012724869
0.0 0.00020308321661304524
0.0 0.00020323712106640583
0.0 0.00020326023517203988
0.0 0.00020327274772922367
0.0 0.00020331155940659737
0.0 0.0002033790817151819
0.0 0.00020339891980584418
0.0 0.00020373166282651705
0.0 0.00020374526738869142
0.0 0.00020375689269182037
0.0 0.00020383517579958296
0.0 0.00020393504875601353
0.0 0.00020393666401339545
0.0 0.0002042269098398514
0.0 0.000204241105904729
0.0 0.0002042519804544269
0.0 0.00020429083763200855
0.0 0.00020430416919293528
0.0 0.00020437405751233274
0.0 0.00020456943540523158
0.0 0.00020459714503186767
0.0 0.00020469192196500888
0.0 0.0002047332589039233
0.0 0.00020486234299385206
0.0 0.0002049398753481836
0.0 0.00020503508453330026
0.0 0.00020508740977243244
0.0 0.00020508843352711113
0.0 0.00020509821607181844
0.0 0.00020516248511553517
0.0 0.0002051936527579748
0.0 0.0002053250118583006
0.0 0.0002053338161485372
0.0 0.00020533538590571115
0.0 0.00020536377803546637
0.0 0.00020547113577610326
0.0 0.00020548307958068778
0.0 0.0002055905055716366
0.0 0.00020560522488890552
0.0 0.00020563006800244135
0.0 0.00020571513064118714
0.0 0.0002057460252823791
0.0 0.00020580772356434715
0.0 0.0002058965172201441
0.0 0.00020593050587547606
0.0 0.00020593610240105282
0.0 0.0002060134527545526
0.0 0.00020606343473297584
0.0 0.0002060750372860008
0.0 0.00020619504408444532
0.0 0.00020636259860018822
0.0 0.000206383619696257
0.0 0.000206392878988573
0.0 0.00020640484554326148
0.0 0.00020643401117655168
0.0 0.00020644449897448208
0.0 0.00020644572748009651
0.0 0.00020654539568559137
0.0 0.00020667331952021762
0.0 0.00020676013391696913
0.0 0.00020719857392068907
0.0 0.0002073913355516313
0.0 0.00020750968159248596
0.0 0.0002076888614113578
0.0 0.00020768970316520472
0.0 0.00020792050296998568
0.0 0.00020795888239538395
0.0 0.00020809106049945268
0.0 0.0002081300314275542
0.0 0.00020820396926545838
0.0 0.0002082412339357621
0.0 0.00020826355178775718
0.0 0.00020826937581437365
0.0 0.00020851835295222705
0.0 0.00020880100024395681
0.0 0.00020880218324936329
0.0 0.00020886433653341077
0.0 0.00020888048910722983
0.0 0.00020900472742501285
0.0 0.00020902820553231046
0.0 0.00020908594529618762
0.0 0.00020916873292453636
0.0 0.00020921041111501037
0.0 0.0002094819108557946
0.0 0.0002094961069206722
0.0 0.0002095892685964315
0.0 0.00020961468046256656
0.0 0.0002096204362388711
0.0 0.00020969200806596238
0.0 0.00020970531687678512
0.0 0.0002097435370514556
0.0 0.0002098526693002022
0.0 0.0002098671838665354
0.0 0.0002098763749085395
0.0 0.0002099105683148072
0.0 0.00021002766309994347
0.0 0.00021007118404883906
0.0 0.0002100875186234899
0.0 0.00021029738833261798
0.0 0.00021031997918586072
0.0 0.00021039805754268756
0.0 0.00021055471475862856
0.0 0.00021066079849344312
0.0 0.00021071378348559047
0.0 0.00021088406801380983
0.0 0.0002109006983398123
0.0 0.00021103972422517616
0.0 0.00021125653271601523
0.0 0.00021127789506364357
0.0 0.00021167028885692716
0.0 0.0002116854631762755
0.0 0.00021177746459673228
0.0 0.00021183820737433358
0.0 0.00021195700841726765
0.0 0.00021204562007223285
0.0 0.0002120758322103057
0.0 0.0002121351872315648
0.0 0.00021229998898472725
0.0 0.00021230585851155165
0.0 0.0002124462266530498
0.0 0.00021253647631550083
0.0 0.00021269458953809597
0.0 0.00021275890408202066
0.0 0.00021282553913655033
0.0 0.00021293655964392647
0.0 0.00021294606918738614
0.0 0.00021310138414719292
0.0 0.0002131620586744823
0.0 0.000213301994564005
0.0 0.00021337870791459358
0.0 0.00021347227909222435
0.0 0.00021348531490179945
0.0 0.00021351832530266067
0.0 0.00021352938185319035
0.0 0.0002135988151705084
0.0 0.00021361628725035775
0.0 0.00021364772789404503
0.0 0.0002136482056462284
0.0 0.0002138070241220466
0.0 0.00021391993288805234
0.0 0.00021394218248973551
0.0 0.00021396365858788368
0.0 0.00021398197242157994
0.0 0.00021409697419715095
0.0 0.00021413162260549805
0.0 0.00021413526262213333
0.0 0.0002141409956483339
0.0 0.00021414347540966668
0.0 0.00021422858354862043
0.0 0.0002142964243586605
0.0 0.00021432543074122293
0.0 0.00021438947228389995
0.0 0.00021445208057002685
0.0 0.0002144832937126744
0.0 0.00021454080597551188
0.0 0.00021454182973019057
0.0 0.00021465180373278405
0.0 0.00021482827628928341
0.0 0.00021484906988431248
0.0 0.0002150433102720128
0.0 0.0002151206378754086
0.0 0.00021516349907128906
0.0 0.00021524749245514823
0.0 0.00021535034567519897
0.0 0.00021551239466578102
0.0 0.0002156422067590368
0.0 0.00021574203421525947
0.0 0.00021599041985040964
0.0 0.00021616090912956475
0.0 0.0002162581885741427
0.0 0.00021626369409930357
0.0 0.0002162827359363269
0.0 0.00021630368878208374
0.0 0.00021632923714884263
0.0 0.00021638047038298426
0.0 0.00021646291675977343
0.0 0.00021648043433983074
0.0 0.00021667446997659533
0.0 0.0002167576898569195
0.0 0.0002168589505696923
0.0 0.00021691047955518553
0.0 0.00021696310054566937
0.0 0.0002170268235868908
0.0 0.00021715936569262307
0.0 0.00021716091269969307
0.0 0.00021737103265996482
0.0 0.00021742733916729184
0.0 0.00021752434561062218
0.0 0.00021754850622103885
0.0 0.00021756115527884646
0.0 0.00021770197842242402
0.0 0.00021788099899056805
0.0 0.00021793621349290452
0.0 0.00021811664456749473
0.0 0.00021819083265654262
0.0 0.00021824506890440835
0.0 0.00021827710105079884
0.0 0.00021831281871403257
0.0 0.00021836143568621758
0.0 0.0002187449114387447
0.0 0.00021879612192278236
0.0 0.00021886134647086585
0.0 0.00021889306011580074
0.0 0.00021895334789132263
0.0 0.00021900555937993499
0.0 0.0002190432108020062
0.0 0.00021916262609774747
0.0 0.0002193237650841707
0.0 0.0002193254485918645
0.0 0.0002193276098517417
0.0 0.00021939274339940934
0.0 0.00021946927474916615
0.0 0.00021952771976626643
0.0 0.00021956189042243016
0.0 0.0002196092561388968
0.0 0.00021961742342622222
0.0 0.00021967309293063807
0.0 0.0002197506252849696
0.0 0.00021975938407499827
0.0 0.0002197844546895738
0.0 0.00021978493244175718
0.0 0.00021979353198105803
0.0 0.0002199314658614313
0.0 0.00021995821998370066
0.0 0.00022017345871736576
0.0 0.00022036126082564244
0.0 0.00022044040843735587
0.0 0.0002204422511957775
0.0 0.00022045339874672304
0.0 0.00022048326963323636
0.0 0.00022053452561748193
0.0 0.0002205511559434844
0.0 0.00022057627205826784
0.0 0.00022065839993360144
0.0 0.0002208351682414524
0.0 0.0002208653348793173
0.0 0.00022097605963534186
0.0 0.00022127661125889643
0.0 0.00022132106496205482
0.0 0.00022133990204814243
0.0 0.00022138861002074333
0.0 0.00022145413032017842
0.0 0.00022159531746541948
0.0 0.00022167908334823897
0.0 0.00022186950171847224
0.0 0.0002220454965227882
0.0 0.00022204934129035922
0.0 0.00022208758421513367
0.0 0.00022211279133033302
0.0 0.0002221332436738025
0.0 0.0002223106944847726
0.0 0.00022240997593849995
0.0 0.0002229116839813619
0.0 0.00022297477001967215
0.0 0.00022301799521721617
0.0 0.00022303903906338888
0.0 0.00022306331342432544
0.0 0.00022321987963985058
0.0 0.00022337428459549851
0.0 0.00022346084874110637
0.0 0.00022364501083274775
0.0 0.00022377329866903753
0.0 0.0002241133672231889
0.0 0.0002241695599799961
0.0 0.00022418614480579062
0.0 0.00022440399980141234
0.0 0.00022442784191037345
0.0 0.0002244997322389203
0.0 0.00022462087654256333
0.0 0.000224665898998321
0.0 0.00022477161873147203
0.0 0.0002247727107364626
0.0 0.00022493482797735656
0.0 0.00022516480877839457
0.0 0.00022516974555095618
0.0 0.00022524673190279243
0.0 0.00022527432777890867
0.0 0.0002252808570587482
0.0 0.00022538639479106746
0.0 0.00022542445571501016
0.0 0.00022542547946968882
0.0 0.0002254522790921661
0.0 0.00022562429262828722
0.0 0.00022562850139752177
0.0 0.0002257407049103044
0.0 0.00022580506495443702
0.0 0.00022595323638159703
0.0 0.00022608320772558063
0.0 0.00022609660753681926
0.0 0.00022625681376897968
0.0 0.00022629112092576725
0.0 0.00022644247736748312
0.0 0.00022654610409106885
0.0 0.00022685614250797916
0.0 0.0002269000047084343
0.0 0.00022706494296222062
0.0 0.00022710769040758122
0.0 0.0002271282337514666
0.0 0.0002272310414713094
0.0 0.00022724846805095082
0.0 0.00022755620870736008
0.0 0.00022758061956892046
0.0 0.00022758783135187912
0.0 0.00022759458813275836
0.0 0.00022760239141842025
0.0 0.0002276173837369368
0.0 0.00022766438545173992
0.0 0.00022775913963477714
0.0 0.0002280728408184267
0.0 0.00022809245140804928
0.0 0.00022853867194732713
0.0 0.00022854526947747858
0.0 0.00022854961474733695
0.0 0.00022870816022190754
0.0 0.00022885278263284813
0.0 0.0002289405752840704
0.0 0.00022895898011818255
0.0 0.000229005708831738
0.0 0.00022906469985133356
0.0 0.00022929565890684233
0.0 0.00022932195802703224
0.0 0.00022934752914389512
0.0 0.00022944214682630852
0.0 0.0002294998183398738
0.0 0.0002297043417745688
0.0 0.00022977218258460889
0.0 0.0002299638977107685
0.0 0.00023010149033958222
0.0 0.00023021009933593749
0.0 0.0002302979147372637
0.0 0.00023030860728612986
0.0 0.00023040888974443192
0.0 0.00023040920824588752
0.0 0.00023040943574692722
0.0 0.00023051529198070205
0.0 0.0002307787609347847
0.0 0.00023080674356266843
0.0 0.00023080935982462504
0.0 0.0002309870608867388
0.0 0.00023109937815004127
0.0 0.00023115682216256683
0.0 0.0002312195441992136
0.0 0.00023128540575020825
0.0 0.0002314843326593265
0.0 0.00023151643305602891
0.0 0.00023152942336539608
0.0 0.00023154955720741
0.0 0.0002315997894369769
0.0 0.00023161084598750657
0.0 0.00023173845132067725
0.0 0.00023188079872122082
0.0 0.00023201263557372999
0.0 0.00023202068911053555
0.0 0.00023208930342411065
0.0 0.00023212991235969804
0.0 0.00023231182219104633
0.0 0.0002323985910875899
0.0 0.00023252492241493823
0.0 0.00023265680476765535
0.0 0.00023274819193530493
0.0 0.00023287400001026194
0.0 0.00023292714425313707
0.0 0.00023311114709405066
0.0 0.00023316554259264418
0.0 0.00023334322090465398
0.0 0.00023345312665693557
0.0 0.00023380661777242957
0.0 0.00023381519456162645
0.0 0.00023402258450942173
0.0 0.000234358125792883
0.0 0.0002348623135970777
0.0 0.0002349229198740552
0.0 0.00023494130195806338
0.0 0.00023506599527792582
0.0 0.0002350841271107903
0.0 0.00023508440011203797
0.0 0.00023530141335381278
0.0 0.00023534372854719797
0.0 0.0002354846199410874
0.0 0.00023594778930782328
0.0 0.00023596350962966692
0.0 0.00023599085525463948
0.0 0.00023600548357149254
0.0 0.0002361361829188032
0.0 0.00023623796688396732
0.0 0.0002362406058960279
0.0 0.0002362926808840164
0.0 0.0002363565859260696
0.0 0.00023640963916852887
0.0 0.00023645855189206551
0.0 0.00023646489917107327
0.0 0.00023650930737402373
0.0 0.00023668309541825458
0.0 0.0002373876433881177
0.0 0.00023744699840937678
0.0 0.00023750512492502147
0.0 0.00023753340330425683
0.0 0.00023785124500682903
0.0 0.00023792602459858013
0.0 0.0002379305973694782
0.0 0.00023802116553338487
0.0 0.00023809624087648757
0.0 0.00023809917563989979
0.0 0.000238130639033691
0.0 0.00023813785081664966
0.0 0.00023837436089752724
0.0 0.0002384954142007544
0.0 0.0002385015794789304
0.0 0.00023897780740534535
0.0 0.00023898226642572357
0.0 0.00023900460702782264
0.0 0.00023908971516677636
0.0 0.000239116219037902
0.0 0.000239309958923315
0.0 0.0002394950310191152
0.0 0.00023957804614850364
0.0 0.00023960950954229486
0.0 0.00023976357324638327
0.0 0.0002399670729263996
0.0 0.0002401409519710463
0.0 0.00024044637211685058
0.0 0.0002405320035081956
0.0 0.00024069468950168883
0.0 0.00024073347842895856
0.0 0.00024083660465025694
0.0 0.00024087077530642067
0.0 0.00024108019001346933
0.0 0.00024119155177240506
0.0 0.00024126096233961913
0.0 0.00024137680586903702
0.0 0.00024159682212453597
0.0 0.0002417307519866104
0.0 0.00024173482425522114
0.0 0.0002417766844465269
0.0 0.0002417999123026808
0.0 0.000241807488087303
0.0 0.0002419367541780635
0.0 0.00024193825568492557
0.0 0.00024210237493496893
0.0 0.00024212555729091488
0.0 0.00024221999297249652
0.0 0.0002422769592328387
0.0 0.00024232070768277403
0.0 0.00024282446323499332
0.0 0.00024295279657149103
0.0 0.0002431872136428033
0.0 0.0002432750517942335
0.0 0.00024333882033566288
0.0 0.0002433769267598135
0.0 0.0002434697926842212
0.0 0.0002436060203067967
0.0 0.00024361955661865914
0.0 0.00024388020455984942
0.0 0.00024392069974491694
0.0 0.0002440544248560557
0.0 0.000244232444419625
0.0 0.0002443432374259615
0.0 0.00024469311127492415
0.0 0.0002448935169408005
0.0 0.00024489515494828637
0.0 0.0002449971209142823
0.0 0.0002450739707654947
0.0 0.0002453241081586506
0.0 0.00024586776739323417
0.0 0.00024622699153492876
0.0 0.00024626919297779403
0.0 0.0002464245306877048
0.0 0.000246490756240363
0.0 0.00024673088358777187
0.0 0.0002467915126148533
0.0 0.00024685491715461914
0.0 0.00024696491390731665
0.0 0.00024697310394474603
0.0 0.0002471680268355655
0.0 0.00024717037009627443
0.0 0.0002471704610966903
0.0 0.00024717141660105706
0.0 0.0002476889359661785
0.0 0.00024786088125198775
0.0 0.000248100735598149
0.0 0.0002481172976738395
0.0 0.00024816803040569375
0.0 0.00024826050957833394
0.0 0.00024863167752461304
0.0 0.00024866191241278986
0.0 0.00024890292701425356
0.0 0.00024903198835407836
0.0 0.00024944437948875203
0.0 0.00024945709679687154
0.0 0.00024970536868150185
0.0 0.0002497056644328535
0.0 0.00024976090168529394
0.0 0.00024979150057513426
0.0 0.00024987108043882317
0.0 0.0002499230871764998
0.0 0.00025003772495040726
0.0 0.00025004345797660784
0.0 0.000250095032462309
0.0 0.0002501866471309983
0.0 0.0002503875987993699
0.0 0.0002505527645541959
0.0 0.0002508442843864742
0.0 0.0002508602549594615
0.0 0.0002510414822876907
0.0 0.0002512383389373476
0.0 0.00025129550994862555
0.0 0.0002512978532093345
0.0 0.0002516073911239575
0.0 0.00025169543402632337
0.0 0.00025199632690143755
0.0 0.00025212004196682925
0.0 0.00025230902708051235
0.0 0.00025237602613670555
0.0 0.0002525791390649544
0.0 0.00025262231876229047
0.0 0.00025299705847489293
0.0 0.00025330486738161406
0.0 0.00025341270287443433
0.0 0.0002536501684596787
0.0 0.0002538347400531915
0.0 0.00025386877420873144
0.0 0.00025392401146117185
0.0 0.00025394953707782677
0.0 0.0002539835484832627
0.0 0.00025411661384138634
0.0 0.0002542703817941231
0.0 0.0002542752958165807
0.0 0.00025464700976535507
0.0 0.0002552566443014532
0.0 0.0002555798777786664
0.0 0.0002558268529073704
0.0 0.00025616580670642723
0.0 0.0002562357632761366
0.0 0.0002565017802418639
0.0 0.00025671185470192774
0.0 0.00025678501903629694
0.0 0.0002574219081969517
0.0 0.0002575153883741666
0.0 0.0002575863914486586
0.0 0.00025780083392868477
0.0 0.0002578513619096033
0.0 0.0002581015675530711
0.0 0.000258258338519532
0.0 0.00025834856543187904
0.0 0.0002584826772947853
0.0 0.0002586021380907345
0.0 0.00025872778691496374
0.0 0.0002587317909332625
0.0 0.0002591931402916808
0.0 0.0002592087468630045
0.0 0.0002592116133761048
0.0 0.000259374322119702
0.0 0.0002594491244615571
0.0 0.0002595696545123929
0.0 0.0002596569011611199
0.0 0.00025974043954289964
0.0 0.00026017132651210133
0.0 0.00026035241733970673
0.0 0.00026047410764584505
0.0 0.00026062004956281596
0.0 0.0002607449703837181
0.0 0.000260949539318621
0.0 0.00026096905890782773
0.0 0.00026117765461113344
0.0 0.00026158317521440805
0.0 0.000261619484380345
0.0 0.00026164669350469376
0.0 0.00026187970006955985
0.0 0.0002618929178799667
0.0 0.00026214705929142145
0.0 0.00026228085265287207
0.0 0.0002628160715988826
0.0 0.0002629903601454008
0.0 0.0002631049751692043
0.0 0.00026311018494301353
0.0 0.0002634914994356635
0.0 0.0002648025879274847
0.0 0.0002649163611974413
0.0 0.0002657256506459847
0.0 0.0002657999979857604
0.0 0.00026585114021948614
0.0 0.000265977812798394
0.0 0.00026632668564278197
0.0 0.0002670554852234777
0.0 0.0002671873675761948
0.0 0.0002674044718183855
0.0 0.000267441918489521
0.0 0.00026763574937534987
0.0 0.00026768134058370677
0.0 0.00026771523823862286
0.0 0.0002683122919672253
0.0 0.00026903406176579406
0.0 0.00026910269882947314
0.0 0.00026995862599115615
0.0 0.0002700476471479928
0.0 0.0002700512644145241
0.0 0.00027025553759807544
0.0 0.00027053340736797143
0.0 0.0002707507618613058
0.0 0.00027159383521424546
0.0 0.00027183525931758065
0.0 0.000272398369891059
0.0 0.0002723998258977131
0.0 0.00027267407840107777
0.0 0.0002729688742483278
0.0 0.00027368293176165066
0.0 0.00027400220672077296
0.0 0.00027406363200149336
0.0 0.00027409614190006726
0.0 0.0002741298348040476
0.0 0.00027436980290072865
0.0 0.00027437888019221293
0.0 0.0002749782316813163
0.0 0.0002750614060614326
0.0 0.00027516384977961184
0.0 0.0002754298439952352
0.0 0.00027595873841234194
0.0 0.0002760202546934782
0.0 0.0002761689038728216
0.0 0.000276719661139844
0.0 0.00027678606869333396
0.0 0.00027704023285489264
0.0 0.0002774503944793772
0.0 0.000278032524139775
0.0 0.0002780748620832641
0.0 0.0002785902884388203
0.0 0.0002790371687311133
0.0 0.0002790508187934956
0.0 0.00027915271650917953
0.0 0.0002792720863047129
0.0 0.00027991084097389325
0.0 0.0002800697959503353
0.0 0.0002805044139365882
0.0 0.0002810488466747068
0.0 0.0002812263429858848
0.0 0.00028125723762707674
0.0 0.00028137542441720363
0.0 0.0002824979827974212
0.0 0.00028310322656345294
0.0 0.00028383850992378025
0.0 0.0002839879781068666
0.0 0.0002840329778125203
0.0 0.0002840667844670205
0.0 0.00028424132326468235
0.0 0.00028513660810623433
0.0 0.00028559618295654287
0.0 0.00028592954023002297
0.0 0.0002862844646020671
0.0 0.0002873389546712048
0.0 0.0002878826594059963
0.0 0.0002881502233787937
0.0 0.00028866585448528555
0.0 0.00028869449686618446
0.0 0.00028919347489656997
0.0 0.0002893504961141745
0.0 0.00028958113666822764
0.0 0.0002898231295241621
0.0 0.00029017441387957095
0.0 0.00029113044149872426
0.0 0.0002913442697259432
0.0 0.0002924220104013388
0.0 0.0002925273661328263
0.0 0.0002930419962347435
0.0 0.00029409368804109284
0.0 0.0002944349396006507
0.0 0.0002946437855551001
0.0 0.0002948291534022519
0.0 0.0002951204912336984
0.0 0.00029542525162648753
0.0 0.0002956635589655788
0.0 0.00029758002772405567
0.0 0.0002995073937823344
0.0 0.0002999130736363368
0.0 0.00030091416921145566
0.0 0.0003020139092373908
0.0 0.0003025548384594979
0.0 0.00030351473359632616
0.0 0.00030385919292054387
0.0 0.00030575839435010714
0.0 0.00030614896813507304
0.0 0.00030799377406604277
0.0 0.00030819818375021793
0.0 0.00030850674341037016
0.0 0.0003104623423476763
0.0 0.0003105571192808175
0.0 0.0003107137992468625
0.0 0.0003109333150000741
0.0 0.0003112221048198759
0.0 0.0003115065948700273
0.0 0.00031233392515101936
0.0 0.0003131656462020777
0.0 0.0003141958164100709
0.0 0.0003155171424486789
0.0 0.00031664154358731805
0.0 0.000320589300879011
0.0 0.00032142159068266864
0.0 0.00032252735948615593
0.0 0.0003228287301134534
0.0 0.000322916295263636
0.0 0.00032577204756474386
0.0 0.00032878504858449597
0.0 0.0003304114307672447
0.0 0.00033042096306080834
0.0 0.00033110212392378974
0.0 0.0003353965700498895
0.0 0.0003421407701216392
0.0 0.0003421867935819716
0.0 0.0003487562046049157
0.0 0.0003488681578665547
0.0 0.00034999538001808614
0.0 0.0003511707868898272
0.0 0.000371686853400549
0.0 0.0004490492872055361
0.0 0.0004532256147918209
0.0 0.00046284708876303453
0.0 0.0004845089187600237
0.0 0.0004984046367650113
0.0 0.0005605239321571486
0.0 0.000582806885492741
0.0 0.0005878332479637805
0.0 0.0005984812066261441
0.0 0.0006226297139875275
0.0 0.0006386678092834192
0.0 0.0006450457554313475
0.0 0.0006563639776568906
0.0 0.0006823915981060312
0.0 0.0007508791936020132
0.0 0.0007514610957613713
0.0 0.0008066122163081691
0.0 0.0008219032891900848
0.0 0.0008455098890748901
0.0 0.0008754816950494003
0.0 0.0008998591594571429
0.0 0.0009174095906645792
0.0 0.0009330705802370556
0.0 0.0009358931401364705
0.0 0.0009609982438696063
0.0 0.0009721108506554639
0.0 0.0009788474294423835
0.0 0.0009809458080322086
0.0 0.0009878966927985306
0.0 0.0010145872057771641
0.0 0.0010252085013176743
0.0 0.0010618614668258318
0.0 0.0010725174335247931
0.0 0.0010850547428217009
0.0 0.001094469645848862
0.0 0.001122991451196707
0.0 0.0011564305550171568
0.0 0.00115673367740246
0.0 0.0011590857651517645
0.0 0.0011629817659569244
0.0 0.0011688661258491082
0.0 0.0011749602416999002
0.0 0.0011790849265501718
0.0 0.001207920592332394
0.0 0.0012508836176782319
0.0 0.0012634276610059146
0.0 0.001267088880738099
0.0 0.001270991888575282
0.0 0.001281424904255332
0.0 0.001284090670438182
0.0 0.0013111540121206846
0.0 0.001312609290771471
0.0 0.00131935096558168
0.0 0.001329195117570557
0.0 0.0013549471432601989
0.0 0.0013638736470553208
0.0 0.0013841597327650045
0.0 0.0013915307664514542
0.0 0.001391911330190673
0.0 0.0014123506606007021
0.0 0.001415605381475141
0.0 0.0014223457822795278
0.0 0.0014227544651472543
0.0 0.0014296253605480158
0.0 0.0014475150413058606
0.0 0.0014477679314615969
0.0 0.001453565567957445
0.0 0.001459781624365519
0.0 0.001461865260887971
0.0 0.0014684952781878929
0.0 0.0014697681920052515
0.0 0.0014807737823020319
0.0 0.0014930100622232015
0.0 0.0015155138280679317
0.0 0.0015170267099819715
0.0 0.001529913005873787
0.0 0.0015545768485903107
0.0 0.0015609741778268218
0.0 0.0015629103026751291
0.0 0.001584111579567339
0.0 0.0015852226946452596
0.0 0.0016049071766055466
0.0 0.0016094231632441114
0.0 0.0016116049892153004
0.0 0.001618033622594875
0.0 0.001622237659807796
0.0 0.0016269520273529837
0.0 0.00163151151219034
0.0 0.0016365330971395457
0.0 0.0016375994400128519
0.0 0.001650932092944569
0.0 0.0016532253034247978
0.0 0.0016556666625820826
0.0 0.0016560255682223216
0.0 0.0016684494910010402
0.0 0.0016692928828554354
0.0 0.0016771828009132447
0.0 0.0017165066286275415
0.0 0.001723438494306944
0.0 0.0017295639143007995
0.0 0.0017316017776140631
0.0 0.0017539249076332674
0.0 0.0017639389573985964
0.0 0.001767095943826378
0.0 0.0017839073606564359
0.0 0.0018035794665601631
0.0 0.0018125661216301832
0.0 0.0018222853300480543
0.0 0.0018365596552833193
0.0 0.0018681744737665807
0.0 0.0018699236837606663
0.0 0.0018702623873085794
0.0 0.0018839035316501368
0.0 0.001884943848404501
0.0 0.0018979401637991178
0.0 0.0019039194371250666
0.0 0.0019151954806578486
0.0 0.0019159407740639229
0.0 0.00191901476811242
0.0 0.0019408725220048033
0.0 0.0019433794014615232
0.0 0.0019533122788558854
0.0 0.0019547626434842143
0.0 0.001980418572734684
0.0 0.0019805971155506447
0.0 0.0019919037352231633
0.0 0.0019924004154930476
0.0 0.001995647856334216
0.0 0.00199606300023147
0.0 0.0020056739181544413
0.0 0.0020342788068819866
0.0 0.002043557027284493
0.0 0.0020606649234694947
0.0 0.002069315605004078
0.0 0.0020703138795663046
0.0 0.002083289264865269
0.0 0.002118594150212549
0.0 0.002122441465795212
0.0 0.002136755467211802
0.0 0.0021388466567687724
0.0 0.002140602054791138
0.0 0.0021464879616903917
0.0 0.0021637764027005032
0.0 0.002168317141452188
0.0 0.00220849673707744
0.0 0.0022258679884660047
0.0 0.002251237994409773
0.0 0.002252393699691476
0.0 0.002287135838466941
0.0 0.002297246530673937
0.0 0.002365540886786793
0.0 0.002383418282488494
0.0 0.0023874774470393303
0.0 0.002411878116553123
0.0 0.0029769943391975535
0.0 0.003200143193012808
0.0 0.0032915279946515866
0.0 0.003468728736478823
0.0 0.0035124231321671056
0.0 0.0035829247943675977
0.0 0.003871871862888063
0.0 0.004489755222684221
0.0 0.0047480926633152575
0.0 0.00499058256352126
0.0 0.005128638202450993
0.0 0.00521999497596168
0.0 0.006444408483668544
0.0 0.006511114700523426
0.0 0.007005568008230421
0.0 0.0076196613827059214
0.0 0.007815944183740306
0.0 0.008647610088546637
0.0 0.009390194594240998
0.0 0.009437541018619459
0.0 0.009475305463207202
0.0 0.009589460752909661
0.0 0.010924084500289664
0.0 0.011308553977358235
0.0 0.011426241539203573
0.0 0.012558852371361928
0.0 0.012767115195146358
0.0 0.013275354701857827
0.0 0.013881217998720951
0.0 0.013887761292624536
0.0 0.014109123808276025
0.0 0.014183926150131107
0.0 0.014709710537024643
0.0 0.01482049225930952
0.0 0.014914764322143406
0.0 0.015351066908095089
0.0 0.015871896504344677
0.0 0.016461967953037285
0.0 0.01679585648694528
0.0 0.01704612073468092
0.0 0.01799516043189863
0.0 0.01827700691996865
0.0 0.019130880566266845
0.0 0.01929830822743001
0.0 0.01943647015484549
0.0 0.019516802409972896
0.0 0.019885105117157516
0.0 0.020543560830373873
0.0 0.02152558927035383
0.0 0.025849473302988136
0.0 0.0338809108395572
0.0 0.03588798980413286
0.0 0.03804776309853871
0.0 0.04422868606604893
0.0 0.04481895407563985
0.0 0.05279480710218148
0.0 0.0565535115758819
0.0 0.05928739703004462
0.0 0.06660714433810963
0.0 0.06763562667038907
0.0 0.07084737933245845
0.0 0.08328360391139764
0.0 0.14354169728163324
0.0 0.14495113501892157
0.0 0.164059172296792
