0.0 7.755269861201856e-05
0.0 7.759985389002347e-05
0.0 7.820450615335203e-05
0.0 7.832744771520874e-05
0.0 7.876551234221314e-05
0.0 7.885814507805512e-05
0.0 7.938762531033908e-05
0.0 7.958883860490638e-05
0.0 7.96613659363644e-05
0.0 7.982409174253956e-05
0.0 8.07427295658173e-05
0.0 8.11930792489658e-05
0.0 8.172581843364354e-05
0.0 8.207626672273147e-05
0.0 8.287368630452827e-05
0.0 8.354263036167752e-05
0.0 8.473974652013244e-05
0.0 8.520113569123264e-05
0.0 8.546840391267834e-05
0.0 8.559449636393496e-05
0.0 8.588078935982602e-05
0.0 8.605723347869541e-05
0.0 8.60844027903622e-05
0.0 8.619851162435236e-05
0.0 8.651284981091307e-05
0.0 8.667556424203625e-05
0.0 8.678732981531744e-05
0.0 8.71299577561655e-05
0.0 8.752328430371188e-05
0.0 8.809405028717635e-05
0.0 8.822823608792049e-05
0.0 8.870917897338333e-05
0.0 8.888123232218641e-05
0.0 8.934568706979662e-05
0.0 8.977964530303435e-05
0.0 8.984216258874535e-05
0.0 9.037199544764085e-05
0.0 9.084500992186998e-05
0.0 9.106247816572421e-05
0.0 9.149401920041508e-05
0.0 9.168074636627914e-05
0.0 9.168952221888577e-05
0.0 9.247553262354135e-05
0.0 9.253133862858104e-05
0.0 9.298284856703203e-05
0.0 9.358501538150181e-05
0.0 9.383168338380221e-05
0.0 9.390371590049889e-05
0.0 9.412020588988237e-05
0.0 9.415596336579805e-05
0.0 9.422313304777102e-05
0.0 9.441010477725276e-05
0.0 9.454705471562933e-05
0.0 9.455936252187737e-05
0.0 9.497013271164314e-05
0.0 9.508610136663289e-05
0.0 9.518736207940569e-05
0.0 9.540814046338763e-05
0.0 9.543595815301759e-05
0.0 9.604925545585494e-05
0.0 9.60557051103306e-05
0.0 9.622248612253849e-05
0.0 9.623349717286023e-05
0.0 9.633623664239111e-05
0.0 9.644222937678979e-05
0.0 9.674701251968288e-05
0.0 9.676124270971644e-05
0.0 9.68562812690533e-05
0.0 9.713862143437948e-05
0.0 9.722397982447689e-05
0.0 9.725333883365085e-05
0.0 9.786827414397409e-05
0.0 9.795142577398635e-05
0.0 9.813001409015496e-05
0.0 9.835848200927894e-05
0.0 9.846690900480245e-05
0.0 9.872843282499559e-05
0.0 9.879000598139182e-05
0.0 9.91104639459206e-05
0.0 9.919433220420794e-05
0.0 9.957030042242481e-05
0.0 9.973896969326226e-05
0.0 9.980228323261223e-05
0.0 0.00010007269096840586
0.0 0.00010035513350919991
0.0 0.00010048401284819292
0.0 0.00010062775938013067
0.0 0.00010087277799989321
0.0 0.0001009006468772571
0.0 0.00010132613069676581
0.0 0.00010147311911851937
0.0 0.00010154982109405597
0.0 0.00010161000649411
0.0 0.00010190996661496135
0.0 0.00010195878833808209
0.0 0.0001021098149032904
0.0 0.00010211410329788886
0.0 0.00010221612613914466
0.0 0.00010231123294879344
0.0 0.00010252368479472217
0.0 0.00010255204279932142
0.0 0.00010271461504229478
0.0 0.00010272010919240366
0.0 0.00010281777538874911
0.0 0.00010319099084438555
0.0 0.00010335099232561024
0.0 0.00010345605230574611
0.0 0.00010377167587318117
0.0 0.0001038454317102536
0.0 0.00010395083294194904
0.0 0.00010398098820476196
0.0 0.00010406299095452371
0.0 0.00010408462630339969
0.0 0.00010408579793375416
0.0 0.000104180859243195
0.0 0.00010435770717640986
0.0 0.00010436769447205292
0.0 0.00010444000567752323
0.0 0.00010448422050458994
0.0 0.00010449568655699108
0.0 0.00010450058920439673
0.0 0.00010450486622394319
0.0 0.0001046533561525588
0.0 0.00010468670780497958
0.0 0.0001050201788289795
0.0 0.00010505179009844656
0.0 0.00010514018562742402
0.0 0.00010522391738508752
0.0 0.00010528635504543463
0.0 0.00010596723153211643
0.0 0.00010599719341904561
0.0 0.00010612622063371443
0.0 0.00010642401949468857
0.0 0.00010648472814713392
0.0 0.00010651116376794767
0.0 0.00010687753144228898
0.0 0.00010692211027101922
0.0 0.00010709751357263195
0.0 0.00010716709476562579
0.0 0.0001074782024374227
0.0 0.00010790854340412912
0.0 0.0001083069545999129
0.0 0.00010844434247779088
0.0 0.00010868682446096071
0.0 0.00010877760875085508
0.0 0.00010894796152938636
0.0 0.00010900782842798479
0.0 0.00010923504509139039
0.0 0.00010927751953550335
0.0 0.00010929232985318818
0.0 0.000109302487774611
0.0 0.00010932945802286807
0.0 0.0001094083781335418
0.0 0.00010944618880634082
0.0 0.00010953923673158026
0.0 0.0001095737827644595
0.0 0.00010971094314129779
0.0 0.00011019290409391332
0.0 0.00011020435877126247
0.0 0.00011053709041688336
0.0 0.00011068919761203028
0.0 0.00011080350550943018
0.0 0.00011087744334733437
0.0 0.00011100857494662047
0.0 0.00011102065525182882
0.0 0.00011106622371008177
0.0 0.00011115445998833144
0.0 0.00011117400232764212
0.0 0.00011134896200222744
0.0 0.00011138329190911895
0.0 0.00011146173426760932
0.0 0.0001115886343475569
0.0 0.00011240639820982934
0.0 0.00011240954909922925
0.0 0.00011245013528471267
0.0 0.00011253065927771633
0.0 0.00011274497663217065
0.0 0.0001129814184627363
0.0 0.00011299603540453735
0.0 0.00011317221220968508
0.0 0.0001133896918285913
0.0 0.00011366270445128956
0.0 0.00011367922102677217
0.0 0.00011375227161062152
0.0 0.00011378785277323141
0.0 0.00011392734503572667
0.0 0.00011447763592561767
0.0 0.0001147885729716348
0.0 0.00011481738597831347
0.0 0.00011538558120002927
0.0 0.00011539494286781314
0.0 0.00011556653552701081
0.0 0.00011573553467435584
0.0 0.00011585819185991291
0.0 0.00011587150067073567
0.0 0.00011592492928991044
0.0 0.0001159643210949354
0.0 0.00011599206484672746
0.0 0.00011612715496410442
0.0 0.00011618735173921043
0.0 0.00011699906407382671
0.0 0.00011699945082559422
0.0 0.00011738529258893428
0.0 0.00011739633776441198
0.0 0.00011757526733214013
0.0 0.00011788792201100704
0.0 0.00011800768993335986
0.0 0.00011808824805151948
0.0 0.00011837694687090542
0.0 0.00011842832798072285
0.0 0.0001187181756803593
0.0 0.00011889437523561099
0.0 0.00011897983600117627
0.0 0.00011909579328111403
0.0 0.00011916435071942919
0.0 0.00011934296178570178
0.0 0.00011941821912963626
0.0 0.00011957442134349787
0.0 0.0001195877529044246
0.0 0.00011958909516055886
0.0 0.00011961920492316385
0.0 0.00011965513871238529
0.0 0.00011971897550412658
0.0 0.00011982687924725877
0.0 0.00012001720661707616
0.0 0.00012009676373066108
0.0 0.00012019243929290913
0.0 0.00012030781644519563
0.0 0.00012032120488138229
0.0 0.00012046199389980386
0.0 0.00012049158041001753
0.0 0.00012049312741708753
0.0 0.0001206441084820879
0.0 0.00012106680541386022
0.0 0.00012112390817482623
0.0 0.00012144363813602797
0.0 0.0001215441822205257
0.0 0.00012170392207555473
0.0 0.00012180887968022273
0.0 0.00012195046495228328
0.0 0.00012204774439686124
0.0 0.00012229590253097172
0.0 0.00012241817296476128
0.0 0.00012253984052079564
0.0 0.00012258844611792868
0.0 0.0001228670438911517
0.0 0.0001228980750329675
0.0 0.00012319880865735384
0.0 0.00012324409273930715
0.0 0.0001237881614757622
0.0 0.00012386126893487148
0.0 0.00012417567537174412
0.0 0.00012422558909985546
0.0 0.00012427485445000363
0.0 0.00012459070551847838
0.0 0.0001246637902274837
0.0 0.00012468181968488032
0.0 0.0001248082533876965
0.0 0.00012489788879734037
0.0 0.00012493162720152864
0.0 0.0001249396921133862
0.0 0.0001259610921562988
0.0 0.00012620301676192133
0.0 0.0001264999511189446
0.0 0.00012660520447496423
0.0 0.00012695526032475868
0.0 0.000127032189801335
0.0 0.00012773798902691652
0.0 0.00012833836427069862
0.0 0.000128353504464891
0.0 0.0001284024285634796
0.0 0.00012843572334064046
0.0 0.00012867094804064368
0.0 0.00012895153644796413
0.0 0.000129078220401924
0.0 0.00012907835690254783
0.0 0.00012937160574272787
0.0 0.00012957855206349573
0.0 0.0001295993342834728
0.0 0.00012969267796006387
0.0 0.00012989953328041584
0.0 0.00012999437846386894
0.0 0.0001302875590537371
0.0 0.000130523796133367
0.0 0.0001306520612195528
0.0 0.00013075095592151266
0.0 0.00013118890679799722
0.0 0.00013127749570285844
0.0 0.00013143348179073234
0.0 0.00013150503086771962
0.0 0.00013157720557256612
0.0 0.0001317201444758129
0.0 0.00013188934837409368
0.0 0.00013221915663135436
0.0 0.00013244104977043085
0.0 0.00013282371789426702
0.0 0.00013305548457846674
0.0 0.0001334015136598584
0.0 0.00013357945359806383
0.0 0.00013362535193282436
0.0 0.00013391161649108546
0.0 0.000133993778491575
0.0 0.00013430029064236986
0.0 0.00013453397971035507
0.0 0.00013483945673141927
0.0 0.0001349866954043165
0.0 0.00013527174283201518
0.0 0.00013588659851697453
0.0 0.00013606839459780296
0.0 0.00013617100894176203
0.0 0.0001362475971667788
0.0 0.0001364999640701238
0.0 0.0001370010123599706
0.0 0.00013758715741371915
0.0 0.00013762472921042645
0.0 0.00013774134624337935
0.0 0.00013781893547297084
0.0 0.00013784340320979112
0.0 0.0001379028606065181
0.0 0.00013806479584658029
0.0 0.000138429286637344
0.0 0.00013869890949455067
0.0 0.00013888030744855964
0.0 0.00013888091032631484
0.0 0.00013919967340809785
0.0 0.0001392391334634347
0.0 0.00013998334623957045
0.0 0.00014029231540159412
0.0 0.00014042522150898993
0.0 0.00014061897276945487
0.0 0.00014105855027837333
0.0 0.00014106780957068933
0.0 0.00014109968246635204
0.0 0.00014119135401030125
0.0 0.00014119326501903478
0.0 0.00014123578496335568
0.0 0.0001412703651213909
0.0 0.00014143856801509695
0.0 0.00014185557742087663
0.0 0.00014193776217147016
0.0 0.00014226787755513442
0.0 0.00014230535835142586
0.0 0.00014234536440925802
0.0 0.00014254317656328173
0.0 0.00014257134119199724
0.0 0.00014261293975710733
0.0 0.00014268040519043192
0.0 0.00014286590953820758
0.0 0.00014287289382012653
0.0 0.00014292342180104506
0.0 0.00014295130205346093
0.0 0.00014303457880904502
0.0 0.00014327053151237532
0.0 0.00014362427287901297
0.0 0.0001436400614511685
0.0 0.0001436842421530793
0.0 0.0001437707494234272
0.0 0.0001438038394496523
0.0 0.00014400501861906365
0.0 0.00014407732982453395
0.0 0.0001444009273034107
0.0 0.0001444180581317005
0.0 0.00014443760047101116
0.0 0.0001446428746591372
0.0 0.00014466307675146302
0.0 0.00014476035619604097
0.0 0.0001447662825981253
0.0 0.00014477749839938276
0.0 0.0001448732649620467
0.0 0.0001448738564647499
0.0 0.00014501201784616292
0.0 0.00014523586749418086
0.0 0.0001454912942865099
0.0 0.0001455062752299745
0.0 0.00014564462998727123
0.0 0.00014573775753787458
0.0 0.00014575210147842798
0.0 0.00014592433114053683
0.0 0.00014597063897716882
0.0 0.0001459842662894472
0.0 0.00014602426097222736
0.0 0.00014608190973568866
0.0 0.0001461044095885155
0.0 0.00014616621024595144
0.0 0.0001463689932976927
0.0 0.00014673184608097055
0.0 0.00014712747038901795
0.0 0.00014724540692800115
0.0 0.00014732387203659548
0.0 0.00014753387824634738
0.0 0.0001477292788893502
0.0 0.0001480465518393231
0.0 0.0001481118673878225
0.0 0.00014817316754297107
0.0 0.00014817836594172834
0.0 0.00014826134694596082
0.0 0.00014837051331986336
0.0 0.0001484299024662784
0.0 0.00014843913900849045
0.0 0.0001486299668805952
0.0 0.00014864274106397466
0.0 0.00014865086285109213
0.0 0.00014871059324906674
0.0 0.00014884415910947768
0.0 0.00014889223007916738
0.0 0.00014903705724104375
0.0 0.00014908675484316734
0.0 0.00014931002436353408
0.0 0.00014936434023676368
0.0 0.00014953209950344231
0.0 0.00014958123972801866
0.0 0.00014973678218886511
0.0 0.00014982905661056956
0.0 0.00014987539857235752
0.0 0.0001499618603424975
0.0 0.00015002055561074145
0.0 0.0001502706588787414
0.0 0.0001503019857719088
0.0 0.00015035278675407497
0.0 0.00015037794836906637
0.0 0.00015038290789173194
0.0 0.00015040488449216747
0.0 0.00015069949833858574
0.0 0.00015087562964352555
0.0 0.00015087776815329878
0.0 0.00015106156624327663
0.0 0.00015108315609194464
0.0 0.00015123615054114643
0.0 0.000151435600702656
0.0 0.000151606169607175
0.0 0.00015161517864834733
0.0 0.0001516815065764734
0.0 0.0001517509626438954
0.0 0.00015182532135872304
0.0 0.0001521829984933476
0.0 0.0001522308533370496
0.0 0.00015234412610471885
0.0 0.00015243046274928697
0.0 0.00015263540706090544
0.0 0.0001527567674905362
0.0 0.00015277624157953497
0.0 0.00015277745871009738
0.0 0.00015282175316252798
0.0 0.0001528259050565026
0.0 0.0001528721560178747
0.0 0.00015294535447739983
0.0 0.0001530169263044911
0.0 0.0001530632568912271
0.0 0.0001530973592970789
0.0 0.00015311445600021275
0.0 0.00015323236978909195
0.0 0.0001532379094394088
0.0 0.00015327113596625772
0.0 0.0001533349045076871
0.0 0.00015333810089729496
0.0 0.00015373745622239353
0.0 0.00015395947448704187
0.0 0.00015401981913782368
0.0 0.00015402846417733249
0.0 0.00015410140101066198
0.0 0.00015411221868509995
0.0 0.00015429027237382525
0.0 0.00015430686857467176
0.0 0.00015445344749455384
0.0 0.00015462077450925703
0.0 0.00015468786456586612
0.0 0.00015503249451586358
0.0 0.0001550773122206855
0.0 0.00015509886794419758
0.0 0.00015516172648146812
0.0 0.0001552797540208672
0.0 0.00015532892837059949
0.0 0.00015541358150747382
0.0 0.00015542931320436943
0.0 0.00015554844412381106
0.0 0.00015586205430704472
0.0 0.00015587935576111432
0.0 0.00015604666002571354
0.0 0.00015618889367573726
0.0 0.00015620382911899392
0.0 0.00015629974355733364
0.0 0.00015630433907833568
0.0 0.0001563587345769292
0.0 0.00015644527597243307
0.0 0.0001564797537550004
0.0 0.00015656320113636426
0.0 0.0001565690365380327
0.0 0.0001565712091729619
0.0 0.00015671417082631267
0.0 0.00015672080248162006
0.0 0.0001568610909977543
0.0 0.00015687538943809977
0.0 0.00015692672504770926
0.0 0.00015721006621761014
0.0 0.00015734976323104113
0.0 0.00015742962747102967
0.0 0.00015768618039350526
0.0 0.00015770410747543404
0.0 0.00015771326439228216
0.0 0.00015774147452120562
0.0 0.00015778126445305005
0.0 0.0001579243967321806
0.0 0.00015812184488454077
0.0 0.00015819533909541754
0.0 0.00015826580754246624
0.0 0.00015829386979571388
0.0 0.00015840726768895496
0.0 0.00015873535831336584
0.0 0.0001587438213520429
0.0 0.0001588730078174395
0.0 0.00015893767498797572
0.0 0.00015903618293816807
0.0 0.0001591632763939994
0.0 0.00015924539289428102
0.0 0.00015926194359491957
0.0 0.00015927212426644638
0.0 0.00015930431566356466
0.0 0.0001593813020154009
0.0 0.00015952490067166285
0.0 0.00015980521607773565
0.0 0.00015991642996099556
0.0 0.000160011013518253
0.0 0.0001600335588712878
0.0 0.0001602840033908473
0.0 0.0001602945139388817
0.0 0.00016044919189577727
0.0 0.00016047005374111823
0.0 0.00016052115047463604
0.0 0.0001607413828561227
0.0 0.00016076682884741373
0.0 0.0001608149339422594
0.0 0.0001608280493771984
0.0 0.00016104575649714432
0.0 0.00016112334572673578
0.0 0.00016113865654670794
0.0 0.00016131109095975253
0.0 0.00016143056313075373
0.0 0.00016147323095075044
0.0 0.0001615096197420513
0.0 0.00016153236984602182
0.0 0.00016155072917992604
0.0 0.00016165145526525552
0.0 0.00016179945606663575
0.0 0.00016198668942231316
0.0 0.00016203687615167213
0.0 0.00016204201767516948
0.0 0.00016206103676208884
0.0 0.00016206679253839338
0.0 0.0001620684646710352
0.0 0.0001620774168369476
0.0 0.00016208409399246296
0.0 0.00016222059461628612
0.0 0.00016227147522381618
0.0 0.00016230342774484278
0.0 0.0001624580033262705
0.0 0.00016247680628720215
0.0 0.00016255903653800358
0.0 0.00016260677763118574
0.0 0.00016261011052141742
0.0 0.00016262256620334128
0.0 0.00016263680776842682
0.0 0.00016270936922504082
0.0 0.00016282300599437357
0.0 0.00016294186391256757
0.0 0.00016296634302443986
0.0 0.00016300778233882215
0.0 0.00016313498954517334
0.0 0.00016317024083127566
0.0 0.0001632189943040845
0.0 0.00016322206556812052
0.0 0.00016361262797803447
0.0 0.00016361945300922564
0.0 0.0001636322158175531
0.0 0.0001637601737773353
0.0 0.00016386013773418177
0.0 0.0001639058085679026
0.0 0.00016397923452846747
0.0 0.0001640537638690749
0.0 0.00016411545077599097
0.0 0.00016413161472486203
0.0 0.000164196486646334
0.0 0.00016426404308007446
0.0 0.00016430585777117227
0.0 0.00016433263464354559
0.0 0.00016444217639416365
0.0 0.00016448217107694382
0.0 0.00016452696603166177
0.0 0.0001646241317257199
0.0 0.00016469940044470637
0.0 0.0001647662857503797
0.0 0.0001649253544773416
0.0 0.00016495442911021593
0.0 0.00016517221585552575
0.0 0.00016519961835575824
0.0 0.00016524087566930878
0.0 0.00016525841599947006
0.0 0.00016539076472931857
0.0 0.00016539656600583107
0.0 0.00016552625297351503
0.0 0.00016556238013862022
0.0 0.00016568492357365745
0.0 0.0001657992542211613
0.0 0.0001658262813446783
0.0 0.0001658909485152145
0.0 0.00016601048893652762
0.0 0.0001660209198591981
0.0 0.00016620809633961558
0.0 0.00016621057610094835
0.0 0.00016643008047910796
0.0 0.00016655858444138545
0.0 0.00016663510441609032
0.0 0.00016665968590343045
0.0 0.0001666617447878398
0.0 0.000166730290851103
0.0 0.00016678503897630804
0.0 0.0001668448831248025
0.0 0.00016687897415560235
0.0 0.0001669694626941451
0.0 0.00016706776589340172
0.0 0.00016706980202770707
0.0 0.00016715682117539432
0.0 0.00016717735314422774
0.0 0.0001672760203451479
0.0 0.00016729087616304064
0.0 0.00016736030948035868
0.0 0.0001675262942389276
0.0 0.00016761364326312245
0.0 0.0001676684823887434
0.0 0.0001677263586532444
0.0 0.0001677298166690479
0.0 0.00016782204559054442
0.0 0.00016782388834896603
0.0 0.00016788632600931314
0.0 0.00016804074234001305
0.0 0.00016808703880159307
0.0 0.00016812627135589023
0.0 0.00016823375422209897
0.0 0.00016828204131777642
0.0 0.0001683547392750142
0.0 0.0001683997617307719
0.0 0.00016840897552287994
0.0 0.00016847942121982467
0.0 0.0001685341124697698
0.0 0.00016856688399453934
0.0 0.00016859060097792862
0.0 0.0001686339968012524
0.0 0.00016863778469356348
0.0 0.00016868312565077674
0.0 0.00016884693777441647
0.0 0.00016885607194116065
0.0 0.0001689980553400407
0.0 0.00016912192965616018
0.0 0.00016913424883746022
0.0 0.00016919921175934804
0.0 0.00016924620209909916
0.0 0.00016942082052212492
0.0 0.00016945744818951746
0.0 0.00016948254155419696
0.0 0.00016956118866362304
0.0 0.00016960205922540608
0.0 0.00016961457178258987
0.0 0.00016972204327374662
0.0 0.00016985284499652516
0.0 0.00016994135427602248
0.0 0.00016996798327271998
0.0 0.0001699699511567134
0.0 0.00016999626165195534
0.0 0.0001702891009902639
0.0 0.00017047831360498674
0.0 0.0001705565398374894
0.0 0.0001705862514732749
0.0 0.0001706083190741263
0.0 0.00017061112871196666
0.0 0.0001706551842883056
0.0 0.00017067646701057
0.0 0.00017067957239976197
0.0 0.00017069813648460194
0.0 0.00017072660823972105
0.0 0.0001708986786511021
0.0 0.00017101527293395102
0.0 0.0001711643998654778
0.0 0.00017117908505759078
0.0 0.00017124339960151544
0.0 0.0001712495307545355
0.0 0.0001712976017242252
0.0 0.00017141053324033488
0.0 0.00017154505460511258
0.0 0.00017156463106957922
0.0 0.00017181863598041011
0.0 0.00017182686014299546
0.0 0.0001718431833425943
0.0 0.0001719158244245722
0.0 0.00017191772405825373
0.0 0.00017192527709277195
0.0 0.00017198392686080795
0.0 0.00017199062676642726
0.0 0.0001720051868329684
0.0 0.00017201304699389022
0.0 0.00017201880277019477
0.0 0.00017202840331407033
0.0 0.0001720910116001972
0.0 0.0001721041384101882
0.0 0.0001721092913087375
0.0 0.00017211182794533023
0.0 0.00017212083698650257
0.0 0.00017225573372799577
0.0 0.00017226013587311406
0.0 0.00017226384414006126
0.0 0.00017232576992306904
0.0 0.00017234985090812182
0.0 0.00017236997337508376
0.0 0.0001723866037010862
0.0 0.00017241559870859665
0.0 0.00017259730378900922
0.0 0.00017261071497529985
0.0 0.0001726263329216756
0.0 0.00017266559960112872
0.0 0.00017268765582692815
0.0 0.00017272421524400878
0.0 0.00017272871976459493
0.0 0.00017277073920662849
0.0 0.00017286931540713279
0.0 0.000173052055617276
0.0 0.00017308630589880363
0.0 0.00017313113497867755
0.0 0.00017320559606897305
0.0 0.00017320974796294767
0.0 0.00017327079786695257
0.0 0.00017328743956800702
0.0 0.00017329274034223215
0.0 0.00017332848075556984
0.0 0.00017336750855893128
0.0 0.0001734593393536083
0.0 0.00017348012157358537
0.0 0.0001735090483307839
0.0 0.00017353506307467417
0.0 0.00017353871446636144
0.0 0.00017384265585540764
0.0 0.00017385051601632946
0.0 0.00017397799622392827
0.0 0.0001740904954880625
0.0 0.00017411060657997245
0.0 0.0001741274871571186
0.0 0.00017420817040085006
0.0 0.00017429868168949677
0.0 0.00017437645291992
0.0 0.00017437820467792575
0.0 0.00017447405086595355
0.0 0.0001744935477050563
0.0 0.00017453262100862566
0.0 0.00017455525736207632
0.0 0.00017456583616042262
0.0 0.00017467146489315777
0.0 0.00017468908484868294
0.0 0.00017472790790110863
0.0 0.00017475823378970134
0.0 0.0001747641374416817
0.0 0.00017485817499644386
0.0 0.0001749177120185347
0.0 0.00017493587797655518
0.0 0.00017499207073336237
0.0 0.00017508196776920188
0.0 0.00017510993902203364
0.0 0.00017531623696483834
0.0 0.00017536977933453298
0.0 0.00017547676169845435
0.0 0.00017548465598453213
0.0 0.00017561629946115755
0.0 0.00017582506579024308
0.0 0.0001759405908182054
0.0 0.00017596339779743584
0.0 0.0001759695972007678
0.0 0.00017598871866315502
0.0 0.00017599331418415706
0.0 0.00017624309895070142
0.0 0.0001762572381403191
0.0 0.00017630140746717788
0.0 0.00017634381366097893
0.0 0.00017644628012926218
0.0 0.000176488856948843
0.0 0.00017649602323159373
0.0 0.0001765592571455798
0.0 0.00017656955156762646
0.0 0.0001765732143343657
0.0 0.0001765966014412474
0.0 0.0001767916380825867
0.0 0.00017684060768138326
0.0 0.00017686844243359118
0.0 0.00017689674356293053
0.0 0.00017691186100701894
0.0 0.00017691568302448597
0.0 0.0001769584304698466
0.0 0.00017700542080959772
0.0 0.00017717369195361567
0.0 0.00017720294858732179
0.0 0.000177212810757393
0.0 0.00017724780041729967
0.0 0.00017733264693005772
0.0 0.00017735105176416987
0.0 0.00017735825217207656
0.0 0.00017747361794931107
0.0 0.00017751733227409043
0.0 0.0001776799045170638
0.0 0.00017773841778447597
0.0 0.0001778339340959962
0.0 0.00017788392744947143
0.0 0.00017794163308819266
0.0 0.00017800218248991022
0.0 0.00017818444494787007
0.0 0.0001782187634797096
0.0 0.00017822058348802725
0.0 0.0001782411495820166
0.0 0.00017825491339491876
0.0 0.0001782586671620739
0.0 0.0001782613744244464
0.0 0.0001783175558062016
0.0 0.0001783258937193068
0.0 0.00017834631193762034
0.0 0.00017846610261007713
0.0 0.00017847317789241197
0.0 0.0001786715701740869
0.0 0.0001787343263358896
0.0 0.0001787994712586092
0.0 0.00017883744118213599
0.0 0.00017884414108775533
0.0 0.00017896659352237667
0.0 0.0001790019016837389
0.0 0.000179059732448032
0.0 0.00017910068263517892
0.0 0.0001792403796486099
0.0 0.00017926243587440934
0.0 0.00017943262940221282
0.0 0.00017963727796247965
0.0 0.00017976648717798026
0.0 0.0001798388552587105
0.0 0.0001798393102607899
0.0 0.00017984553241422584
0.0 0.0001798727870387825
0.0 0.00017990949433153896
0.0 0.0001800793238576789
0.0 0.00018014160226729822
0.0 0.0001801744192922757
0.0 0.00018023544644617663
0.0 0.000180270652232071
0.0 0.00018037010431157816
0.0 0.0001803809674862241
0.0 0.00018040648172782702
0.0 0.00018047965743724821
0.0 0.00018050842494371893
0.0 0.00018054285722607832
0.0 0.00018069688680501074
0.0 0.00018079391599844504
0.0 0.00018080091165541596
0.0 0.00018091784718982445
0.0 0.00018096671441315314
0.0 0.00018099802993126857
0.0 0.00018116388956426567
0.0 0.0001813051108346627
0.0 0.00018132733768624188
0.0 0.00018135439893491483
0.0 0.00018139551974784155
0.0 0.00018149196881362458
0.0 0.00018153042786438675
0.0 0.00018153605851511944
0.0 0.00018175965791199374
0.0 0.00018178046288207478
0.0 0.00018185908724139692
0.0 0.00018188066571501294
0.0 0.00018189918429964495
0.0 0.00018191980726889423
0.0 0.0001819235382859454
0.0 0.00018197799065979885
0.0 0.00018207555448067643
0.0 0.00018214986769529614
0.0 0.00018225492767543202
0.0 0.00018227150112617456
0.0 0.00018227481126630227
0.0 0.0001823936350593403
0.0 0.00018240624999199195
0.0 0.00018253871247236034
0.0 0.00018267976311697759
0.0 0.00018269591569079665
0.0 0.0001828332580684667
0.0 0.00018297185170185513
0.0 0.00018317979902719768
0.0 0.00018328376700234297
0.0 0.00018329171816368068
0.0 0.00018330164858406381
0.0 0.00018330352546764138
0.0 0.0001834217350078722
0.0 0.0001836214126704215
0.0 0.0001837002759058353
0.0 0.00018372062587383695
0.0 0.00018376346431961345
0.0 0.0001837813231512303
0.0 0.00018387915997335555
0.0 0.00018393656986072517
0.0 0.00018406995372030434
0.0 0.00018411576105464898
0.0 0.00018417637870667844
0.0 0.00018418326061312953
0.0 0.0001842259511832302
0.0 0.00018426852800281106
0.0 0.00018433419617792197
0.0 0.00018441879243953635
0.0 0.00018454770590368532
0.0 0.00018466134267301808
0.0 0.00018469323831878475
0.0 0.00018480030030807004
0.0 0.000184824256167551
0.0 0.00018491871459923662
0.0 0.00018492633588406673
0.0 0.00018504935707128734
0.0 0.00018521651346021077
0.0 0.00018524346095836385
0.0 0.0001852627757966348
0.0 0.00018531099464200035
0.0 0.00018532704484035156
0.0 0.0001854461757597932
0.0 0.00018556100690958442
0.0 0.0001857615263259806
0.0 0.00018589601356560235
0.0 0.00018589732169658064
0.0 0.00018590614873692122
0.0 0.0001859245990712413
0.0 0.00018599620502348854
0.0 0.00018601230072204768
0.0 0.0001861272797475147
0.0 0.000186377894892854
0.0 0.0001865759231728654
0.0 0.0001865971490198699
0.0 0.0001867090567813009
0.0 0.00018671127491643803
0.0 0.00018681370725956531
0.0 0.00018684858316895213
0.0 0.00018691849423845355
0.0 0.00018701904969800325
0.0 0.00018712350680038392
0.0 0.000187191370360528
0.0 0.00018729853472528114
0.0 0.00018730786226790904
0.0 0.00018733999678976742
0.0 0.0001874971431329438
0.0 0.00018756909033675056
0.0 0.00018760917601994665
0.0 0.00018764952332933835
0.0 0.0001877574043223666
0.0 0.00018786000729127363
0.0 0.00018786546731622657
0.0 0.00018787899225303705
0.0 0.00018797487256622082
0.0 0.00018797814858119256
0.0 0.00018802306866148237
0.0 0.00018827415018395305
0.0 0.00018840448552960017
0.0 0.00018854836856216174
0.0 0.00018861810900588338
0.0 0.0001887134205664679
0.0 0.00018881874217279942
0.0 0.00018882234806427876
0.0 0.0001888392855166848
0.0 0.00018891227922527423
0.0 0.00018893788446729305
0.0 0.00018896169245109822
0.0 0.0001889801427854183
0.0 0.00018900365501787184
0.0 0.00018918470034526926
0.0 0.00018926473521103755
0.0 0.00018927061611291395
0.0 0.00018930824478488118
0.0 0.00018935801063731672
0.0 0.0001894183552880985
0.0 0.00018943317698083532
0.0 0.00018962432335439567
0.0 0.00018967366832990773
0.0 0.00018970997749584467
0.0 0.00018981872299282378
0.0 0.00018982314788804604
0.0 0.00018985232489638823
0.0 0.00018991045141203292
0.0 0.00018992854911974147
0.0 0.00018994699945406156
0.0 0.00018998049898215816
0.0 0.0001901598949270177
0.0 0.00019017328336320437
0.0 0.00019022908936824407
0.0 0.00019037916042908564
0.0 0.00019046103805327554
0.0 0.00019047740675308232
0.0 0.00019048382228240203
0.0 0.0001905965831727319
0.0 0.00019066437848256409
0.0 0.00019073369804936227
0.0 0.00019083606214217763
0.0 0.00019092319504038474
0.0 0.00019093288658467617
0.0 0.00019102359124920665
0.0 0.0001911036488650789
0.0 0.0001911646418938239
0.0 0.00019117901995953327
0.0 0.0001913089685534129
0.0 0.00019140870500921966
0.0 0.0001914924253918312
0.0 0.00019152709655028227
0.0 0.0001918185708823526
0.0 0.00019192636087496495
0.0 0.0001919416716949371
0.0 0.0001920094442546653
0.0 0.00019217010548890513
0.0 0.000192252802116838
0.0 0.00019229043078880523
0.0 0.0001923382287572473
0.0 0.00019254996397490096
0.0 0.0001925616575283418
0.0 0.00019287990873278547
0.0 0.00019297393491249563
0.0 0.00019299638926511455
0.0 0.00019305929330259302
0.0 0.00019314490194383412
0.0 0.0001931472224544391
0.0 0.00019334972112988074
0.0 0.00019335449865171453
0.0 0.0001933800015182655
0.0 0.00019343953854035635
0.0 0.00019351825390009436
0.0 0.00019358957547604196
0.0 0.0001936081395608819
0.0 0.00019380863622717412
0.0 0.00019405333634548108
0.0 0.0001941191523962678
0.0 0.0001943118685270021
0.0 0.0001943887411283185
0.0 0.0001944987833812239
0.0 0.000194521874736754
0.0 0.00019455308787940154
0.0 0.00019466176512606876
0.0 0.00019470062230365039
0.0 0.00019472860493153414
0.0 0.00019477233063136548
0.0 0.00019486319454662375
0.0 0.00019487488810006462
0.0 0.00019501252622908626
0.0 0.0001950472428877453
0.0 0.00019509062733601707
0.0 0.00019518133200054755
0.0 0.0001952822514617608
0.0 0.0001952874157353621
0.0 0.0001953166496189642
0.0 0.000195537553128518
0.0 0.0001958888829841348
0.0 0.00019596584658586707
0.0 0.00019598215841041395
0.0 0.00019606583329281752
0.0 0.00019606656129614458
0.0 0.000196101732956883
0.0 0.00019615571895360506
0.0 0.00019620620143431564
0.0 0.00019632434272423457
0.0 0.00019643741074096808
0.0 0.00019646029734556242
0.0 0.00019661540755443345
0.0 0.00019668083685345269
0.0 0.00019669114265055132
0.0 0.00019670140294744201
0.0 0.00019675379643688615
0.0 0.00019677049501320052
0.0 0.00019691434392060612
0.0 0.00019703496497185783
0.0 0.00019707507340515788
0.0 0.00019711072281807968
0.0 0.0001974234229971545
0.0 0.00019743882481754256
0.0 0.000197494062069983
0.0 0.00019758105846756627
0.0 0.00019780273548065504
0.0 0.00019782653208940822
0.0 0.00019786379675971194
0.0 0.00019802231948417854
0.0 0.0001980356965453132
0.0 0.00019807830749005
0.0 0.00019811807467179048
0.0 0.0001981892824972182
0.0 0.00019820325106105613
0.0 0.00019827793965239134
0.0 0.00019828983795676792
0.0 0.00019832808088154238
0.0 0.000198332221400465
0.0 0.00019834662221627835
0.0 0.00019839269117681867
0.0 0.00019852873679856238
0.0 0.00019859778336411293
0.0 0.0001987282324602799
0.0 0.00019896408278814232
0.0 0.00019906818726391143
0.0 0.00019921249117339646
0.0 0.00019923521852726302
0.0 0.000199235992030798
0.0 0.00019923646978298138
0.0 0.00019924236205990975
0.0 0.0001992921165372933
0.0 0.00019930681310445825
0.0 0.00019939685801597358
0.0 0.00019940002028042547
0.0 0.00019945173126675048
0.0 0.00019946974934909514
0.0 0.00019949714047427564
0.0 0.00019972493726533249
0.0 0.0001998002628595789
0.0 0.0001998224897111581
0.0 0.00019983281825836072
0.0 0.0001998921050293079
0.0 0.0001999705246376943
0.0 0.00020014893095303114
0.0 0.00020016512902705814
0.0 0.0002003101836899742
0.0 0.0002003866012892112
0.0 0.0002004105343985882
0.0 0.00020043585526430737
0.0 0.00020044868632294676
0.0 0.00020046563515040478
0.0 0.000200518711142968
0.0 0.00020055113004112602
0.0 0.00020058709795550342
0.0 0.00020064779523289676
0.0 0.000200734063627153
0.0 0.0002007964899124481
0.0 0.0002008252005436589
0.0 0.00020086162346011571
0.0 0.0002009016863932078
0.0 0.0002009279400131898
0.0 0.00020095908490552544
0.0 0.0002010359802569458
0.0 0.00020112779967657084
0.0 0.0002011550543011275
0.0 0.0002012986984575974
0.0 0.00020143035330927482
0.0 0.00020152010246943854
0.0 0.00020170592531866977
0.0 0.0002019007799591773
0.0 0.00020193265285484
0.0 0.00020207440875268033
0.0 0.0002021300100067843
0.0 0.00020242369109893976
0.0 0.00020249853894100279
0.0 0.00020254806591734663
0.0 0.00020258614959139327
0.0 0.00020263394755983536
0.0 0.0002027235147191673
0.0 0.00020280682559990735
0.0 0.00020285598857458766
0.0 0.00020297617737386392
0.0 0.00020307548157769527
0.0 0.00020312582755778203
0.0 0.00020324317259406199
0.0 0.0002033312382465319
0.0 0.0002033390870324017
0.0 0.00020378997134299352
0.0 0.00020388897979547324
0.0 0.00020423018585482314
0.0 0.0002042645612619226
0.0 0.000204278143073993
0.0 0.0002042955924037384
0.0 0.00020432685104659388
0.0 0.00020435205816179324
0.0 0.00020437790227990376
0.0 0.00020440215389073632
0.0 0.00020447925399309243
0.0 0.00020453699375696963
0.0 0.0002045404745228771
0.0 0.0002045758281844473
0.0 0.0002045875672380961
0.0 0.00020460042104683944
0.0 0.00020462201089550746
0.0 0.00020465611330135926
0.0 0.00020468420967976287
0.0 0.00020470848404069943
0.0 0.00020471342081326103
0.0 0.00020483649887574154
0.0 0.00020492727179058395
0.0 0.00020499417984636126
0.0 0.00020503255927175953
0.0 0.000205067708182394
0.0 0.00020507244020401985
0.0 0.00020507785472876483
0.0 0.00020528244641377174
0.0 0.0002053878931456751
0.0 0.00020541544352158342
0.0 0.0002054292755847975
0.0 0.00020550960620191743
0.0 0.0002055905055716366
0.0 0.00020566787867524035
0.0 0.00020573624273767177
0.0 0.00020575014305119777
0.0 0.00020581250108618097
0.0 0.0002059493202114597
0.0 0.00020595550823973967
0.0 0.00020606989576250347
0.0 0.0002060928733675137
0.0 0.00020612090149560536
0.0 0.00020620389387488984
0.0 0.00020622425521794345
0.0 0.00020625103209031677
0.0 0.00020630269757643382
0.0 0.00020635850358147352
0.0 0.00020640186527964133
0.0 0.0002064158565935832
0.0 0.00020671058419052135
0.0 0.00020692784768343983
0.0 0.000207116036543484
0.0 0.00020719896067245656
0.0 0.0002074064643707717
0.0 0.00020751623362242946
0.0 0.00020753093018959442
0.0 0.000207566761603348
0.0 0.00020770578748871186
0.0 0.00020774469016650147
0.0 0.0002077500819411425
0.0 0.00020785878193791364
0.0 0.0002079247344893242
0.0 0.00020803125047611418
0.0 0.00020805406883039662
0.0 0.0002081852004296827
0.0 0.0002083841728390089
0.0 0.00020879672322441037
0.0 0.00020883062087932646
0.0 0.00020907650400303987
0.0 0.00020912011595235135
0.0 0.00020927324690217695
0.0 0.00020928182369137383
0.0 0.0002092930394926313
0.0 0.0002093851091634
0.0 0.00020948015909778885
0.0 0.00020951621801258214
0.0 0.00020957782529413432
0.0 0.00020960703642763245
0.0 0.00020973402750799593
0.0 0.00020976266988889482
0.0 0.00020987071013265084
0.0 0.0002100204513169848
0.0 0.00021004042590827093
0.0 0.00021018852908511905
0.0 0.0002101915775990511
0.0 0.0002101915775990511
0.0 0.00021024144582695446
0.0 0.00021024426683984682
0.0 0.0002102709072115963
0.0 0.000210376103692356
0.0 0.00021037956170815952
0.0 0.00021040854534061797
0.0 0.00021050587028540387
0.0 0.00021066678177078738
0.0 0.00021067861182485204
0.0 0.00021082757950565103
0.0 0.00021112799462858178
0.0 0.0002111495162269379
0.0 0.000211244361410391
0.0 0.00021133113030693458
0.0 0.00021166476058166232
0.0 0.00021182603606870935
0.0 0.00021183370285374743
0.0 0.00021193455406464876
0.0 0.00021195575716154928
0.0 0.0002119902235690646
0.0 0.00021200380538113502
0.0 0.0002120116769171088
0.0 0.0002120143159291694
0.0 0.000212070190184521
0.0 0.00021215550307441048
0.0 0.00021236539553364252
0.0 0.00021236623728748943
0.0 0.00021256350343901783
0.0 0.00021258502503737395
0.0 0.00021262363196381193
0.0 0.00021263054799541896
0.0 0.0002128432159673354
0.0 0.0002128456957286682
0.0 0.00021290247998817863
0.0 0.0002130874838336669
0.0 0.00021319156555933206
0.0 0.00021332383466381668
0.0 0.00021337104112955553
0.0 0.0002134290083944724
0.0 0.00021358898712559314
0.0 0.00021360837021417603
0.0 0.00021368835957973637
0.0 0.00021373608929786653
0.0 0.00021374673634652473
0.0 0.0002138403985245714
0.0 0.00021387859594913789
0.0 0.0002139644093413147
0.0 0.0002140969969472549
0.0 0.00021411041950859753
0.0 0.00021411942854976984
0.0 0.0002142020569273908
0.0 0.0002142177089989225
0.0 0.00021431091617488975
0.0 0.00021443317523362734
0.0 0.00021467266557812504
0.0 0.00021467496333862606
0.0 0.00021485418865770583
0.0 0.00021514011196440737
0.0 0.00021529226465976222
0.0 0.00021545524640460706
0.0 0.00021547754150649817
0.0 0.00021551330466993982
0.0 0.00021556401465169014
0.0 0.00021570256278487062
0.0 0.0002158699807999897
0.0 0.00021590435620708916
0.0 0.00021591099923744855
0.0 0.0002160796002579741
0.0 0.00021614293654742802
0.0 0.00021616884891585047
0.0 0.00021619391953042597
0.0 0.00021623614372339527
0.0 0.00021632482362867237
0.0 0.000216556647188132
0.0 0.00021676264937958508
0.0 0.00021682728242496533
0.0 0.00021684800776968248
0.0 0.00021697538560181345
0.0 0.00021709423214495545
0.0 0.00021710922446347203
0.0 0.00021715042490176264
0.0 0.00021726424367192717
0.0 0.00021728107874886536
0.0 0.00021743782696522228
0.0 0.00021746583234320997
0.0 0.00021769076262116653
0.0 0.0002177087807035112
0.0 0.00021777482425533763
0.0 0.00021782703574394998
0.0 0.00021783024350860984
0.0 0.00021806381882607517
0.0 0.00021816974331016195
0.0 0.00021833395356062117
0.0 0.00021834457785917542
0.0 0.00021847898547343325
0.0 0.0002184790992239531
0.0 0.00021863680294467678
0.0 0.00021872366284163625
0.0 0.00021888725883928827
0.0 0.0002190375687762215
0.0 0.0002190405262897377
0.0 0.00021911874114718835
0.0 0.00021916483285783263
0.0 0.00021918187268570654
0.0 0.00021924145520800533
0.0 0.0002192973749635649
0.0 0.00021943462634081907
0.0 0.0002194433851308477
0.0 0.00021964854556845388
0.0 0.00021981325632120048
0.0 0.00021982456312287383
0.0 0.00021982902214325205
0.0 0.00021988621590463394
0.0 0.0002198906521749082
0.0 0.00021995776498162124
0.0 0.000219978012574155
0.0 0.00022007997854015088
0.0 0.00022017263971362282
0.0 0.00022021748016854873
0.0 0.00022026052336526097
0.0 0.00022028272746673619
0.0 0.0002202891202459519
0.0 0.00022042659912424579
0.0 0.00022055222519837102
0.0 0.00022056416900295554
0.0 0.0002208556205849219
0.0 0.00022086208161444952
0.0 0.0002209243031488089
0.0 0.00022095690404779866
0.0 0.00022099228045947283
0.0 0.00022099883248941635
0.0 0.00022102897637717728
0.0 0.0002210594387663938
0.0 0.00022113314910325832
0.0 0.00022126346169880148
0.0 0.00022130584514249856
0.0 0.0002213081201528956
0.0 0.00022139809681409904
0.0 0.00022163765540890863
0.0 0.0002216578347511305
0.0 0.00022167435132661308
0.0 0.0002217465829067195
0.0 0.0002218460008610707
0.0 0.0002219464653202045
0.0 0.00022195183434474156
0.0 0.00022229260815211603
0.0 0.0002225404477847709
0.0 0.00022254258629454413
0.0 0.00022279163168270946
0.0 0.0002228189090573701
0.0 0.0002230546228846087
0.0 0.0002231263994626357
0.0 0.00022341277777141664
0.0 0.00022345588921844078
0.0 0.00022350964771412313
0.0 0.00022350980696485092
0.0 0.00022354001910292377
0.0 0.00022357500876283044
0.0 0.0002237195174232512
0.0 0.00022379877878548452
0.0 0.00022407760405974725
0.0 0.00022426551991854376
0.0 0.00022432949321090888
0.0 0.00022433718274605092
0.0 0.0002243495588026109
0.0 0.00022439326175233826
0.0 0.00022445862280104557
0.0 0.00022468293882619493
0.0 0.00022471410646863454
0.0 0.0002247267327763382
0.0 0.00022479730359885474
0.0 0.0002248663956646132
0.0 0.00022501772935622515
0.0 0.00022531145594858858
0.0 0.00022532888252823
0.0 0.00022542320445929177
0.0 0.00022547512019655252
0.0 0.00022554653277291598
0.0 0.00022555588306564787
0.0 0.0002256169898449127
0.0 0.00022568171389070885
0.0 0.00022569240643957497
0.0 0.00022587597702851314
0.0 0.0002258993186351869
0.0 0.00022595637589594496
0.0 0.0002260136834078467
0.0 0.00022624509746543487
0.0 0.0002269175450385956
0.0 0.00022700431393513917
0.0 0.00022702096701124558
0.0 0.00022705283990690829
0.0 0.00022716895643757384
0.0 0.00022739650297748701
0.0 0.00022754194439217058
0.0 0.00022784829729223763
0.0 0.000227848775044421
0.0 0.00022792946966320447
0.0 0.00022815066892410986
0.0 0.00022822476601274186
0.0 0.00022825454589883926
0.0 0.00022840899635469516
0.0 0.00022852777464752526
0.0 0.0002285968894633877
0.0 0.00022866197751084737
0.0 0.00022869505616202051
0.0 0.00022874767715250433
0.0 0.0002288570596523946
0.0 0.00022886245142703562
0.0 0.00022895411159593284
0.0 0.0002289548395992599
0.0 0.00022903332745795822
0.0 0.00022909475273867863
0.0 0.00022933087606778868
0.0 0.00022947297321718857
0.0 0.0002294794342467162
0.0 0.00022954110977858029
0.0 0.00022959518677571824
0.0 0.00022982045830523436
0.0 0.00022993511882924577
0.0 0.00023003455953370095
0.0 0.00023009923807928913
0.0 0.00023018976074298784
0.0 0.00023044699616858256
0.0 0.00023071660765073721
0.0 0.00023077741867865044
0.0 0.00023077903393603234
0.0 0.00023078938523333892
0.0 0.00023087133110784075
0.0 0.00023102559956286487
0.0 0.00023113969133427704
0.0 0.00023114865487524144
0.0 0.00023116669570769004
0.0 0.00023118933206114074
0.0 0.00023119051506654718
0.0 0.00023128875001549192
0.0 0.0002313000340670613
0.0 0.000231421428621848
0.0 0.00023157692558248652
0.0 0.00023166182897050452
0.0 0.0002317446620990612
0.0 0.00023185045008252412
0.0 0.0002318717896800485
0.0 0.00023193426146555154
0.0 0.00023206143454674677
0.0 0.0002320953549517668
0.0 0.000232160829750994
0.0 0.0002321764818225257
0.0 0.00023220487395228092
0.0 0.00023227988104507173
0.0 0.00023234460509086787
0.0 0.0002323639426792428
0.0 0.0002325062673296824
0.0 0.0002327225298180262
0.0 0.0002329583801458886
0.0 0.00023306255287196964
0.0 0.00023316947836063108
0.0 0.00023347089448813655
0.0 0.00023354110130898958
0.0 0.00023360744061216764
0.0 0.00023373657020230433
0.0 0.0002338478637109281
0.0 0.00023396625525199072
0.0 0.00023400493042874062
0.0 0.00023431569684897796
0.0 0.000234364291071059
0.0 0.00023444109542206348
0.0 0.00023450202020049653
0.0 0.00023453496235104586
0.0 0.0002347670134115452
0.0 0.00023486197234551815
0.0 0.00023488335744325045
0.0 0.00023488513195136016
0.0 0.00023493559168196677
0.0 0.000235064311770232
0.0 0.00023546259784044393
0.0 0.00023552641188208127
0.0 0.00023559179568089254
0.0 0.0002357661069775147
0.0 0.00023589439481380448
0.0 0.00023603091818773158
0.0 0.00023613013139114704
0.0 0.00023616710031009914
0.0 0.00023620072496376756
0.0 0.00023622984509684983
0.0 0.00023665195052591893
0.0 0.00023681035949986567
0.0 0.00023707567121236992
0.0 0.00023729671122254753
0.0 0.00023748551433539888
0.0 0.00023751379271463424
0.0 0.00023751941199031497
0.0 0.00023776044934188266
0.0 0.00023781161432571236
0.0 0.00023793148462353304
0.0 0.000238059635959199
0.0 0.0002381193777322256
0.0 0.00023844192870631968
0.0 0.0002385044459920307
0.0 0.00023872908051863562
0.0 0.00023904726347276736
0.0 0.0002390815933796589
0.0 0.00023909139867447018
0.0 0.0002391422451568443
0.0 0.00023917145629034244
0.0 0.00023924917064550575
0.0 0.00023924955739727325
0.0 0.00023938721827639889
0.0 0.00023972912958897187
0.0 0.00023974252940021053
0.0 0.0002398338483175482
0.0 0.00024035685045772657
0.0 0.0002404501941343176
0.0 0.0002406167703955898
0.0 0.00024065963159147026
0.0 0.00024068099393909857
0.0 0.00024070911306760614
0.0 0.0002408173353121939
0.0 0.0002408285283633474
0.0 0.00024112860223471862
0.0 0.0002411444363070821
0.0 0.00024120203957033546
0.0 0.00024122351566848363
0.0 0.00024131874760370425
0.0 0.000241388385671958
0.0 0.00024177807220286912
0.0 0.00024193240890820513
0.0 0.00024194373845998245
0.0 0.00024204986769500494
0.0 0.0002420722992975199
0.0 0.0002420888158730025
0.0 0.00024209716516115966
0.0 0.00024209721066136762
0.0 0.00024211647999943065
0.0 0.00024231920617591196
0.0 0.0002423314457318481
0.0 0.00024255382799815998
0.0 0.00024260362797575146
0.0 0.0002426461251699684
0.0 0.00024265440620781367
0.0 0.00024274069735217386
0.0 0.00024297215690996995
0.0 0.000242984487466322
0.0 0.00024306263407346073
0.0 0.00024311805332673293
0.0 0.00024315399849100634
0.0 0.00024321437726694412
0.0 0.00024323610361623598
0.0 0.0002432918186208598
0.0 0.00024366414682244137
0.0 0.00024386223197771272
0.0 0.00024387529053739178
0.0 0.0002442387234483209
0.0 0.0002445758344889561
0.0 0.0002445868000390699
0.0 0.0002449706170431566
0.0 0.0002454981464540251
0.0 0.00024573602154114087
0.0 0.00024574321057399556
0.0 0.00024583605374829925
0.0 0.0002462650752089754
0.0 0.00024637163669597335
0.0 0.0002464116313787535
0.0 0.0002469680761717685
0.0 0.0002471913911923432
0.0 0.0002476636606006673
0.0 0.00024778089188642736
0.0 0.000247785055155454
0.0 0.0002483008455126737
0.0 0.0002483966917007015
0.0 0.00024842039730903876
0.0 0.00024843477537474815
0.0 0.00024867255946144806
0.0 0.00024886968911235266
0.0 0.0002488810641643379
0.0 0.00024895966577355606
0.0 0.000249263038410003
0.0 0.0002493335182321037
0.0 0.00024934264102379584
0.0 0.00024936445837350356
0.0 0.0002494788231461634
0.0 0.0002495141995578376
0.0 0.000249645058155876
0.0 0.00024982128046123166
0.0 0.00024987003393404055
0.0 0.0002500679598385841
0.0 0.0002501520442228591
0.0 0.0002502426806370777
0.0 0.000250399110351979
0.0 0.00025048587924852257
0.0 0.0002508700375041688
0.0 0.0002511606018320804
0.0 0.0002511733191401999
0.0 0.00025129036842512823
0.0 0.00025130376823636686
0.0 0.0002513948824027688
0.0 0.00025165680434978145
0.0 0.0002517714421236889
0.0 0.00025179039296029636
0.0 0.0002518071597869226
0.0 0.0002518206050983692
0.0 0.0002520072697014474
0.0 0.000252067716727697
0.0 0.00025222785470954554
0.0 0.00025227417392122955
0.0 0.0002525227870574194
0.0 0.0002526945275922929
0.0 0.00025271079391663183
0.0 0.00025298556967238777
0.0 0.00025301514480754946
0.0 0.0002531108999951614
0.0 0.0002533222029608396
0.0 0.0002534695553842567
0.0 0.0002538236835026619
0.0 0.00025386242692972366
0.0 0.0002539317009963139
0.0 0.00025397729220467084
0.0 0.0002543197495197391
0.0 0.0002545262977136875
0.0 0.00025476583355839316
0.0 0.000255432752856289
0.0 0.0002555046431848359
0.0 0.00025558859106848713
0.0 0.0002556065181504159
0.0 0.0002556508808531584
0.0 0.00025579796027532783
0.0 0.0002561222857575316
0.0 0.00025621417342746856
0.0 0.00025625892288197856
0.0 0.00025641123482806125
0.0 0.00025652114058034284
0.0 0.0002568377310271966
0.0 0.00025696397135412905
0.0 0.0002579083054198415
0.0 0.00025794670759534376
0.0 0.00025799871433302037
0.0 0.00025825986277649797
0.0 0.0002586323957290153
0.0 0.0002593331216814114
0.0 0.0002594620692707163
0.0 0.0002596297147868751
0.0 0.00025998789242378704
0.0 0.00026002442909076366
0.0 0.0002602954055791566
0.0 0.00026085112236884454
0.0 0.0002609433057901331
0.0 0.00026096503213942496
0.0 0.00026102857317981466
0.0 0.00026110929054870205
0.0 0.0002613668672258563
0.0 0.0002615779654405988
0.0 0.00026181001650109814
0.0 0.00026184698542005023
0.0 0.0002621660101280289
0.0 0.00026233690890905544
0.0 0.00026240581897398217
0.0 0.0002624317085923006
0.0 0.00026273123646117653
0.0 0.00026297195531128865
0.0 0.0002633188488966312
0.0 0.00026334164450080965
0.0 0.00026344106245516084
0.0 0.0002634580112826189
0.0 0.0002635782000818951
0.0 0.00026377890149912307
0.0 0.0002638708574193719
0.0 0.00026390489157491185
0.0 0.00026491515544193087
0.0 0.0002649276907492186
0.0 0.0002659134527542614
0.0 0.00026643349738092356
0.0 0.00026651364599721174
0.0 0.00026722392699327546
0.0 0.0002672666516885321
0.0 0.00026737121116638063
0.0 0.00026801931612829285
0.0 0.0002680761686381152
0.0 0.0002681686250606514
0.0 0.0002686279269097123
0.0 0.00026883392910116537
0.0 0.00026942677406053325
0.0 0.0002697488927826519
0.0 0.00027010388540500794
0.0 0.00027091865762860824
0.0 0.0002714268039508939
0.0 0.00027184203884856386
0.0 0.0002718784845151246
0.0 0.0002719216642124607
0.0 0.00027215084875985973
0.0 0.0002722090890260243
0.0 0.0002733822891376802
0.0 0.00027397750010786095
0.0 0.0002740426109054246
0.0 0.0002746781350598412
0.0 0.00027495616408046496
0.0 0.0002749847609611559
0.0 0.00027541767268961096
0.0 0.0002756448097276527
0.0 0.0002757427261751418
0.0 0.0002767905959640241
0.0 0.00027691838329802653
0.0 0.0002774012542548009
0.0 0.00027803509490152364
0.0 0.0002782123864617659
0.0 0.0002786822898592771
0.0 0.00027874942541609407
0.0 0.00027947547223420937
0.0 0.00027968786720487815
0.0 0.0002800001351319776
0.0 0.0002802825321725637
0.0 0.0002804958143972873
0.0 0.00028070450110100894
0.0 0.00028087212386706373
0.0 0.0002812500485942221
0.0 0.0002830705574141513
0.0 0.00028361621865788427
0.0 0.00028521209295120854
0.0 0.0002858533501318257
0.0 0.0002859029453584814
0.0 0.0002861299458958993
0.0 0.0002869191015024288
0.0 0.00028791566980685757
0.0 0.0002882928437805849
0.0 0.00028947457518122975
0.0 0.00028979453264347117
0.0 0.00029060414059347016
0.0 0.00029095619845241405
0.0 0.00029130502579659403
0.0 0.0002914359526449444
0.0 0.0002922606211637719
0.0 0.00029609116991980875
0.0 0.00029610365972688855
0.0 0.0002965065868183105
0.0 0.0002966668158005749
0.0 0.00029941097884170735
0.0 0.0003001178245720715
0.0 0.00030296786659708274
0.0 0.0003040522503028377
0.0 0.0003084190190094598
0.0 0.0003102837767816117
0.0 0.0003139836716905458
0.0 0.00031530408772499494
0.0 0.00031640416900248963
0.0 0.0003166409975848228
0.0 0.00032639979118360247
0.0 0.0003268180290949966
0.0 0.0003459811696726953
0.0 0.0003512569415335636
0.0 0.00044469614581119234
0.0 0.0004537978709070954
0.0 0.00048243037826086084
0.0 0.0004904285413133618
0.0 0.0005960264249075168
0.0 0.0006108939363537092
0.0 0.0006188492837105377
0.0 0.0006427504974417614
0.0 0.0006502938859158916
0.0 0.0007134540895650962
0.0 0.000736261569297833
0.0 0.0007831501250837844
0.0 0.0007980460741599401
0.0 0.0008116858534952593
0.0 0.0008256805344525187
0.0 0.0008409505862383656
0.0 0.0008445680347705105
0.0 0.0008675269846954831
0.0 0.000903691004969106
0.0 0.0009336434278550334
0.0 0.0009499352323104044
0.0 0.0009687673133751241
0.0 0.0009846605360089315
0.0 0.0009984299909368828
0.0 0.0010097274195673969
0.0 0.0010196867780827808
0.0 0.0010270190455920645
0.0 0.001068439340887453
0.0 0.0010950257493903175
0.0 0.001098946866310261
0.0 0.0011040487136262747
0.0 0.0011068480684196396
0.0 0.001117285543120068
0.0 0.0011351606638113716
0.0 0.0011416600045140867
0.0 0.0011449253724371837
0.0 0.001168961221283705
0.0 0.0012392124503396898
0.0 0.0012439762311107015
0.0 0.0012718982527174674
0.0 0.0012968881499240965
0.0 0.0013354471191429045
0.0 0.0013515578327706703
0.0 0.0013603064307527429
0.0 0.0013604966216219365
0.0 0.0013621369041182112
0.0 0.0013660082438106671
0.0 0.0013682200999190974
0.0 0.001428486763344499
0.0 0.0014350549003616208
0.0 0.0014399144135701404
0.0 0.0014514411632486775
0.0 0.0014533635470341867
0.0 0.0014534509074334335
0.0 0.001467094235784972
0.0 0.0014701295546567193
0.0 0.0014889510796731967
0.0 0.0014911978799413254
0.0 0.00149663251577822
0.0 0.0015113190728974308
0.0 0.0015135661461668074
0.0 0.0015137899161894615
0.0 0.0015170638381516515
0.0 0.0015378631662069102
0.0 0.0015413068039447204
0.0 0.001555231141580503
0.0 0.0015594027826453698
0.0 0.0015680805823038862
0.0 0.0015726053049823756
0.0 0.0015750302840648015
0.0 0.001575705143148983
0.0 0.0015793941180080114
0.0 0.001582902184040266
0.0 0.0016022654345324895
0.0 0.0016101215004355907
0.0 0.0016303750989968043
0.0 0.0016332336040604928
0.0 0.001633299124359928
0.0 0.0016393781341416834
0.0 0.0016440402674481548
0.0 0.0016457825614106332
0.0 0.0016574499067317082
0.0 0.0016750719552664436
0.0 0.001676327397003953
0.0 0.0016812243113834002
0.0 0.0016959394426331981
0.0 0.0017006234160394811
0.0 0.0017073084885910114
0.0 0.0017111539841653568
0.0 0.001711619360292178
0.0 0.0017216084759435553
0.0 0.0017231966152015294
0.0 0.0017315648314452149
0.0 0.001734543093056204
0.0 0.0017734716149639092
0.0 0.0017849307513334459
0.0 0.0017850732579847172
0.0 0.001796798479570293
0.0 0.0018210988666257834
0.0 0.0018274006454256184
0.0 0.0018325383469054897
0.0 0.0018594872100648125
0.0 0.0018711680234474379
0.0 0.0018755496934721608
0.0 0.0018836283463925093
0.0 0.0018921208692042899
0.0 0.001935726448486671
0.0 0.0019416123553859248
0.0 0.001944521820682507
0.0 0.0019523797065939257
0.0 0.00198059347553401
0.0 0.0019914177930023527
0.0 0.001991615991908144
0.0 0.002008039018963217
0.0 0.002021417354103707
0.0 0.0020247292232393197
0.0 0.002025938618766393
0.0 0.0020260849474351313
0.0 0.0020399322987190776
0.0 0.002042932764431542
0.0 0.0020593153873019634
0.0 0.0020600180925134048
0.0 0.0020624743757388943
0.0 0.0020633649058087165
0.0 0.00207154930121232
0.0 0.0020809763982952098
0.0 0.002110677296031639
0.0 0.00213161048569866
0.0 0.002132078955839621
0.0 0.0021431493384325095
0.0 0.002154170034798326
0.0 0.002171766967218278
0.0 0.002176394884368378
0.0 0.002202217344379912
0.0 0.0022124270450393875
0.0 0.0022230966618007313
0.0 0.0022477166423167994
0.0 0.0022514014311566972
0.0 0.0022853180141592802
0.0 0.0023150524000487543
0.0 0.0023318215926858427
0.0 0.0023470390462313096
0.0 0.002374133510056044
0.0 0.00238502826184628
0.0 0.0024788542406415114
0.0 0.002486618032122908
0.0 0.002489091787428247
0.0 0.002507770714793037
0.0 0.002552982633416569
0.0 0.0029101967579251257
0.0 0.003019324092649268
0.0 0.003029083341250127
0.0 0.0032353621739674957
0.0 0.003534308368185085
0.0 0.0037519897350133118
0.0 0.004144753717988703
0.0 0.004201125563614351
0.0 0.0047783335575195315
0.0 0.004823633200543974
0.0 0.005010013336322068
0.0 0.00633820153429089
0.0 0.006494474000473563
0.0 0.00716392183592515
0.0 0.007224571065098919
0.0 0.007964836152193277
0.0 0.008186990007461276
0.0 0.008477647519798662
0.0 0.00942490870488837
0.0 0.009863232956079292
0.0 0.009867039685476472
0.0 0.010926079957409126
0.0 0.011322490145048082
0.0 0.01140510687461579
0.0 0.01168025937209352
0.0 0.012146609567366143
0.0 0.012717414408008195
0.0 0.012748008019824427
0.0 0.0127794475715067
0.0 0.013314915858656745
0.0 0.013712391115163184
0.0 0.013749504724776537
0.0 0.014538663243319353
0.0 0.014587464218345274
0.0 0.01579846426475112
0.0 0.016325548865586778
0.0 0.016618053322364906
0.0 0.01669954310278233
0.0 0.016906125694887912
0.0 0.017477439409855577
0.0 0.01816913429897869
0.0 0.01877877302109593
0.0 0.01959700799252139
0.0 0.021959336564627546
0.0 0.022578759651460428
0.0 0.025154920272802996
0.0 0.03611493173728291
0.0 0.03631503364377103
0.0 0.03656101431993027
0.0 0.040811354000458655
0.0 0.046421044789373846
0.0 0.05108336446469694
0.0 0.05766687909609616
0.0 0.05815937625886335
0.0 0.06251104817849142
0.0 0.06346123812096587
0.0 0.07054312635798829
0.0 0.08550867910424048
0.0 0.091473792765478
0.0 0.12644639701019633
