0.0 8.622876926263316e-05
0.0 0.00012345666971080773
0.0 0.000155257527169288
0.0 0.00015592185295533126
0.0 0.00015818792256152314
0.0 0.00016688320567494086
0.0 0.0001733034215160463
0.0 0.0001761752012654014
0.0 0.0001797484577205836
0.0 0.00018845369400448842
0.0 0.00019052718398056983
0.0 0.00019310374700575144
0.0 0.00019399894084688756
0.0 0.00019635259835336597
0.0 0.00020138435259904643
0.0 0.00020780336268464144
0.0 0.00021293134987011722
0.0 0.00022893388675350305
0.0 0.00022914414321439865
0.0 0.00023435767079080358
0.0 0.00024240613432318335
0.0 0.0002450287663089053
0.0 0.0002508149822525602
0.0 0.00025381203544942894
0.0 0.00025734276058523827
0.0 0.00025742905172959846
0.0 0.00026030477862199245
0.0 0.00026118800590844006
0.0 0.000264616378326486
0.0 0.00026812951763192607
0.0 0.00027310491987007153
0.0 0.00028523880157326994
0.0 0.0002931879836519223
0.0 0.00029346421541433243
0.0 0.0003018970419532942
0.0 0.0003027108131723198
0.0 0.0003027406840588331
0.0 0.0003062775744728184
0.0 0.00030640265454444837
0.0 0.0003099467112411844
0.0 0.0003110563248122427
0.0 0.0003177810962952016
0.0 0.00031964337430602063
0.0 0.0003227560207811636
0.0 0.00032438674823377075
0.0 0.00033117383225150484
0.0 0.00033645845390281766
0.0 0.0003388764942035327
0.0 0.00034454340860196617
0.0 0.00034869043405433693
0.0 0.0003498619506582991
0.0 0.0003500594443108672
0.0 0.0003511544978153843
0.0 0.00035642776716481587
0.0 0.00035795206963104884
0.0 0.0003584310048198363
0.0 0.0003587575598122292
0.0 0.00035929100425013
0.0 0.0003618198603072854
0.0 0.00036390904785510653
0.0 0.00036929907073811476
0.0 0.00037006743274961524
0.0 0.0003735114572391929
0.0 0.00037591339046629674
0.0 0.0003763627505199225
0.0 0.00037958892001387843
0.0 0.0003800186694778816
0.0 0.0003860491077876601
0.0 0.0003873762123526766
0.0 0.00038935096687752596
0.0 0.00039201004452980864
0.0 0.00039732460531794665
0.0 0.00040222597871777206
0.0 0.00040540416824245414
0.0 0.00040898312359868096
0.0 0.0004115193051893149
0.0 0.00041387230294277815
0.0 0.0004168441035242396
0.0 0.0004178494306186971
0.0 0.000419124482945829
0.0 0.0004261926672482229
0.0 0.0004267858534591503
0.0 0.0004315054990284592
0.0 0.00043313763698751243
0.0 0.0004333735100654788
0.0 0.00043348462157327087
0.0 0.000450408469417151
0.0 0.0004511799254427914
0.0 0.00045606141525174657
0.0 0.0004561195190172873
0.0 0.0004590142877467046
0.0 0.0004625737235137247
0.0 0.00046316463471425507
0.0 0.00046752073362211496
0.0 0.000468969369242542
0.0 0.0004700659242539212
0.0 0.0004735096074919393
0.0 0.0004753795295376925
0.0 0.00048352279275331743
0.0 0.0004861531597743893
0.0 0.00048622145558650885
0.0 0.0004892041762178761
0.0 0.0004903408624126594
0.0 0.0004929041166270182
0.0 0.0004939386093547658
0.0 0.0004960120993308473
0.0 0.000497889346910079
0.0 0.0004988891229791676
0.0 0.0004991552991956227
0.0 0.0005038991508755562
0.0 0.0005040745996773768
0.0 0.0005050806092749534
0.0 0.00050701432261224
0.0 0.0005071332601557978
0.0 0.0005080449023221047
0.0 0.0005081832229542454
0.0 0.0005119008174440686
0.0 0.0005155160364660245
0.0 0.0005169300919284162
0.0 0.0005190052199119836
0.0 0.000520972239401483
0.0 0.0005218630879727607
0.0 0.0005219143212069023
0.0 0.0005237964828085916
0.0 0.0005276097187355069
0.0 0.000527777068500314
0.0 0.0005294888773234722
0.0 0.000530188989023061
0.0 0.000531899341839565
0.0 0.000533251517019157
0.0 0.0005371152126766788
0.0 0.0005374269346012829
0.0 0.000540189934728503
0.0 0.0005467454681880251
0.0 0.0005473966216638694
0.0 0.0005490430921884241
0.0 0.0005506295024384967
0.0 0.0005533746209839958
0.0 0.0005550328305621993
0.0 0.0005572585187338436
0.0 0.0005591525103895976
0.0 0.0005596510106677996
0.0 0.0005619670622524148
0.0 0.0005639472768022171
0.0 0.0005663948239877819
0.0 0.000568356610953368
0.0 0.0005694257748395667
0.0 0.0005737085274122256
0.0 0.000574018565829136
0.0 0.0005749928617817775
0.0 0.0005753618684681795
0.0 0.0005789226237412298
0.0 0.0005844780626302078
0.0 0.0005845877636315536
0.0 0.000585477383697217
0.0 0.000585791517132842
0.0 0.0005916644109726245
0.0 0.0005963884700621037
0.0 0.0005997377403686441
0.0 0.0006011138486576132
0.0 0.0006015640732151897
0.0 0.0006023329812291855
0.0 0.0006039303115291639
0.0 0.000604906518490539
0.0 0.0006071793448776102
0.0 0.0006085880313154649
0.0 0.0006089992166946282
0.0 0.0006119135960136681
0.0 0.0006127984840577056
0.0 0.000613704984700515
0.0 0.0006143726547518419
0.0 0.0006183062842289692
0.0 0.000618777984884694
0.0 0.0006212659362549105
0.0 0.0006213742267498102
0.0 0.0006241875956072209
0.0 0.0006259707032562226
0.0 0.0006264825350953514
0.0 0.0006280668978360666
0.0 0.000630617411992202
0.0 0.0006312510478879889
0.0 0.0006329575331868179
0.0 0.0006332197053849743
0.0 0.0006357277223468926
0.0 0.000639882027832534
0.0 0.0006421341516249919
0.0 0.0006440387448291962
0.0 0.000644699498848916
0.0 0.0006460588175611549
0.0 0.0006469661827079152
0.0 0.0006504888543069189
0.0 0.0006506955162513872
0.0 0.0006507517090081944
0.0 0.0006537030344960824
0.0 0.0006547304746915991
0.0 0.0006556869800629358
0.0 0.0006561704652725174
0.0 0.0006629523622665463
0.0 0.0006657207769185113
0.0 0.0006668313004937283
0.0 0.000667500745053165
0.0 0.0006688849068789396
0.0 0.0006712204325525535
0.0 0.0006716313904306769
0.0 0.0006736166100033528
0.0 0.0006780301301736343
0.0 0.0006799788130793334
0.0 0.0006806347440770115
0.0 0.0006816619112712806
0.0 0.0006819972478038062
0.0 0.0006822842631154983
0.0 0.0006832332609525247
0.0 0.0006857016927335344
0.0 0.0006879538165259924
0.0 0.0006917275127722068
0.0 0.0006952640619346326
0.0 0.0006956237410784066
0.0 0.0006973685830525298
0.0 0.0006990582787746285
0.0 0.0006998795575279644
0.0 0.0007027509391505
0.0 0.0007030046938101873
0.0 0.0007046374232719438
0.0 0.0007067741585370632
0.0 0.0007073502821700128
0.0 0.0007103793220130641
0.0 0.0007138078536818378
0.0 0.0007145076468799711
0.0 0.0007147174028385794
0.0 0.0007150721679598956
0.0 0.000715572033244336
0.0 0.0007170974732157676
0.0 0.0007172363398504036
0.0 0.0007172419818761883
0.0 0.000717822519029308
0.0 0.0007193710731063736
0.0 0.0007200176765614238
0.0 0.0007200526662213305
0.0 0.0007231365793151588
0.0 0.0007240002187620878
0.0 0.0007243382398068818
0.0 0.0007248683627296029
0.0 0.0007287361534058395
0.0 0.0007289589679241268
0.0 0.0007305906963813087
0.0 0.0007327683363333672
0.0 0.0007342783517343066
0.0 0.0007343423250266717
0.0 0.0007357782660890831
0.0 0.0007416298658315494
0.0 0.0007453814944769125
0.0 0.0007476695179334359
0.0 0.0007532533944523771
0.0 0.0007545180727320984
0.0 0.0007555889656261989
0.0 0.0007580792830072283
0.0 0.0007581544493507469
0.0 0.0007584613482533092
0.0 0.0007605435287691073
0.0 0.0007623246344089596
0.0 0.0007638084416901251
0.0 0.000768206946791786
0.0 0.0007709147551667736
0.0 0.000774011681320073
0.0 0.0007747910998821031
0.0 0.0007769533607638775
0.0 0.0007779725654217569
0.0 0.0007782931598869095
0.0 0.0007787472519621612
0.0 0.000780632871579654
0.0 0.000781044284459857
0.0 0.0007813939080576759
0.0 0.0007813971840726477
0.0 0.0007816119450541294
0.0 0.0007819499205987155
0.0 0.000782176511634262
0.0 0.0007825885615173761
0.0 0.0007852303945908491
0.0 0.0007864533491798886
0.0 0.0007868541150114332
0.0 0.0007871563273925777
0.0 0.0007880188293343082
0.0 0.0007910855433495347
0.0 0.0007933570957307835
0.0 0.0007946252775265163
0.0 0.0007979496137191051
0.0 0.0007979569847527915
0.0 0.0007979994819470084
0.0 0.0007998889235819683
0.0 0.0008021762190351647
0.0 0.0008027086624684908
0.0 0.0008054820821433294
0.0 0.0008056913830998582
0.0 0.0008058209676920743
0.0 0.0008081451183137029
0.0 0.0008081901635195646
0.0 0.0008088307154469586
0.0 0.0008098673011842716
0.0 0.0008118745883577988
0.0 0.0008121341215438945
0.0 0.0008129866134398779
0.0 0.0008132108384646114
0.0 0.0008154572747310768
0.0 0.0008158462105085568
0.0 0.0008170534220256487
0.0 0.0008174756639553416
0.0 0.0008190380500956212
0.0 0.0008202200544975137
0.0 0.0008215122604030395
0.0 0.0008226072684073486
0.0 0.0008233966060147099
0.0 0.0008234426522251463
0.0 0.0008260920383331375
0.0 0.0008284745202213465
0.0 0.0008324819055355462
0.0 0.0008327465347449314
0.0 0.0008332860762106963
0.0 0.0008338246166718866
0.0 0.0008364487046642625
0.0 0.0008369541209740717
0.0 0.0008370654144826955
0.0 0.0008397374596942413
0.0 0.0008410003634658531
0.0 0.0008422106689970849
0.0 0.0008426660350781589
0.0 0.0008437954412396716
0.0 0.0008479541602454832
0.0 0.0008552734146952958
0.0 0.0008562906173440258
0.0 0.0008574812667854271
0.0 0.0008577665530892175
0.0 0.0008580003331576186
0.0 0.0008595437912113947
0.0 0.0008608519221896999
0.0 0.0008662118466851551
0.0 0.0008676393702090974
0.0 0.0008677900668977982
0.0 0.0008681798216790212
0.0 0.0008687352882175655
0.0 0.0008693691061141843
0.0 0.0008704005048277919
0.0 0.0008718839936075018
0.0 0.0008731008511686771
0.0 0.0008739153048908219
0.0 0.0008747141065414349
0.0 0.0008754485708980192
0.0 0.0008763305469287485
0.0 0.0008773138064223545
0.0 0.0008814863574913803
0.0 0.0008820100648847817
0.0 0.0008836229562558758
0.0 0.0008858213443027554
0.0 0.000891437252968087
0.0 0.0008924307955086877
0.0 0.0008936002418531884
0.0 0.0008954172471571062
0.0 0.0008964824070250061
0.0 0.0008968839918602938
0.0 0.0008974511974524869
0.0 0.0008984674900970581
0.0 0.0008993731262359167
0.0 0.0009008566150156265
0.0 0.0009011809404978303
0.0 0.0009084929149143723
0.0 0.0009086267765261349
0.0 0.0009094516952961061
0.0 0.0009164097690952827
0.0 0.0009177744113318505
0.0 0.0009178417516396033
0.0 0.0009189273866010766
0.0 0.000918961056754953
0.0 0.0009194117818148171
0.0 0.0009204913197484263
0.0 0.0009244968850543084
0.0 0.0009245916164872416
0.0 0.0009260235990315622
0.0 0.0009301286277920034
0.0 0.0009311062452598247
0.0 0.0009311505624623593
0.0 0.0009326062051148092
0.0 0.0009327910269594658
0.0 0.0009344506925443234
0.0 0.0009397523767736141
0.0 0.000939892153412409
0.0 0.0009404292378669451
0.0 0.0009404360628981362
0.0 0.0009418382883064634
0.0 0.0009419987220396636
0.0 0.0009471514385881553
0.0 0.0009482256074972276
0.0 0.0009494073388978724
0.0 0.000951145719842468
0.0 0.0009527041929648648
0.0 0.0009538595342449038
0.0 0.0009541353565054424
0.0 0.0009544778820708225
0.0 0.0009586588051781094
0.0 0.0009599145199168665
0.0 0.0009605466088055835
0.0 0.0009617287042078919
0.0 0.0009679679657220157
0.0 0.0009707139032712579
0.0 0.0009721780999628008
0.0 0.0009725466516471232
0.0 0.0009726977123374875
0.0 0.0009739182099152982
0.0 0.0009745343737312358
0.0 0.000974880721314083
0.0 0.0009751927617401427
0.0 0.0009769941149725288
0.0 0.0009792966984955933
0.0 0.0009814464923203919
0.0 0.0009848427188415274
0.0 0.0009863954589377237
0.0 0.0009864092910009377
0.0 0.0009871594074290539
0.0 0.000988046024480993
0.0 0.0009885321487026351
0.0 0.000990400023239031
0.0 0.000991718255263499
0.0 0.000992799431204594
0.0 0.0009959676106835293
0.0 0.000999336628080316
0.0 0.000999591429244786
0.0 0.0010007663356142397
0.0 0.0010016966328658021
0.0 0.0010017252069963892
0.0 0.0010049813838774822
0.0 0.001005182221795334
0.0 0.0010054916232093332
0.0 0.0010070154251732787
0.0 0.0010072310051585035
0.0 0.001011127460965743
0.0 0.0010111971672843085
0.0 0.0010115102997153588
0.0 0.0010119652107943534
0.0 0.0010120320050996108
0.0 0.0010135267779308901
0.0 0.0010137948651560789
0.0 0.0010140657733941597
0.0 0.0010166959584144
0.0 0.0010169140864112693
0.0 0.0010170488580271907
0.0 0.0010213534506996612
0.0 0.0010251468030357063
0.0 0.0010259541587254123
0.0 0.0010268454167985616
0.0 0.0010276694255643738
0.0 0.0010355704456729206
0.0 0.001035728513395308
0.0 0.0010368874036915663
0.0 0.0010419958940379394
0.0 0.0010420965404979048
0.0 0.0010422272170951116
0.0 0.0010436837697517204
0.0 0.001043850755514864
0.0 0.0010460192954253342
0.0 0.0010476069796812291
0.0 0.0010484984197552101
0.0 0.0010509425089249714
0.0 0.0010510938426165832
0.0 0.0010518034638596317
0.0 0.0010546562358971195
0.0 0.0010550929468929376
0.0 0.0010568234108013516
0.0 0.001056877920050465
0.0 0.0010569738344888048
0.0 0.0010593056291453675
0.0 0.0010635496155408605
0.0 0.0010640620388826926
0.0 0.0010644772737803626
0.0 0.0010674479823568335
0.0 0.0010676715703786558
0.0 0.0010684981271561129
0.0 0.0010727138124222667
0.0 0.0010738665146902452
0.0 0.0010759377751561375
0.0 0.0010779349612835018
0.0 0.0010815061816043785
0.0 0.0010819495356305562
0.0 0.0010843587716410346
0.0 0.0010855657101568788
0.0 0.0010858305213670956
0.0 0.0010873640603755407
0.0 0.0010879429140209667
0.0 0.0010950281154011306
0.0 0.0010956128840735888
0.0 0.0010963939406431048
0.0 0.0010988778879950224
0.0 0.0010997772451051852
0.0 0.0011017004478944374
0.0 0.001104729305736657
0.0 0.001105563506549048
0.0 0.0011072803203950796
0.0 0.0011092720464974909
0.0 0.0011096298601327393
0.0 0.0011101198063718485
0.0 0.0011105711684346238
0.0 0.0011112342884651565
0.0 0.0011116180372189313
0.0 0.001112505837276277
0.0 0.00111263150885061
0.0 0.001118453260456667
0.0 0.001119089899366178
0.0 0.001119668207009109
0.0 0.0011200264756464366
0.0 0.0011211131116124846
0.0 0.001121887707152473
0.0 0.0011254616574858263
0.0 0.001126555664485561
0.0 0.0011287618785682063
0.0 0.0011315616883636507
0.0 0.0011366819177636726
0.0 0.0011399983369200794
0.0 0.0011421877159257868
0.0 0.0011441885420697864
0.0 0.0011445980439412557
0.0 0.001146816907081709
0.0 0.0011475354463655139
0.0 0.0011476521998990906
0.0 0.0011496903362136018
0.0 0.0011499070082038171
0.0 0.0011499582414379588
0.0 0.0011516545801904168
0.0 0.0011527393961481471
0.0 0.0011550291486125725
0.0 0.0011554705916300165
0.0 0.0011587801857552323
0.0 0.0011597012009643749
0.0 0.0011600226144332705
0.0 0.00116102634902045
0.0 0.0011672596045071257
0.0 0.001168420041810454
0.0 0.0011727750487133233
0.0 0.0011742214093233535
0.0 0.0011761574431712449
0.0 0.001179844143019876
0.0 0.0011823432874412461
0.0 0.0011828745478691656
0.0 0.0011836952806200062
0.0 0.0011862502992967278
0.0 0.001188012886351948
0.0 0.0011886640853280004
0.0 0.0011894540599382728
0.0 0.001189863015807247
0.0 0.0011906025761871206
0.0 0.0011911139075239622
0.0 0.0011913320355208315
0.0 0.0011931161896746158
0.0 0.0011953598959286047
0.0 0.0011962531560109034
0.0 0.0011980403131784118
0.0 0.0012000141121988944
0.0 0.0012034502879026022
0.0 0.0012054725901447499
0.0 0.001206229531604057
0.0 0.0012074239120625095
0.0 0.0012078541620288
0.0 0.0012079513504729621
0.0 0.0012117524378443573
0.0 0.0012132619527430095
0.0 0.0012170260939455562
0.0 0.0012222992950446758
0.0 0.0012231398658861788
0.0 0.0012264531910284458
0.0 0.001227341446087871
0.0 0.001228053615342564
0.0 0.0012320015773851928
0.0 0.0012343774162430425
0.0 0.0012366666227049724
0.0 0.001237387801000838
0.0 0.001237645514178616
0.0 0.0012444168551244026
0.0 0.0012476662979747203
0.0 0.0012480495917264157
0.0 0.0012522620919780136
0.0 0.001254696171102028
0.0 0.0012554900587301832
0.0 0.001255606903264176
0.0 0.0012564209019842413
0.0 0.0012580530854435024
0.0 0.0012583649438687305
0.0 0.0012587423225933934
0.0 0.0012600004943433792
0.0 0.0012602350934155233
0.0 0.0012608616312788715
0.0 0.0012610562811684433
0.0 0.001263549328561949
0.0 0.0012659553795578715
0.0 0.0012691625072148041
0.0 0.0012702919133763169
0.0 0.00127067393312219
0.0 0.001275036766060825
0.0 0.0012861162486953015
0.0 0.001287855539644056
0.0 0.0012899253441032942
0.0 0.001292807418274696
0.0 0.0012931802469785649
0.0 0.0012971943663235399
0.0 0.0012973767311569675
0.0 0.0012976733015123273
0.0 0.0012976886805826115
0.0 0.0013069918350990695
0.0 0.0013081580964290143
0.0 0.001311237095500385
0.0 0.001314577447766169
0.0 0.0013156169455167902
0.0 0.0013176324227277467
0.0 0.0013191534036788
0.0 0.001320192355426926
0.0 0.001320433779530261
0.0 0.0013207190658340515
0.0 0.0013225259700918063
0.0 0.0013264654690957579
0.0 0.0013283449916853866
0.0 0.0013353175345506884
0.0 0.0013387881994120156
0.0 0.0013404757111241331
0.0 0.0013411211770739848
0.0 0.0013426912072491985
0.0 0.001345354243419572
0.0 0.001349958955463622
0.0 0.0013579537970009432
0.0 0.0013590684610950829
0.0 0.0013598615297194952
0.0 0.0013601161488831334
0.0 0.0013620975009381341
0.0 0.0013637158523341813
0.0 0.0013643853423938258
0.0 0.0013650756715487074
0.0 0.001365497549476737
0.0 0.0013657450706079362
0.0 0.0013662532169302218
0.0 0.0013671638580919538
0.0 0.0013673039077319964
0.0 0.0013682761561752807
0.0 0.0013706149578638664
0.0 0.0013723708108883113
0.0 0.0013798537750862958
0.0 0.0013826847980243876
0.0 0.0013829999324645873
0.0 0.0013850546308547891
0.0 0.0013853953364118517
0.0 0.0013927398889772794
0.0 0.0013930445583696528
0.0 0.0013935858288433194
0.0 0.0013937476275827578
0.0 0.001395342773872755
0.0 0.0013964760930521506
0.0 0.0014017470191408732
0.0 0.0014020012743028477
0.0 0.001405765233504563
0.0 0.0014102347189306119
0.0 0.0014113346409573787
0.0 0.0014123318235146145
0.0 0.001413622755414318
0.0 0.0014144696052845167
0.0 0.0014167526237181666
0.0 0.0014170495580751899
0.0 0.0014177113130994846
0.0 0.001418131644020444
0.0 0.0014184981026952011
0.0 0.0014202035414892474
0.0 0.0014240146389063895
0.0 0.0014244376088394094
0.0 0.001426322591453991
0.0 0.001426634449879219
0.0 0.0014300710805850063
0.0 0.0014364806948776614
0.0 0.001436637670595058
0.0 0.0014388000224772484
0.0 0.0014388328736273817
0.0 0.0014393341039180604
0.0 0.001442308088509503
0.0 0.0014427620895843389
0.0 0.0014430340898274104
0.0 0.0014433174651224672
0.0 0.0014434839048831154
0.0 0.0014463763531019278
0.0 0.0014469570267556715
0.0 0.001447165144706794
0.0 0.0014474269529032866
0.0 0.0014479234511723393
0.0 0.0014497446424953876
0.0 0.001450998537225827
0.0 0.0014512543393948715
0.0 0.001454789523551059
0.0 0.0014559115586788853
0.0 0.001459014490859633
0.0 0.0014592603739833462
0.0 0.0014599224930093044
0.0 0.0014657054784381954
0.0 0.0014704089259334773
0.0 0.0014710353727964097
0.0 0.0014744424283670353
0.0 0.001475297650275495
0.0 0.0014756338968121795
0.0 0.00147712930664637
0.0 0.001478753846070697
0.0 0.0014799144653748573
0.0 0.0014802473448961538
0.0 0.001482668228959865
0.0 0.001483511984815924
0.0 0.0014858936477003901
0.0 0.0014874368327529187
0.0 0.001489099774352748
0.0 0.0014892082468484795
0.0 0.0014901530131661673
0.0 0.0014977787570166709
0.0 0.0014984655371553328
0.0 0.0014994962988660295
0.0 0.0015023110327296784
0.0 0.0015046531104332358
0.0 0.0015060820899638323
0.0 0.0015071075736504077
0.0 0.001509715918570836
0.0 0.0015125621385783802
0.0 0.0015139501679218299
0.0 0.0015170531001025775
0.0 0.0015201912494442714
0.0 0.0015214363171343701
0.0 0.0015230789656414578
0.0 0.0015244735470148509
0.0 0.0015338920900586474
0.0 0.001536706550921049
0.0 0.001537197225163485
0.0 0.0015439015898031823
0.0 0.0015479014220828639
0.0 0.0015483840882887024
0.0 0.0015529548571776282
0.0 0.0015537108886327768
0.0 0.001562730667854178
0.0 0.0015693795222401872
0.0 0.0015713087310568875
0.0 0.0015724225761472844
0.0 0.0015726440711595414
0.0 0.001574339226906593
0.0 0.0015746338862532192
0.0 0.0015750328320764462
0.0 0.0015755813825833835
0.0 0.0015762172934895675
0.0 0.0015780480398562835
0.0 0.0015797091614477953
0.0 0.0015801101092801717
0.0 0.0015807016119834053
0.0 0.0015814998676315231
0.0 0.001582712357172736
0.0 0.0015832900278127556
0.0 0.0015839064646299408
0.0 0.001587235077842076
0.0 0.0015887151086059824
0.0 0.0015968055915803958
0.0 0.0015985358734879778
0.0 0.0016019600371367892
0.0 0.0016040237445681634
0.0 0.0016043320539771719
0.0 0.0016064891278352409
0.0 0.0016078985422764227
0.0 0.0016093607369588162
0.0 0.0016119766349137628
0.0 0.0016148664441205146
0.0 0.0016177247671833712
0.0 0.0016195642495900118
0.0 0.00161997466146564
0.0 0.0016214390401580146
0.0 0.0016223368502611074
0.0 0.0016228854007680447
0.0 0.0016263479665923582
0.0 0.0016306375441962084
0.0 0.0016340846399498221
0.0 0.0016396316613003308
0.0 0.001645514838187108
0.0 0.0016461505670924605
0.0 0.001648931721802649
0.0 0.0016507830342633544
0.0 0.0016512513224034835
0.0 0.0016606922515495872
0.0 0.0016607757899313668
0.0 0.0016620381477004834
0.0 0.0016634120719794712
0.0 0.0016639850105978648
0.0 0.0016641604593996854
0.0 0.0016649335989330197
0.0 0.0016651172377722698
0.0 0.0016655842519065767
0.0 0.0016656097320230235
0.0 0.0016661886766688656
0.0 0.0016665814344638127
0.0 0.0016681915958224303
0.0 0.001668935797223514
0.0 0.0016705510546054213
0.0 0.0016710672089643044
0.0 0.0016746520793475637
0.0 0.0016774787342656932
0.0 0.0016807338191417956
0.0 0.0016808406536300412
0.0 0.0016830399516810798
0.0 0.001684790799682651
0.0 0.0016850390488171775
0.0 0.0016877211950748862
0.0 0.0016880260464680913
0.0 0.0016881263289263934
0.0 0.0016882235173705554
0.0 0.0016892927722571701
0.0 0.0016936138360049153
0.0 0.0016957932959652915
0.0 0.0016995752732493511
0.0 0.0017036853980330817
0.0 0.0017042430485816073
0.0 0.0017047737630070316
0.0 0.0017071439598390966
0.0 0.0017077389205581337
0.0 0.0017097185436052327
0.0 0.001712012118087125
0.0 0.0017144567532593816
0.0 0.0017158392315774623
0.0 0.0017162161553000458
0.0 0.0017164154462108276
0.0 0.0017164973465851217
0.0 0.001718225080481059
0.0 0.0017193303715323629
0.0 0.0017208559025042103
0.0 0.0017243681545555955
0.0 0.001725096521884316
0.0 0.0017263415895744146
0.0 0.0017268195237586273
0.0 0.001728217472147408
0.0 0.0017319253750929398
0.0 0.0017324797496264936
0.0 0.0017335200663808575
0.0 0.0017359428614533024
0.0 0.0017370421464771582
0.0 0.0017394778636086582
0.0 0.0017411833934031203
0.0 0.001744437568275064
0.0 0.001745052731086427
0.0 0.001755421136471201
0.0 0.0017576186145139216
0.0 0.0017598892568910117
0.0 0.0017606844185249894
0.0 0.0017624523746047466
0.0 0.0017634566551944213
0.0 0.001764214870659551
0.0 0.00177153840212891
0.0 0.0017729274324769344
0.0 0.0017881325099658415
0.0 0.0017905816951588921
0.0 0.0017908636144472947
0.0 0.0017969346161924528
0.0 0.0017996853767637366
0.0 0.0018058228088124885
0.0 0.0018145692227845799
0.0 0.0018146411131131268
0.0 0.0018184671345984735
0.0 0.0018208797376243395
0.0 0.0018248650098374797
0.0 0.001833031205157907
0.0 0.0018352676313786254
0.0 0.0018357897917649568
0.0 0.001837971617736146
0.0 0.0018392367055177388
0.0 0.0018393624680924877
0.0 0.0018436868078552048
0.0 0.0018459570862306312
0.0 0.0018498624600786272
0.0 0.0018500368168754572
0.0 0.0018503564103360352
0.0 0.0018515299516992506
0.0 0.001852381715591907
0.0 0.001853003794434877
0.0 0.00185379950207135
0.0 0.0018606103371976294
0.0 0.0018619647873876185
0.0 0.0018622911148789716
0.0 0.0018699526218929167
0.0 0.0018704551261894177
0.0 0.00187169127583876
0.0 0.0018734610519268349
0.0 0.0018795109415755081
0.0 0.0018827088781904367
0.0 0.0018865063255451965
0.0 0.0018884852205889684
0.0 0.0018890714452680808
0.0 0.0018917512255149768
0.0 0.0018928217544074138
0.0 0.0018964950771949102
0.0 0.001896866540892541
0.0 0.0019063868224012937
0.0 0.0019068432804873582
0.0 0.0019116544724750446
0.0 0.0019119951780321072
0.0 0.0019126436469956828
0.0 0.001917886362955482
0.0 0.0019222141607340025
0.0 0.0019225708823642604
0.0 0.0019283825329241542
0.0 0.0019300989827685223
0.0 0.0019336682010802498
0.0 0.0019359936257077007
0.0 0.0019393926732417287
0.0 0.0019399750759033741
0.0 0.0019433915955172514
0.0 0.001944957894675414
0.0 0.0019457310342087483
0.0 0.0019463866012047629
0.0 0.0019492205361561629
0.0 0.0019522330139235236
0.0 0.001953444411459746
0.0 0.0019553448641450276
0.0 0.0019565742797635947
0.0 0.0019574482477577263
0.0 0.001957848467586776
0.0 0.001958798511928585
0.0 0.00196093247168102
0.0 0.001962515696916537
0.0 0.0019627388299362798
0.0 0.0019643751994146714
0.0 0.0019662419819460766
0.0 0.0019680676322895033
0.0 0.001968864977933462
0.0 0.001969827216330999
0.0 0.0019706700621828993
0.0 0.001971463585809391
0.0 0.0019760700268613425
0.0 0.0019783521352908337
0.0 0.0019791423829023536
0.0 0.0019792057191918076
0.0 0.0019803739825309022
0.0 0.0019817384427666383
0.0 0.0019832352176070668
0.0 0.001986915820427834
0.0 0.001987068337124852
0.0 0.0019872490639507943
0.0 0.001992018759748838
0.0 0.001992744397065082
0.0 0.00199454857131036
0.0 0.0019989036692136457
0.0 0.0020038034956064007
0.0 0.00200827452803952
0.0 0.002010420863848515
0.0 0.0020125894037589854
0.0 0.002018559213041682
0.0 0.002020635296529616
0.0 0.002022306428166875
0.0 0.0020236750744217417
0.0 0.0020247627113923646
0.0 0.0020253285519783192
0.0 0.002026152105742052
0.0 0.0020264276550013434
0.0 0.0020283484917797824
0.0 0.002028865010140329
0.0 0.002029143835414592
0.0 0.0020340920740285966
0.0 0.0020355082225005537
0.0 0.002040428250985635
0.0 0.002040747662445381
0.0 0.002048400615420233
0.0 0.002050024972843729
0.0 0.0020516049220642737
0.0 0.0020549136971857464
0.0 0.002060010084476807
0.0 0.0020603094758450593
0.0 0.002063155240850524
0.0 0.0020650586055491137
0.0 0.0020684778551754678
0.0 0.0020685721316063216
0.0 0.0020703042335222213
0.0 0.002071098667152872
0.0 0.0020750480852021547
0.0 0.0020838490994237757
0.0 0.002086108457749296
0.0 0.0020889622307913584
0.0 0.002092487950904294
0.0 0.002093761046722485
0.0 0.002097507897846014
0.0 0.0020984752322668406
0.0 0.002099920682872712
0.0 0.002101107510296646
0.0 0.0021057485315066327
0.0 0.0021071805140509534
0.0 0.002110725708252888
0.0 0.0021108403687768993
0.0 0.0021126239769281886
0.0 0.0021151159323167038
0.0 0.0021164234262920976
0.0 0.002118128774085728
0.0 0.0021210218593074514
0.0 0.0021236128231484465
0.0 0.002126021240155182
0.0 0.0021261349906750346
0.0 0.0021266760791478693
0.0 0.0021271602013603623
0.0 0.0021275143749789754
0.0 0.0021290091478102543
0.0 0.0021333382195945975
0.0 0.0021338778520607784
0.0 0.002135603765948398
0.0 0.002145022672993858
0.0 0.002145908835043718
0.0 0.0021526568798830386
0.0 0.00215469037517634
0.0 0.002154758079485756
0.0 0.0021612023649368625
0.0 0.002162310021998979
0.0 0.0021633317746685035
0.0 0.002164069242038812
0.0 0.002165063148581076
0.0 0.0021704236190790266
0.0 0.0021749410617242456
0.0 0.0021762307196181263
0.0 0.002180588001531393
0.0 0.0021912528862711106
0.0 0.002193456006339616
0.0 0.002193967246676042
0.0 0.00220009812669485
0.0 0.0022040670188331318
0.0 0.0022050827654752077
0.0 0.0022097467187899966
0.0 0.002211123191080629
0.0 0.002212185165933973
0.0 0.002215312486226177
0.0 0.0022155165091585845
0.0 0.002216307848775095
0.0 0.002219366190752061
0.0 0.002222683337911795
0.0 0.0022231072178489734
0.0 0.0022240374241001204
0.0 0.002225250277642997
0.0 0.002225758969967778
0.0 0.002226789640678058
0.0 0.0022275134579859846
0.0 0.0022284043520574702
0.0 0.0022327194097777675
0.0 0.0022350985246505886
0.0 0.0022377682948517374
0.0 0.002246139787110395
0.0 0.002246876526477376
0.0 0.0022470164851170027
0.0 0.002251180300146104
0.0 0.002254417002938198
0.0 0.0022552325486653335
0.0 0.0022555004538896903
0.0 0.002256814317894196
0.0 0.0022597862094760734
0.0 0.002260263233656127
0.0 0.0022654127651900633
0.0 0.0022683893887935663
0.0 0.00226994240189101
0.0 0.0022728418571418456
0.0 0.002277015136214198
0.0 0.002278425642660371
0.0 0.002281505642736316
0.0 0.002283106340051682
0.0 0.0022846478870967245
0.0 0.0022884236763525043
0.0 0.002289327856484709
0.0 0.002291379733862018
0.0 0.0022926770357908333
0.0 0.002293875147266337
0.0 0.002294505598147568
0.0 0.0022959310286619454
0.0 0.0023036340318655325
0.0 0.002303667702019409
0.0 0.0023047143888028847
0.0 0.0023069349809512396
0.0 0.002309426754338923
0.0 0.0023170638732414118
0.0 0.0023171752577504515
0.0 0.002320583041324404
0.0 0.002323391678160189
0.0 0.002323968256795218
0.0 0.0023260843804661403
0.0 0.002326658593090356
0.0 0.0023352956245625573
0.0 0.0023376117671475884
0.0 0.0023382522280745665
0.0 0.0023395447979817556
0.0 0.0023426056879703658
0.0 0.0023448452082052242
0.0 0.0023457677704214366
0.0 0.0023520713692295895
0.0 0.0023530357916371077
0.0 0.002354228079085995
0.0 0.0023542992414112146
0.0 0.0023688840600654694
0.0 0.002372845126167985
0.0 0.0023761233251497218
0.0 0.0023765746872124968
0.0 0.0023783970615409516
0.0 0.002382617842830395
0.0 0.0023832031575053486
0.0 0.0023843437567180148
0.0 0.002385652524699231
0.0 0.002385754263164187
0.0 0.0023892965453528136
0.0 0.0023915637297141
0.0 0.0023933531618920054
0.0 0.0023936234331271753
0.0 0.002395242694527381
0.0 0.00239704796077765
0.0 0.0024013328063598742
0.0 0.0024044248184907162
0.0 0.0024110896889499205
0.0 0.0024114100104138253
0.0 0.002412197346012037
0.0 0.0024130911520968312
0.0 0.0024219009023583767
0.0 0.0024243792076845097
0.0 0.00242444836800058
0.0 0.0024265419235683632
0.0 0.0024316519609218065
0.0 0.0024363839825476755
0.0 0.002436791664410827
0.0 0.002441444333674047
0.0 0.002442932008472887
0.0 0.002446477566676485
0.0 0.0024466229853410647
0.0 0.0024485429121153452
0.0 0.0024582628485365432
0.0 0.002458946079658986
0.0 0.002461772552576284
0.0 0.0024761801024204004
0.0 0.00247647512576869
0.0 0.0024782414438409613
0.0 0.002479998479870813
0.0 0.002480655866875145
0.0 0.002480933054141922
0.0 0.0024841213447127667
0.0 0.0024858798367492726
0.0 0.002490238574669193
0.0 0.0024942158388457356
0.0 0.002494286091166797
0.0 0.002502034412577493
0.0 0.002502576411054487
0.0 0.0025052558272997193
0.0 0.0025063249001855024
0.0 0.002507700644472808
0.0 0.0025085707904494723
0.0 0.002515967122251537
0.0 0.002521516327612027
0.0 0.0025218856072996764
0.0 0.002530021590482031
0.0 0.002530072550714925
0.0 0.002530723749690977
0.0 0.0025326161943396612
0.0 0.0025326784386241244
0.0 0.0025348529845620428
0.0 0.002535148553912828
0.0 0.0025358838372731554
0.0 0.0025363661394773303
0.0 0.002537000958378524
0.0 0.002542120277774387
0.0 0.0025436363447029825
0.0 0.002545294554281186
0.0 0.002545682580054507
0.0 0.00255298481742655
0.0 0.002554359105707201
0.0 0.0025592500140592003
0.0 0.0025679886019955257
0.0 0.0025702865444973805
0.0 0.002571742369150662
0.0 0.0025727098855723206
0.0 0.002578866791710071
0.0 0.0025798761683230352
0.0 0.0025805082572117524
0.0 0.0025808526027854503
0.0 0.0025810691837752494
0.0 0.002582671155096438
0.0 0.0025849700076024515
0.0 0.0025884513195124368
0.0 0.002589751715455392
0.0 0.0025919233493800022
0.0 0.002593283077594112
0.0 0.0025995965044471802
0.0 0.0026004904925328058
0.0 0.0026083360023876644
0.0 0.0026112727678090112
0.0 0.002612297978494339
0.0 0.0026144232022068496
0.0 0.0026184366845489132
0.0 0.0026212103772249996
0.0 0.002624350437575427
0.0 0.002626076169462215
0.0 0.0026317731594980975
0.0 0.0026340159557479274
0.0 0.0026357689877594803
0.0 0.002636975653274077
0.0 0.0026381741287512437
0.0 0.0026445534399054103
0.0 0.0026528949020268263
0.0 0.002656104304694156
0.0 0.0026608871045520873
0.0 0.002663788197810408
0.0 0.002665791298964805
0.0 0.002666021712017818
0.0 0.002666247211048374
0.0 0.0026664854501371534
0.0 0.002668353688675213
0.0 0.002669486643852945
0.0 0.0026729524856922305
0.0 0.0026738992540190675
0.0 0.002675262076247318
0.0 0.002677326329681187
0.0 0.002680139698538598
0.0 0.0026829723594841755
0.0 0.0026839597139964966
0.0 0.0026876412268214225
0.0 0.002693431583284
0.0 0.00269532875995431
0.0 0.0026959148026325904
0.0 0.0026978501994775706
0.0 0.0026987849557495117
0.0 0.0027009531316583182
0.0 0.0027030213891104868
0.0 0.002708127422445631
0.0 0.0027095217308177764
0.0 0.0027117978332198193
0.0 0.0027138822887460144
0.0 0.00271768137410826
0.0 0.002720631425590326
0.0 0.002722594668562566
0.0 0.0027248831470211687
0.0 0.0027262403272236345
0.0 0.002727216943686881
0.0 0.0027283540848837434
0.0 0.0027296228126819718
0.0 0.0027305770430429113
0.0 0.0027313860367401033
0.0 0.002733127420698423
0.0 0.0027342887680059103
0.0 0.0027347639721776464
0.0 0.002735333998782732
0.0 0.0027383470225525878
0.0 0.002741057560940052
0.0 0.002741430298643505
0.0 0.0027479022482210396
0.0 0.0027481099111700824
0.0 0.002751146595048068
0.0 0.002756165449984797
0.0 0.002760734398865405
0.0 0.0027618664440389783
0.0 0.0027655599689188006
0.0 0.002767796395139519
0.0 0.0027680413682590736
0.0 0.002769943458951841
0.0 0.0027703928190054667
0.0 0.0027712937231226995
0.0 0.0027738220786775675
0.0 0.0027754892062965275
0.0 0.002777939301493737
0.0 0.0027813973172972567
0.0 0.0027852040466944364
0.0 0.0027869882008482207
0.0 0.0027890861244359664
0.0 0.0027903286441144206
0.0 0.0027906405935400644
0.0 0.0027926143925605467
0.0 0.002795401735299015
0.0 0.0027955992062014792
0.0 0.0027960536622783946
0.0 0.002800189631180236
0.0 0.002805596693891118
0.0 0.0028100069380464277
0.0 0.002813596358450481
0.0 0.002817307173409321
0.0 0.0028231938083119017
0.0 0.0028251126430811914
0.0 0.0028264093990075113
0.0 0.0028291719896328597
0.0 0.0028315168883493095
0.0 0.002836288040154008
0.0 0.00283794406572223
0.0 0.002845625956829333
0.0 0.0028460168946159623
0.0 0.0028474599792110205
0.0 0.0028497067794791492
0.0 0.0028536969657147475
0.0 0.0028588499552644865
0.0 0.0028618635250368383
0.0 0.00286406318708954
0.0 0.002865301338748032
0.0 0.0028720244494734007
0.0 0.0028771872670680554
0.0 0.002879330326862079
0.0 0.0028815631130661616
0.0 0.002883846495501475
0.0 0.002884324429685688
0.0 0.0028846129010040343
0.0 0.0028872768471785667
0.0 0.002887564590493586
0.0 0.00288812005703213
0.0 0.002905188277035807
0.0 0.0029074183332274137
0.0 0.002907858775240283
0.0 0.0029117623290799612
0.0 0.0029146353942101906
0.0 0.002915683901001984
0.0 0.002921767278803702
0.0 0.0029227053110906145
0.0 0.0029260053501721627
0.0 0.002934857688628341
0.0 0.002937746041828439
0.0 0.0029417251260132993
0.0 0.0029554805668772044
0.0 0.002956488669484346
0.0 0.0029590184810458684
0.0 0.0029612598212890445
0.0 0.0029616880692461857
0.0 0.0029621710994536875
0.0 0.0029644593959114586
0.0 0.0029667895525605356
0.0 0.0029710376339747435
0.0 0.002972134734988618
0.0 0.0029879213051350116
0.0 0.0029880037515118006
0.0 0.002994025977034046
0.0 0.0029974535986986607
0.0 0.003007234323397668
0.0 0.003009693336635634
0.0 0.0030256287834624107
0.0 0.003025694849764341
0.0 0.0030267489985819195
0.0 0.00302834914989479
0.0 0.0030399575269463735
0.0 0.0030402629243420735
0.0 0.0030413090651230544
0.0 0.0030450975944370574
0.0 0.003048824971471588
0.0 0.0030500347310003246
0.0 0.003052932366242842
0.0 0.003054451527185578
0.0 0.0030723229168598304
0.0 0.0030726130261856622
0.0 0.0030727400627662336
0.0 0.003082050133314299
0.0 0.0030865051496742225
0.0 0.0030869983719283033
0.0 0.0030882246935327305
0.0 0.003093659966372536
0.0 0.0030981692189803256
0.0 0.0030982289152531443
0.0 0.0031030523012965587
0.0 0.0031061364873916347
0.0 0.0031095115108158698
0.0 0.0031213717770186148
0.0 0.0031213928891150994
0.0 0.0031256589886116517
0.0 0.0031392118625498035
0.0 0.0031409914666827936
0.0 0.0031477262254613956
0.0 0.003150252033004619
0.0 0.003154582560795616
0.0 0.0031604371635518065
0.0 0.0031613038515126675
0.0 0.003163029947401119
0.0 0.0031686723371874724
0.0 0.003172895120486065
0.0 0.003173098961417641
0.0 0.003175161758844856
0.0 0.003178221920830139
0.0 0.0031892529912433665
0.0 0.0031941280655230016
0.0 0.0031956750725929974
0.0 0.0031960529063197398
0.0 0.003199625218645607
0.0 0.00320289067756912
0.0 0.003206706507007888
0.0 0.0032096683885440183
0.0 0.0032137142670341365
0.0 0.0032141903812100314
0.0 0.0032148015400030954
0.0 0.0032210401645143085
0.0 0.0032230174215505942
0.0 0.003231691217190812
0.0 0.0032441604581766397
0.0 0.00324570382523
0.0 0.0032462476437153114
0.0 0.0032475351175992114
0.0 0.0032525663485925005
0.0 0.003255461253822542
0.0 0.0032571007173150734
0.0 0.0032576663759001966
0.0 0.0032593396915474365
0.0 0.003264282470136488
0.0 0.003268614817935803
0.0 0.003271393242633515
0.0 0.0032738902940453196
0.0 0.0032825520776306404
0.0 0.00328562425167082
0.0 0.0032886316334148915
0.0 0.003288970154961973
0.0 0.003289060063372864
0.0 0.0032934258993252237
0.0 0.0032961111395970726
0.0 0.0033055722708355017
0.0 0.0033076208721978394
0.0 0.0033126561072094273
0.0 0.0033231546431889128
0.0 0.0033232875037961006
0.0 0.0033244614091609797
0.0 0.0033452742962782047
0.0 0.0033462530967514324
0.0 0.003348856800650651
0.0 0.003350551592396039
0.0 0.003350626576738726
0.0 0.0033527745505552067
0.0 0.0033580121704917163
0.0 0.003374173116349049
0.0 0.0033789546422011577
0.0 0.0033815612581136844
0.0 0.0033888718675239883
0.0 0.0033905968714074493
0.0 0.003392859141746278
0.0 0.0033982984186043826
0.0 0.0034007823659563
0.0 0.003404638235578056
0.0 0.003406585644477933
0.0 0.0034124060310777517
0.0 0.0034142227633804216
0.0 0.0034165258019055655
0.0 0.003422807378613075
0.0 0.0034271459144406694
0.0 0.003431596198778967
0.0 0.003437232764538704
0.0 0.00343728809279156
0.0 0.0034383815537887994
0.0 0.003439615883429824
0.0 0.003439929288862122
0.0 0.0034575946535948176
0.0 0.0034578916789522567
0.0 0.003462493751984246
0.0 0.0034689707975850696
0.0 0.0034713881326325618
0.0 0.003471697898048224
0.0 0.003471816198588871
0.0 0.0034810505567909223
0.0 0.003485500113125893
0.0 0.0034894502591785027
0.0 0.0034934084132677103
0.0 0.003500211240357392
0.0 0.0035090626688094114
0.0 0.003511936461942968
0.0 0.00351720320201256
0.0 0.003518380019390747
0.0 0.0035310465492782075
0.0 0.003533250579350872
0.0 0.0035372600576746367
0.0 0.0035439740683584175
0.0 0.0035490988477792336
0.0 0.003550996388451207
0.0 0.0035514175383759092
0.0 0.003554420916101682
0.0 0.003557906232029966
0.0 0.0035622491358775227
0.0 0.0035643763615991826
0.0 0.0035655651910322665
0.0 0.003565892792529442
0.0 0.0035761838475607158
0.0 0.0035834598768129844
0.0 0.0035891455827972976
0.0 0.003595269546784499
0.0 0.0036030599103873333
0.0 0.0036185780293068745
0.0 0.003627286041103464
0.0 0.003630631944394617
0.0 0.0036319125022469096
0.0 0.003632744974051399
0.0 0.003639329764144627
0.0 0.003641926916013902
0.0 0.0036481619005084794
0.0 0.003648244164884437
0.0 0.0036526405769765325
0.0 0.0036532950519675565
0.0 0.0036642598740780218
0.0 0.0036661770708398254
0.0 0.00367248703967709
0.0 0.0036750365073284427
0.0 0.0036967069823649404
0.0 0.003696820914885625
0.0 0.00369840395812031
0.0 0.003711221912699798
0.0 0.0037175140454555494
0.0 0.0037257095429098904
0.0 0.003726679971344857
0.0 0.0037311375357164255
0.0 0.003733132264832561
0.0 0.0037529554314266527
0.0 0.0037557116520228894
0.0 0.003775709175413811
0.0 0.003777140065953141
0.0 0.0037775728639310763
0.0 0.003782887652220254
0.0 0.0037847378726759686
0.0 0.0037896005708990444
0.0 0.0038004354444156297
0.0 0.003800970162859353
0.0 0.0038075498569292918
0.0 0.003809484525770945
0.0 0.0038132861591448353
0.0 0.0038151312835772604
0.0 0.003820997534386684
0.0 0.003821282183687563
0.0 0.0038228808789937795
0.0 0.003824324509591333
0.0 0.003833055089491061
0.0 0.0038332309022945455
0.0 0.0038348740058037124
0.0 0.003836819230693608
0.0 0.0038412451269204495
0.0 0.0038447759430566748
0.0 0.003852620906909038
0.0 0.003857968819349597
0.0 0.0038621799545949568
0.0 0.003865758454949104
0.0 0.0038664180259634176
0.0 0.003876595148474007
0.0 0.003878158171617198
0.0 0.003878219323896671
0.0 0.00387942416940295
0.0 0.0038920168069527137
0.0 0.003892460160978891
0.0 0.003900171900222403
0.0 0.003907763882918615
0.0 0.003920580381491449
0.0 0.0039216814865236215
0.0 0.003921792143029334
0.0 0.00393342236018073
0.0 0.003945629155967153
0.0 0.003949280456654007
0.0 0.0039504641900638005
0.0 0.0039515696631159366
0.0 0.003957685255064876
0.0 0.003958899564614407
0.0 0.003962339744336413
0.0 0.003964015243993635
0.0 0.004012509729618865
0.0 0.004027270361076605
0.0 0.004030460471655767
0.0 0.004043958381342726
0.0 0.0040509399332492
0.0 0.004051509231850959
0.0 0.004067035722808761
0.0 0.004069292169120974
0.0 0.004075514413557328
0.0 0.004076817539512759
0.0 0.0040805787687019975
0.0 0.004087629844926206
0.0 0.004087638944967794
0.0 0.004088556229159886
0.0 0.004088659605632328
0.0 0.0040888929306986494
0.0 0.00409746080185478
0.0 0.004099317210338775
0.0 0.0041155520485338035
0.0 0.004121656356431174
0.0 0.0041220716823292605
0.0 0.004122186342853272
0.0 0.004127283822149323
0.0 0.004133191205146725
0.0 0.004136209870942366
0.0 0.004147593658967552
0.0 0.00415350577398658
0.0 0.0041537267229963416
0.0 0.004168513198572191
0.0 0.004174199268558168
0.0 0.00418013759169697
0.0 0.004189416358101971
0.0 0.004194798486698901
0.0 0.004207519980837554
0.0 0.004229637085915202
0.0 0.0042327962563529645
0.0 0.00423337247098633
0.0 0.004241626936710163
0.0 0.004253214201665262
0.0 0.004254425599201484
0.0 0.004265719478815779
0.0 0.004268464415360446
0.0 0.0042710102429951635
0.0 0.004272718138800439
0.0 0.004273873480080478
0.0 0.004279358257146523
0.0 0.0042876651391099046
0.0 0.004300470717632832
0.0 0.0043021098171237004
0.0 0.004316184669447352
0.0 0.004320064199177237
0.0 0.004320688098028525
0.0 0.004347600561021495
0.0 0.004366332086626665
0.0 0.004368804385925349
0.0 0.004376280252090896
0.0 0.004382063510521035
0.0 0.004386797716156884
0.0 0.004402677288728309
0.0 0.004407373274189489
0.0 0.00443197396261739
0.0 0.004434919100076999
0.0 0.004477999424958908
0.0 0.00449822190137789
0.0 0.004500269410735237
0.0 0.004522562692618032
0.0 0.004534564919469553
0.0 0.004552844719010285
0.0 0.004564420699913814
0.0 0.004568042152464258
0.0 0.004568322433745174
0.0 0.004581712962941392
0.0 0.004595708462902395
0.0 0.004604461974906925
0.0 0.004607097710952534
0.0 0.0046346559128966035
0.0 0.004647428731269814
0.0 0.004648066826185979
0.0 0.004667105933196831
0.0 0.004676540492313822
0.0 0.004695935228949941
0.0 0.0047015095504252145
0.0 0.0047092515018067995
0.0 0.004722759239538674
0.0 0.0047623382324191044
0.0 0.004765479566775354
0.0 0.004804780826386512
0.0 0.00480797457698231
0.0 0.00481779060984268
0.0 0.0048231115861601375
0.0 0.004840486477565337
0.0 0.004850767704551695
0.0 0.004865412947482097
0.0 0.00487865860401623
0.0 0.004899144617639607
0.0 0.004903413265147804
0.0 0.0049145666401199765
0.0 0.004917905991381186
0.0 0.004925210776764873
0.0 0.00493047496882282
0.0 0.0049444060404893785
0.0 0.004950412795940924
0.0 0.004965756922065298
0.0 0.004969879968908085
0.0 0.004973325608655044
0.0 0.004978281855305646
0.0 0.004984940901738235
0.0 0.005021702521742955
0.0 0.005033588996065474
0.0 0.005043381368817715
0.0 0.005044835919465173
0.0 0.0050764349038760715
0.0 0.005081243001849618
0.0 0.005094561094714793
0.0 0.005099779422563136
0.0 0.005100145608236646
0.0 0.005101007928177545
0.0 0.005105199771334738
0.0 0.005106064275285618
0.0 0.005108393521930535
0.0 0.005128249448674345
0.0 0.0051370553769184224
0.0 0.005139731517148683
0.0 0.005145565007808389
0.0 0.005155741402315651
0.0 0.005165451874693598
0.0 0.005196630073181457
0.0 0.0051973828286216335
0.0 0.005200537995041098
0.0 0.005227296121328732
0.0 0.0052328245785944
0.0 0.00523589675263458
0.0 0.005238781465818043
0.0 0.005239836706640611
0.0 0.00525019837799461
0.0 0.0052532865681079845
0.0 0.005269352145529473
0.0 0.005271172153847114
0.0 0.00529085954782071
0.0 0.005306203673945084
0.0 0.0053303260641871094
0.0 0.0053337695199240885
0.0 0.005350764393592564
0.0 0.0053534186937230135
0.0 0.005353575578439994
0.0 0.005362901665061254
0.0 0.005366878747236965
0.0 0.005375476830531169
0.0 0.0053761050974024185
0.0 0.005410694719480866
0.0 0.0054133067954183454
0.0 0.0054144730567482905
0.0 0.005419324470919797
0.0 0.005432688791996241
0.0 0.005450259152294755
0.0 0.0054838357577436025
0.0 0.005511481684088582
0.0 0.005517539399773021
0.0 0.00552815587229149
0.0 0.005538861161215859
0.0 0.005557596690839328
0.0 0.0055758517382669395
0.0 0.005576245224065213
0.0 0.005590114415448971
0.0 0.005609913921934934
0.0 0.005614249909750884
0.0 0.005614321618078599
0.0 0.00561475296004988
0.0 0.0056264621655622606
0.0 0.005633305396836594
0.0 0.00564856398257004
0.0 0.005671266402322641
0.0 0.005682111467885805
0.0 0.005690970176371095
0.0 0.005691594803225709
0.0 0.005696038535534064
0.0 0.0057313153927532525
0.0 0.005732821631636933
0.0 0.005741159817743377
0.0 0.005753069952174025
0.0 0.00575805531895771
0.0 0.00575964200220903
0.0 0.005798908681662153
0.0 0.005803026268479986
0.0 0.005827502104337297
0.0 0.005828407376474492
0.0 0.005831329217827634
0.0 0.005845516546665316
0.0 0.005846908125024985
0.0 0.005863519340940102
0.0 0.00586497680360087
0.0 0.005870529648977995
0.0 0.00593567939471963
0.0 0.005937134673370416
0.0 0.005941597697766938
0.0 0.0059427162748789605
0.0 0.005942944503921993
0.0 0.005946406887745475
0.0 0.005980611760065572
0.0 0.0059970191350491135
0.0 0.006004905595091119
0.0 0.006006967300513344
0.0 0.006009089794213378
0.0 0.0060108359101933235
0.0 0.006025899391035118
0.0 0.006054994772004267
0.0 0.006071706816380182
0.0 0.006077820952322468
0.0 0.006079168122479187
0.0 0.006140662199514006
0.0 0.006172906194872676
0.0 0.0061785423966307495
0.0 0.00618584135798782
0.0 0.006189958216802326
0.0 0.00620837961299017
0.0 0.006217641999320313
0.0 0.0062351948875389775
0.0 0.006240877681509983
0.0 0.006244844571639115
0.0 0.006245471382503711
0.0 0.006246833476728634
0.0 0.006247379479223927
0.0 0.006259050100559973
0.0 0.006272609890529732
0.0 0.0062770237747016774
0.0 0.006285736518519892
0.0 0.006286931899982919
0.0 0.006288436682859945
0.0 0.0063183357795021655
0.0 0.006328425177611846
0.0 0.006334636501998293
0.0 0.006344868588760076
0.0 0.0063526480323130045
0.0 0.0063693207645092575
0.0 0.0064255874136541465
0.0 0.0064811835717348155
0.0 0.006481464581019059
0.0 0.00648728933563884
0.0 0.006492707864402124
0.0 0.006492730432505262
0.0 0.006496369721137219
0.0 0.006510428193386012
0.0 0.006526188737413463
0.0 0.006539966200378012
0.0 0.006560265117146335
0.0 0.006564665897258393
0.0 0.0065685891071879015
0.0 0.006583785448636885
0.0 0.006611713840272762
0.0 0.00662261496209211
0.0 0.006627468560273597
0.0 0.006631767419919867
0.0 0.006676474104234421
0.0 0.006676631352953066
0.0 0.006676915274250618
0.0 0.00668919305036143
0.0 0.006728640638641327
0.0 0.006764594538954677
0.0 0.0067801162978908544
0.0 0.006804931019296911
0.0 0.0068080024653337625
0.0 0.0068093055912891946
0.0 0.00687344341240622
0.0 0.006909809362602686
0.0 0.006928981330220725
0.0 0.006934275370415082
0.0 0.006946132360602855
0.0 0.006956641088628919
0.0 0.006963935681966027
0.0 0.006991735217013016
0.0 0.007001943279665006
0.0 0.007014215959752528
0.0 0.0070199919381493964
0.0 0.007076899958225422
0.0 0.007079820707573573
0.0 0.007081421586889771
0.0 0.0071153749340603705
0.0 0.007117039877669349
0.0 0.007140882714633785
0.0 0.007146714021283509
0.0 0.0071903774768303915
0.0 0.007218321884539464
0.0 0.007243282206610932
0.0 0.0072479326918641705
0.0 0.007278197246176573
0.0 0.007384806053390762
0.0 0.007410558443082068
0.0 0.007439577383701876
0.0 0.0074573144567622865
0.0 0.007497710633377338
0.0 0.0075234309909222525
0.0 0.007602567864586629
0.0 0.007610088866958452
0.0 0.007613164681015266
0.0 0.007637854185849069
0.0 0.007650879621376768
0.0 0.007676856964096134
0.0 0.007712169493478348
0.0 0.007738821695281895
0.0 0.007780821663226453
0.0 0.00784931731225924
0.0 0.0078619569060236
0.0 0.007865114256453044
0.0 0.007889677816711266
0.0 0.007960974822546568
0.0 0.008016346027599177
0.0 0.008053095635549002
0.0 0.008064224622409718
0.0 0.008193169299701335
0.0 0.00822387575203326
0.0 0.008238646211535914
0.0 0.008264889275469657
0.0 0.008275172322464334
0.0 0.00828063671543722
0.0 0.008327911067486305
0.0 0.0083315729242214
0.0 0.00842382040980274
0.0 0.008433844287612985
0.0 0.008501489628759771
0.0 0.008568743304116598
0.0 0.008641748205757176
0.0 0.00865124500915863
0.0 0.00868119142601711
0.0 0.008689676304793956
0.0 0.008745362007283854
0.0 0.008758824244807787
0.0 0.008760637701095485
0.0 0.008781572164768329
0.0 0.00878883181394574
0.0 0.008905400434677392
0.0 0.008913247582539736
0.0 0.008943488112742346
0.0 0.008966004527644884
0.0 0.008966514857977151
0.0 0.008987928347839198
0.0 0.009027326431892854
0.0 0.009027779977965611
0.0 0.009116313190572309
0.0 0.0091753593564199
0.0 0.009184034244065107
0.0 0.009325865308248955
0.0 0.009354695696007057
0.0 0.00938389882146861
0.0 0.009490565868948964
0.0 0.009496863097728006
0.0 0.009521488538269026
0.0 0.009533035399039474
0.0 0.009555326132910625
0.0 0.009577169872738961
0.0 0.009582605145578767
0.0 0.00958838986001556
0.0 0.009634639183380148
0.0 0.009646217348293658
0.0 0.009665993558673154
0.0 0.009714799629722366
0.0 0.009716385220968696
0.0 0.009722500448915972
0.0 0.009767930040534294
0.0 0.009815524714047282
0.0 0.009868077090217527
0.0 0.009929831428441768
0.0 0.00994251761441906
0.0 0.010018182640216703
0.0 0.010111040192586117
0.0 0.010184454232096499
0.0 0.01019331621659676
0.0 0.010197502235727338
0.0 0.0102963854716348
0.0 0.01033718787410635
0.0 0.010414999781715482
0.0 0.010493335851720097
0.0 0.010522201183637895
0.0 0.010635956071510473
0.0 0.010636202136635018
0.0 0.010726324580504681
0.0 0.010729788420334818
0.0 0.010770381157848175
0.0 0.010770684735235557
0.0 0.010849656352144691
0.0 0.010849907513292525
0.0 0.01087010960561835
0.0 0.010879544528737005
0.0 0.010899751717086119
0.0 0.01107313371746128
0.0 0.011132606493258526
0.0 0.011138513512254264
0.0 0.011205331841621513
0.0 0.01122669873927063
0.0 0.011233266785287334
0.0 0.011374319613914559
0.0 0.01140432499904253
0.0 0.011439789681120098
0.0 0.011536888580872946
0.0 0.011591658455177406
0.0 0.011598781239729329
0.0 0.011743356148452854
0.0 0.011751469017529574
0.0 0.011850854575732707
0.0 0.011973866753912139
0.0 0.012043602920614231
0.0 0.01206962103151991
0.0 0.012140536563611836
0.0 0.012234152695448043
0.0 0.012267230254616193
0.0 0.01230622502482666
0.0 0.012389494045375411
0.0 0.012642117023890717
0.0 0.01267953202688147
0.0 0.012709153026252754
0.0 0.012756378602078925
0.0 0.012792372542575266
0.0 0.01289188622936396
0.0 0.012942475180561132
0.0 0.013007359205088392
0.0 0.013037009324592758
0.0 0.01312636008493574
0.0 0.013144876121556102
0.0 0.013287842870930159
0.0 0.013288945067967323
0.0 0.0133045825794325
0.0 0.013548328285377676
0.0 0.01356937194954958
0.0 0.013778547689506138
0.0 0.013897261736042627
0.0 0.014219620153256698
0.0 0.014355177284767972
0.0 0.014377430890469441
0.0 0.014509180564580209
0.0 0.014746531489300517
0.0 0.014760078175210389
0.0 0.015471560194762904
0.0 0.015632470770142258
0.0 0.0157481242906918
0.0 0.0160684413865768
0.0 0.016214097380241006
0.0 0.016464441708342624
0.0 0.016715401927258934
0.0 0.017244172583800055
0.0 0.017383998726821188
0.0 0.01778092506881903
0.0 0.0182854837907089
0.0 0.01848896217662791
0.0 0.0185649351478329
0.0 0.018672732056476845
0.0 0.019093512155489024
0.0 0.0192267527804136
0.0 0.019442627606985736
0.0 0.019920465694759318
0.0 0.02000047617241616
0.0 0.020149543589670953
0.0 0.02064072452242283
0.0 0.020678819480521055
0.0 0.021292338460371506
0.0 0.021819992359808922
0.0 0.022715290851423302
0.0 0.023201093295594884
0.0 0.03137246763169079
0.0 0.03475099711994895
0.0 0.040264253676148894
0.0 0.044193902067082166
0.0 0.045547027291015986
0.0 0.0701378789379622
0.0 0.07179479703826348
0.0 0.08040128731488798
