0.0 5.8240266164539285e-09
0.0 5.8240266164539285e-09
0.0 5.8240266164539285e-09
0.0 5.8240266164539285e-09
0.0 8.236417287650753e-09
0.0 8.236417287650753e-09
0.0 8.236417287650753e-09
0.0 8.236417287650753e-09
0.0 8.236417287650753e-09
0.0 8.236417287650753e-09
0.0 8.236417287650753e-09
0.0 8.236417287650753e-09
0.0 8.236417287650753e-09
0.0 8.236417287650753e-09
0.0 8.236417287650753e-09
0.0 8.236417287650753e-09
0.0 8.236417287650753e-09
0.0 8.236417287650753e-09
0.0 8.236417287650753e-09
0.0 8.236417287650753e-09
0.0 8.236417287650753e-09
0.0 8.236417287650753e-09
0.0 8.236417287650753e-09
0.0 8.236417287650753e-09
0.0 8.236417287650753e-09
0.0 8.236417287650753e-09
0.0 8.236417287650753e-09
0.0 8.236417287650753e-09
0.0 8.236417287650753e-09
0.0 8.236417287650753e-09
0.0 8.236417287650753e-09
0.0 8.236417287650753e-09
0.0 8.236417287650753e-09
0.0 8.236417287650753e-09
0.0 8.236417287650753e-09
0.0 8.236417287650753e-09
0.0 8.236417287650753e-09
0.0 8.236417287650753e-09
0.0 8.236417287650753e-09
0.0 8.236417287650753e-09
0.0 8.236417287650753e-09
0.0 8.236417287650753e-09
0.0 8.236417287650753e-09
0.0 8.236417287650753e-09
0.0 8.236417287650753e-09
0.0 8.236417287650753e-09
0.0 8.236417287650753e-09
0.0 8.236417287650753e-09
0.0 8.236417287650753e-09
0.0 8.236417287650753e-09
0.0 8.236417287650753e-09
0.0 8.236417287650753e-09
0.0 1.0087509823278697e-08
0.0 1.0087509823278697e-08
0.0 1.1648053232907857e-08
0.0 1.1648053232907857e-08
0.0 1.1648053232907857e-08
0.0 1.1648053232907857e-08
0.0 1.1648053232907857e-08
0.0 1.1648053232907857e-08
0.0 1.1648053232907857e-08
0.0 1.1648053232907857e-08
0.0 1.1648053232907857e-08
0.0 1.1648053232907857e-08
0.0 1.1648053232907857e-08
0.0 1.1648053232907857e-08
0.0 1.1648053232907857e-08
0.0 1.1648053232907857e-08
0.0 1.1648053232907857e-08
0.0 1.1648053232907857e-08
0.0 1.1648053232907857e-08
0.0 1.1648053232907857e-08
0.0 1.1648053232907857e-08
0.0 1.1648053232907857e-08
0.0 1.1648053232907857e-08
0.0 1.1648053232907857e-08
0.0 1.1648053232907857e-08
0.0 1.1648053232907857e-08
0.0 1.1648053232907857e-08
0.0 1.1648053232907857e-08
0.0 1.4265893977861189e-08
0.0 1.4265893977861189e-08
0.0 1.5408925629866513e-08
0.0 1.6472834575301507e-08
0.0 1.6472834575301507e-08
0.0 1.6472834575301507e-08
0.0 1.6472834575301507e-08
0.0 1.6472834575301507e-08
0.0 1.6472834575301507e-08
0.0 1.6472834575301507e-08
0.0 1.6472834575301507e-08
0.0 1.6472834575301507e-08
0.0 2.2556358730837664e-08
0.0 2.3296106465815714e-08
0.0 2.3296106465815714e-08
0.0 2.6045839216728526e-08
0.0 2.668904341967151e-08
0.0 2.8531787955722377e-08
0.0 2.912013308226964e-08
0.0 3.0817851259733025e-08
0.0 3.136334276636218e-08
0.0 3.5901710797251444e-08
0.0 3.683437896956156e-08
0.0 3.683437896956156e-08
0.0 3.683437896956156e-08
0.0 3.683437896956156e-08
0.0 3.7744005441109535e-08
0.0 3.7744005441109535e-08
0.0 3.7744005441109535e-08
0.0 3.863222315392842e-08
0.0 3.863222315392842e-08
0.0 3.863222315392842e-08
0.0 3.863222315392842e-08
0.0 3.863222315392842e-08
0.0 3.863222315392842e-08
0.0 3.863222315392842e-08
0.0 3.863222315392842e-08
0.0 3.863222315392842e-08
0.0 3.863222315392842e-08
0.0 3.863222315392842e-08
0.0 3.863222315392842e-08
0.0 3.950047065219017e-08
0.0 3.950047065219017e-08
0.0 4.035003929311479e-08
0.0 4.035003929311479e-08
0.0 4.035003929311479e-08
0.0 4.035003929311479e-08
0.0 4.118208713253184e-08
0.0 4.118208713253184e-08
0.0 4.199765281044192e-08
0.0 4.199765281044192e-08
0.0 4.2797680545027414e-08
0.0 4.511271746167533e-08
0.0 4.511271746167533e-08
0.0 4.511271746167533e-08
0.0 4.511271746167533e-08
0.0 4.585843043387612e-08
0.0 4.659221293163143e-08
0.0 4.659221293163143e-08
0.0 4.659221293163143e-08
0.0 4.695480382211084e-08
0.0 4.731461760028917e-08
0.0 4.802615265140045e-08
0.0 4.941850233734837e-08
0.0 4.941850233734837e-08
0.0 4.941850233734837e-08
0.0 4.941850233734837e-08
0.0 5.077268894605471e-08
0.0 5.077268894605471e-08
0.0 5.143640767756584e-08
0.0 5.209167843345705e-08
0.0 5.46342136126979e-08
0.0 5.46342136126979e-08
0.0 5.586210270817531e-08
0.0 5.586210270817531e-08
0.0 6.052505755111603e-08
0.0 6.163570251946605e-08
0.0 6.459157753937642e-08
0.0 6.691297126608153e-08
0.0 6.741798358381001e-08
0.0 6.791923569148282e-08
0.0 6.94012861047559e-08
0.0 6.988831939744714e-08
0.0 6.988831939744714e-08
0.0 7.180342159450289e-08
0.0 7.297484644267455e-08
0.0 7.548801088221907e-08
0.0 7.813751487307327e-08
0.0 7.813751487307327e-08
0.0 7.857041669279167e-08
0.0 7.900094130438034e-08
0.0 7.900094130438034e-08
0.0 7.985503108413113e-08
0.0 8.277497027086541e-08
0.0 8.359050817765248e-08
0.0 8.419697396196435e-08
0.0 9.245355655631138e-08
0.0 9.462923520057834e-08
0.0 9.814823639022978e-08
0.0 1.0154537789210942e-07
0.0 1.0675617367868603e-07
0.0 1.0801960425739278e-07
0.0 1.0864580975594079e-07
0.0 1.0942352339318703e-07
0.0 1.1050313135446008e-07
0.0 1.2048839415131536e-07
0.0 1.2048839415131536e-07
0.0 1.2216581441497007e-07
0.0 1.3022919330653032e-07
0.0 1.370813068968475e-07
0.0 1.383129673108298e-07
0.0 1.383129673108298e-07
0.0 1.4026113380694232e-07
0.0 1.4407846350842595e-07
0.0 1.4454853975340674e-07
0.0 1.4454853975340674e-07
0.0 1.5097602176443814e-07
0.0 1.5142469202780212e-07
0.0 1.5164852727926993e-07
0.0 1.5276278249361137e-07
0.0 1.5584033391188165e-07
0.0 1.5714083338558334e-07
0.0 1.5714083338558334e-07
0.0 1.5907163737558946e-07
0.0 1.5928473075667665e-07
0.0 1.609793024659029e-07
0.0 1.6307274526070999e-07
0.0 1.6307274526070999e-07
0.0 1.639026352838691e-07
0.0 1.6768747277143e-07
0.0 1.6879632927945811e-07
0.0 1.719814438113742e-07
0.0 1.719814438113742e-07
0.0 1.7472079849361785e-07
0.0 1.7703507725860756e-07
0.0 1.774178633097405e-07
0.0 1.8269257711303896e-07
0.0 1.8673249791967953e-07
0.0 1.8745767970063837e-07
0.0 1.9525694410391582e-07
0.0 1.9560408314155198e-07
0.0 1.971585773063113e-07
0.0 2.0006188159036206e-07
0.0 2.007389193524692e-07
0.0 2.0124519803340698e-07
0.0 2.0342449803211455e-07
0.0 2.0656830024143962e-07
0.0 2.0706031567359901e-07
0.0 2.0998825849798501e-07
0.0 2.1047229806361567e-07
0.0 2.1111594382741453e-07
0.0 2.1760358919933675e-07
0.0 2.2100626270892016e-07
0.0 2.2161933802050863e-07
0.0 2.252626205398584e-07
0.0 2.2638912837367225e-07
0.0 2.278080550243416e-07
0.0 2.3017802044519274e-07
0.0 2.3032534069854093e-07
0.0 2.3150048132297144e-07
0.0 2.3296106465815713e-07
0.0 2.381450002145576e-07
0.0 2.387140638503984e-07
0.0 2.4293940689115806e-07
0.0 2.481882824416072e-07
0.0 2.5413052517449393e-07
0.0 2.5413052517449393e-07
0.0 2.549966065251608e-07
0.0 2.5784065834115553e-07
0.0 2.581036175507211e-07
0.0 2.588254001462234e-07
0.0 2.5993695600740816e-07
0.0 2.6612678385616157e-07
0.0 2.763805934125321e-07
0.0 2.848419436052877e-07
0.0 2.865042341611261e-07
0.0 2.865042341611261e-07
0.0 2.90968275558389e-07
0.0 2.9513509928874013e-07
0.0 2.974247728387422e-07
0.0 2.976527848671108e-07
0.0 3.0729674056216225e-07
0.0 3.105904846188477e-07
0.0 3.18995070636169e-07
0.0 3.232203692431319e-07
0.0 3.2489507904518073e-07
0.0 3.25103829022629e-07
0.0 3.321227470861988e-07
0.0 3.3314245828936197e-07
0.0 3.3623351758186477e-07
0.0 3.379943178652474e-07
0.0 3.379943178652474e-07
0.0 3.393963596731261e-07
0.0 3.4297534648848107e-07
0.0 3.4885871444058467e-07
0.0 3.527264320676593e-07
0.0 3.6193409231176036e-07
0.0 3.6352377804359907e-07
0.0 3.6352377804359907e-07
0.0 3.6547797642762954e-07
0.0 3.6857392343778227e-07
0.0 3.796800843016032e-07
0.0 3.8012651065822787e-07
0.0 3.880742505935708e-07
0.0 3.892960022708628e-07
0.0 3.9038360831556296e-07
0.0 3.9112143151171635e-07
0.0 3.922472061878827e-07
0.0 3.943171546126226e-07
0.0 3.96376261190939e-07
0.0 3.998693796939443e-07
0.0 4.021953112221494e-07
0.0 4.036684693218344e-07
0.0 4.100048620493901e-07
0.0 4.1722148829189907e-07
0.0 4.183581048144889e-07
0.0 4.2013803384740137e-07
0.0 4.243154328213951e-07
0.0 4.2948001745928155e-07
0.0 4.33176065112352e-07
0.0 4.3458323902376315e-07
0.0 4.4339166160345967e-07
0.0 4.4583294326820276e-07
0.0 4.481852240379206e-07
0.0 4.533771798946466e-07
0.0 4.643177582146274e-07
0.0 4.6708549498458813e-07
0.0 4.708465492824025e-07
0.0 4.740056589347312e-07
0.0 4.763612278054135e-07
0.0 4.834994728303366e-07
0.0 4.875513907621177e-07
0.0 4.894955026742708e-07
0.0 4.969911731607931e-07
0.0 4.993742021179086e-07
0.0 5.075264263862053e-07
0.0 5.113216947075691e-07
0.0 5.114543295910691e-07
0.0 5.117195549242723e-07
0.0 5.131757393135731e-07
0.0 5.159443203256734e-07
0.0 5.197434099535635e-07
0.0 5.298264159949679e-07
0.0 5.312329678332236e-07
0.0 5.382736806741324e-07
0.0 5.464662952637361e-07
0.0 5.478301017894534e-07
0.0 5.51409555159675e-07
0.0 5.528839129718741e-07
0.0 5.562783884459447e-07
0.0 5.620110147423451e-07
0.0 5.664595931783155e-07
0.0 5.693265506165696e-07
0.0 5.73954774893073e-07
0.0 5.73954774893073e-07
0.0 5.840311158649547e-07
0.0 5.863496269490913e-07
0.0 6.015404756698463e-07
0.0 6.080462500308701e-07
0.0 6.08102014445876e-07
0.0 6.098287117902012e-07
0.0 6.119386506320768e-07
0.0 6.488498945159078e-07
0.0 6.491634638200485e-07
0.0 6.527068369472542e-07
0.0 6.538491409958367e-07
0.0 6.553000377633162e-07
0.0 6.573672312926534e-07
0.0 6.575220386407653e-07
0.0 6.633257145782769e-07
0.0 6.691297015523661e-07
0.0 6.720129217602554e-07
0.0 6.730720457411956e-07
0.0 6.796916150558688e-07
0.0 6.812368892077884e-07
0.0 6.839202906313897e-07
0.0 6.942083586451066e-07
0.0 6.978146500286059e-07
0.0 7.022723373929239e-07
0.0 7.030446856492045e-07
0.0 7.031411958558919e-07
0.0 7.113900191984696e-07
0.0 7.240087287228543e-07
0.0 7.341046205653357e-07
0.0 7.37883714984658e-07
0.0 7.534408759263759e-07
0.0 7.536209216710801e-07
0.0 7.549700206100509e-07
0.0 7.661639604394846e-07
0.0 7.670046478752703e-07
0.0 7.724688496050967e-07
0.0 7.826763591451835e-07
0.0 7.923886984535369e-07
0.0 8.172335893412209e-07
0.0 8.276677112450767e-07
0.0 8.289781527808162e-07
0.0 8.33263348145889e-07
0.0 8.401145952771683e-07
0.0 8.437002249451475e-07
0.0 8.640390844975761e-07
0.0 8.654511016928402e-07
0.0 8.754656796871458e-07
0.0 8.762402496332672e-07
0.0 8.773621141353137e-07
0.0 8.860562974233925e-07
0.0 8.890372719842801e-07
0.0 9.032312040396393e-07
0.0 9.036817627393681e-07
0.0 9.192373240644005e-07
0.0 9.253423500119279e-07
0.0 9.332991100080248e-07
0.0 9.420531900542135e-07
0.0 9.450369195105038e-07
0.0 9.461489197096567e-07
0.0 9.467223822913825e-07
0.0 9.591094584329578e-07
0.0 9.849322483209998e-07
0.0 9.864463743813504e-07
0.0 9.937775953858515e-07
0.0 1.001122857470147e-06
0.0 1.015119681202824e-06
0.0 1.0201859338483536e-06
0.0 1.0227428322524155e-06
0.0 1.028068578271359e-06
0.0 1.0336621712175177e-06
0.0 1.0711143521438041e-06
0.0 1.0751285902158842e-06
0.0 1.1095343900323678e-06
0.0 1.1162701092919218e-06
0.0 1.1296509917331156e-06
0.0 1.138459458746609e-06
0.0 1.147111518795305e-06
0.0 1.164484955615732e-06
0.0 1.169774265921285e-06
0.0 1.1988444554159318e-06
0.0 1.2026297705668085e-06
0.0 1.205840734460023e-06
0.0 1.2120693752302966e-06
0.0 1.224514570778109e-06
0.0 1.252368873856644e-06
0.0 1.2658652841695632e-06
0.0 1.2693171681091219e-06
0.0 1.3139603369771535e-06
0.0 1.3181356031289e-06
0.0 1.3237847383210806e-06
0.0 1.3290525426689738e-06
0.0 1.3324425747633628e-06
0.0 1.3405385902786854e-06
0.0 1.3406398104678355e-06
0.0 1.3444043306018017e-06
0.0 1.370577969749514e-06
0.0 1.378782225993884e-06
0.0 1.3862161779366269e-06
0.0 1.41100188300695e-06
0.0 1.4117469489119847e-06
0.0 1.4173818652891836e-06
0.0 1.430625625033399e-06
0.0 1.4352651354942938e-06
0.0 1.446611305511624e-06
0.0 1.4624686611846406e-06
0.0 1.4866448234302224e-06
0.0 1.487659780217126e-06
0.0 1.5242491456768118e-06
0.0 1.5633579962836392e-06
0.0 1.611309350192322e-06
0.0 1.6120670352956528e-06
0.0 1.6377842504824565e-06
0.0 1.6990193545524904e-06
0.0 1.7145008003044315e-06
0.0 1.7208791829699796e-06
0.0 1.7589331752403614e-06
0.0 1.7608219670754767e-06
0.0 1.7735284333485756e-06
0.0 1.8333939100655091e-06
0.0 1.8409083760480853e-06
0.0 1.8905224426336764e-06
0.0 1.9299949394336577e-06
0.0 1.9371784624975377e-06
0.0 1.9384298959511037e-06
0.0 1.965848392350453e-06
0.0 1.9716544677129927e-06
0.0 2.0319427764404408e-06
0.0 2.0648618214154136e-06
0.0 2.065994883234258e-06
0.0 2.080677764789796e-06
0.0 2.139313314010823e-06
0.0 2.195125006576509e-06
0.0 2.2028374695577036e-06
0.0 2.229042923303937e-06
0.0 2.259797331433152e-06
0.0 2.420469940724972e-06
0.0 2.46399693261695e-06
0.0 2.478641601107225e-06
0.0 2.4962867950289874e-06
0.0 2.585198822460661e-06
0.0 2.612230211622137e-06
0.0 2.6135022623574263e-06
0.0 2.6701749041702467e-06
0.0 2.67312033169368e-06
0.0 2.6734630051347365e-06
0.0 2.7237274047705473e-06
0.0 2.7910398080988945e-06
0.0 2.80055148438082e-06
0.0 2.818973203335764e-06
0.0 2.82704753515824e-06
0.0 2.8994061959235487e-06
0.0 2.9275626488204422e-06
0.0 2.9769607671535003e-06
0.0 3.0189363085958013e-06
0.0 3.1691698193985218e-06
0.0 3.1986368915663417e-06
0.0 3.3390775490208757e-06
0.0 3.4456489891892935e-06
0.0 3.5877706660450243e-06
0.0 3.733487214798472e-06
0.0 3.817488419005883e-06
0.0 3.879256373167352e-06
0.0 4.101289212101044e-06
0.0 4.103099978188948e-06
0.0 4.125602674778791e-06
0.0 4.283016331676834e-06
0.0 4.387336222492919e-06
0.0 4.47427787763852e-06
0.0 4.663936252211033e-06
0.0 5.0312985326603e-06
0.0 5.214009949703189e-06
0.0 5.549157371989445e-06
0.0 5.578213520404298e-06
0.0 5.864358285149171e-06
0.0 5.972104199435067e-06
0.0 6.137186774193423e-06
0.0 6.327487839203104e-06
0.0 6.615017871997557e-06
0.0 7.0456759182780625e-06
0.0 7.058532570784404e-06
0.0 7.447188237609331e-06
0.0 7.671081253012988e-06
0.0 8.187570464989034e-06
0.0 8.206687661731763e-06
0.0 8.281102540878596e-06
0.0 8.286924434672801e-06
0.0 8.323241420957996e-06
0.0 8.426647752911515e-06
0.0 8.550932281843233e-06
0.0 8.609306204868598e-06
0.0 8.937716041675835e-06
0.0 9.235742403689687e-06
0.0 9.274213540444592e-06
0.0 9.645231478225622e-06
0.0 1.0345635374462372e-05
0.0 1.0348356144709098e-05
0.0 1.0948953202004916e-05
0.0 1.1464454206339743e-05
0.0 1.1986418373024443e-05
0.0 1.2858754047196177e-05
0.0 1.3048870978551845e-05
0.0 1.3486373962364482e-05
0.0 1.3830649863868911e-05
0.0 1.3840014375415778e-05
0.0 1.4053418881948273e-05
0.0 1.408804454019141e-05
0.0 1.4296688587468075e-05
0.0 1.439763506442978e-05
0.0 1.4407989205499365e-05
0.0 1.5095136189588041e-05
0.0 1.5410853601201973e-05
0.0 1.5449986623794268e-05
0.0 1.6077831196239284e-05
0.0 1.6280466372304734e-05
0.0 1.672394410217263e-05
0.0 1.674207451315564e-05
0.0 1.6820144338693485e-05
0.0 1.7581458083607566e-05
0.0 1.7707469487618793e-05
0.0 1.7920292444618544e-05
0.0 1.806633673705732e-05
0.0 1.8280638450815153e-05
0.0 1.8420651121938742e-05
0.0 1.887320187764638e-05
0.0 1.9497157604193934e-05
0.0 1.9505762831020784e-05
0.0 2.020077708543877e-05
0.0 2.022952326368702e-05
0.0 2.0630822300793566e-05
0.0 2.077724481371085e-05
0.0 2.0965036968817032e-05
0.0 2.165861796668487e-05
0.0 2.1935781061476258e-05
0.0 2.2122240913618667e-05
0.0 2.2460635913246714e-05
0.0 2.276119038056429e-05
0.0 2.2976090706432852e-05
0.0 2.3014599523047455e-05
0.0 2.3102099266681084e-05
0.0 2.3755876113889497e-05
0.0 2.3827601504182567e-05
0.0 2.3866161508531106e-05
0.0 2.4230402048151167e-05
0.0 2.511636503460124e-05
0.0 2.5277754272168133e-05
0.0 2.541978317125611e-05
0.0 2.6395700068805634e-05
0.0 2.6910896079559104e-05
0.0 2.7506473895166426e-05
0.0 2.779387880238904e-05
0.0 2.790680178720973e-05
0.0 2.8524364734541567e-05
0.0 2.8970974869349904e-05
0.0 2.9511938216612988e-05
0.0 2.966903337205544e-05
0.0 2.9982640711526106e-05
0.0 3.0104419174317322e-05
0.0 3.0461786338775288e-05
0.0 3.1509371751357954e-05
0.0 3.2057609444365614e-05
0.0 3.2786767339198856e-05
0.0 3.2962022765135785e-05
0.0 3.52456753579339e-05
0.0 3.6147830730885e-05
0.0 3.682888353087257e-05
0.0 3.8194432927836254e-05
0.0 3.827061449474455e-05
0.0 3.832449527223574e-05
0.0 3.857418903836421e-05
0.0 3.984719101237581e-05
0.0 4.1050714168861434e-05
0.0 4.1979017942563646e-05
0.0 4.244967493726883e-05
0.0 4.3320796324641135e-05
0.0 4.469141330726425e-05
0.0 4.644001189230563e-05
0.0 4.6921517842841755e-05
0.0 4.813223571970805e-05
0.0 4.845589576137069e-05
0.0 5.258681414013035e-05
0.0 5.282598029564646e-05
0.0 5.300322066815482e-05
0.0 5.310817827282282e-05
0.0 5.3746859004165295e-05
0.0 5.533482194883381e-05
0.0 5.616417698907923e-05
0.0 5.6888170610311165e-05
0.0 5.7095975747503915e-05
0.0 5.892720555392923e-05
0.0 5.913476043997831e-05
0.0 5.961503788490002e-05
0.0 6.0354103450012423e-05
0.0 6.0380476508040255e-05
0.0 6.0669414203517884e-05
0.0 6.0852251101602984e-05
0.0 6.142820410877274e-05
0.0 6.211578050107386e-05
0.0 6.506590592097744e-05
0.0 6.552786953220288e-05
0.0 6.569192053193432e-05
0.0 6.587565037160027e-05
0.0 6.641386095628293e-05
0.0 6.722465759921439e-05
0.0 6.944075091450904e-05
0.0 6.994171957899195e-05
0.0 7.226110974136476e-05
0.0 7.24472397169996e-05
0.0 7.300701740024631e-05
0.0 7.393933372353633e-05
0.0 7.474736054130938e-05
0.0 7.54602577993297e-05
0.0 7.637125727519933e-05
0.0 7.787378220440654e-05
0.0 8.017502915886286e-05
0.0 8.179373318152154e-05
0.0 8.289114700932564e-05
0.0 8.584268862320139e-05
0.0 8.595031936508593e-05
0.0 8.606316556830572e-05
0.0 8.663448892931747e-05
0.0 8.682909331868132e-05
0.0 8.68707885717333e-05
0.0 8.727384078872707e-05
0.0 8.791983567849607e-05
0.0 8.939246697108601e-05
0.0 8.981648340888862e-05
0.0 8.992333495971217e-05
0.0 9.137497928138932e-05
0.0 9.461112469593631e-05
0.0 9.542556135550306e-05
0.0 9.585802945693071e-05
0.0 9.603529826706903e-05
0.0 9.606771716522703e-05
0.0 9.656262292700178e-05
0.0 9.964351025700194e-05
0.0 0.00010026386009207017
0.0 0.00010596935866683767
0.0 0.00010953426583386269
0.0 0.00011154304313919996
0.0 0.00011454254197224558
0.0 0.00011720338275758598
0.0 0.00011733675524211317
0.0 0.00011734494527954255
0.0 0.00012046260815261107
0.0 0.0001256579925210995
0.0 0.0001289263179577128
0.0 0.00012950923249669755
0.0 0.00013084487972575497
0.0 0.0001315647157654863
0.0 0.00013209095979548044
0.0 0.00013279385838280573
0.0 0.00013558872003063648
0.0 0.00013666461794761044
0.0 0.0001379293872277477
0.0 0.00014001698226829087
0.0 0.00014022223370631292
0.0 0.00014264998830142335
0.0 0.00014388346481354915
0.0 0.0001446177016690938
0.0 0.00014570768190042555
0.0 0.0001481902869962089
0.0 0.00015031478270539222
0.0 0.00015250502621505036
0.0 0.00015335318421622743
0.0 0.00015561545455505625
0.0 0.0001559256749727983
0.0 0.0001566180630120892
0.0 0.00015683996752621768
0.0 0.00015824271618693615
0.0 0.0001592015534439298
0.0 0.00016029661832349897
0.0 0.00016284569922308417
0.0 0.0001701898536616925
0.0 0.0001715166511003054
0.0 0.0001731387221383517
0.0 0.00017537642236489236
0.0 0.00017668603209995554
0.0 0.00017737590625275767
0.0 0.00017896265775438976
0.0 0.00018088181102513516
0.0 0.0001844234675859023
0.0 0.00018476905304026653
0.0 0.00018533257311561637
0.0 0.0001854091954657891
0.0 0.00019039984027359482
0.0 0.00019335911692282056
0.0 0.00019393990432708404
0.0 0.00019875048206196308
0.0 0.00019891428281055084
0.0 0.0001999357852289313
0.0 0.00020033620980891648
0.0 0.00020079821892034986
0.0 0.0002056259274835187
0.0 0.0002067275102678754
0.0 0.0002115644326231523
0.0 0.00021305317667687937
0.0 0.00021424316636526553
0.0 0.00022272369987225347
0.0 0.00022334200219796435
0.0 0.0002257274188495856
0.0 0.0002290284134355006
0.0 0.00022960672107843127
0.0 0.00023105269493669376
0.0 0.00023213589563704227
0.0 0.00023252863068188543
0.0 0.0002396841981336301
0.0 0.00024238743373771956
0.0 0.00024446203846889553
0.0 0.00024673475110544685
0.0 0.00025296793834181066
0.0 0.0002548339473696809
0.0 0.0002554742262958273
0.0 0.0002556669651766656
0.0 0.0002676341796181759
0.0 0.00027146245336381566
0.0 0.0002722545664838613
0.0 0.000276013497912599
0.0 0.00027760564118887207
0.0 0.0002798604722437025
0.0 0.00028959849499755717
0.0 0.00029252331661431955
0.0 0.000293020747637635
0.0 0.00029464983708275626
0.0 0.00029754565231695623
0.0 0.00029938258671195213
0.0 0.00029992035366960734
0.0 0.000302359506066807
0.0 0.0003032172759869116
0.0 0.0003060033674696617
0.0 0.00030680988140552074
0.0 0.0003069998675237786
0.0 0.0003129839866218731
0.0 0.00031449154501158374
0.0 0.0003155863027647493
0.0 0.0003186565657961952
0.0 0.0003231824259798832
0.0 0.00032587540128708195
0.0 0.00032666724140588
0.0 0.00032713914681254053
0.0 0.0003289246204723551
0.0 0.00032955291009370904
0.0 0.0003316083819874458
0.0 0.0003344636337862663
0.0 0.0003421783987936065
0.0 0.0003430881072010758
0.0 0.0003437498849754743
0.0 0.0003459935229791513
0.0 0.0003533843037558472
0.0 0.0003555790972862995
0.0 0.0003605412362138301
0.0 0.0003616356527154361
0.0 0.0003668899712282602
0.0 0.0003690278894987861
0.0 0.000371513156356734
0.0 0.00037658292602614924
0.0 0.0003803455202216261
0.0 0.00038655452409746925
0.0 0.00039459582134709827
0.0 0.00039795933321872424
0.0 0.00039851056823793005
0.0 0.0003999678033976579
0.0 0.00040752265792418926
0.0 0.0004085171559691567
0.0 0.0004098495840585023
0.0 0.0004116101236043652
0.0 0.0004138586528803958
0.0 0.0004182441904227936
0.0 0.00041873067864609925
0.0 0.0004204035392912598
0.0 0.0004293027884618252
0.0 0.00043056842224591335
0.0 0.00044566511823950487
0.0 0.0004532657004750169
0.0 0.00045651141230828354
0.0 0.0004643284390329712
0.0 0.0004659311838576945
0.0 0.0004717045687427101
0.0 0.0004718965341200133
0.0 0.0004787000892130221
0.0 0.00048171425048807674
0.0 0.0004889574740904199
0.0 0.0004929968005505941
0.0 0.0004930902124774971
0.0 0.000494138400767835
0.0 0.0004945244700322147
0.0 0.0004963312377893458
0.0 0.0005014652082521658
0.0 0.0005036439857094228
0.0 0.0005061172860126822
0.0 0.0005118570007438213
0.0 0.0005197400937704394
0.0 0.00052232982910582
0.0 0.0005249946852845112
0.0 0.0005261559870917905
0.0 0.0005346951476167105
0.0 0.0005360007305833708
0.0 0.0005524426402247394
0.0 0.0005529618885977626
0.0 0.0005652187801131296
0.0 0.0005821064097914887
0.0 0.0005960634620767808
0.0 0.0005970860337500478
0.0 0.000601730649476462
0.0 0.0006065428879689309
0.0 0.0006089008452450597
0.0 0.0006096943688715515
0.0 0.0006102601639572984
0.0 0.0006176962629411036
0.0 0.0006360749799338987
0.0 0.0006369994531588448
0.0 0.0006406725029450938
0.0 0.000647220938372177
0.0 0.0006513013970203301
0.0 0.0006536026155371565
0.0 0.0006607756778188545
0.0 0.000668106534821692
0.0 0.0006896707668726477
0.0 0.0006926902061718235
0.0 0.0006949205808648856
0.0 0.0006996574710130041
0.0 0.0007052486730654237
0.0 0.0007195664509992725
0.0 0.0007212591952353032
0.0 0.000725788285933755
0.0 0.0007336149132023182
0.0 0.000735322263005098
0.0 0.0007421283661097514
0.0 0.000742784752109509
0.0 0.000745372621936364
0.0 0.0007510223827564037
0.0 0.0007555840061035333
0.0 0.0007898644087688129
0.0 0.0007909862618958074
0.0 0.0007912511641064401
0.0 0.0007941325102745148
0.0 0.0007950621705231663
0.0 0.0008060120685654267
0.0 0.0008062352015851695
0.0 0.0008091254657940008
0.0 0.000811965497773265
0.0 0.0008154125935268786
0.0 0.0008182845666521174
0.0 0.0008228900066994943
0.0 0.0008248793667910928
0.0 0.0008264548569912594
0.0 0.0008264671420474035
0.0 0.0008365648211949282
0.0 0.0008427934356603938
0.0 0.0008472705651213769
0.0 0.000851404168012405
0.0 0.0008575340470266387
0.0 0.0008587792967175693
0.0 0.0008600774176501274
0.0 0.0008715825092296844
0.0 0.0008732031356361287
0.0 0.0008797068443588059
0.0 0.0008801930595808639
0.0 0.0008860694114364501
0.0 0.0008907081576360397
0.0 0.0008932477062420613
0.0 0.0008981592716884655
0.0 0.00090871550193162
0.0 0.0009137905041249484
0.0 0.0009200907359177133
0.0 0.0009243758545011852
0.0 0.0009263449215000419
0.0 0.000926472959085188
0.0 0.0009268532498231593
0.0 0.0009318871198285089
0.0 0.000947892636975515
0.0 0.0009586710902342536
0.0 0.0009692777347078067
0.0 0.0009746799743966471
0.0 0.000987107537192001
0.0 0.0009902972837695
0.0 0.0009926520105308651
0.0 0.0009989447802895277
0.0 0.0010011712874649149
0.0 0.0010171792616231498
0.0 0.001018412499259184
0.0 0.0010248927298745635
0.0 0.0010258287601523266
0.0 0.0010506015303666611
0.0 0.0010647294359327718
0.0 0.00108445787109393
0.0 0.0010965521903663238
0.0 0.0011001281427088264
0.0 0.0011086255795430646
0.0 0.0011110812257656428
0.0 0.0011157538241199406
0.0 0.0011344583226015935
0.0 0.0011384800859815026
0.0 0.0011423808188082887
0.0 0.0011469491306859854
0.0 0.0011741703580900435
0.0 0.0011771397016602763
0.0 0.0011821935007567041
0.0 0.0011855491410923563
0.0 0.0012043945992182105
0.0 0.0012258828004216968
0.0 0.0012308617971762696
0.0 0.0012605682459380675
0.0 0.0012638679210179523
0.0 0.001265932629453901
0.0 0.0012683501465022248
0.0 0.0012756282687640585
0.0 0.0012761945643520929
0.0 0.001286505639474861
0.0 0.0013296879758229745
0.0 0.001330257183424317
0.0 0.0013314723119775907
0.0 0.001334691997691915
0.0 0.0014130486337905178
0.0 0.0014520598750762598
0.0 0.0014551042939895953
0.0 0.0014610392501130094
0.0 0.0014643009780194712
0.0 0.001500337870712107
0.0 0.001540938980263725
0.0 0.0015576148064741185
0.0 0.0015632693903161999
0.0 0.0015647887332597673
0.0 0.0015681932408187483
0.0 0.0015759892464473672
0.0 0.001578753839081865
0.0 0.0016003777219054313
0.0 0.0016025832079847497
0.0 0.0016111185009919948
0.0 0.0016147337655141585
0.0 0.0016257078696670436
0.0 0.0016384848740593847
0.0 0.0016392498235552897
0.0 0.0016462217294176803
0.0 0.0016473321164922736
0.0 0.0016635922528029177
0.0 0.0016741998072806296
0.0 0.0016777955977137946
0.0 0.0016989950545976869
0.0 0.0017064245105511328
0.0 0.0017180758397990123
0.0 0.0017344062284307175
0.0 0.001743290053030791
0.0 0.0017440699265949004
0.0 0.00176905008675703
0.0 0.0017936074589869717
0.0 0.0017943201742441602
0.0 0.0018073807359323898
0.0 0.0018192430041442842
0.0 0.0018276492585618084
0.0 0.0018319848823760948
0.0 0.0018630429603149895
0.0 0.0018770826864781104
0.0 0.0018806921269736577
0.0 0.0018962187999322921
0.0 0.0019065349710783498
0.0 0.0019783739753906453
0.0 0.002017217502909917
0.0 0.0020257937461043087
0.0 0.0020376834964417993
0.0 0.002040768592541034
0.0 0.002052184958715106
0.0 0.002067955876789968
0.0 0.0020935846879165053
0.0 0.002101388337580058
0.0 0.0021041758623193585
0.0 0.002116808176050447
0.0 0.002135795958826741
0.0 0.002139640180395264
0.0 0.002149168105938951
0.0 0.0021603258489310863
0.0 0.002167159616162168
0.0 0.0021705339115830756
0.0 0.0021814663375454867
0.0 0.002193694609430059
0.0 0.0021950803637631115
0.0 0.0021982575522832186
0.0 0.0022089100609663766
0.0 0.002227951533988041
0.0 0.0022515712379327334
0.0 0.002253050904694976
0.0 0.0022717655042227922
0.0 0.002288470450566268
0.0 0.0023328213232547234
0.0 0.0023504224416938057
0.0 0.0023705033214656756
0.0 0.0024186201553649954
0.0 0.0024350171563011264
0.0 0.002435675635310449
0.0 0.0024584379333367004
0.0 0.0024948153495855667
0.0 0.0025027527698604666
0.0 0.0025541996729785757
0.0 0.0025766003353521116
0.0 0.002622448528883491
0.0 0.0026546244559310815
0.0 0.0026739068980540016
0.0 0.002687044992096563
0.0 0.0026897342363867106
0.0 0.0027002922866381828
0.0 0.0027334573882064114
0.0 0.002769200349555748
0.0 0.002772798141998062
0.0 0.0027740954439268773
0.0 0.0027766854977637136
0.0 0.0027863784980618105
0.0 0.002814175849098818
0.0 0.002832158077279615
0.0 0.002836418898752046
0.0 0.002848996430232774
0.0 0.0028562926615773683
0.0 0.002858030041517389
0.0 0.0028634660423605216
0.0 0.002866503818243498
0.0 0.002877770397733028
0.0 0.002930056506686402
0.0 0.0029379116625853443
0.0 0.002953489113776041
0.0 0.002977984241721519
0.0 0.0029907787181937093
0.0 0.00302089967384985
0.0 0.0030420683725931744
0.0 0.0030590656122724633
0.0 0.0030674806027299125
0.0 0.0030892944944218405
0.0 0.0031335530926885915
0.0 0.003148432388688641
0.0 0.0031599490373210148
0.0 0.0031658112841121393
0.0 0.0031820945345284175
0.0 0.003190574681283638
0.0 0.0032171125865648373
0.0 0.0032284097421941037
0.0 0.0032833223051506664
0.0 0.00330045513544962
0.0 0.0033274808029599475
0.0 0.0033721430790715516
0.0 0.0034094630776281246
0.0 0.0034405750278132213
0.0 0.003477006498309122
0.0 0.0035143224928473964
0.0 0.0035205046971007624
0.0 0.0035232314335622533
0.0 0.0035737585044766265
0.0 0.0036505519354312066
0.0 0.0036785141792217927
0.0 0.003685051649098762
0.0 0.0037178907871773014
0.0 0.0037708093490210555
0.0 0.0037737013422377884
0.0 0.0037848281450885237
0.0 0.003795404577424004
0.0 0.003867579191270073
0.0 0.003912764537772167
0.0 0.003915597926721072
0.0 0.0039876982842277815
0.0 0.004039639137603299
0.0 0.0040479824197330325
0.0 0.004074980423116932
0.0 0.004085689352057936
0.0 0.004085886640959569
0.0 0.004173648534041249
0.0 0.004234084094238528
0.0 0.004256767585904626
0.0 0.004288755688093835
0.0 0.0043080354002042786
0.0 0.004316544667092582
0.0 0.004327473453038358
0.0 0.004329277809284468
0.0 0.004354889694333651
0.0 0.004580588561802754
0.0 0.004624337921742229
0.0 0.004680245665246878
0.0 0.004684912894576639
0.0 0.004691668037448398
0.0 0.004711091530215935
0.0 0.004718738477163339
0.0 0.0047608247135021535
0.0 0.00476308989585429
0.0 0.004818104379276641
0.0 0.00484022476036926
0.0 0.004985553152536289
0.0 0.005019610604182658
0.0 0.005094729991486671
0.0 0.005123756576141413
0.0 0.005195444155761682
0.0 0.0052277001631752485
0.0 0.0052566153633209515
0.0 0.005269374713632612
0.0 0.00532167884066833
0.0 0.005391363319134201
0.0 0.005397996521448679
0.0 0.005406846493894044
0.0 0.005595525300177321
0.0 0.0056221381898012065
0.0 0.005637646480675833
0.0 0.005642085844964225
0.0 0.005673891582320007
0.0 0.005684706071743435
0.0 0.0057383096847179495
0.0 0.00573898235979215
0.0 0.005806050758302243
0.0 0.005867464754971087
0.0 0.005925886293964062
0.0 0.005967733745211602
0.0 0.006002838065642278
0.0 0.006030372971479882
0.0 0.006047532373900272
0.0 0.006051753337190547
0.0 0.006076609918787909
0.0 0.006146222688926065
0.0 0.006169835476839151
0.0 0.006183056745261828
0.0 0.006188015175922412
0.0 0.006409689276997881
0.0 0.006440690570677266
0.0 0.006520036381296506
0.0 0.006614303348107103
0.0 0.006617013704493735
0.0 0.006782451004560725
0.0 0.006799585290866333
0.0 0.0068330159316481055
0.0 0.00684597075085308
0.0 0.006872280063089584
0.0 0.006884355454275474
0.0 0.006924551429975585
0.0 0.007054527687981641
0.0 0.0071704265456524014
0.0 0.007230483908121275
0.0 0.007272713197113855
0.0 0.00732471884278548
0.0 0.0073468428638947345
0.0 0.007356442315765305
0.0 0.00735820699583009
0.0 0.007373002935449191
0.0 0.007376601455894833
0.0 0.007398125602262592
0.0 0.007413875954243465
0.0 0.007455573800807294
0.0 0.007508228825446654
0.0 0.007552580244137605
0.0 0.007631292691862307
0.0 0.007685561699877752
0.0 0.007757867718324354
0.0 0.007766715142758075
0.0 0.00776893992092556
0.0 0.00777145298841056
0.0 0.007802798627663642
0.0 0.007912209519683673
0.0 0.007929646655373336
0.0 0.007953081810474619
0.0 0.007956048424032375
0.0 0.008020494918560073
0.0 0.008081827014854623
0.0 0.008085502703652932
0.0 0.008207984895410267
0.0 0.008238148985263535
0.0 0.008242726670184069
0.0 0.008305506765096133
0.0 0.008357809436125197
0.0 0.008398537582257387
0.0 0.008635429136878323
0.0 0.008686893876077946
0.0 0.00872141506584365
0.0 0.008743059332760374
0.0 0.008824601529417345
0.0 0.008937366332765127
0.0 0.008983170118093554
0.0 0.00899147954806858
0.0 0.009018369078956747
0.0 0.009327078889795158
0.0 0.009339444754308545
0.0 0.009367103056710084
0.0 0.009406536812926768
0.0 0.009455042218601904
0.0 0.009604876223360087
0.0 0.009620928696721688
0.0 0.009642737492390327
0.0 0.009657538528032717
0.0 0.00967896803396796
0.0 0.00972164504500668
0.0 0.009726943453220999
0.0 0.00976424270368275
0.0 0.009940560741475932
0.0 0.009974564320876098
0.0 0.00999979327617525
0.0 0.010113835725362015
0.0 0.010120521707917704
0.0 0.010141346243088161
0.0 0.010220254523707843
0.0 0.010261424567859554
0.0 0.010275327975399684
0.0 0.010342627514966118
0.0 0.01042016496532095
0.0 0.010521671925219125
0.0 0.010584371211761888
0.0 0.010641381152303701
0.0 0.011138351895515658
0.0 0.01114382502452847
0.0 0.011222346007378156
0.0 0.01131634434096107
0.0 0.011316872143373185
0.0 0.011397660856586653
0.0 0.011488466167577094
0.0 0.011551155990076604
0.0 0.011563585918882771
0.0 0.011580870173873752
0.0 0.011596872415005786
0.0 0.011625616898371294
0.0 0.011648133313273832
0.0 0.011726103925608264
0.0 0.011766532134369706
0.0 0.011883044698845175
0.0 0.011993647332311598
0.0 0.012060264732760579
0.0 0.012061004384140869
0.0 0.012066885195016832
0.0 0.012147619307980771
0.0 0.012415748757362385
0.0 0.012460506401909833
0.0 0.012465196199342733
0.0 0.012496458118213203
0.0 0.012548108498261224
0.0 0.012605485352479875
0.0 0.012685060484147139
0.0 0.012789108175656743
0.0 0.0127925618234403
0.0 0.01293727141277933
0.0 0.01293926031786885
0.0 0.01305801076457169
0.0 0.013129072625332354
0.0 0.013145441052137897
0.0 0.013198875040337208
0.0 0.01330061059328008
0.0 0.013305713896602747
0.0 0.013326788136914385
0.0 0.013421542137950783
0.0 0.013538867154139248
0.0 0.013594161918842515
0.0 0.013698912861566055
0.0 0.01371358940863952
0.0 0.013825307343202992
0.0 0.013938992342756173
0.0 0.013995326696210479
0.0 0.01403011797521052
0.0 0.014175276014599017
0.0 0.014176788805512642
0.0 0.01423857881589991
0.0 0.014251876524671928
0.0 0.014448677664075177
0.0 0.01456782123257463
0.0 0.014650196265037753
0.0 0.014812999649067453
0.0 0.014820316082504373
0.0 0.014898394439331207
0.0 0.01492606438978598
0.0 0.01499096297437978
0.0 0.015066633096200712
0.0 0.015164118565720227
0.0 0.015176625662879062
0.0 0.015375985005973588
0.0 0.015569430050039105
0.0 0.015574721178220154
0.0 0.015682202133420156
0.0 0.015796636976400207
0.0 0.01581387027115829
0.0 0.015851196457743147
0.0 0.01585456420113411
0.0 0.01594220852167847
0.0 0.01607756909229144
0.0 0.016092500440529373
0.0 0.01609630061789661
0.0 0.016126582644288862
0.0 0.01617009394714039
0.0 0.016177440956717047
0.0 0.01628907444289458
0.0 0.016513676573351472
0.0 0.016558504106218317
0.0 0.016558935084187935
0.0 0.016573776160013313
0.0 0.016621051240065726
0.0 0.016645698520706558
0.0 0.01664607125841001
0.0 0.01673300359170051
0.0 0.016735309906240625
0.0 0.01707237981468786
0.0 0.01707602565534976
0.0 0.017519033151943635
0.0 0.017543320798940904
0.0 0.017551181778866463
0.0 0.017809593839838524
0.0 0.01788289503883321
0.0 0.017972452552121078
0.0 0.01870600180852334
0.0 0.018815991463188377
0.0 0.018922079020020393
0.0 0.019085223109607155
0.0 0.019262973857947983
0.0 0.019376291943824328
0.0 0.01951458491183868
0.0 0.019550392483483295
0.0 0.019571223570683693
0.0 0.019773275070081676
0.0 0.019937182107155196
0.0 0.020087543914325493
0.0 0.020263770223699466
0.0 0.020648008923713358
0.0 0.020685113797286787
0.0 0.020877762405712503
0.0 0.020944036916594442
0.0 0.021113744684177947
0.0 0.021554122632754493
0.0 0.022341488807106097
0.0 0.02245415897002136
0.0 0.022894391317932496
0.0 0.022904043186042614
0.0 0.02298964764126456
0.0 0.023030016881756512
0.0 0.023509225071791612
0.0 0.02354347326030967
0.0 0.023798143384180657
0.0 0.02400491671315793
0.0 0.024691182153467852
0.0 0.025295308434392618
0.0 0.0255807352428251
0.0 0.02667384679846734
0.0 0.026726900768929928
0.0 0.027223069980478794
0.0 0.02724858795309879
0.0 0.027804569917998637
0.0 0.02796783485613769
0.0 0.027978932538855344
0.0 0.02801319528743994
0.0 0.028127739330919048
0.0 0.02845537868426759
0.0 0.02881629652570255
0.0 0.02919463111873401
0.0 0.029834598459456435
0.0 0.030340945157517556
0.0 0.030549299709721194
0.0 0.03060262158540814
0.0 0.030611279000973497
0.0 0.03223179984693526
0.0 0.032335991683103624
0.0 0.032513176044856
0.0 0.032521647091569635
0.0 0.03257554554589161
0.0 0.0330135676757018
0.0 0.03359002983019841
0.0 0.03376864690249843
0.0 0.033803637654410086
0.0 0.03401825303522642
0.0 0.03435977395601528
0.0 0.03447685436308585
0.0 0.034492052160541485
0.0 0.03500296198345659
0.0 0.035367662530178944
0.0 0.03570903785030239
0.0 0.036177307062345135
0.0 0.036294107916138116
0.0 0.036504288300686014
0.0 0.03657804086174348
0.0 0.03761442639814146
0.0 0.03779565263436565
0.0 0.038025331860025435
0.0 0.03844222442127113
0.0 0.038508245586995254
0.0 0.039468843065033316
0.0 0.03990740100529222
0.0 0.04021740811805945
0.0 0.04058801422777088
0.0 0.04101684021955369
0.0 0.04162018316889854
0.0 0.04170011793420937
0.0 0.04291814030070801
0.0 0.0431185508806068
0.0 0.04366092500731731
0.0 0.04545864186308468
0.0 0.045625849667243076
0.0 0.046626769793560154
0.0 0.04671435150581839
0.0 0.04915682887621353
0.0 0.04917228001882698
0.0 0.04976839243912751
0.0 0.05241644338901693
0.0 0.053280164008316894
0.0 0.053901692480771625
0.0 0.0546383794315135
0.0 0.05497949267043921
0.0 0.0584025992584197
0.0 0.05925951741463165
0.0 0.0601999346404437
0.0 0.060804258938273424
0.0 0.06168663973885251
0.0 0.06518746796202958
0.0 0.06818297451583002
0.0 0.069994462282532
0.0 0.07145332853371417
0.0 0.07364953402661925
0.0 0.0781296199091135
0.0 0.09783888310265373
