0.0 2.7926457877040262e-05
0.0 3.1796850596418474e-05
0.0 3.512939388901457e-05
0.0 3.623039370195702e-05
0.0 3.8352330024443674e-05
0.0 4.083595603114269e-05
0.0 4.1897046474194856e-05
0.0 4.2477236688229115e-05
0.0 4.560180990537867e-05
0.0 4.862218195881724e-05
0.0 4.9387722957425343e-05
0.0 5.048737198294455e-05
0.0 5.104768998116055e-05
0.0 5.2896721743942805e-05
0.0 5.386960719013825e-05
0.0 5.6368984800073866e-05
0.0 5.6633636759562956e-05
0.0 5.7359336638592684e-05
0.0 5.876248342613065e-05
0.0 6.153171139431263e-05
0.0 6.207284536735549e-05
0.0 6.36443656743793e-05
0.0 6.572284929828225e-05
0.0 6.626614453120232e-05
0.0 6.630678190441967e-05
0.0 6.692965131350262e-05
0.0 6.759491554133466e-05
0.0 6.961618265375173e-05
0.0 7.010780671302875e-05
0.0 7.02223819241503e-05
0.0 7.022283692622971e-05
0.0 7.077810440136427e-05
0.0 7.240475958536064e-05
0.0 7.557800664995512e-05
0.0 7.674363097698885e-05
0.0 7.805252408377695e-05
0.0 7.83297909759177e-05
0.0 7.834351497613791e-05
0.0 7.85852518934027e-05
0.0 7.891111300762449e-05
0.0 7.980482240447653e-05
0.0 8.050537204356684e-05
0.0 8.089787389984429e-05
0.0 8.145810089764441e-05
0.0 8.280082340903667e-05
0.0 8.370090283500046e-05
0.0 8.495447337645823e-05
0.0 8.505511414889783e-05
0.0 8.569140611932341e-05
0.0 8.584688601738395e-05
0.0 8.618354205593975e-05
0.0 8.670412131004525e-05
0.0 8.833023617907233e-05
0.0 8.879952532377627e-05
0.0 8.887052839826828e-05
0.0 8.894415342224288e-05
0.0 9.121334548020474e-05
0.0 9.202016654246736e-05
0.0 9.30913950006014e-05
0.0 9.444318342842591e-05
0.0 9.460932743772264e-05
0.0 9.512293947248715e-05
0.0 9.576504978200319e-05
0.0 9.909990789767828e-05
0.0 9.947564861485545e-05
0.0 0.00010162836582801421
0.0 0.0001017066375607248
0.0 0.00010176945059778742
0.0 0.00010262975715448474
0.0 0.00010304790406546295
0.0 0.00010496173381187924
0.0 0.00010509873493798973
0.0 0.0001054269165628165
0.0 0.00010570505933396013
0.0 0.00010633827435282367
0.0 0.00010655286470852564
0.0 0.00010733302264893481
0.0 0.00010758482079968055
0.0 0.00010810414879806767
0.0 0.00010812746765463746
0.0 0.00010871803760360827
0.0 0.0001087251128859431
0.0 0.00010951144747958026
0.0 0.00010961686008632768
0.0 0.00010964718597492039
0.0 0.00011078130140795495
0.0 0.00011214580714389898
0.0 0.00011241492949881828
0.0 0.00011279946313118006
0.0 0.00011341512644483035
0.0 0.00011359184925247338
0.0 0.0001155791959598704
0.0 0.00011600449777854735
0.0 0.000116180742834007
0.0 0.00011669215379621236
0.0 0.00011677480492393728
0.0 0.0001187194155610257
0.0 0.00011917101649989256
0.0 0.00011921727883631662
0.0 0.0001196379965090435
0.0 0.00012005697379881664
0.0 0.00012014051218059641
0.0 0.00012016780093030904
0.0 0.0001203875669346643
0.0 0.00012138482911726417
0.0 0.00012169983843189202
0.0 0.00012316091835919092
0.0 0.00012323222856008652
0.0 0.00012332432098095922
0.0 0.0001241638908178874
0.0 0.00012512157919463053
0.0 0.00012525606643425227
0.0 0.00012651942520794339
0.0 0.00012732319775627394
0.0 0.00012814448788466183
0.0 0.00012848252030450783
0.0 0.00012865246358116764
0.0 0.0001286741103050956
0.0 0.0001295754921745117
0.0 0.00012972087671393533
0.0 0.00012987527029453128
0.0 0.0001300111566655472
0.0 0.00013150909176127838
0.0 0.0001323461590867698
0.0 0.0001328659534622883
0.0 0.00013371728510296925
0.0 0.0001338798687209946
0.0 0.00013453063544507143
0.0 0.00013502157131370333
0.0 0.00013622667844617788
0.0 0.00013652544418657077
0.0 0.00013673128712729608
0.0 0.00013708555174632507
0.0 0.0001378020776459287
0.0 0.00013844531408559126
0.0 0.00013936435003568848
0.0 0.00013948787172519644
0.0 0.00013982484626520782
0.0 0.00014014359797193883
0.0 0.00014086612989899064
0.0 0.00014235230319096904
0.0 0.0001425001447416215
0.0 0.00014274867825244747
0.0 0.0001429711515191752
0.0 0.00014325013604416575
0.0 0.00014358907846817058
0.0 0.0001452537377008497
0.0 0.0001453218173869815
0.0 0.00014684599472764264
0.0 0.00014759317639234654
0.0 0.00014856938335372168
0.0 0.00014954222329970922
0.0 0.00015127215258067976
0.0 0.00015149613872932156
0.0 0.000151520504090674
0.0 0.00015264472322848137
0.0 0.00015293213666699295
0.0 0.0001530836978596446
0.0 0.00015354521784384262
0.0 0.00015356896895238784
0.0 0.000155063810033979
0.0 0.0001557134392528573
0.0 0.00015696909711635437
0.0 0.00015749558002244022
0.0 0.0001577084527452924
0.0 0.00016023662629932868
0.0 0.00016050649940767901
0.0 0.0001608598426474972
0.0 0.00016214424526736103
0.0 0.00016218898334681905
0.0 0.00016247519102982022
0.0 0.0001626276508515787
0.0 0.00016292813422482137
0.0 0.00016355315920625553
0.0 0.00016524682482149707
0.0 0.0001656249884247471
0.0 0.00016607311997275846
0.0 0.0001662142502427396
0.0 0.00016657759215325284
0.0 0.0001667757341837841
0.0 0.00016828240531943994
0.0 0.00016870744551192123
0.0 0.00017002597328774085
0.0 0.00017088116107104477
0.0 0.00017217324185099867
0.0 0.0001722005306007113
0.0 0.00017412537139744932
0.0 0.0001743634171103449
0.0 0.00017513624951727555
0.0 0.00017513725052185027
0.0 0.00017533554042805733
0.0 0.00017591930809594095
0.0 0.0001770960230986603
0.0 0.00017738512004486574
0.0 0.00017829561333092202
0.0 0.00017858170726340334
0.0 0.00017908548556572662
0.0 0.0001790901265869366
0.0 0.0001791743133466795
0.0 0.0001803746315822683
0.0 0.00018154808194506788
0.0 0.00018222552316605014
0.0 0.00018440204836301405
0.0 0.00018459485549416423
0.0 0.0001851655532273168
0.0 0.00018555382925178172
0.0 0.00018623096334636035
0.0 0.0001882003943468806
0.0 0.00018927835114826392
0.0 0.00019053177950157187
0.0 0.00019176913490642465
0.0 0.00019209416564185152
0.0 0.0001928959930562926
0.0 0.0001944864528248719
0.0 0.00019492873759616283
0.0 0.00019685134888271173
0.0 0.0001975036398637546
0.0 0.00019808824928548512
0.0 0.00019824401924737128
0.0 0.0001982962762361916
0.0 0.0001983220521039902
0.0 0.00019919365408730888
0.0 0.00019944727224637226
0.0 0.0001997939383306751
0.0 0.00020034976887088292
0.0 0.00020101056839081074
0.0 0.00020109012550439565
0.0 0.00020182879863021457
0.0 0.00020195999847981257
0.0 0.00020354961649454495
0.0 0.00020525227977590682
0.0 0.00020587763463384857
0.0 0.00020635256580433723
0.0 0.00020734319633162966
0.0 0.0002075460135085269
0.0 0.00020756355383868817
0.0 0.00020762955189030665
0.0 0.0002091923247823538
0.0 0.00020940729051477128
0.0 0.00020967298897904302
0.0 0.00021010553670583457
0.0 0.00021034664230771416
0.0 0.0002106534729599646
0.0 0.0002106688520302487
0.0 0.0002112256835750312
0.0 0.00021126333499710243
0.0 0.0002122178383592897
0.0 0.00021381571466176337
0.0 0.00021488717630846309
0.0 0.0002160659274454878
0.0 0.00021617822195868632
0.0 0.00021628639870306614
0.0 0.00021631258407273622
0.0 0.0002167525255833182
0.0 0.0002169030402711872
0.0 0.00021721501244693496
0.0 0.00021765531795918047
0.0 0.00021767354079246085
0.0 0.00021786077414813826
0.0 0.00021881668801677172
0.0 0.00021904837507560752
0.0 0.00021967636894560982
0.0 0.00021978463669040555
0.0 0.000220872523912172
0.0 0.00022147314940709778
0.0 0.00022203316596643618
0.0 0.00022260125881268413
0.0 0.00022288358760295832
0.0 0.00022311015588840074
0.0 0.00022364917410177437
0.0 0.00022400796599149347
0.0 0.00022401092350500965
0.0 0.00022540723388630448
0.0 0.00022547848721194016
0.0 0.00022576950654193108
0.0 0.00022584574214033632
0.0 0.00022652255773345938
0.0 0.00022676962386257926
0.0 0.00022683539441315802
0.0 0.0002271324880209091
0.0 0.00022723151922349278
0.0 0.00022739356821407483
0.0 0.00022826769545893422
0.0 0.00022936686673227005
0.0 0.00022964787601651395
0.0 0.00023054363861024934
0.0 0.00023075569232935858
0.0 0.00023093553190124558
0.0 0.00023095853225635978
0.0 0.00023113350330599707
0.0 0.0002311793902657056
0.0 0.00023336540225602523
0.0 0.00023418768201393582
0.0 0.00023430589155416668
0.0 0.0002357292063088745
0.0 0.0002358285560129138
0.0 0.00023738036335484714
0.0 0.00023740165745216355
0.0 0.00023799463891215522
0.0 0.00023801629701113516
0.0 0.00023807897354757396
0.0 0.00023924880664384223
0.0 0.00023955049577259534
0.0 0.00024070240178693483
0.0 0.0002409291065730011
0.0 0.0002411539231004378
0.0 0.00024167214771878234
0.0 0.00024177495543862515
0.0 0.0002420289148492481
0.0 0.0002424990912480069
0.0 0.00024372946237094073
0.0 0.00024391551272121166
0.0 0.0002439449058555416
0.0 0.00024395293664224317
0.0 0.0002442189763580745
0.0 0.0002442735311073958
0.0 0.00024433284062844694
0.0 0.0002447095140998869
0.0 0.00024485770827715087
0.0 0.00024544584396499685
0.0 0.0002454819256298941
0.0 0.00024550094471681346
0.0 0.000245850158812761
0.0 0.00024648647922081654
0.0 0.00024800941668081126
0.0 0.00024803762680973476
0.0 0.00024885831406036736
0.0 0.0002492447700765147
0.0 0.00024968958010934634
0.0 0.00025050874310301297
0.0 0.00025070596375433344
0.0 0.0002527120906725581
0.0 0.00025380216190430574
0.0 0.0002542731118065995
0.0 0.000255090113540389
0.0 0.000255699839076903
0.0 0.00025586370807580264
0.0 0.0002562425428071198
0.0 0.00025756982937296806
0.0 0.00025772086731322836
0.0 0.0002579995560868673
0.0 0.00026061857080605786
0.0 0.0002609649183889051
0.0 0.00026099993079891574
0.0 0.00026101062334778186
0.0 0.0002612132130236394
0.0 0.00026176483479461266
0.0 0.00026228103465370385
0.0 0.00026275075605038323
0.0 0.0002638328192455332
0.0 0.00026439520181568456
0.0 0.0002648977288622894
0.0 0.00026500554160500576
0.0 0.00026648955363710693
0.0 0.0002677952276041832
0.0 0.0002682652675023182
0.0 0.00026837151048786053
0.0 0.00026857774018035336
0.0 0.0002687276178653111
0.0 0.00026919210673807733
0.0 0.00026953611106021556
0.0 0.0002695955343317866
0.0 0.00027036007432582
0.0 0.0002705281520939542
0.0 0.00027166051576898304
0.0 0.000272891546644932
0.0 0.0002729694430009271
0.0 0.0002737857167313895
0.0 0.00027424078706111184
0.0 0.00027579744017519094
0.0 0.0002763131167818908
0.0 0.0002769423846577154
0.0 0.00027789622826688757
0.0 0.00027867412257195163
0.0 0.000279021152657918
0.0 0.0002796311056954717
0.0 0.00028003628504718676
0.0 0.00028013527074956246
0.0 0.0002805435213653135
0.0 0.00028058347054788575
0.0 0.0002815126530443538
0.0 0.00028195887358363166
0.0 0.00028230280965545803
0.0 0.0002826251331285124
0.0 0.00028306489263826265
0.0 0.00028311867388404894
0.0 0.0002835906020408135
0.0 0.00028370683232199886
0.0 0.0002841224084712284
0.0 0.0002853723446835769
0.0 0.0002860922034734122
0.0 0.0002863755105181571
0.0 0.00028663572620737194
0.0 0.00028672904713385904
0.0 0.0002867333241534055
0.0 0.0002874612137299424
0.0 0.0002883528585548591
0.0 0.00028993178402072535
0.0 0.00029025872576488574
0.0 0.0002904378600835496
0.0 0.0002905643051614178
0.0 0.00029122963195203573
0.0 0.00029137848588231487
0.0 0.0002919934439427421
0.0 0.0002934252672363349
0.0 0.00029381777478013836
0.0 0.00029429850722713943
0.0 0.0002954566922701748
0.0 0.0002968661749616686
0.0 0.0002970741109119592
0.0 0.00029883519646031737
0.0 0.00029898434614194813
0.0 0.00030031722923337315
0.0 0.00030075318947576023
0.0 0.0003007693647996833
0.0 0.0003013560899810831
0.0 0.00030173269520221115
0.0 0.0003030611420233619
0.0 0.00030314893467458414
0.0 0.00030362172733529953
0.0 0.00030457759570372506
0.0 0.0003052701998690037
0.0 0.0003054249915764191
0.0 0.0003056181854593368
0.0 0.00030677414099218304
0.0 0.00030739560558234585
0.0 0.0003081298879380984
0.0 0.00030841028296953513
0.0 0.00030882740612583464
0.0 0.00030896201849102824
0.0 0.0003100026764969519
0.0 0.0003103655406552817
0.0 0.0003115782121973265
0.0 0.0003122218126386526
0.0 0.00031269285354136226
0.0 0.00031275223131272534
0.0 0.0003137339210491574
0.0 0.00031497022994922755
0.0 0.00031506389212727416
0.0 0.0003163540050232346
0.0 0.0003165803913078453
0.0 0.0003166691849636422
0.0 0.0003167236259624437
0.0 0.00031695349301296186
0.0 0.0003172178037208914
0.0 0.0003181561317591556
0.0 0.00031883947663211823
0.0 0.00031919201224324547
0.0 0.0003199030212426362
0.0 0.0003211333468653621
0.0 0.00032140511960739395
0.0 0.00032171793353698866
0.0 0.0003219715289459481
0.0 0.000321971619946364
0.0 0.00032260857735733067
0.0 0.00032359795662890474
0.0 0.00032384299799877126
0.0 0.0003243103988848457
0.0 0.000326277463874553
0.0 0.00032763669158637586
0.0 0.0003276817822924454
0.0 0.0003283601448926385
0.0 0.0003285577977959344
0.0 0.0003286497082159753
0.0 0.00032920005598112623
0.0 0.0003336086621289501
0.0 0.0003336233359460111
0.0 0.00033368842399347077
0.0 0.00033478243099320526
0.0 0.0003348074788576768
0.0 0.00033511599301762107
0.0 0.00033675538825984094
0.0 0.00033682059005782047
0.0 0.00033838957372825157
0.0 0.00033844708599108905
0.0 0.0003387231357526674
0.0 0.00034221923523023356
0.0 0.00034351398914740395
0.0 0.0003457207492325447
0.0 0.0003468782972726689
0.0 0.00034699741681705855
0.0 0.00034730274596244694
0.0 0.0003491622712106856
0.0 0.0003500339414443162
0.0 0.00035050193383309383
0.0 0.000350781964862867
0.0 0.0003513880503827457
0.0 0.0003519775738269339
0.0 0.0003523043335702625
0.0 0.0003541440662280468
0.0 0.0003576992249755205
0.0 0.00035824766173193787
0.0 0.0003583128635299174
0.0 0.0003588282443852656
0.0 0.00036010616322549785
0.0 0.0003612410066618594
0.0 0.00036165840281940663
0.0 0.0003620130314400991
0.0 0.0003623290986345616
0.0 0.00036281638311150624
0.0 0.0003629667612987514
0.0 0.00036479104663593974
0.0 0.0003661251809830831
0.0 0.00036652048678967493
0.0 0.0003667840467441734
0.0 0.0003674124728661512
0.0 0.0003680703376226668
0.0 0.00036874833622119635
0.0 0.0003705475964440171
0.0 0.00037101131181324827
0.0 0.00037234596941278296
0.0 0.0003724734382453298
0.0 0.00037273868170752215
0.0 0.0003730003534033911
0.0 0.0003731978698060632
0.0 0.00037337934738543603
0.0 0.00037339545445904716
0.0 0.0003737578636152976
0.0 0.00037433332749523196
0.0 0.0003751371341687185
0.0 0.0003756053085583279
0.0 0.00037601508343104495
0.0 0.0003764401463736302
0.0 0.0003773936487312428
0.0 0.00037933953337415357
0.0 0.0003798736603151735
0.0 0.0003804408204071586
0.0 0.0003816571774660466
0.0 0.0003822378738698942
0.0 0.00038232414226415046
0.0 0.0003840280795513347
0.0 0.00038428565622848897
0.0 0.0003862500367059278
0.0 0.00038632661355589255
0.0 0.0003872590493172284
0.0 0.0003885208610838495
0.0 0.00038870172441041515
0.0 0.00038982298603470637
0.0 0.0003902320784043043
0.0 0.0003909128070153103
0.0 0.0003915234653060871
0.0 0.00039179259903605835
0.0 0.0003920924909065978
0.0 0.0003937704475750477
0.0 0.00039403252877278814
0.0 0.00039404508683017986
0.0 0.00039425716329939307
0.0 0.0003952391032869688
0.0 0.0003958290589831324
0.0 0.00039656029282495294
0.0 0.00039781696306807673
0.0 0.0003980500606333587
0.0 0.0003989855449086266
0.0 0.0003993383990212094
0.0 0.00039995820285378234
0.0 0.0004002865778544929
0.0 0.0004033242172368451
0.0 0.00040349020199541405
0.0 0.00040419955023721495
0.0 0.00040543665539092405
0.0 0.0004056828115158851
0.0 0.00040672886129644977
0.0 0.0004070274336609589
0.0 0.0004072755462948614
0.0 0.000410204849682106
0.0 0.000410960426135175
0.0 0.0004138292597460659
0.0 0.000415148947777188
0.0 0.0004165954448878418
0.0 0.00041823108636290655
0.0 0.0004216013322653078
0.0 0.0004221310911863654
0.0 0.0004227926642098282
0.0 0.0004232251891865158
0.0 0.00042348881739132625
0.0 0.00042352080403750876
0.0 0.000424261547422789
0.0 0.0004255758664293741
0.0 0.0004260964798086355
0.0 0.00042940075040952226
0.0 0.00043124450983570936
0.0 0.000431706291446103
0.0 0.0004325437682734659
0.0 0.00043266243281577616
0.0 0.0004329398930838007
0.0 0.0004329787047611744
0.0 0.00043307161618579
0.0 0.00043501574907069503
0.0 0.0004358787970149208
0.0 0.00043623902216119003
0.0 0.00043700415365792667
0.0 0.00043853450765181585
0.0 0.00043879404083791156
0.0 0.0004391193218244821
0.0 0.0004397945449103272
0.0 0.0004404735900136394
0.0 0.00044158757160466005
0.0 0.00044182349018283436
0.0 0.00044328736837292163
0.0 0.00044350030934608574
0.0 0.0004438452464224868
0.0 0.0004440039056475772
0.0 0.0004468327900758959
0.0 0.00044694549409096587
0.0 0.0004473392528904877
0.0 0.0004473599099848929
0.0 0.0004474757990145188
0.0 0.0004475243477363919
0.0 0.00044785386024230096
0.0 0.0004496482974430799
0.0 0.0004507808431189405
0.0 0.00045132629961173776
0.0 0.0004522920415252865
0.0 0.00045759258824937867
0.0 0.00045842396804887745
0.0 0.0004587257254279425
0.0 0.0004601816410816401
0.0 0.0004613972246369931
0.0 0.0004625941986072982
0.0 0.0004646501710033223
0.0 0.0004648210697843489
0.0 0.0004657191073884813
0.0 0.00046601467673926635
0.0 0.0004664095730439867
0.0 0.0004671353013606464
0.0 0.00046733668528099346
0.0 0.0004684258237584783
0.0 0.0004686568738144029
0.0 0.00046896013270033
0.0 0.0004706199347858114
0.0 0.0004736520686430027
0.0 0.0004740503319631107
0.0 0.00047460384199271354
0.0 0.0004761345599882662
0.0 0.00047702317904935485
0.0 0.00047704879566642564
0.0 0.00047743008740897165
0.0 0.0004782227920317205
0.0 0.00047985656799825967
0.0 0.0004806872652946394
0.0 0.0004811087337207973
0.0 0.0004816079165021185
0.0 0.0004867579485383417
0.0 0.00048715762236489584
0.0 0.0004873826208931643
0.0 0.00048772728496831774
0.0 0.0004897149615522223
0.0 0.0004897541827314676
0.0 0.0004906190961842189
0.0 0.0004935352500113685
0.0 0.0004947667586395008
0.0 0.0004949200943402622
0.0 0.0004950690620210611
0.0 0.0004952242632303481
0.0 0.0004953369672454181
0.0 0.0004963083056845435
0.0 0.0004983746521279781
0.0 0.0004998999100985779
0.0 0.0005000786804155783
0.0 0.0005007265123762429
0.0 0.0005030509359991193
0.0 0.0005033797205017012
0.0 0.0005034623033791142
0.0 0.0005054992111880111
0.0 0.0005055727850242517
0.0 0.0005061279330613404
0.0 0.0005082241731413923
0.0 0.0005083730498217755
0.0 0.0005103771519807468
0.0 0.0005105581063077283
0.0 0.0005109076844053394
0.0 0.0005148207022882693
0.0 0.0005179468395750669
0.0 0.0005186476792779828
0.0 0.0005187861364107474
0.0 0.000521432929006886
0.0 0.0005220450433043169
0.0 0.0005226801352067581
0.0 0.0005232210871789692
0.0 0.0005232704549045852
0.0 0.0005240537864844982
0.0 0.0005250436435082557
0.0 0.0005251745021062941
0.0 0.0005254953240724865
0.0 0.0005275604420103068
0.0 0.0005276152697608757
0.0 0.0005295558081293534
0.0 0.000530270798396939
0.0 0.0005319955747793602
0.0 0.0005333153538108982
0.0 0.0005357403328933243
0.0 0.0005364302525463343
0.0 0.0005380071987531551
0.0 0.0005380301763581654
0.0 0.0005390413274792392
0.0 0.0005417410368172132
0.0 0.0005430307402113022
0.0 0.0005433588422107651
0.0 0.0005438792280889869
0.0 0.0005482685876488516
0.0 0.0005503793422952368
0.0 0.000550660897581976
0.0 0.0005514497801872579
0.0 0.0005529455995233198
0.0 0.0005533394038230495
0.0 0.000553876943279665
0.0 0.0005556805715224481
0.0 0.0005562411340842817
0.0 0.0005566026787365814
0.0 0.0005569708664192402
0.0 0.000557481242251715
0.0 0.0005582984259863362
0.0 0.0005606169345821801
0.0 0.0005611095653335578
0.0 0.0005635371834280445
0.0 0.0005647040362606925
0.0 0.0005660262268032514
0.0 0.0005685423883023913
0.0 0.0005723224090775096
0.0 0.0005734527252431811
0.0 0.0005740167458208183
0.0 0.0005768570963015381
0.0 0.0005787338888786904
0.0 0.0005791947604849252
0.0 0.0005796263754574539
0.0 0.0005802419022704804
0.0 0.0005813811819771163
0.0 0.0005813986995571736
0.0 0.0005848061191294627
0.0 0.0005861491942674665
0.0 0.0005900897852764088
0.0 0.0005909327221287246
0.0 0.0005913323049548629
0.0 0.0005942755769059453
0.0 0.0005946420810809105
0.0 0.0005948178483841867
0.0 0.0005957228020199262
0.0 0.000596168340056085
0.0 0.0005980325290756375
0.0 0.0005989634178299034
0.0 0.0005994063623542095
0.0 0.0006005516935885015
0.0 0.0006008212823205522
0.0 0.0006036179526016486
0.0 0.0006036205006132932
0.0 0.0006036240041293047
0.0 0.0006041410684923468
0.0 0.0006047019040554282
0.0 0.0006057582823831955
0.0 0.0006059498837588352
0.0 0.0006061317480899755
0.0 0.0006061509946779346
0.0 0.0006070068535893057
0.0 0.0006074184029701324
0.0 0.0006078924696366702
0.0 0.0006087746731684391
0.0 0.0006102634399722702
0.0 0.0006110833992195758
0.0 0.0006128689183795983
0.0 0.0006149040971805934
0.0 0.0006155059284310296
0.0 0.0006155249930181568
0.0 0.0006169169808796974
0.0 0.0006194701795481012
0.0 0.0006200132700300855
0.0 0.000620964497377301
0.0 0.0006216090533229939
0.0 0.000622227947151408
0.0 0.0006233579903158319
0.0 0.0006239532240361166
0.0 0.0006239722886232439
0.0 0.0006240397199314125
0.0 0.0006251563860347017
0.0 0.0006261809142169102
0.0 0.0006281288691192823
0.0 0.0006283062289298365
0.0 0.000629211956069111
0.0 0.0006292411672026091
0.0 0.0006293911358879828
0.0 0.0006295017013932796
0.0 0.00063089059524068
0.0 0.0006316715153095721
0.0 0.0006318680762078775
0.0 0.0006325957610334787
0.0 0.0006326419892447467
0.0 0.0006326439912538961
0.0 0.0006339171780725025
0.0 0.000634121292005326
0.0 0.0006343244959339907
0.0 0.0006347031031642682
0.0 0.0006363889313686919
0.0 0.0006390617045835649
0.0 0.000639208943256462
0.0 0.0006407495347971379
0.0 0.0006407839784545494
0.0 0.0006440710954770423
0.0 0.0006453647573892221
0.0 0.0006480315245766469
0.0 0.0006488362412542922
0.0 0.0006494166874069961
0.0 0.0006499472653317967
0.0 0.0006519969131989169
0.0 0.0006550487486461468
0.0 0.0006551148604482851
0.0 0.0006553141513590669
0.0 0.0006557304327615195
0.0 0.0006559366397039083
0.0 0.0006572459991878278
0.0 0.0006584116235148616
0.0 0.0006595386181653533
0.0 0.0006597847287901065
0.0 0.0006605592333296789
0.0 0.0006606149710844067
0.0 0.0006606821293913277
0.0 0.0006614988581238695
0.0 0.0006619883493608992
0.0 0.0006620949108478972
0.0 0.0006664720308518259
0.0 0.0006680046143559041
0.0 0.0006680184919193262
0.0 0.0006686127701352442
0.0 0.0006700554452284309
0.0 0.0006744528583251013
0.0 0.0006756364097340638
0.0 0.0006777106277134722
0.0 0.0006813601083920077
0.0 0.0006851874038831768
0.0 0.0006864669607308948
0.0 0.0006870319823131068
0.0 0.0006879835736619858
0.0 0.0006898814783356227
0.0 0.0006917647774425105
0.0 0.000693377486812773
0.0 0.0006936958062675286
0.0 0.0006950230473331689
0.0 0.0006951389818630027
0.0 0.0006968651232516622
0.0 0.0006970287419994181
0.0 0.0006971437665250931
0.0 0.0006979312841241367
0.0 0.0007023048096116381
0.0 0.0007028758372212982
0.0 0.0007033695599776665
0.0 0.0007041991652690556
0.0 0.0007044941886173453
0.0 0.0007072217440825793
0.0 0.0007081938560252397
0.0 0.0007086255619981844
0.0 0.0007108603047112089
0.0 0.00071118048967449
0.0 0.0007116701629123515
0.0 0.0007124873466469728
0.0 0.0007126350403219494
0.0 0.0007176074850465787
0.0 0.0007192964072651424
0.0 0.0007205507114974532
0.0 0.0007210654098496823
0.0 0.0007212122390207081
0.0 0.0007225155014767635
0.0 0.0007230973126357056
0.0 0.0007240316594057751
0.0 0.0007249634581641997
0.0 0.0007252626220314121
0.0 0.0007258614502681242
0.0 0.0007274457220084235
0.0 0.0007286783226415465
0.0 0.0007307812057519578
0.0 0.0007315246791497144
0.0 0.0007320697261406403
0.0 0.0007325189951938502
0.0 0.0007346020402135992
0.0 0.0007354549416114541
0.0 0.0007361128746182817
0.0 0.0007372383222617034
0.0 0.0007380334838956811
0.0 0.0007394245162528548
0.0 0.0007399193765144217
0.0 0.0007401346379981908
0.0 0.0007426472504811111
0.0 0.0007432264226279928
0.0 0.0007436390185136022
0.0 0.0007440145317297396
0.0 0.000745077780588906
0.0 0.0007455274136437794
0.0 0.0007472494600137242
0.0 0.0007484076223066556
0.0 0.0007497964251536401
0.0 0.0007502395971789859
0.0 0.000750256568756548
0.0 0.0007508336933940722
0.0 0.0007540613871449941
0.0 0.0007553062273340532
0.0 0.0007568165612364483
0.0 0.0007598881437739245
0.0 0.000760365531955642
0.0 0.0007612814056412873
0.0 0.0007621237509908999
0.0 0.0007625651940083439
0.0 0.0007628819209558216
0.0 0.0007659367594167755
0.0 0.0007711024890247383
0.0 0.0007738185784375712
0.0 0.0007757430552326457
0.0 0.000776193507291262
0.0 0.000777966286393061
0.0 0.0007795902798148929
0.0 0.0007796271349833252
0.0 0.0007820310929696824
0.0 0.0007839898769215444
0.0 0.0007858646674895473
0.0 0.00078593819582558
0.0 0.0007866546420998197
0.0 0.0007875117750170131
0.0 0.0007882739035000257
0.0 0.0007904984996666793
0.0 0.0007946264605319228
0.0 0.0007966832519316899
0.0 0.0007971880312385878
0.0 0.0007983174374001005
0.0 0.0007998121192309639
0.0 0.0007998511584093773
0.0 0.0008019138648361766
0.0 0.0008020295263647628
0.0 0.000802059465501588
0.0 0.0008021586559548995
0.0 0.000802163660977773
0.0 0.0008048934004529881
0.0 0.0008090305523602358
0.0 0.0008112840866591398
0.0 0.0008115931240714754
0.0 0.0008132010104196961
0.0 0.0008137846870871639
0.0 0.00081434188263361
0.0 0.0008151135661602901
0.0 0.0008152665378593878
0.0 0.0008176593937950075
0.0 0.0008231856670506952
0.0 0.0008233123396296031
0.0 0.0008254091712123582
0.0 0.0008265223792998439
0.0 0.0008265348463568198
0.0 0.000826804844590742
0.0 0.0008284431250778672
0.0 0.0008287345994099376
0.0 0.0008308421690417668
0.0 0.0008311891536275253
0.0 0.0008320356394960604
0.0 0.0008321456589988619
0.0 0.000832990688860743
0.0 0.0008333970057176566
0.0 0.0008373270406783565
0.0 0.0008405035921955527
0.0 0.0008410839928480487
0.0 0.0008420501442634689
0.0 0.0008421258566094828
0.0 0.0008437985352538115
0.0 0.0008458039114186052
0.0 0.0008458768027517268
0.0 0.0008460423325082164
0.0 0.0008464117031962817
0.0 0.0008476284697570412
0.0 0.0008479144840641586
0.0 0.0008482493655946047
0.0 0.0008496217428665226
0.0 0.0008508353244127262
0.0 0.0008539624627040983
0.0 0.0008548386147082111
0.0 0.0008554679735844517
0.0 0.0008580744984965625
0.0 0.0008585218565410388
0.0 0.0008588389019899721
0.0 0.0008606327021878398
0.0 0.0008610936192942827
0.0 0.0008611994527779536
0.0 0.0008615205932456015
0.0 0.0008635363434578056
0.0 0.0008636976871951647
0.0 0.0008654880293772289
0.0 0.0008688419407049793
0.0 0.0008710126646254308
0.0 0.0008727393065163776
0.0 0.0008765989071551848
0.0 0.0008781696653337255
0.0 0.0008802512088466126
0.0 0.0008820133408997534
0.0 0.0008853844513061056
0.0 0.0008859113437140628
0.0 0.0008872451368096467
0.0 0.0008873380482342623
0.0 0.000890712525656002
0.0 0.000896506431134799
0.0 0.0009013646703374963
0.0 0.0009042771386478026
0.0 0.000905162117692256
0.0 0.0009103870885709581
0.0 0.0009106336086975827
0.0 0.0009111725131604365
0.0 0.0009120791503038697
0.0 0.0009135934882245636
0.0 0.0009207048977245016
0.0 0.0009256344812532504
0.0 0.0009266536859111298
0.0 0.0009289657334774461
0.0 0.0009303872509739403
0.0 0.0009318896678401537
0.0 0.0009375239585894935
0.0 0.0009384331437445714
0.0 0.0009394783745213932
0.0 0.0009408573948236704
0.0 0.0009419954460246918
0.0 0.0009458316595566173
0.0 0.0009480417866571457
0.0 0.000948933772733622
0.0 0.0009519542585375804
0.0 0.0009519999407463532
0.0 0.0009588933132498376
0.0 0.0009603303918174476
0.0 0.0009610335520309685
0.0 0.000962227932489421
0.0 0.0009626153212598311
0.0 0.0009670136443606603
0.0 0.0009681155683965765
0.0 0.0009686416418007909
0.0 0.0009691188479816766
0.0 0.0009698445762983363
0.0 0.0009701189425522208
0.0 0.0009707065322375715
0.0 0.0009722076750979624
0.0 0.0009724561062333205
0.0 0.0009730811880900147
0.0 0.0009782707598069386
0.0 0.0009815867239612662
0.0 0.0009879174408933516
0.0 0.0009895468033397205
0.0 0.0009936613871438292
0.0 0.0009975552039390083
0.0 0.0009978144641238562
0.0 0.0009985228113610824
0.0 0.0009992334336087058
0.0 0.0010004804123075381
0.0 0.001002622926099066
0.0 0.0010033074312273311
0.0 0.001004286959703886
0.0 0.0010048004750507085
0.0 0.001008470976825313
0.0 0.0010101207233648394
0.0 0.0010131227360843736
0.0 0.001015414763559196
0.0 0.0010171562385179315
0.0 0.0010212275971244963
0.0 0.0010212320561448745
0.0 0.0010212810143686191
0.0 0.0010214490921367533
0.0 0.0010228190123974423
0.0 0.0010230535204691705
0.0 0.0010239010073422805
0.0 0.0010239678926479538
0.0 0.0010256012591126214
0.0 0.0010275358369538589
0.0 0.0010298323234490595
0.0 0.0010326233062041632
0.0 0.0010353489506606636
0.0 0.0010360481068558858
0.0 0.0010398271721266373
0.0 0.001040024279027438
0.0 0.001040213286891225
0.0 0.0010450626990535818
0.0 0.001046050235566734
0.0 0.0010469192895384081
0.0 0.0010495955207690847
0.0 0.0010496451159957404
0.0 0.001051493061441058
0.0 0.001057998590172053
0.0 0.0010611161734197575
0.0 0.0010615353213353105
0.0 0.0010638121517406805
0.0 0.0010686295317566467
0.0 0.0010757088181097781
0.0 0.0010759143880492558
0.0 0.0010775307374361535
0.0 0.0010780385197567755
0.0 0.001078943427892307
0.0 0.0010792474602817693
0.0 0.0010797769007013713
0.0 0.0010807668032253367
0.0 0.0010828463447290742
0.0 0.0010830900438428064
0.0 0.001086674732225234
0.0 0.001087564443291313
0.0 0.0010885027485794732
0.0 0.001089367434531185
0.0 0.0010947359130657332
0.0 0.0010947600281759418
0.0 0.00110197617915456
0.0 0.0011037296661681921
0.0 0.001104620469239262
0.0 0.0011060617338260025
0.0 0.0011063339160699058
0.0 0.0011069224157594154
0.0 0.001110733786177805
0.0 0.0011132649627455654
0.0 0.0011146899382578632
0.0 0.0011161485839240371
0.0 0.0011182506025304976
0.0 0.001118695685564577
0.0 0.0011192632551584336
0.0 0.0011200950899600119
0.0 0.0011222466127927121
0.0 0.0011231682650047659
0.0 0.0011281024895547249
0.0 0.0011294816918578337
0.0 0.0011304091680965041
0.0 0.0011352694093083506
0.0 0.0011355379515356188
0.0 0.0011399283576002661
0.0 0.001143360620286091
0.0 0.0011436167864567993
0.0 0.0011444779233922915
0.0 0.0011456664798241275
0.0 0.0011476097027048736
0.0 0.0011480844518745306
0.0 0.0011498441269164425
0.0 0.0011512448053176997
0.0 0.0011528578786896256
0.0 0.001154415896809943
0.0 0.00115443209488397
0.0 0.001154968451335179
0.0 0.0011551648302326526
0.0 0.0011564978043244935
0.0 0.0011571934115034961
0.0 0.0011584829783969613
0.0 0.0011588239569552715
0.0 0.0011626106662609571
0.0 0.0011668947838398543
0.0 0.0011675638188974194
0.0 0.0011685245102878868
0.0 0.0011687710304145113
0.0 0.0011742134012867557
0.0 0.0011748502221970987
0.0 0.0011774443710526495
0.0 0.0011813883290769794
0.0 0.001181856344215861
0.0 0.0011834495794971246
0.0 0.0011844602301159112
0.0 0.0011864527752220655
0.0 0.001188874205288272
0.0 0.0011904219403615947
0.0 0.0011910108950531836
0.0 0.0011934685432849112
0.0 0.0011957192565709232
0.0 0.001197249701565228
0.0 0.0011975216108078839
0.0 0.001202893820359483
0.0 0.0012052530971416423
0.0 0.001206507446874161
0.0 0.001211122805966869
0.0 0.001216969127685214
0.0 0.0012169767717201481
0.0 0.0012170759621734596
0.0 0.0012178587477508773
0.0 0.0012208084352312795
0.0 0.0012327795399405689
0.0 0.0012402907142674768
0.0 0.0012415897452041937
0.0 0.0012475815765875342
0.0 0.0012479365692098902
0.0 0.00124818827636022
0.0 0.0012488540354028135
0.0 0.0012488619524389953
0.0 0.0012504574627306558
0.0 0.0012523922225727252
0.0 0.0012542166899107451
0.0 0.0012544654850477669
0.0 0.0012569658124745432
0.0 0.001258115875730461
0.0 0.0012601738501356347
0.0 0.0012611018723768
0.0 0.0012652745144462417
0.0 0.0012657679187011545
0.0 0.0012672847136330771
0.0 0.0012742759115836348
0.0 0.0012788028182721053
0.0 0.0012852779528641958
0.0 0.0012853447471694532
0.0 0.0012869480834968798
0.0 0.0012907152277131509
0.0 0.0012908912225174666
0.0 0.0012962324919276662
0.0 0.001296410124739468
0.0 0.0012978566673503297
0.0 0.0013061613653037295
0.0 0.0013063814953097482
0.0 0.00130745147819969
0.0 0.0013112754976758872
0.0 0.0013129723824308406
0.0 0.0013145612496921419
0.0 0.0013177123210928912
0.0 0.001318427038359229
0.0 0.0013201545902543348
0.0 0.0013208232613102363
0.0 0.001322390288471726
0.0 0.00132243815469048
0.0 0.0013253380649433948
0.0 0.0013263225074424071
0.0 0.0013288267478870665
0.0 0.0013356570571023446
0.0 0.0013379737456898709
0.0 0.0013380727541423506
0.0 0.0013403100903672277
0.0 0.0013414182024314239
0.0 0.0013420892394981384
0.0 0.0013458241695671871
0.0 0.0013503958484602718
0.0 0.0013515062355348652
0.0 0.0013560064791014823
0.0 0.0013575203620200967
0.0 0.0013630391732416822
0.0 0.0013648256934062793
0.0 0.0013652413833060287
0.0 0.00137917900700253
0.0 0.0013831533591657647
0.0 0.001386202328099894
0.0 0.0013883522129251086
0.0 0.001394529958158096
0.0 0.0013970319235923584
0.0 0.0013996574675913885
0.0 0.0014053991388314692
0.0 0.00140552508340705
0.0 0.001410840417698723
0.0 0.001411439291435643
0.0 0.0014138606305014337
0.0 0.0014146039218983588
0.0 0.0014164279342342993
0.0 0.0014192480371224853
0.0 0.0014193596036323568
0.0 0.001421076872480468
0.0 0.0014218965132263177
0.0 0.0014228589336246868
0.0 0.0014236092320536347
0.0 0.0014241003612981504
0.0 0.001426206201922078
0.0 0.0014277237248573277
0.0 0.001431969986263218
0.0 0.0014327820739745496
0.0 0.0014330450651764489
0.0 0.0014334483790196383
0.0 0.00143801923890898
0.0 0.0014382425539295545
0.0 0.0014430581139372033
0.0 0.0014465664529707055
0.0 0.0014479396492463664
0.0 0.0014498606680256373
0.0 0.0014507331800131147
0.0 0.0014551172160486505
0.0 0.001457813558371237
0.0 0.0014593383613397573
0.0 0.0014690811388653417
0.0 0.001473664647812491
0.0 0.0014764556305675947
0.0 0.0014767828680631067
0.0 0.0014770402172392212
0.0 0.0014772647152652024
0.0 0.001486085840578733
0.0 0.0014907730899999879
0.0 0.0014985389744909497
0.0 0.0015021407709515631
0.0 0.0015038252796499565
0.0 0.0015111728352291084
0.0 0.0015124973462822722
0.0 0.0015138263163558144
0.0 0.0015204814497705194
0.0 0.0015223846324682775
0.0 0.0015237553717327094
0.0 0.0015265455354840703
0.0 0.001527711887814431
0.0 0.0015335957927045355
0.0 0.001537370125953661
0.0 0.001541175035342523
0.0 0.0015435057379940952
0.0 0.001546796859034887
0.0 0.0015516149670541802
0.0 0.0015545477284572284
0.0 0.0015567404744783232
0.0 0.0015671338139770488
0.0 0.001567579716014871
0.0 0.0015684012677694547
0.0 0.0015722997255858435
0.0 0.0015725055685265688
0.0 0.0015787542030835286
0.0 0.0015834982367642937
0.0 0.001586466306328704
0.0 0.0015902470096069415
0.0 0.0015942573979348654
0.0 0.0015948547246647155
0.0 0.0015952327403922896
0.0 0.0015965433283818237
0.0 0.001600349511776508
0.0 0.001600926090411537
0.0 0.0016043755521759635
0.0 0.0016066243544532418
0.0 0.0016132926829282499
0.0 0.0016183321039589683
0.0 0.001620993502121856
0.0 0.0016248741238567318
0.0 0.0016261787058188177
0.0 0.0016309029014089206
0.0 0.0016318569497690285
0.0 0.0016361867495566984
0.0 0.0016417506969845612
0.0 0.0016443844310210208
0.0 0.0016487311568860448
0.0 0.0016569512244526744
0.0 0.001661159265683894
0.0 0.0016637584195623183
0.0 0.0016651443558962026
0.0 0.0016667386831824569
0.0 0.001678212743620198
0.0 0.001678423500583381
0.0 0.001681819454103269
0.0 0.0016828160906580097
0.0 0.0016834530935691844
0.0 0.001706687501753032
0.0 0.001707615341993366
0.0 0.001710935401166408
0.0 0.0017152677489657227
0.0 0.0017260085280522862
0.0 0.001731548451370356
0.0 0.0017352943924897266
0.0 0.001736835393532274
0.0 0.0017471652147407139
0.0 0.0017506751007812862
0.0 0.0017578697756617562
0.0 0.0017585488207650683
0.0 0.00176086605535509
0.0 0.0017629803590176944
0.0 0.0017676590543998563
0.0 0.0017681490006389656
0.0 0.0017695393049928121
0.0 0.0017717717271952317
0.0 0.0017756412468793701
0.0 0.001776139747157572
0.0 0.0017858969937492818
0.0 0.0017864908624633284
0.0 0.0017879197509935091
0.0 0.001790496700770458
0.0 0.0017916485840346937
0.0 0.0017925604082018323
0.0 0.0017959052194879944
0.0 0.0018017206920653555
0.0 0.0018044039303280548
0.0 0.0018090256594498746
0.0 0.0018130349557728077
0.0 0.0018148924562617931
0.0 0.001816318068777002
0.0 0.0018165854279988635
0.0 0.0018201462742723298
0.0 0.0018218366979977556
0.0 0.0018256781895538022
0.0 0.0018449034834155484
0.0 0.0018464128163133689
0.0 0.0018505744473324886
0.0 0.0018521849726927699
0.0 0.0018656153600711445
0.0 0.00187008912251674
0.0 0.00187105682093923
0.0 0.0018754808971577538
0.0 0.0018781694134445744
0.0 0.0018793855430024227
0.0 0.0018850492268860923
0.0 0.0018865288936483352
0.0 0.0018878669637634655
0.0 0.0018885454628642824
0.0 0.0018889444086875094
0.0 0.0018952814956487067
0.0 0.0018953029717468548
0.0 0.0018963503865336577
0.0 0.001900024619325313
0.0 0.0019035661735106123
0.0 0.0019049877820075225
0.0 0.0019120819924288586
0.0 0.001912929206300721
0.0 0.001913835206441243
0.0 0.0019204991668962887
0.0 0.0019217988348359167
0.0 0.0019228932058373148
0.0 0.0019247527083354494
0.0 0.0019249763873576875
0.0 0.0019260170681137151
0.0 0.0019282229181946972
0.0 0.0019383559965039999
0.0 0.0019434036075721478
0.0 0.0019439543420890662
0.0 0.0019454671330026902
0.0 0.00195697613760013
0.0 0.001959274808105312
0.0 0.0019639946356754525
0.0 0.0019718490635710676
0.0 0.0019731496415148547
0.0 0.001974411999283971
0.0 0.0019803257523104845
0.0 0.0019849460254256503
0.0 0.001990685967657829
0.0 0.001997499350795753
0.0 0.0020024807135611386
0.0 0.002004347496092544
0.0 0.0020093066547564545
0.0 0.0020136279005050317
0.0 0.0020230675556453127
0.0 0.0020262223580631133
0.0 0.0020262472921770648
0.0 0.002028880662211861
0.0 0.002031682383016039
0.0 0.0020318190656406936
0.0 0.002036051312982538
0.0 0.0020408708770084855
0.0 0.0020420720824981292
0.0 0.0020473530186325985
0.0 0.0020481245201584473
0.0 0.0020482648427997373
0.0 0.0020508339665409204
0.0 0.002052146556539604
0.0 0.002056569540753137
0.0 0.002058871669274122
0.0 0.002059002527872161
0.0 0.0020684594730914596
0.0 0.0020689890955118933
0.0 0.0020740545426615542
0.0 0.002074498988692722
0.0 0.002082466257104031
0.0 0.00208354315602558
0.0 0.0020873982976440087
0.0 0.0021004204571567365
0.0 0.00210612891324502
0.0 0.0021086361567034034
0.0 0.0021094526124346975
0.0 0.0021111242900744517
0.0 0.002118543371980487
0.0 0.0021289985917620122
0.0 0.00213063659924789
0.0 0.002134665369659822
0.0 0.0021357686587019763
0.0 0.002136393285556591
0.0 0.002150387693512603
0.0 0.0021539700158842174
0.0 0.0021630400273351855
0.0 0.0021679516837820054
0.0 0.0021740019374323423
0.0 0.0021755684185913366
0.0 0.0021757513294272594
0.0 0.0021807237741518887
0.0 0.002182244209100447
0.0 0.0021841084436202076
0.0 0.0021846544461155
0.0 0.002188339962958725
0.0 0.0021889159955912584
0.0 0.0021894761941514285
0.0 0.0021962883032835305
0.0 0.002201419270732626
0.0 0.002202501629679128
0.0 0.0022075887349277687
0.0 0.0022097714709031165
0.0 0.002219715632349048
0.0 0.0022217460336282093
0.0 0.002224240537028369
0.0 0.002228766533712681
0.0 0.0022319797583974775
0.0 0.002234253676789539
0.0 0.0022389824224004363
0.0 0.0022405412595244965
0.0 0.002252294873239828
0.0 0.002253202511387836
0.0 0.002254681814148415
0.0 0.002255015421673039
0.0 0.0022677547518932047
0.0 0.002268355900640522
0.0 0.0022689262912472708
0.0 0.002269900177698041
0.0 0.0022735482023699223
0.0 0.0022739278561049823
0.0 0.0022740548926855537
0.0 0.002279418821199308
0.0 0.002283525305966403
0.0 0.002287183522684863
0.0 0.0022900203696495716
0.0 0.0023018535177283836
0.0 0.0023030141370325437
0.0 0.002314017725320175
0.0 0.0023203742863703706
0.0 0.002324001744948263
0.0 0.0023245461094360694
0.0 0.0023300010383657055
0.0 0.0023334217439987134
0.0 0.002342895615295366
0.0 0.002354268665271478
0.0 0.0023672509666020493
0.0 0.0023679549458193133
0.0 0.0023728842563468145
0.0 0.002376262191784358
0.0 0.002383708391814326
0.0 0.002394907994997767
0.0 0.0023961734467810233
0.0 0.0024010610791180506
0.0 0.002416268886619434
0.0 0.0024172041888938702
0.0 0.0024181063670169253
0.0 0.002427189118526117
0.0 0.00242815608894528
0.0 0.0024301748421712084
0.0 0.0024492265072394515
0.0 0.0024493571838366582
0.0 0.0024502367938565744
0.0 0.002462690018769207
0.0 0.002468724984349676
0.0 0.002476466753730429
0.0 0.0024808631658225244
0.0 0.002484259301343244
0.0 0.002487400089696999
0.0 0.0024925132210645816
0.0 0.002496256250170644
0.0 0.0025011782806648748
0.0 0.0025039550673551006
0.0 0.0025170294611065445
0.0 0.002523446082431223
0.0 0.002525313774966787
0.0 0.002525699434729295
0.0 0.002526554656637755
0.0 0.0025454720050921563
0.0 0.0025464557195878416
0.0 0.0025727786818867276
0.0 0.0025766745916914716
0.0 0.0025774928674310834
0.0 0.0025796191831485844
0.0 0.0025810737337960436
0.0 0.0025918405390015493
0.0 0.002597050494811631
0.0 0.002597579389228738
0.0 0.002610967370413311
0.0 0.0026165768180491152
0.0 0.0026175645365630992
0.0 0.002617984048480316
0.0 0.0026235132337493116
0.0 0.0026276925188491126
0.0 0.0026292169578159695
0.0 0.002630221602407308
0.0 0.002633316344550626
0.0 0.00263646841695595
0.0 0.0026546482980400426
0.0 0.0026553377171907653
0.0 0.002668815060783735
0.0 0.002669093158054671
0.0 0.0026765941403349997
0.0 0.002688272769707644
0.0 0.0026917407955569105
0.0 0.002692900504856912
0.0 0.0027038585929366017
0.0 0.002704396405394465
0.0 0.0027097394038125664
0.0 0.0027101137795235053
0.0 0.002718188428425555
0.0 0.0027195346885781147
0.0 0.002721973317722923
0.0 0.002723676663507404
0.0 0.0027261445947861264
0.0 0.002726309487539705
0.0 0.002727764948191323
0.0 0.0027327160988186356
0.0 0.0027363968836402346
0.0 0.0027506792169120975
0.0 0.002750861581745525
0.0 0.0027539137356942106
0.0 0.0027619998506486615
0.0 0.0027686538010579602
0.0 0.002776597045359476
0.0 0.002784708640430374
0.0 0.00279987749975376
0.0 0.002800661741337832
0.0 0.0028122850424576198
0.0 0.002813380869465672
0.0 0.002819702486356169
0.0 0.00282003682188412
0.0 0.002822777026407162
0.0 0.0028229972474135964
0.0 0.0028260759734837194
0.0 0.0028268338249471856
0.0 0.0028398295943393072
0.0 0.002842426200206087
0.0 0.002843737334198116
0.0 0.0028458549138756922
0.0 0.0028504822850232967
0.0 0.002859038690127026
0.0 0.0028602100474802604
0.0 0.002866150736629875
0.0 0.0028700419144129935
0.0 0.002879993173891364
0.0 0.002882582499724873
0.0 0.0028885736031048865
0.0 0.002890472417782682
0.0 0.0028962260100772433
0.0 0.0029109380473129015
0.0 0.002918614660395883
0.0 0.0029241181835476
0.0 0.0029282694405193092
0.0 0.0029318293767886167
0.0 0.0029364265357981483
0.0 0.0029462978969113742
0.0 0.0029482374797754852
0.0 0.002953780679108527
0.0 0.002957729187153651
0.0 0.00296936704833998
0.0 0.0029815911342054215
0.0 0.002982300027445143
0.0 0.002993792651967724
0.0 0.0029986508001700056
0.0 0.0029995376902231924
0.0 0.003000579280983379
0.0 0.003000684295463307
0.0 0.0030019217191184716
0.0 0.0030021767022837733
0.0 0.0030045758372480888
0.0 0.0030206663487835285
0.0 0.0030216913774680247
0.0 0.0030229832193718865
0.0 0.0030257980442359514
0.0 0.003030388287213876
0.0 0.0030328687765499903
0.0 0.0030402352602156455
0.0 0.003047641966065121
0.0 0.003049399912099131
0.0 0.003054216018109275
0.0 0.0030581111999106922
0.0 0.003062179282502285
0.0 0.00306269252484786
0.0 0.003068642496039895
0.0 0.0030791625081175284
0.0 0.003080294917292765
0.0 0.0030939770118214695
0.0 0.0030955516830178933
0.0 0.0031008894034118733
0.0 0.003101551886439495
0.0 0.0031200460829600442
0.0 0.0031264987404494115
0.0 0.0031276133135431355
0.0 0.003127767286246808
0.0 0.00313857085562033
0.0 0.003141548753229656
0.0 0.003143271209101472
0.0 0.0031469003056868497
0.0 0.00314790822629316
0.0 0.003151648343385914
0.0 0.0031646581268420814
0.0 0.0031674463795847087
0.0 0.003173112793480855
0.0 0.003179236029464729
0.0 0.0031923710294931504
0.0 0.0031956998247061174
0.0 0.0031957351328674795
0.0 0.003214845220202719
0.0 0.0032152783821823177
0.0 0.0032241218025977395
0.0 0.0032306581804697186
0.0 0.003236256162053121
0.0 0.003236540447352337
0.0 0.003238366279696595
0.0 0.0032393399841465337
0.0 0.0032402561763336347
0.0 0.00324092011536791
0.0 0.0032582713466649807
0.0 0.0032632101212357336
0.0 0.0032687418545163742
0.0 0.003275464237238416
0.0 0.00329438395170363
0.0 0.0032950737348560167
0.0 0.003297346925244751
0.0 0.0032973775013844875
0.0 0.0033002378264564937
0.0 0.0033011066984273358
0.0 0.0033092108314641314
0.0 0.003310827362851861
0.0 0.00331974685961496
0.0 0.0033229457062340473
0.0 0.0033288374371599175
0.0 0.0033289371736157244
0.0 0.0033359875218366055
0.0 0.0033442427155637652
0.0 0.003367964703975909
0.0 0.0033689693485672474
0.0 0.0033722581035972262
0.0 0.0033778397051057703
0.0 0.0033938874464457458
0.0 0.0034033045334828883
0.0 0.003413625800652235
0.0 0.003415951407280518
0.0 0.003432132737231008
0.0 0.003442051782562156
0.0 0.003444362829123898
0.0 0.0034444563775514244
0.0 0.0034453015894141373
0.0 0.003447880541200236
0.0 0.00346593575171457
0.0 0.0034693289752219816
0.0 0.003491864318211023
0.0 0.003493976619864478
0.0 0.0034974291756430446
0.0 0.003504292063007209
0.0 0.003504878469687153
0.0 0.003511931001918015
0.0 0.0035250503498749047
0.0 0.0035266071849898153
0.0 0.003528006771386082
0.0 0.003529898488031439
0.0 0.0035328086813313482
0.0 0.0035431972888084477
0.0 0.0035505868865797372
0.0 0.003551306517868533
0.0 0.0035535112759445243
0.0 0.0035549814786635155
0.0 0.0035629825992295324
0.0 0.0035650242845602633
0.0 0.0035748676175453974
0.0 0.0035855284982668164
0.0 0.003600247633534913
0.0 0.0036067465192355483
0.0 0.0036122993646126736
0.0 0.0036123907290302195
0.0 0.003614536882838383
0.0 0.0036226927041113992
0.0 0.003622821196698625
0.0 0.0036319357983533754
0.0 0.0036327511620796787
0.0 0.003644118206028343
0.0 0.0036546480461508916
0.0 0.003659675273125882
0.0 0.0036605874612946837
0.0 0.0036646428038280537
0.0 0.0036775965310280375
0.0 0.0036793623030978136
0.0 0.0036840029603061367
0.0 0.0036844310262624464
0.0 0.0036861236339978533
0.0 0.003700923577635253
0.0 0.0037086469649319984
0.0 0.0037125679908515258
0.0 0.0037218369292116122
0.0 0.0037248697910721306
0.0 0.003726044788442
0.0 0.0037260506124686165
0.0 0.003745934931342181
0.0 0.0037757368395402394
0.0 0.0037782499070252392
0.0 0.0037836058275023954
0.0 0.003785750889305568
0.0 0.003787016159087993
0.0 0.0037870602032892796
0.0 0.003796401213978745
0.0 0.0037985917759898583
0.0 0.0038039567965086033
0.0 0.00381761850694415
0.0 0.003818343234256235
0.0 0.00381903702142692
0.0 0.0038589035756215377
0.0 0.003868791680811286
0.0 0.0038828359569952012
0.0 0.0038842948756626226
0.0 0.0038885697111991
0.0 0.0039018372078330455
0.0 0.003910413087025774
0.0 0.003931548843618549
0.0 0.003953067529961355
0.0 0.003955086647188947
0.0 0.0039584700426514435
0.0 0.003965688559640875
0.0 0.003966855184972483
0.0 0.003968467712341914
0.0 0.003988255934776306
0.0 0.003997345784317937
0.0 0.00399973436323401
0.0 0.004005628642171525
0.0 0.004006038508044658
0.0 0.004014295885781799
0.0 0.004018498648988898
0.0 0.004021512218761249
0.0 0.0040320092987340805
0.0 0.004032264463900214
0.0 0.004036177481783144
0.0 0.004037648048503799
0.0 0.0040434542390387395
0.0 0.004045736165467399
0.0 0.004052425060036396
0.0 0.004057661951969578
0.0 0.004062933060059133
0.0 0.0040736772971615
0.0 0.004093772736999911
0.0 0.00409500961465258
0.0 0.004095487184835129
0.0 0.004097938008035666
0.0 0.004107085733841797
0.0 0.004112835504118891
0.0 0.0041417157601048955
0.0 0.004141773636369397
0.0 0.004154280005524905
0.0 0.004165047902735401
0.0 0.004166260028274951
0.0 0.0041947697305674825
0.0 0.004201636985951609
0.0 0.004212642212246726
0.0 0.004216780911161043
0.0 0.0042210040584613
0.0 0.004225332402242316
0.0 0.004235581961083947
0.0 0.004243171395768514
0.0 0.004255159790556821
0.0 0.004255167070590092
0.0 0.004257365276636139
0.0 0.004269712577064685
0.0 0.004270566160965659
0.0 0.004278914539118682
0.0 0.004295145009293749
0.0 0.004301605674819714
0.0 0.004325665456775612
0.0 0.004332401671560868
0.0 0.004344550955084454
0.0 0.004349347769006431
0.0 0.004355010178884278
0.0 0.004380559455647335
0.0 0.004437884621629764
0.0 0.004441261101060653
0.0 0.004444384963337053
0.0 0.004450642151933106
0.0 0.004450725144312391
0.0 0.00445894211786488
0.0 0.004511865775731924
0.0 0.0045121238529113655
0.0 0.0045178070108840345
0.0 0.004571750965413948
0.0 0.0045775516959239365
0.0 0.004582379813988976
0.0 0.004582772935785587
0.0 0.00458954081871557
0.0 0.004605377075089036
0.0 0.004607115547034047
0.0 0.004625931885026819
0.0 0.004628574173102372
0.0 0.004641856593804522
0.0 0.004668975809742376
0.0 0.004674807844395427
0.0 0.004699725214270599
0.0 0.004701250017239119
0.0 0.004711624792653004
0.0 0.004762033927028395
0.0 0.004769957151238417
0.0 0.004783903146973179
0.0 0.004799149720651728
0.0 0.004811856290722176
0.0 0.004817343615799867
0.0 0.0048421827253173795
0.0 0.004844234602694689
0.0 0.004871730924355958
0.0 0.004875127423878341
0.0 0.004900372759252351
0.0 0.004903157371978344
0.0 0.0049149411978317474
0.0 0.00491774437464258
0.0 0.004931375872940054
0.0 0.004935660172519782
0.0 0.004946762223257397
0.0 0.004962654171885383
0.0 0.004963219466468842
0.0 0.005005626388273224
0.0 0.005009755987145954
0.0 0.005027954614315718
0.0 0.0050551797547376594
0.0 0.00507906954791669
0.0 0.005083792833502634
0.0 0.005117264970474049
0.0 0.00514980307917685
0.0 0.005157438742072684
0.0 0.005159050541438788
0.0 0.005161557420895508
0.0 0.005167089154176149
0.0 0.005179804096284858
0.0 0.005182909758478082
0.0 0.005203157351011848
0.0 0.005204092835287116
0.0 0.005215334662663526
0.0 0.005223003085709078
0.0 0.005232352104435141
0.0 0.005254848499246185
0.0 0.005256646667464015
0.0 0.00527803212919797
0.0 0.005281818838503656
0.0 0.00528943484530966
0.0 0.005335509447875754
0.0 0.005362076473290035
0.0 0.005441654516970608
0.0 0.005446745808238379
0.0 0.005484191023367206
0.0 0.005514926595832215
0.0 0.005516100501197094
0.0 0.0055319818937768364
0.0 0.005545334202798384
0.0 0.005568901854505192
0.0 0.005572977581131719
0.0 0.005616026965872229
0.0 0.005624210815273338
0.0 0.005666247911387575
0.0 0.005733783688033638
0.0 0.005735124306160413
0.0 0.005741946789339925
0.0 0.005746026155983088
0.0 0.005752227288322957
0.0 0.0057676205546719084
0.0 0.005776493459222076
0.0 0.005796478970558101
0.0 0.005827398727864855
0.0 0.0058560816949492275
0.0 0.005868267014637503
0.0 0.005905830530306976
0.0 0.00594047548063828
0.0 0.00594330632157554
0.0 0.00599663911731239
0.0 0.00601127817221451
0.0 0.006040685502609304
0.0 0.006052025246433203
0.0 0.006055297985389987
0.0 0.006154027612595441
0.0 0.0061582391118424635
0.0 0.006220149970782024
0.0 0.00625667389770046
0.0 0.0062584036336055466
0.0 0.006267992165426211
0.0 0.006279160464466588
0.0 0.006289062037717888
0.0 0.006399856864062653
0.0 0.006403914754607667
0.0 0.006405906571710494
0.0 0.006432354932582466
0.0 0.006434535302547
0.0 0.006456759788115389
0.0 0.006513401358973711
0.0 0.006565770278305538
0.0 0.006586131803359988
0.0 0.0066009976312984865
0.0 0.0066499514870230906
0.0 0.00714413397749242
0.0 0.007251519564256579
0.0 0.007440122658193842
0.0 0.0074445816785720645
0.0 0.007524062897810138
0.0 0.007545937213778212
0.0 0.007859760519985869
0.0 0.008342886095923862
0.0 0.009452070509020858
0.0 0.0101239629796447
0.0 0.01148918689087088
0.0 0.011784839962038529
0.0 0.01201045401712003
0.0 0.012100042834550958
0.0 0.01245047014804303
0.0 0.013679192707442743
0.0 0.013778480713200049
0.0 0.0145558120896915
0.0 0.01552535672861909
0.0 0.015581270296150355
0.0 0.016048936721438298
0.0 0.016463687496895793
0.0 0.016639405659947478
0.0 0.0174867039801957
0.0 0.017773646491555113
0.0 0.01778158755184665
0.0 0.01797636775401399
0.0 0.01853693468386764
0.0 0.018889113573364612
0.0 0.019433051451221633
0.0 0.019707671778267287
0.0 0.02006211767012471
0.0 0.020145168289675344
0.0 0.020947464356258223
0.0 0.02116627740425836
0.0 0.021513192829700708
0.0 0.02198865617062143
0.0 0.02262955681160914
0.0 0.023444546344202583
0.0 0.0264233000854408
0.0 0.032509588444460266
0.0 0.032743993867719305
0.0 0.03369614650716351
0.0 0.03407584101040991
0.0 0.03543543381590131
0.0 0.0490800798534619
0.0 0.04926888897234072
0.0 0.05734616742240789
0.0 0.061565686354081994
0.0 0.06407226587343114
0.0 0.06710462104363389
0.0 0.07504059113590604
0.0 0.07982443495060806
0.0 0.12140695996340461
0.0 0.1295347269002098
0.0 0.15731589296725024
