0.0 0.0001291109578015376
0.0 0.0001301938400004305
0.0 0.00013167308588574989
0.0 0.00014298501770754524
0.0 0.0001459719698582511
0.0 0.00014641135399128582
0.0 0.00015338296410232483
0.0 0.00015371640100116882
0.0 0.0001565978267946074
0.0 0.00015663085994557262
0.0 0.00015997656986084164
0.0 0.00016313442079257407
0.0 0.00016320189760095065
0.0 0.00016375103961059113
0.0 0.00016404664308653213
0.0 0.0001642938798414318
0.0 0.0001660782614962558
0.0 0.00016834359172406867
0.0 0.0001686485113675856
0.0 0.00017017328021094998
0.0 0.00017052276730814515
0.0 0.00017556921812099057
0.0 0.00017646434371181477
0.0 0.00017775261384935358
0.0 0.00017807175230785208
0.0 0.0001826017188853067
0.0 0.00018558814778362124
0.0 0.00018638412842134192
0.0 0.00019378315611072713
0.0 0.00019610145995563536
0.0 0.00019675627619821892
0.0 0.00019937665592364775
0.0 0.00020067247909570478
0.0 0.00020098324551594214
0.0 0.00020172544490787647
0.0 0.00020255473169780998
0.0 0.00020339955680875538
0.0 0.0002041318826555665
0.0 0.00020550118866344833
0.0 0.00020654191491968388
0.0 0.0002067259860109094
0.0 0.00020674891811571166
0.0 0.0002079703484477851
0.0 0.0002094892136391691
0.0 0.00021037437468445424
0.0 0.00021040925059384106
0.0 0.00021094340028496495
0.0 0.00021130146417135703
0.0 0.0002114568473814757
0.0 0.00021314419984286545
0.0 0.00021624080749470923
0.0 0.0002199061677458161
0.0 0.00022145756558587798
0.0 0.00022218986868258514
0.0 0.00022221277803728345
0.0 0.0002235248902837834
0.0 0.00022561778609855165
0.0 0.0002267615703257737
0.0 0.00023087890689246294
0.0 0.00023170034489652662
0.0 0.00023248278922238482
0.0 0.000233007474870257
0.0 0.00023702500673082757
0.0 0.00023784555748083638
0.0 0.00024078967118576575
0.0 0.00024161950397819456
0.0 0.0002421287195553668
0.0 0.00024377801109281384
0.0 0.00024702240342005014
0.0 0.0002472559787375155
0.0 0.0002499258399390802
0.0 0.00025163646575683177
0.0 0.00025220671986295694
0.0 0.00025287268365648604
0.0 0.000255760035852009
0.0 0.000257230284071208
0.0 0.00025724545839055633
0.0 0.0002575213261513029
0.0 0.0002590233335156448
0.0 0.00025914220280889074
0.0 0.00025995845378924915
0.0 0.00026018129105764045
0.0 0.0002626376880336497
0.0 0.0002630180697720369
0.0 0.00026302079978451334
0.0 0.0002636631262200171
0.0 0.00026367204426077355
0.0 0.0002657137978418161
0.0 0.0002665370331040934
0.0 0.00026740981809281856
0.0 0.00027063594208656655
0.0 0.0002719288532453154
0.0 0.0002727832789001363
0.0 0.00027580335520222324
0.0 0.0002764015236859202
0.0 0.0002765587269043565
0.0 0.00027657947499917763
0.0 0.0002769016619716082
0.0 0.00027692809759242195
0.0 0.0002773624198273232
0.0 0.0002796647985994521
0.0 0.000281051735937911
0.0 0.0002811026279204931
0.0 0.00028168493958172263
0.0 0.00028274984919847884
0.0 0.000285927970472849
0.0 0.0002879888341412268
0.0 0.0002881873742985775
0.0 0.0002925753916023081
0.0 0.0002933147699813501
0.0 0.0002943009642383683
0.0 0.000294637688527236
0.0 0.00029534683201810116
0.0 0.00029570048238432295
0.0 0.00030117782016637006
0.0 0.0003014083469699034
0.0 0.0003029328541870721
0.0 0.00030339368029309903
0.0 0.0003035787068886913
0.0 0.0003037470349079692
0.0 0.00030452533871490475
0.0 0.00030622816124699446
0.0 0.0003074638558942574
0.0 0.00030970824465136537
0.0 0.0003098994137750297
0.0 0.0003101900691033571
0.0 0.00031765005569633133
0.0 0.0003188951006363262
0.0 0.0003190192479536933
0.0 0.0003204197216040147
0.0 0.0003226848129557359
0.0 0.0003238679548628269
0.0 0.0003253347905664304
0.0 0.00032594706411458906
0.0 0.00032629216044171796
0.0 0.00032988385585616827
0.0 0.0003299349070894781
0.0 0.0003302587548194985
0.0 0.000330332465156363
0.0 0.0003315223183441253
0.0 0.00033706367491874553
0.0 0.0003371325849836722
0.0 0.00033807191402651117
0.0 0.0003386828680686396
0.0 0.0003394880169982603
0.0 0.0003400341787442807
0.0 0.00034120339758774175
0.0 0.00034225404288930843
0.0 0.00034258546640395106
0.0 0.00034316507080280805
0.0 0.0003450136987512448
0.0 0.00034566030220629506
0.0 0.00034607924537091223
0.0 0.0003467569709681941
0.0 0.0003468525214048703
0.0 0.0003514584619545345
0.0 0.00035189608295451146
0.0 0.0003523483095212375
0.0 0.00035520023980487833
0.0 0.00035646266582430665
0.0 0.0003573152942209139
0.0 0.000357989015799897
0.0 0.00035819433548823094
0.0 0.00035930237930211525
0.0 0.0003593855309321275
0.0 0.0003600584790075756
0.0 0.0003609976260495828
0.0 0.0003629747465852451
0.0 0.00036344116921684875
0.0 0.0003651548890487403
0.0 0.0003665621877302529
0.0 0.00036705051871198017
0.0 0.00036782704801080604
0.0 0.00036789120330400294
0.0 0.0003683173127513708
0.0 0.00037019649408944
0.0 0.0003704906301836749
0.0 0.0003708970607911083
0.0 0.0003729544891937865
0.0 0.0003730017866599412
0.0 0.00037314226855195923
0.0 0.0003742498801138681
0.0 0.00037771761021178303
0.0 0.00037899771306199644
0.0 0.00037932754406936107
0.0 0.00037953859678389564
0.0 0.0003799994456400265
0.0 0.0003809708523294639
0.0 0.0003847729179553296
0.0 0.000386527678974784
0.0 0.00038815667741948933
0.0 0.0003886126805034745
0.0 0.0003909245460689591
0.0 0.00039138901219162126
0.0 0.0003923138949184389
0.0 0.0003926088272663128
0.0 0.0003938106697588676
0.0 0.00039468477425362304
0.0 0.00039542970365803384
0.0 0.0003965185236340631
0.0 0.00039772209513451966
0.0 0.00039928643778374074
0.0 0.00040023134060205245
0.0 0.0004005906557441629
0.0 0.00040334614833707267
0.0 0.00040408402520925263
0.0 0.0004041630135702383
0.0 0.0004050526336359016
0.0 0.000405802522562978
0.0 0.0004060887188709272
0.0 0.00040743161200809924
0.0 0.0004087170383826417
0.0 0.0004101948851365669
0.0 0.0004106626727744088
0.0 0.0004111575330359756
0.0 0.0004114029156574017
0.0 0.0004131872063118098
0.0 0.0004148642529761009
0.0 0.00041682927045645087
0.0 0.0004170432579343976
0.0 0.0004177145680023598
0.0 0.0004181315774081395
0.0 0.00041866206433252415
0.0 0.0004193647695439657
0.0 0.0004211581147397541
0.0 0.0004239197953609438
0.0 0.0004268508277560901
0.0 0.00042716487019129923
0.0 0.0004276326123289332
0.0 0.0004277165147123765
0.0 0.0004298927896581967
0.0 0.00043005381489410007
0.0 0.0004318702286953146
0.0 0.000432021971888798
0.0 0.00043496683634715837
0.0 0.00043599746155723105
0.0 0.0004362270556065016
0.0 0.000437136650263451
0.0 0.00043717678144685504
0.0 0.00043757290625718974
0.0 0.0004380987521603644
0.0 0.00043855152472958576
0.0 0.0004385865598897004
0.0 0.000439291494611331
0.0 0.0004397139185418557
0.0 0.00044031083576983427
0.0 0.0004416646944571201
0.0 0.00044367002512170584
0.0 0.00044377244608978115
0.0 0.00044561980003239555
0.0 0.00044610319424156125
0.0 0.0004461685780403725
0.0 0.00044714651400964945
0.0 0.0004476428757780783
0.0 0.00044777073136239263
0.0 0.0004506174063720163
0.0 0.00045176601362128003
0.0 0.00045266077521044073
0.0 0.0004532097807194574
0.0 0.00045364003068574794
0.0 0.00045558443657190057
0.0 0.00045656974357486394
0.0 0.0004577470159551306
0.0 0.00045889175568671937
0.0 0.00046126472803146874
0.0 0.0004614598784233279
0.0 0.0004623337099168357
0.0 0.00046269134155125233
0.0 0.00046466905358961784
0.0 0.0004653659347744429
0.0 0.0004664304576394316
0.0 0.00046643591766438455
0.0 0.00046659375788573205
0.0 0.0004678537951442434
0.0 0.00046873686317996325
0.0 0.0004688769128200058
0.0 0.000469034207038858
0.0 0.0004692805451646508
0.0 0.00047235422071169233
0.0 0.0004732032090916643
0.0 0.00047506111908252106
0.0 0.000478727207336955
0.0 0.0004814143586175373
0.0 0.0004832561615347829
0.0 0.00048484857781230366
0.0 0.0004848751499337412
0.0 0.00048566921956272834
0.0 0.0004892513144333031
0.0 0.0004910493916507174
0.0 0.0004916114557194131
0.0 0.0004917573293860721
0.0 0.0004922261180284887
0.0 0.0004967441066762028
0.0 0.0004987445688185389
0.0 0.0004990610682649768
0.0 0.0005005266754629659
0.0 0.0005007815221276437
0.0 0.0005009687099831132
0.0 0.0005010474253428511
0.0 0.0005019260798584007
0.0 0.0005030593080373804
0.0 0.0005033679814480524
0.0 0.0005054852881243811
0.0 0.0005085754347466972
0.0 0.0005089474899470311
0.0 0.0005092171696794977
0.0 0.0005093645903532267
0.0 0.0005109696101883471
0.0 0.00051099518130521
0.0 0.0005117849739146507
0.0 0.0005138178777052487
0.0 0.0005151060340922677
0.0 0.0005161214167326801
0.0 0.0005169089798319317
0.0 0.0005174287287072422
0.0 0.0005176919929103891
0.0 0.0005189071669638707
0.0 0.0005193572095206155
0.0 0.0005205734755790876
0.0 0.0005207211692540642
0.0 0.0005207757695035936
0.0 0.0005220068231296465
0.0 0.0005229196938015677
0.0 0.0005229847590989234
0.0 0.0005245676658329844
0.0 0.0005246067960118137
0.0 0.0005251097098101862
0.0 0.0005278416332953824
0.0 0.0005281102210228585
0.0 0.0005304294121218215
0.0 0.0005307080553952525
0.0 0.0005309894286811598
0.0 0.0005312719394722659
0.0 0.0005313072476336281
0.0 0.0005318187609713014
0.0 0.0005319499835710033
0.0 0.0005334998116538912
0.0 0.0005339424831769497
0.0 0.0005340924518623234
0.0 0.0005343650891083061
0.0 0.0005343686381245256
0.0 0.000534755753893688
0.0 0.0005359810289933324
0.0 0.0005360546938299889
0.0 0.0005360908664953021
0.0 0.0005373698318403169
0.0 0.0005374450436840435
0.0 0.0005377474835662276
0.0 0.0005381146702443119
0.0 0.0005383591883617871
0.0 0.0005394018256267561
0.0 0.0005394527403594421
0.0 0.000539858829715316
0.0 0.000540279479137731
0.0 0.000540320338324462
0.0 0.0005405270002689302
0.0 0.0005412332544965911
0.0 0.0005418039181045878
0.0 0.000542127879585128
0.0 0.0005430743749107176
0.0 0.0005432183375686431
0.0 0.0005436109133627585
0.0 0.0005469827972726456
0.0 0.0005501764568680277
0.0 0.0005511630378768134
0.0 0.0005523350322329589
0.0 0.0005527278355281139
0.0 0.0005530937482003757
0.0 0.0005531926656524396
0.0 0.0005532327968358436
0.0 0.0005533333522953933
0.0 0.0005552962767661781
0.0 0.0005570920789731952
0.0 0.0005610576950965051
0.0 0.000561289291154925
0.0 0.0005621573441220243
0.0 0.0005628951754939963
0.0 0.0005632825642644064
0.0 0.0005651684568831468
0.0 0.0005660013381895077
0.0 0.0005663047335760586
0.0 0.0005675306456786142
0.0 0.0005681779316367835
0.0 0.0005688082915175988
0.0 0.000569359936038676
0.0 0.0005697665713970451
0.0 0.0005704228208961788
0.0 0.0005704821986675419
0.0 0.0005718297783261319
0.0 0.0005726773106994497
0.0 0.0005750791756762417
0.0 0.0005769138350608405
0.0 0.000577109531455195
0.0 0.0005779184796521788
0.0 0.0005779603398434846
0.0 0.0005785413774988918
0.0 0.0005799277233346475
0.0 0.0005803814514082357
0.0 0.0005804943374241374
0.0 0.0005811612339719294
0.0 0.0005819919767685169
0.0 0.0005828312736041975
0.0 0.0005856604310337638
0.0 0.0005880819976005942
0.0 0.0005885087895510813
0.0 0.0005894546478737597
0.0 0.0005896972094822934
0.0 0.0005907022180752953
0.0 0.0005913801711736168
0.0 0.0005921152270329045
0.0 0.0005924717666623305
0.0 0.0005925323729393079
0.0 0.0005947799467109718
0.0 0.0005955412106900334
0.0 0.0005961449074489952
0.0 0.0005970242899678719
0.0 0.0005972521095090326
0.0 0.0005974238272938022
0.0 0.0005982345499988957
0.0 0.0005985890876191724
0.0 0.0005986192087568294
0.0 0.0005990337611513802
0.0 0.0005993479855874211
0.0 0.0006005858642446653
0.0 0.0006011062046226791
0.0 0.0006012451167575231
0.0 0.0006026045264701776
0.0 0.0006041658661056746
0.0 0.0006042660575635609
0.0 0.0006049832318411276
0.0 0.0006068989725962774
0.0 0.0006069189471875635
0.0 0.0006078864181090141
0.0 0.0006082743528819194
0.0 0.0006097173464765617
0.0 0.0006102495624088481
0.0 0.0006103371048089267
0.0 0.0006109936273093081
0.0 0.0006119379841251245
0.0 0.0006122807371915444
0.0 0.0006130749433211554
0.0 0.000614572537165327
0.0 0.0006147953971838222
0.0 0.0006157538590641004
0.0 0.0006176104950491347
0.0 0.0006198920119759227
0.0 0.0006206831695916015
0.0 0.000620754559417861
0.0 0.0006229047172443231
0.0 0.0006246163440666495
0.0 0.000625352946933007
0.0 0.00062535840695796
0.0 0.0006259215630316462
0.0 0.0006265937831037673
0.0 0.0006270178905419858
0.0 0.000630323298648071
0.0 0.0006306277405394046
0.0 0.0006307879012713571
0.0 0.0006308046453478794
0.0 0.0006309719496124786
0.0 0.0006314482002889975
0.0 0.0006323469203962491
0.0 0.0006337646158752762
0.0 0.0006337733974154088
0.0 0.0006339036645107441
0.0 0.0006348902000193218
0.0 0.0006357852801099381
0.0 0.0006363390176405806
0.0 0.0006367990247428646
0.0 0.0006368510769807492
0.0 0.0006380288043630951
0.0 0.0006392939831451039
0.0 0.0006394430873265267
0.0 0.0006397727818332675
0.0 0.0006405383683320835
0.0 0.0006407796559347949
0.0 0.0006408863539224167
0.0 0.000641783026520311
0.0 0.0006428429993645056
0.0 0.00064289814561653
0.0 0.0006439339578503079
0.0 0.0006441961755486723
0.0 0.0006452554203895398
0.0 0.0006460843886780177
0.0 0.0006470457170713961
0.0 0.0006472153418466003
0.0 0.0006475163712223383
0.0 0.0006481838137726255
0.0 0.0006489410282331804
0.0 0.000648997675992067
0.0 0.0006494281079591893
0.0 0.0006496602500201046
0.0 0.0006498752840028339
0.0 0.0006508402069126397
0.0 0.000651217403636471
0.0 0.0006513162755883269
0.0 0.0006523063146129161
0.0 0.0006526574397175971
0.0 0.0006532052167209993
0.0 0.000653459471882974
0.0 0.0006542403919518662
0.0 0.000654754498801392
0.0 0.0006550307760640101
0.0 0.0006568942370802356
0.0 0.0006573001444352776
0.0 0.0006573934653617648
0.0 0.0006584231350674707
0.0 0.0006593244486865749
0.0 0.0006594735528679976
0.0 0.0006601530984735971
0.0 0.0006603005646475341
0.0 0.0006626330418072159
0.0 0.0006630016844919543
0.0 0.0006652881154411999
0.0 0.0006667782927514771
0.0 0.0006669883672115409
0.0 0.0006674256242098543
0.0 0.0006675659923513524
0.0 0.0006676427057019411
0.0 0.0006683040967245721
0.0 0.0006705374289311504
0.0 0.0006707189292606273
0.0 0.0006713580251813671
0.0 0.0006740196508452945
0.0 0.0006743594918984063
0.0 0.0006755449998163102
0.0 0.0006758396591629364
0.0 0.0006760780347523396
0.0 0.0006768641418449371
0.0 0.0006770051924895543
0.0 0.0006773716966645194
0.0 0.0006785033778364291
0.0 0.0006788133707531314
0.0 0.0006794768547853277
0.0 0.0006800491564008102
0.0 0.0006814113416261493
0.0 0.000681423126180006
0.0 0.0006816473512047395
0.0 0.0006832235694082332
0.0 0.000683396697699449
0.0 0.0006835682334833867
0.0 0.0006839502077290517
0.0 0.0006847793125181534
0.0 0.0006857136137880149
0.0 0.0006858663124858651
0.0 0.0006867121158512812
0.0 0.0006886003744808346
0.0 0.0006890714381336483
0.0 0.0006911462476157599
0.0 0.0006919232546667692
0.0 0.0006922996323868576
0.0 0.0006923559161440806
0.0 0.0006932708798255672
0.0 0.0006940718199859534
0.0 0.0006942979560194204
0.0 0.0006945318725884453
0.0 0.0006949537050162667
0.0 0.0006955002990142625
0.0 0.0006960619535810868
0.0 0.0006976373982810455
0.0 0.0006985193288115668
0.0 0.0006996752615943091
0.0 0.0007009226497950129
0.0 0.0007010891805560772
0.0 0.0007013096745637595
0.0 0.0007019274763871829
0.0 0.0007019595085335735
0.0 0.0007022388343101236
0.0 0.0007023817959634744
0.0 0.0007026033364759392
0.0 0.0007029283899614701
0.0 0.0007035936485017761
0.0 0.0007044304428260199
0.0 0.0007058366722526459
0.0 0.0007064183924111721
0.0 0.0007072320726297819
0.0 0.0007075947092870721
0.0 0.0007084060689950768
0.0 0.0007117008755527118
0.0 0.0007125291158378627
0.0 0.0007127405098039568
0.0 0.0007134790691792558
0.0 0.0007138456188544289
0.0 0.0007144155544590985
0.0 0.000715058790898761
0.0 0.0007154982774072636
0.0 0.0007157361069941714
0.0 0.0007159692500596613
0.0 0.0007164837209108507
0.0 0.0007165827748635384
0.0 0.0007166011114473386
0.0 0.0007169524185528514
0.0 0.0007182909436700612
0.0 0.0007186696419007545
0.0 0.0007191964888085038
0.0 0.0007192560030804908
0.0 0.0007193903651945407
0.0 0.0007196797010168378
0.0 0.0007196909850684072
0.0 0.0007198966005080927
0.0 0.0007202704757167443
0.0 0.0007208582019027188
0.0 0.0007209760474412862
0.0 0.0007219225427668758
0.0 0.0007240985902116563
0.0 0.0007246598352766092
0.0 0.0007257508847628275
0.0 0.0007261497850858466
0.0 0.0007262153963856976
0.0 0.0007280468707557406
0.0 0.0007284195629589857
0.0 0.0007297074918449649
0.0 0.0007307340220363229
0.0 0.0007313419503146233
0.0 0.000731360696400295
0.0 0.0007314930110049876
0.0 0.0007318734837437905
0.0 0.0007323118782473025
0.0 0.0007332706131288283
0.0 0.0007335349238367578
0.0 0.0007341671947263067
0.0 0.0007343961062724581
0.0 0.0007344953422259774
0.0 0.0007346357103674755
0.0 0.0007355213719150481
0.0 0.0007359887500510185
0.0 0.0007379812496569649
0.0 0.000738347708331722
0.0 0.0007389945847880199
0.0 0.0007398051709924897
0.0 0.0007401997032955465
0.0 0.000740694745557945
0.0 0.0007412858842595151
0.0 0.0007416243603063885
0.0 0.0007418433073070009
0.0 0.0007450382864084132
0.0 0.0007455857449103598
0.0 0.0007456734238110623
0.0 0.0007464463358433568
0.0 0.0007464704054533576
0.0 0.0007466949034793388
0.0 0.00074676338129229
0.0 0.0007472192933758593
0.0 0.0007474716830293082
0.0 0.0007475202317511814
0.0 0.0007477672068798854
0.0 0.0007485621410128234
0.0 0.0007490002170148798
0.0 0.0007491223850732015
0.0 0.0007495363004648412
0.0 0.000750710296830136
0.0 0.0007527268205458753
0.0 0.0007535209811752783
0.0 0.0007550941963650479
0.0 0.0007561558982171443
0.0 0.0007568713434868093
0.0 0.0007584482441934222
0.0 0.0007592928645534318
0.0 0.000759802102880708
0.0 0.0007603061996844868
0.0 0.0007605982655192605
0.0 0.0007606130985870492
0.0 0.0007621925018050989
0.0 0.0007622566115980877
0.0 0.0007631492801776831
0.0 0.0007632863723042096
0.0 0.0007633498450942873
0.0 0.0007634670081297355
0.0 0.0007635325284291706
0.0 0.0007636754900825213
0.0 0.0007644647366894668
0.0 0.0007655730307544947
0.0 0.0007658654150907239
0.0 0.0007665210730871543
0.0 0.0007667208190000155
0.0 0.000766933486971932
0.0 0.0007669821721944289
0.0 0.0007687140921094969
0.0 0.0007688562347591048
0.0 0.0007695133487621894
0.0 0.0007706132707889562
0.0 0.0007706410259158002
0.0 0.0007712830338498484
0.0 0.0007713015979346884
0.0 0.0007713483721484517
0.0 0.0007721350707437524
0.0 0.0007727361284906537
0.0 0.0007728681700940985
0.0 0.0007732129706698759
0.0 0.0007744124471516176
0.0 0.0007745684218644395
0.0 0.0007756048256009207
0.0 0.0007790142471823592
0.0 0.0007802965340425538
0.0 0.0007804151985848641
0.0 0.0007811851531036424
0.0 0.0007814675273941246
0.0 0.0007819453705779215
0.0 0.0007837712939225956
0.0 0.0007839001505114847
0.0 0.0007844113908479103
0.0 0.0007855620911067393
0.0 0.0007868612130438721
0.0 0.00078818872711076
0.0 0.0007882266742841829
0.0 0.0007901700791657608
0.0 0.000790846849258676
0.0 0.0007928350263448679
0.0 0.0007928371193544333
0.0 0.0007947465810808871
0.0 0.0007957155535091996
0.0 0.0007970693666962776
0.0 0.0007970803777465993
0.0 0.0007973764930998796
0.0 0.0007982412700520071
0.0 0.0008008590790156873
0.0 0.0008023904340141512
0.0 0.0008046508843446623
0.0 0.0008069372697936999
0.0 0.0008075620786491464
0.0 0.0008081556743619453
0.0 0.0008111248359313462
0.0 0.0008115660969479585
0.0 0.0008119460236842662
0.0 0.0008156610246622367
0.0 0.0008166943343845779
0.0 0.0008170465059940416
0.0 0.0008179825362718048
0.0 0.0008186633103830187
0.0 0.0008222953189817048
0.0 0.0008225104439648501
0.0 0.0008226403925587297
0.0 0.0008237227515052313
0.0 0.000824230806827101
0.0 0.0008271993313935908
0.0 0.0008274726966429006
0.0 0.0008277782760394327
0.0 0.0008278900245501359
0.0 0.0008285606976151869
0.0 0.0008291764974294611
0.0 0.0008311286383509637
0.0 0.0008317614552430078
0.0 0.0008333657925750091
0.0 0.0008341624102156409
0.0 0.0008350701393640647
0.0 0.0008357072332756553
0.0 0.0008361200111620964
0.0 0.0008367016858204148
0.0 0.0008392401424214457
0.0 0.0008395376227809643
0.0 0.0008407777764486055
0.0 0.0008426744981168359
0.0 0.0008447584986409517
0.0 0.0008486038122144655
0.0 0.00084864194138872
0.0 0.0008486522244357147
0.0 0.0008487356718170786
0.0 0.0008496856251584717
0.0 0.0008497113782761664
0.0 0.0008501936804803415
0.0 0.0008511543718708087
0.0 0.0008523776904615117
0.0 0.0008529341580046307
0.0 0.0008535040936093003
0.0 0.0008546143896834776
0.0 0.000855613574249863
0.0 0.0008566932031838882
0.0 0.0008569236162369017
0.0 0.0008575657151713657
0.0 0.0008579785840582227
0.0 0.0008580751354994736
0.0 0.0008584081970216021
0.0 0.0008626771175310469
0.0 0.0008628585723603158
0.0 0.0008632197530109519
0.0 0.000863291370338251
0.0 0.0008638009726671908
0.0 0.0008656317190339067
0.0 0.0008671265828656019
0.0 0.0008675684808851253
0.0 0.0008682072128042017
0.0 0.0008693834841798936
0.0 0.0008694756676011822
0.0 0.0008697032596413033
0.0 0.0008698288402152206
0.0 0.0008698700634036152
0.0 0.0008699778078960196
0.0 0.0008722694713691783
0.0 0.0008732591008918961
0.0 0.0008740268714006933
0.0 0.0008764575835093199
0.0 0.0008771857688372084
0.0 0.0008776397699120441
0.0 0.000878554506092491
0.0 0.0008787563450149174
0.0 0.0008789137757343934
0.0 0.0008797871067256138
0.0 0.0008800577419624473
0.0 0.0008804365766937644
0.0 0.0008813697859586352
0.0 0.0008819304395208848
0.0 0.0008838020450743318
0.0 0.0008855286869652786
0.0 0.0008859950640966744
0.0 0.0008873668953660969
0.0 0.0008900749767423321
0.0 0.0008901559671124672
0.0 0.0008913228654453232
0.0 0.0008924640106604847
0.0 0.0008939576004863575
0.0 0.0008944483657292096
0.0 0.0008950651665480584
0.0 0.0008953530008634935
0.0 0.000896045696029188
0.0 0.0008971390660260113
0.0 0.0008971619071303978
0.0 0.0008978854514370763
0.0 0.0008980573512226775
0.0 0.0008984273589136542
0.0 0.0008989897414838054
0.0 0.0008990922079520887
0.0 0.0008994494755848418
0.0 0.0008998607974646288
0.0 0.0009003865068671797
0.0 0.0009004280030568219
0.0 0.0009007576975635628
0.0 0.0009009113062655717
0.0 0.0009018414215163026
0.0 0.0009020545444902985
0.0 0.0009022726724871678
0.0 0.000902345017817794
0.0 0.0009030394419913903
0.0 0.0009034319267850898
0.0 0.0009037855544012076
0.0 0.0009041021448480614
0.0 0.0009054819841540816
0.0 0.0009059244281761003
0.0 0.0009073218305623857
0.0 0.0009081133521797282
0.0 0.0009100948862355607
0.0 0.0009106963989845414
0.0 0.0009108814938304455
0.0 0.0009119606677623912
0.0 0.000912312020368112
0.0 0.0009127950505756142
0.0 0.0009132746227673128
0.0 0.000913828633299203
0.0 0.0009142443231989523
0.0 0.0009145188714536687
0.0 0.000914639811006376
0.0 0.0009150856220437823
0.0 0.0009150905360662399
0.0 0.0009151078261452575
0.0 0.000915136855277924
0.0 0.0009152262176863201
0.0 0.0009154025764922997
0.0 0.0009168233659854667
0.0 0.0009178817918225914
0.0 0.000918454002437658
0.0 0.0009188890754259903
0.0 0.0009193025813157585
0.0 0.0009201468831743126
0.0 0.0009211351476907921
0.0 0.000921278018343727
0.0 0.0009213600097184367
0.0 0.000921559755631298
0.0 0.000922297496002854
0.0 0.0009224991529244487
0.0 0.0009228016383068409
0.0 0.0009235447477029341
0.0 0.0009248199365306898
0.0 0.0009278609884286375
0.0 0.000928520559442951
0.0 0.0009286383139811024
0.0 0.0009299502669768746
0.0 0.0009311096122752124
0.0 0.0009322169053356656
0.0 0.000932970752780833
0.0 0.0009331132594321043
0.0 0.0009338462677820345
0.0 0.0009340419186761811
0.0 0.0009341776002962613
0.0 0.0009343890852627712
0.0 0.000935359422697322
0.0 0.0009353761667738443
0.0 0.000935566266642622
0.0 0.0009359127052258851
0.0 0.0009372823524853265
0.0 0.0009377230674994434
0.0 0.0009395441678220758
0.0 0.0009404604510095927
0.0 0.0009416237093258135
0.0 0.0009424741082122316
0.0 0.0009430637909071476
0.0 0.0009431322232198909
0.0 0.0009438373854425612
0.0 0.0009449046383200265
0.0 0.0009455070610731659
0.0 0.0009474553799772015
0.0 0.000948395778274927
0.0 0.0009493185224919714
0.0 0.00094979809468367
0.0 0.0009498882760958093
0.0 0.0009503309931190756
0.0 0.0009508919196825729
0.0 0.000950962081003218
0.0 0.0009519817406631768
0.0 0.0009520208708420061
0.0 0.0009527407751320494
0.0 0.0009533312768307082
0.0 0.0009534348353039821
0.0 0.000953960453706117
0.0 0.0009543743235975487
0.0 0.0009547516113217959
0.0 0.000956517383391572
0.0 0.0009586485221311148
0.0 0.000958942362473998
0.0 0.0009590921491585399
0.0 0.000959343037305127
0.0 0.0009600154393780796
0.0 0.0009612111848427703
0.0 0.0009612379389650397
0.0 0.0009613222963505624
0.0 0.0009615711824879999
0.0 0.0009621495811313465
0.0 0.0009623171128969855
0.0 0.0009627638339385506
0.0 0.0009629441057624131
0.0 0.000963407297879253
0.0 0.0009641473132612061
0.0 0.0009642385866783359
0.0 0.0009688079905610233
0.0 0.0009689930854069275
0.0 0.0009690264825595562
0.0 0.0009690805368065903
0.0 0.000970408960877637
0.0 0.0009713689242647772
0.0 0.0009714801267729852
0.0 0.0009730282258479713
0.0 0.0009759774583262941
0.0 0.0009761154149567713
0.0 0.0009794093570104554
0.0 0.0009804328386878813
0.0 0.0009820218879500143
0.0 0.0009821708556308135
0.0 0.0009827085770882607
0.0 0.0009830120634752274
0.0 0.0009834899976594402
0.0 0.0009836396023431503
0.0 0.000984671729060085
0.0 0.0009863728908345848
0.0 0.0009891378474707463
0.0 0.0009892674320629625
0.0 0.0009899923413758793
0.0 0.0009932258591534176
0.0 0.0009937532065634543
0.0 0.0009943039410803727
0.0 0.0009958432131150184
0.0 0.0009959374895458723
0.0 0.0009964783960178755
0.0 0.0009977054456256295
0.0 0.0009987243772822613
0.0 0.0009993122399688597
0.0 0.0010003526477236396
0.0 0.0010012571918575075
0.0 0.0010035079051435194
0.0 0.0010038782768361596
0.0 0.0010040638266841431
0.0 0.0010040687407066008
0.0 0.0010050642852563508
0.0 0.0010061177970710179
0.0 0.0010073897098838017
0.0 0.0010079873096148996
0.0 0.0010081771364824296
0.0 0.0010120293660875503
0.0 0.0010130826959013856
0.0 0.0010135000238086207
0.0 0.0010153329541853179
0.0 0.0010158673086273775
0.0 0.0010173357823384669
0.0 0.0010178356476229073
0.0 0.001019418053854681
0.0 0.0010204551855944892
0.0 0.0010224723008129316
0.0 0.001022857141571697
0.0 0.0010229472319834203
0.0 0.0010244042396421085
0.0 0.001024739485174218
0.0 0.0010255859710427532
0.0 0.0010258739873590201
0.0 0.0010290427128404505
0.0 0.0010294902528857587
0.0 0.0010307994758690542
0.0 0.0010308187679572212
0.0 0.0010320884057596082
0.0 0.0010345904621942863
0.0 0.0010384746329453818
0.0 0.0010390752356902034
0.0 0.0010390939817758753
0.0 0.0010394387823516526
0.0 0.0010396801154545718
0.0 0.0010406490878828844
0.0 0.001042787961657777
0.0 0.0010433622652824088
0.0 0.0010446373631097488
0.0 0.0010503413601776542
0.0 0.0010518973762888221
0.0 0.001057524660006139
0.0 0.0010580378113512982
0.0 0.0010583181836326307
0.0 0.0010596523407298782
0.0 0.0010600610235976047
0.0 0.0010607518077545657
0.0 0.0010615061102018123
0.0 0.0010648601125299785
0.0 0.0010690508636821807
0.0 0.0010716390065102833
0.0 0.0010717615840704765
0.0 0.0010731695425050041
0.0 0.0010736642207657392
0.0 0.0010741526199977785
0.0 0.0010765386509022068
0.0 0.0010780612698607461
0.0 0.0010780828369593102
0.0 0.0010784452916157686
0.0 0.0010813711369872096
0.0 0.0010818477971656
0.0 0.0010825117361998758
0.0 0.0010827527053011315
0.0 0.0010835618809991552
0.0 0.0010838758324339484
0.0 0.0010844608741076543
0.0 0.0010852368346538808
0.0 0.0010854267525218268
0.0 0.0010855813622284104
0.0 0.0010856183993976744
0.0 0.0010858914916457366
0.0 0.0010862947144885103
0.0 0.001087175598514249
0.0 0.0010872739699638175
0.0 0.0010873158301551232
0.0 0.0010877671012174824
0.0 0.0010884253982259735
0.0 0.0010894501539092218
0.0 0.0010911137325119622
0.0 0.0010914272289446762
0.0 0.0010916884911386735
0.0 0.001092494663822973
0.0 0.0010931830819691211
0.0 0.001093505769443839
0.0 0.001094283731999215
0.0 0.0010945781183445936
0.0 0.0010952808235560351
0.0 0.001095315585714902
0.0 0.0010955034105732827
0.0 0.0010995835962201881
0.0 0.001100015848195628
0.0 0.0011016635927260051
0.0 0.0011022174212570635
0.0 0.0011042765786676435
0.0 0.0011048615293409337
0.0 0.001105510362306173
0.0 0.0011069850240455423
0.0 0.0011075138274622331
0.0 0.0011090510064873133
0.0 0.0011096947434292633
0.0 0.0011115097467240317
0.0 0.0011122396610598218
0.0 0.0011126790110677007
0.0 0.0011132447606532396
0.0 0.0011136019372855767
0.0 0.0011147318894495848
0.0 0.0011148005947635758
0.0 0.0011150346478332246
0.0 0.001116334042771605
0.0 0.0011164125761305111
0.0 0.001117876681821638
0.0 0.0011179712312537396
0.0 0.0011186122381832131
0.0 0.0011204575446164702
0.0 0.0011230255763526628
0.0 0.0011239048223709155
0.0 0.0011255666719657542
0.0 0.0011263004083190116
0.0 0.001127190665387586
0.0 0.001128020498180015
0.0 0.0011282609212787756
0.0 0.0011308014708893716
0.0 0.001132794834999269
0.0 0.0011340045035275897
0.0 0.0011361106171527647
0.0 0.00113614210329666
0.0 0.0011362650448585167
0.0 0.001136366692323057
0.0 0.0011365129299913796
0.0 0.0011368330694544527
0.0 0.0011369795801240228
0.0 0.001138198985696843
0.0 0.0011390283634871922
0.0 0.0011394468743998341
0.0 0.001140174695726059
0.0 0.0011407797574912591
0.0 0.0011413195719582716
0.0 0.0011429749605235827
0.0 0.0011435858463153992
0.0 0.001144523878602312
0.0 0.0011453285042795414
0.0 0.001145424509718297
0.0 0.0011464843915620756
0.0 0.0011472824652093616
0.0 0.0011475642024969326
0.0 0.001147960600308515
0.0 0.0011482602646780147
0.0 0.0011495059693710247
0.0 0.0011506785097296654
0.0 0.00115153318563563
0.0 0.0011533388158875627
0.0 0.001154820302658123
0.0 0.0011553362750161744
0.0 0.001155450753539354
0.0 0.0011555717840924773
0.0 0.0011558184862199338
0.0 0.001156521373432207
0.0 0.0011565538605806769
0.0 0.0011588439770467657
0.0 0.0011593493023561588
0.0 0.0011597342341153401
0.0 0.0011619190631002533
0.0 0.0011629731209174155
0.0 0.0011638237928050814
0.0 0.0011646387015293055
0.0 0.0011665396092166666
0.0 0.0011682678891150992
0.0 0.0011685782005332573
0.0 0.0011705833036968032
0.0 0.0011708388328646002
0.0 0.0011712547047651814
0.0 0.001173486125963026
0.0 0.0011740597925847468
0.0 0.0011741141198330285
0.0 0.0011743031276968156
0.0 0.001174385392072773
0.0 0.0011755647574626048
0.0 0.0011774526520904947
0.0 0.001178899649703436
0.0 0.0011794452881970648
0.0 0.0011798714431446409
0.0 0.0011799682675871393
0.0 0.0011800775590866137
0.0 0.0011810174113818439
0.0 0.0011812101502626823
0.0 0.0011830841218269422
0.0 0.0011855026398798405
0.0 0.0011855155619388959
0.0 0.0011865416826283824
0.0 0.0011871675834888194
0.0 0.0011876838288481183
0.0 0.001189439135870068
0.0 0.0011908854054796822
0.0 0.0011912832592979187
0.0 0.0011968147195773116
0.0 0.001197821639179047
0.0 0.0011991014690280128
0.0 0.001199372286265678
0.0 0.0012006665851807688
0.0 0.0012008892631984324
0.0 0.0012012781079754967
0.0 0.001202563670850663
0.0 0.0012044848716307656
0.0 0.0012052700232189964
0.0 0.0012086059164644022
0.0 0.0012104895340727456
0.0 0.0012106392297568716
0.0 0.0012118150461304842
0.0 0.001212633958873007
0.0 0.0012129028651019387
0.0 0.0012146665441621495
0.0 0.0012160196293459003
0.0 0.0012161155437842401
0.0 0.001216379535990714
0.0 0.001217394463629047
0.0 0.0012174061116822798
0.0 0.0012204531696076758
0.0 0.0012214862063287693
0.0 0.001227761868009246
0.0 0.001228839403933706
0.0 0.0012291083101626376
0.0 0.0012295020689621595
0.0 0.0012298132903844762
0.0 0.001231196496705884
0.0 0.0012322071473246704
0.0 0.0012328723603647685
0.0 0.0012332313570054235
0.0 0.0012334018007843705
0.0 0.0012345779811596467
0.0 0.0012364210125825066
0.0 0.0012416653665497917
0.0 0.0012428979671829147
0.0 0.001244169515994035
0.0 0.0012445691898205892
0.0 0.0012467610258375254
0.0 0.0012497490244930138
0.0 0.0012500324907884866
0.0 0.0012543863146859493
0.0 0.0012585008984900582
0.0 0.001259888745832676
0.0 0.0012611548346188434
0.0 0.0012620036864981917
0.0 0.0012641800524444279
0.0 0.0012651897020586396
0.0 0.0012661483914399574
0.0 0.0012682696111341691
0.0 0.0012686318837897958
0.0 0.0012690018004803563
0.0 0.0012712500567551395
0.0 0.0012716845837409763
0.0 0.0012725544567163934
0.0 0.0012730707930761083
0.0 0.0012738172694875891
0.0 0.0012739128199242653
0.0 0.0012740244774345525
0.0 0.001276372834166806
0.0 0.001277095195468078
0.0 0.0012794242601121642
0.0 0.0012804161646452791
0.0 0.001282641397814844
0.0 0.0012866440511074178
0.0 0.001287730414072218
0.0 0.0012888780203169073
0.0 0.0012896473378327744
0.0 0.0012902035323746459
0.0 0.0012934306801230724
0.0 0.0012935681817514701
0.0 0.001294884411766789
0.0 0.0012950790616563606
0.0 0.001295793414921035
0.0 0.0012978374662625787
0.0 0.001299317406026069
0.0 0.0012993885683512888
0.0 0.00130022895719196
0.0 0.0013003960339555195
0.0 0.001300732917495115
0.0 0.0013029244805108035
0.0 0.0013032099488154256
0.0 0.0013034628389711619
0.0 0.001304060893704339
0.0 0.001305331350510469
0.0 0.0013060936609943132
0.0 0.0013075653197199585
0.0 0.0013094636793956748
0.0 0.0013115753440462188
0.0 0.0013130983270064215
0.0 0.0013139144187360521
0.0 0.0013153899904795802
0.0 0.001315749078120651
0.0 0.0013160026962797144
0.0 0.0013167745618072261
0.0 0.0013173811705794963
0.0 0.0013181688701793717
0.0 0.001319366253651548
0.0 0.0013211480417945195
0.0 0.0013240337559825566
0.0 0.0013256236242484326
0.0 0.0013261467856393388
0.0 0.0013263226894432388
0.0 0.0013273142299746901
0.0 0.0013288513179993545
0.0 0.0013292371597626947
0.0 0.0013294945089388091
0.0 0.0013310757321651765
0.0 0.0013316052635851943
0.0 0.0013324571184782667
0.0 0.001333100491418553
0.0 0.0013375250226391562
0.0 0.0013417757430654246
0.0 0.0013439598440470107
0.0 0.001344379628965475
0.0 0.0013452711600398719
0.0 0.0013456219666430971
0.0 0.001348700874714052
0.0 0.0013488977996140208
0.0 0.0013490050891043458
0.0 0.0013496405450084505
0.0 0.001351493950478721
0.0 0.001353010563409812
0.0 0.0013535913280639715
0.0 0.0013557008087045344
0.0 0.0013579621690392042
0.0 0.0013595989935196754
0.0 0.0013605756099829222
0.0 0.0013606804424620182
0.0 0.0013612561110928883
0.0 0.0013626253943506662
0.0 0.0013652024351280313
0.0 0.0013654584192979075
0.0 0.001366523033163312
0.0 0.0013674704384930606
0.0 0.0013684876411417905
0.0 0.0013708014177160088
0.0 0.0013712660658395026
0.0 0.001371921086833022
0.0 0.0013770704363661262
0.0 0.0013779152842271754
0.0 0.0013787083528515878
0.0 0.0013791162167155714
0.0 0.0013797534926279938
0.0 0.0013809091979096963
0.0 0.0013820946603273923
0.0 0.0013853622122604705
0.0 0.0013857096518483083
0.0 0.001389302621268581
0.0 0.0013910341771819856
0.0 0.0013963272163717674
0.0 0.0013965632714505656
0.0 0.001396706415104748
0.0 0.0013992710798255532
0.0 0.0014036830529887646
0.0 0.0014049544197990533
0.0 0.001405093650435353
0.0 0.0014073583777854106
0.0 0.0014089156679024009
0.0 0.0014089598031041036
0.0 0.0014121738467926432
0.0 0.001422668105752582
0.0 0.0014250742477489205
0.0 0.0014255610089734738
0.0 0.0014262876472942924
0.0 0.001427894805639186
0.0 0.0014292828349826356
0.0 0.001429524805088466
0.0 0.0014308699732360351
0.0 0.0014315296352507645
0.0 0.0014315856915069478
0.0 0.0014322273354393325
0.0 0.0014333484605629997
0.0 0.001433973451419278
0.0 0.001437018143333861
0.0 0.0014372831365449096
0.0 0.0014384536748944011
0.0 0.001438772631352068
0.0 0.0014425755387317805
0.0 0.001443847724545812
0.0 0.001445549614323639
0.0 0.001445572091426362
0.0 0.0014462614195766687
0.0 0.0014493972939079657
0.0 0.001450835555480982
0.0 0.0014533809281136202
0.0 0.0014580077532587294
0.0 0.0014602709336017168
0.0 0.0014609919298967508
0.0 0.0014611011303958092
0.0 0.0014622433676159613
0.0 0.0014671076128461068
0.0 0.0014682004368404347
0.0 0.0014714044704832274
0.0 0.0014726190530340057
0.0 0.001475300744289635
0.0 0.0014767501989138051
0.0 0.0014769201876906727
0.0 0.0014782777318948018
0.0 0.0014802741900188392
0.0 0.0014807447531693654
0.0 0.0014820485161277082
0.0 0.001482679149009771
0.0 0.0014831567191923203
0.0 0.00148447203920348
0.0 0.001484556305588587
0.0 0.0014861624629289058
0.0 0.0014864451102206357
0.0 0.0014889599067135371
0.0 0.0014896750789819546
0.0 0.0014898884749571981
0.0 0.0014913128134665845
0.0 0.001494293896090466
0.0 0.0014966935770572769
0.0 0.001496894778976792
0.0 0.001498595212747965
0.0 0.001502811444016614
0.0 0.0015035557364181137
0.0 0.0015077083583960613
0.0 0.0015081137652488159
0.0 0.001508197849633091
0.0 0.0015090184913835157
0.0 0.0015131409012233905
0.0 0.0015171451015230342
0.0 0.00152067391565011
0.0 0.0015225473412118747
0.0 0.0015289935376717144
0.0 0.0015315471913421978
0.0 0.0015328117331212953
0.0 0.0015333408095392338
0.0 0.0015364020635295073
0.0 0.0015374738664277667
0.0 0.001539163198148202
0.0 0.0015427506165431057
0.0 0.0015429872176243992
0.0 0.0015443560458800974
0.0 0.001544645973205098
0.0 0.0015499795075799474
0.0 0.0015509563060440257
0.0 0.0015537736789197354
0.0 0.0015538013430461636
0.0 0.0015543083973634584
0.0 0.0015556728575991945
0.0 0.0015565703037006239
0.0 0.0015567750546363584
0.0 0.001560360289021281
0.0 0.0015613480075352653
0.0 0.001564379231388298
0.0 0.0015649106738170493
0.0 0.0015658627201680078
0.0 0.0015691685832761725
0.0 0.0015701836019149213
0.0 0.0015704504151342876
0.0 0.0015716801947545183
0.0 0.0015753766316476488
0.0 0.0015763463320792883
0.0 0.001577558275618006
0.0 0.001577925735297338
0.0 0.0015814703834967773
0.0 0.001581656570347672
0.0 0.0015818691473191726
0.0 0.0015826086166986304
0.0 0.001582647564876628
0.0 0.0015835029687859196
0.0 0.0015838808025126622
0.0 0.0015889964818918897
0.0 0.001591129531640166
0.0 0.0015919465333739556
0.0 0.0015936975633763588
0.0 0.0015945853634337045
0.0 0.0015991437562660703
0.0 0.001599900333723714
0.0 0.0016026869484588554
0.0 0.001602704238537873
0.0 0.001602724258629367
0.0 0.0016051628877741754
0.0 0.001606547004099742
0.0 0.0016121773818311988
0.0 0.0016147454135673914
0.0 0.0016147725316913244
0.0 0.0016243042792524782
0.0 0.00162718790043095
0.0 0.0016297306340515275
0.0 0.0016356509391079847
0.0 0.0016369051068396716
0.0 0.001638307241247583
0.0 0.001638453023913826
0.0 0.0016391033128857195
0.0 0.0016447575327261375
0.0 0.0016460419125958973
0.0 0.0016461631251498523
0.0 0.00165184828513167
0.0 0.001652027373950126
0.0 0.0016525975825560431
0.0 0.0016571781794898841
0.0 0.0016576184395019219
0.0 0.0016608260221609337
0.0 0.001661038963134098
0.0 0.0016650897556466733
0.0 0.0016695009098061419
0.0 0.0016714697948041668
0.0 0.0016717209559520014
0.0 0.001674539784834365
0.0 0.0016770270082012546
0.0 0.001679953217574359
0.0 0.00168025970697505
0.0 0.001682307216332397
0.0 0.001682845210791092
0.0 0.0016852913019700026
0.0 0.001685548651146117
0.0 0.0016957201316309223
0.0 0.001696790842524191
0.0 0.0016995115729582337
0.0 0.0017001238237562884
0.0 0.0017088087214472436
0.0 0.0017217928427861323
0.0 0.001721985217665307
0.0 0.0017228877597900256
0.0 0.0017295830243881348
0.0 0.0017330812623754742
0.0 0.0017349280248153854
0.0 0.0017405503945102446
0.0 0.0017419234087850735
0.0 0.0017426557801320927
0.0 0.001746714398680434
0.0 0.0017467983010638773
0.0 0.0017470976924321294
0.0 0.0017495945618431021
0.0 0.00175674774053393
0.0 0.00175761533849895
0.0 0.0017586685773123693
0.0 0.0017619691623964127
0.0 0.001765574052871166
0.0 0.001771293793011019
0.0 0.0017733201902718815
0.0 0.0017799421085347895
0.0 0.0017805412552729571
0.0 0.0017816671124182505
0.0 0.0017833333300330517
0.0 0.0017839037206398005
0.0 0.0017846559300774818
0.0 0.001785166806412244
0.0 0.0017858085413450446
0.0 0.0017893470015162038
0.0 0.0017914134389600544
0.0 0.0017915042573751047
0.0 0.001794345108358112
0.0 0.0017947689882952906
0.0 0.0017999692980612888
0.0 0.001801167773538456
0.0 0.0018038067855990366
0.0 0.0018042739817341752
0.0 0.0018073912919806322
0.0 0.0018090449515380416
0.0 0.0018098180910713758
0.0 0.0018139613400064876
0.0 0.0018161124078371084
0.0 0.001816619826156067
0.0 0.0018178661678519882
0.0 0.0018203785073336609
0.0 0.0018213281876738065
0.0 0.0018220496389709196
0.0 0.0018252002553695895
0.0 0.0018285982108986268
0.0 0.0018287265214850204
0.0 0.0018302427704144479
0.0 0.0018317733974095847
0.0 0.0018360071007580833
0.0 0.0018378241970624168
0.0 0.001842443378172592
0.0 0.0018439643591236451
0.0 0.0018451930467388853
0.0 0.0018480442717693029
0.0 0.0018500213468047573
0.0 0.0018547100522326662
0.0 0.0018553334050814586
0.0 0.0018558297213496795
0.0 0.001859162702581777
0.0 0.0018618974470798657
0.0 0.001868970727405549
0.0 0.0018751441956189902
0.0 0.0018793793549741428
0.0 0.0018803133832427565
0.0 0.0018829123551203492
0.0 0.0018839384758098355
0.0 0.0018870687081153478
0.0 0.0018895666695313113
0.0 0.001889945959264708
0.0 0.001895479694554498
0.0 0.0019047267928147726
0.0 0.0019051049905431786
0.0 0.0019128806120786398
0.0 0.0019133716503227395
0.0 0.0019155387342265557
0.0 0.0019192881333617298
0.0 0.001920829316405109
0.0 0.001921924415409834
0.0 0.0019221439084129415
0.0 0.0019261659447940983
0.0 0.0019344355165869676
0.0 0.0019354632752839399
0.0 0.0019412505377323776
0.0 0.0019416094433726166
0.0 0.0019505762603519744
0.0 0.0019519738447390915
0.0 0.0019619283802324336
0.0 0.0019679538817696505
0.0 0.0019735298412524097
0.0 0.001975808127664434
0.0 0.0019780352718427323
0.0 0.001980651897801006
0.0 0.0019926930728305244
0.0 0.0019969025700683984
0.0 0.0020000397184055177
0.0 0.0020025465978622376
0.0 0.002007836634038295
0.0 0.002013913095808406
0.0 0.0020164860415670563
0.0 0.0020208065593123065
0.0 0.0020229294170140038
0.0 0.002024746877320001
0.0 0.0020254941727352246
0.0 0.002033269794270686
0.0 0.0020509056748686354
0.0 0.002060554994967109
0.0 0.0020632242191657626
0.0 0.002064726636031976
0.0 0.0020652999386520333
0.0 0.0020719864672102176
0.0 0.0020775260265266243
0.0 0.0020781601174244906
0.0 0.0020788531765918486
0.0 0.0020796974784504027
0.0 0.0020832286585882914
0.0 0.0020835387880056176
0.0 0.00208835471201493
0.0 0.0020911904669746475
0.0 0.002113719439934577
0.0 0.002113730905986978
0.0 0.0021139598630333374
0.0 0.0021150342139432416
0.0 0.0021158022574532865
0.0 0.002122199404688966
0.0 0.0021222696570100267
0.0 0.0021240590891879324
0.0 0.002127040626813893
0.0 0.002127824868397965
0.0 0.0021319843154071036
0.0 0.002139571020079194
0.0 0.002140739283418288
0.0 0.002146080097826408
0.0 0.0021531346320664197
0.0 0.0021611019004777287
0.0 0.002172624555137551
0.0 0.002172724109592526
0.0 0.0021829831324774096
0.0 0.0021844902813652487
0.0 0.0021966825170851314
0.0 0.002210846731817179
0.0 0.002211529234936295
0.0 0.002212171515871591
0.0 0.0022159101769576904
0.0 0.0022165843080385454
0.0 0.0022184001303370564
0.0 0.002218559745066514
0.0 0.002220718820933732
0.0 0.002234610580420629
0.0 0.002238410029784538
0.0 0.0022395426209606065
0.0 0.002240020009142324
0.0 0.002242587858877685
0.0 0.0022454678400395216
0.0 0.002245801811565809
0.0 0.00225068161786707
0.0 0.002255770543124028
0.0 0.002260373526160176
0.0 0.0022610694973408427
0.0 0.0022667375492444746
0.0 0.002267036758611895
0.0 0.0022708613240905876
0.0 0.0022720712656201557
0.0 0.00227398227435368
0.0 0.002280033802009839
0.0 0.0022831760463702475
0.0 0.002283971572005889
0.0 0.0022844997384196685
0.0 0.0022887918640351634
0.0 0.0022930943636980685
0.0 0.0022947070730683313
0.0 0.0023085010981085704
0.0 0.0023104332189385793
0.0 0.00231901346615127
0.0 0.0023232347934432082
0.0 0.0023271119571622806
0.0 0.0023274917928981726
0.0 0.0023320823998777608
0.0 0.002333170218849215
0.0 0.0023338874841271977
0.0 0.0023423911089897158
0.0 0.0023447873319407233
0.0 0.0023453489865075472
0.0 0.0023456489238782947
0.0 0.0023501687325343267
0.0 0.0023521068593917835
0.0 0.0023593324744136533
0.0 0.002364260510935332
0.0 0.0023733498144744673
0.0 0.002374000831449688
0.0 0.0023770648154524377
0.0 0.0023916345280376563
0.0 0.002392930009958154
0.0 0.002398672682202809
0.0 0.002399762503183413
0.0 0.0024055137294671613
0.0 0.0024109428142786867
0.0 0.0024186927736968692
0.0 0.0024304447494047144
0.0 0.00243179264756476
0.0 0.0024352197232268796
0.0 0.0024554456576616653
0.0 0.002455707556858574
0.0 0.0024569395204887857
0.0 0.002458141271980925
0.0 0.0024601820473074965
0.0 0.0024622386567064317
0.0 0.0024709654145886927
0.0 0.0024732105768493357
0.0 0.0024900643998731946
0.0 0.0024912432192605314
0.0 0.002498243699253509
0.0 0.0025013287953527434
0.0 0.0025180763298908522
0.0 0.002522699333018494
0.0 0.0025307912719995614
0.0 0.0025318148446774034
0.0 0.0025379218825872505
0.0 0.0025430730521286723
0.0 0.0025480424028391617
0.0 0.002558861260282552
0.0 0.0025626410535566305
0.0 0.0025679787739506105
0.0 0.0025840121372248765
0.0 0.0025891569367371865
0.0 0.00259198195364783
0.0 0.0025938030539704626
0.0 0.0025977253538958123
0.0 0.0026087653423497964
0.0 0.002613912871874583
0.0 0.00263518713110033
0.0 0.0026757416484390166
0.0 0.0026800807302691065
0.0 0.0026858397825886204
0.0 0.0026867261266393123
0.0 0.002692742346134109
0.0 0.002694513396228006
0.0 0.0027023499880421084
0.0 0.0027028450303045073
0.0 0.0027096052691995562
0.0 0.002733332717636653
0.0 0.002737112874912395
0.0 0.0027593650246072114
0.0 0.0027615939887938273
0.0 0.0027718055094616205
0.0 0.0027734480669682924
0.0 0.0027906942837854346
0.0 0.0027999723221871094
0.0 0.0028059923636993733
0.0 0.0028062329687989656
0.0 0.0028068645116851873
0.0 0.002819499555428752
0.0 0.002824881502024851
0.0 0.002830147514091116
0.0 0.0028390249686620775
0.0 0.0028468217022940235
0.0 0.0028493376817923318
0.0 0.0028744337764842953
0.0 0.0028828398489009876
0.0 0.00288326099882569
0.0 0.002889433193033309
0.0 0.0029123341756933643
0.0 0.0029222084488198983
0.0 0.0029267935957745335
0.0 0.0029278308185147575
0.0 0.0029316175278204432
0.0 0.0029427789108292138
0.0 0.0029475094764484285
0.0 0.0029490506594918075
0.0 0.002956912367420693
0.0 0.0029572292308687946
0.0 0.0029606424744677002
0.0 0.002964780991381186
0.0 0.002966361668605058
0.0 0.00297977221789277
0.0 0.0029801032774057494
0.0 0.002982339521625636
0.0 0.002997965931040077
0.0 0.003004410580492847
0.0 0.0030085532834254634
0.0 0.0030155923475947747
0.0 0.003045587540676167
0.0 0.003046828422347135
0.0 0.0030475032814313166
0.0 0.003051124915982592
0.0 0.003054921453333193
0.0 0.0030585807620566435
0.0 0.0030616139879188257
0.0 0.0030674318265069994
0.0 0.003083173806449611
0.0 0.0030866780504643985
0.0 0.003088130053100213
0.0 0.003089874349071841
0.0 0.0031035269594658
0.0 0.003115738851275513
0.0 0.00311923581525703
0.0 0.00313943535957121
0.0 0.003165989644927268
0.0 0.0032003757900758026
0.0 0.0032065077620996017
0.0 0.003210756389516305
0.0 0.0032200660960627066
0.0 0.003226938447470122
0.0 0.0032292334779586685
0.0 0.003230148942142442
0.0 0.003232905890742006
0.0 0.003239039682774123
0.0 0.003241765691232287
0.0 0.0032558478235892086
0.0 0.003259498760274398
0.0 0.0033009585497502797
0.0 0.0033055194905942903
0.0 0.0033065161271490307
0.0 0.003309447432545425
0.0 0.0033255486821299387
0.0 0.0033331810690108016
0.0 0.0033387830546125034
0.0 0.0033441939393408526
0.0 0.00335658783198233
0.0 0.0033599362832851276
0.0 0.003367560298127729
0.0 0.00337019312216003
0.0 0.0033771397299068055
0.0 0.0033786576168437187
0.0 0.0033805369574325156
0.0 0.003386461812509767
0.0 0.0033875108653040557
0.0 0.0034054437712594445
0.0 0.0034064910040454157
0.0 0.0034066817409171045
0.0 0.003421676425444492
0.0 0.003424688903211853
0.0 0.003438801611708511
0.0 0.0034734087058668076
0.0 0.0034817265078800944
0.0 0.00348555653338374
0.0 0.0034927648583265923
0.0 0.0034987443136533726
0.0 0.003509970124956588
0.0 0.003518342527219404
0.0 0.003527853162684073
0.0 0.003533668817262266
0.0 0.0035514590345655512
0.0 0.003553158194330902
0.0 0.003565583755117106
0.0 0.003591869771247144
0.0 0.0035981156757916273
0.0 0.003607328193893867
0.0 0.00361682062927536
0.0 0.0036228390327801376
0.0 0.0036603315681252233
0.0 0.0036798973855432003
0.0 0.003681629669459932
0.0 0.0036915574508310047
0.0 0.003716541069008938
0.0 0.00373215419236266
0.0 0.0037394498777047593
0.0 0.003755400066598909
0.0 0.0037605306700463415
0.0 0.0037809322352837797
0.0 0.0037832352738089237
0.0 0.0037989474056151257
0.0 0.0038025219019509745
0.0 0.003829436912955589
0.0 0.003830150356216105
0.0 0.003842357152002529
0.0 0.0038424437843984486
0.0 0.003843099351394463
0.0 0.0038469166368398852
0.0 0.0038509810794148426
0.0 0.0038536477556018515
0.0 0.0038537008998447268
0.0 0.003866456246138088
0.0 0.0038673662502969088
0.0 0.0038938531953452145
0.0 0.003912903586407635
0.0 0.0039295442864574984
0.0 0.00393459844955559
0.0 0.003936965188371851
0.0 0.004017244299256379
0.0 0.004020422397780645
0.0 0.004024426052077794
0.0 0.004028773323945313
0.0 0.004040832335056344
0.0 0.004050998537517028
0.0 0.004053740198046724
0.0 0.004053984807164615
0.0 0.004080055334309844
0.0 0.0040973723494505425
0.0 0.004107682696569984
0.0 0.004109599893331788
0.0 0.004133496602542425
0.0 0.004134524907241893
0.0 0.004148869848799882
0.0 0.004156980897868285
0.0 0.004172543060989114
0.0 0.0041811455123032795
0.0 0.004205869597295117
0.0 0.004276417487706878
0.0 0.00427848829317069
0.0 0.0042908625297223375
0.0 0.004305400392161997
0.0 0.0043105663037707916
0.0 0.004313317064342076
0.0 0.004330373090290025
0.0 0.004341737950228707
0.0 0.004344853076465183
0.0 0.004373203710030754
0.0 0.0043808863291411836
0.0 0.004382511960570501
0.0 0.004396379331945942
0.0 0.004411624449617836
0.0 0.004434607878654681
0.0 0.004467148899370791
0.0 0.004500736788871208
0.0 0.004502192431523657
0.0 0.004521280314757421
0.0 0.004529636700947043
0.0 0.00453419108976111
0.0 0.004550107790502214
0.0 0.0045596861302763005
0.0 0.004566163175877124
0.0 0.004573792650744679
0.0 0.004604170409574439
0.0 0.00470544586441461
0.0 0.004732819881516934
0.0 0.004743422157970525
0.0 0.00474976415895418
0.0 0.004752952085523361
0.0 0.004753885385788648
0.0 0.004756739886834038
0.0 0.004761845010165023
0.0 0.004791309852822654
0.0 0.004810883314275565
0.0 0.0048397621142549155
0.0 0.004890436605843018
0.0 0.0049602579489343756
0.0 0.004960999420322983
0.0 0.00499971973327915
0.0 0.005002056987960665
0.0 0.005006070106301066
0.0 0.005010849084141529
0.0 0.005013905970111841
0.0 0.005076204854824721
0.0 0.0050939987121446425
0.0 0.005106700550193465
0.0 0.005110789744881543
0.0 0.00516867802143745
0.0 0.005173455179269596
0.0 0.0052763140413461165
0.0 0.00527767722757603
0.0 0.005284955076836616
0.0 0.005355527719361496
0.0 0.005413701009219947
0.0 0.005437020047790565
0.0 0.005456057698794762
0.0 0.005460743128207699
0.0 0.005468318730829052
0.0 0.005479931475900597
0.0 0.0054827899809642856
0.0 0.005510759868789805
0.0 0.0055199261586807765
0.0 0.00553625017728337
0.0 0.005539632844742539
0.0 0.005636352090760326
0.0 0.005694695369395644
0.0 0.00569512925937857
0.0 0.005717739586710298
0.0 0.0058375776703837624
0.0 0.005851016975802893
0.0 0.005856837362402712
0.0 0.0059887315451739
0.0 0.006000993669213179
0.0 0.006028468514776301
0.0 0.006110655358379381
0.0 0.006128187862504889
0.0 0.006189281173708163
0.0 0.006191388743339993
0.0 0.006311801221638505
0.0 0.006319609057321188
0.0 0.006359500727630589
0.0 0.0064656225006189776
0.0 0.006479048337976558
0.0 0.006499358902798114
0.0 0.006576813360773662
0.0 0.0067406810856675175
0.0 0.0068518559297490065
0.0 0.006925478906214255
0.0 0.006950000242279508
0.0 0.007226316089073874
0.0 0.007258002433884019
0.0 0.007371975722754714
0.0 0.00753923958316929
0.0 0.007562846547055759
0.0 0.007892056203580761
0.0 0.00801410668936515
0.0 0.008443528187869493
0.0 0.00851169041137849
0.0 0.013772735310942917
0.0 0.014552629259145609
0.0 0.015369473744216391
0.0 0.01619622344255511
0.0 0.01958216982870932
0.0 0.02811434989372782
0.0 0.038348463416772845
0.0 0.03836928139991336
0.0 0.045988503068609736
0.0 0.051801420354292776
0.0 0.05241939034648486
0.0 0.05390989271024759
0.0 0.057993036234670815
0.0 0.05923218525772063
0.0 0.07086256256984755
0.0 0.07286185772285032
0.0 0.07418265959906283
0.0 0.08045246886079337
0.0 0.09059760290519221
0.0 0.09476843297435275
0.0 0.11552560162893831
