0.44081603044413936 0.002958999244958643
0.34185027022443154 0.010461392593238411
0.2738477786220104 0.014173491952185481
0.2675478320572782 0.09462422133167227
0.2575706944507355 0.01598106164195782
0.24539382201117543 0.12265485074055014
0.2364747129259198 0.0551423867684877
0.22814369829950518 0.23437764260217836
0.22522652092132073 0.00268114606899995
0.2173170625383353 0.012906303011685261
0.20336194339539748 0.009694908119606452
0.1975806322526286 0.17208366552996104
0.1711043254640337 0.028865840696150176
0.12067109621992309 0.04806200091749274
0.11614802556855432 0.020814458718445863
0.11414549718468679 0.05065225764858257
0.0968273959110611 0.437429855568115
0.09655504292360732 0.0025688860296233683
0.09385718343350034 0.012909785329175213
0.09258025422109668 0.0034907976567494126
0.09109568012129704 0.011290269298083994
0.08296875995099894 0.003219926144218008
0.08190400519299532 0.01898863453307827
0.07309216681203284 0.0015605465178017092
0.06652361351827135 0.4144796889788142
0.06152100050302033 0.016659121645438438
0.056504900957441484 0.0009336910556036704
0.05615233121147527 0.03112190989022441
0.046216393933377224 0.0005733520805186728
0.04388037617883684 0.047198633092471624
0.03233503776739345 0.0006234242300502374
0.03190811756303846 0.0012508480166797049
0.026926441023845615 0.0010720918902700474
0.026706427097981347 0.0007866887264526372
0.013706244127314209 6.876299909102148e-05
0.00389902222229412 0.00046805614398301513
0.0028360684886708037 0.00030148466988481616
0.002560021658482227 0.00041965304836453685
0.0023954257503500196 5.814815677274141e-05
0.002377963077558107 0.00016928245613557097
0.002008460935294284 0.00017589468207548166
0.0018681483913396042 0.00024369916582744802
0.0016798258694384666 4.019338845839082e-05
0.0012256592180264507 7.29562542592404e-07
0.0010992266546584893 6.697561077209364e-05
0.001032931184021152 2.0436797555259867e-06
0.0010254870918196019 3.515256892860074e-05
0.0010152405561933656 2.0452429137819057e-05
0.0008635834078256954 8.19181398686017e-06
0.0006603093104653772 2.5892286385790373e-05
0.00024997507993153203 1.5465954301436893e-05
