0.5072403255430457 0.01584619633867947
0.3498413800126215 0.005445288790547714
0.3486063067238868 0.1298830520290587
0.3341862087966916 0.04007573572258343
0.3157894234951025 0.016332290397692576
0.29474801814415125 0.04159940713757589
0.23656879509771434 0.02446087084161058
0.23052897509521456 0.012784719897366141
0.22546628146048225 0.0011095906599647239
0.2160473533876223 0.20208722788115369
0.21543352894478457 0.01586879308835755
0.20769217539437032 0.04044610445317739
0.17085387105991529 0.024796331255068093
0.16761136519446657 0.2958162977907633
0.16597637881892732 0.011272270229199495
0.16377710375398935 0.03712737925723956
0.16343535984344726 0.003286643601067071
0.15762809734686573 0.04155450312182526
0.1546295410186349 0.013482341329778701
0.1538896209229214 0.04745949187794145
0.14782873673100808 0.015503754261794669
0.14394393485869625 0.010217102487072855
0.14356249763730292 0.001375285524491505
0.13973428129564688 0.0512027192387058
0.13903829459418315 0.012523724884317243
0.13452962149507725 0.03854641086305961
0.13402478762971845 0.022675582875239717
0.1336791782616203 0.042334993493430256
0.13312843570211524 0.012871803377286026
0.132598280535497 0.010150231774197339
0.12929580899258683 0.0030929194694072023
0.12837475730205367 0.006421912819117361
0.12712909231904634 0.007820101605339849
0.1237268681313629 0.05551722546651986
0.12296583276089369 0.007592925088794839
0.12109931910050292 0.0029921195751198035
0.12061291852943691 0.020918000192762024
0.11910898308496208 0.0003683082884605364
0.11692346700551007 0.00688677240424308
0.11466042891934408 0.0304149270688627
0.11268031848645711 0.4118502838471894
0.11129635696802365 0.0060885554189117255
0.11066217501633879 0.03074778212987052
0.11016453566999959 0.03906395646439028
0.10633098942431247 0.024533710025294055
0.1016367999051856 0.006144681181488171
0.10105314987111168 0.03766881577024946
0.10099948471918217 0.01943853462717747
0.09794994521948476 0.01448317129630418
0.09691761262529958 0.0354338405653717
0.09662793319263295 0.019766681322483715
0.09284232202633075 0.0020143972116939118
0.09089218166083897 0.0075481317579522
0.0880494015692736 0.005134059857717105
0.08766501842648292 0.004268980673733927
0.08126812039657211 0.017211307365859258
0.08096081652086343 0.030209317080929058
0.07954106120602956 0.0003951366073134457
0.07510292845021035 0.007158844422315031
0.0737933216472775 0.015832488438535647
0.07035342627686961 0.05178595633293067
0.07033663622774936 0.0007565356032480741
0.06859745703978151 0.009881650587839031
0.06648428206192701 0.02049677174694501
0.06645287734783975 0.02455193046399454
0.06502168317347594 0.004478852030625322
0.06439336752191475 0.03604216056259266
0.0639412835294386 3.2298707574900474e-05
0.06342588776959013 0.03463947626626089
0.06105669859954643 4.5968293712109576e-05
0.060031517953262364 0.00885624431462713
0.05890575026828319 0.00042730334442112305
0.05808096890503337 0.02152657987380558
0.05704116507955861 0.012989759432312432
0.05679018279357129 0.007414424389095936
0.056653997785620705 0.024448887071764347
0.05628703048739163 0.02989100431398686
0.05512167591935736 0.006782894618091091
0.054260960275016236 2.5964125148190063e-05
0.053787969606264835 0.0019661981913745466
0.05060850731014218 0.016009550234430635
0.0493473592113513 0.002505953145205317
0.04847368917566308 0.007439852118151542
0.047074568081946336 0.022564459484725994
0.046695723441667183 0.0001230433036822655
0.046654267686511736 0.01755310236174348
0.04651625637757926 0.002971800380279287
0.04640291928890566 0.00849610542379889
0.04586806427080953 0.008597752483343624
0.04530675130259108 0.002795679406102246
0.04465496619342341 0.015979469482127452
0.04391648500151383 0.021140357658697467
0.0418111345952321 0.0007762332597590884
0.041710113331128715 0.0006442883352070301
0.041620871495502955 0.0025772938255190355
0.04126254187720923 0.00577398465328208
0.04115512217400144 0.014973969463907014
0.040749457729093067 0.009194825191067693
0.04051099135193271 0.011476143315500007
0.03947058727368768 0.009196408836674372
0.03566777524697209 0.000686887124893104
0.03436289809530005 0.0012871356380542206
0.034126243119230126 0.00505368558606637
0.0333015447696613 0.0014426798621240673
0.033001394970409666 0.0063477794734327275
0.03164219707158385 0.010287234147622335
0.03047901150203507 0.00040535580429954676
0.02871607762996707 0.0011314402865138444
0.023747106441078338 0.0016421979230062157
0.023339317697358853 0.002846707277243217
0.02209799709699029 0.0007579532214927614
0.01840123824057995 0.0013382060803136505
0.01781345667945957 0.003099881975831184
0.014544170387666228 0.0002244349365162453
0.01348708162381912 0.0036605574415507058
0.011731604083149227 0.0007900550376447887
0.011276384727798565 0.002451760111406914
0.010033086698977577 0.0001391447649614493
0.008951664283819263 0.0010461990717452762
0.003410481654317069 8.761615103960374e-05
0.0026789427475502024 0.0001977891413337293
0.0020350826511879214 0.0001327443303358725
0.0019178254276779703 6.889124458537944e-05
0.0010595468468338838 9.608527595280123e-05
0.0010028135810935532 2.3173322263707303e-06
0.000624828544820406 2.5505620898911303e-05
0.0005245380073136331 4.911047461731119e-05
0.0004259639506066044 3.624973973082452e-05
0.0004194941383614138 5.225581509771093e-05
0.00038891387384874923 1.4464601774432332e-05
0.00036346865072415174 4.113214813778602e-05
0.0003104583290691263 5.073981765895971e-05
0.0002362259390167025 4.4109831580566865e-05
0.00021901195805156928 1.3059305873017845e-05
0.0001896818875567771 2.3728725695509904e-05
0.00016372579438132755 2.5425750163771093e-05
0.00015603941265011003 2.33350259964792e-05
0.0001056450695950516 2.2179719010609743e-06
6.282347165480834e-05 1.908005102116619e-06
4.6031859376293096e-05 3.850133616373091e-06
3.894220915193692e-05 8.666149370815897e-06
3.8099330107797734e-05 4.373226234438979e-07
