0.32518037382891113 0.09488400732495693
0.30290157932038103 0.051574705671801196
0.28075438065323166 0.03440216356641077
0.27791710075017123 0.1463042649789886
0.24887981764576267 0.0015613553690524316
0.2366858656734768 0.03591638419310532
0.23048781733788834 0.01969968289625282
0.1930112016532579 0.022687528331079336
0.18991573643096685 0.0027058032608114463
0.1836586845251941 0.029302211688803082
0.18268404431074464 0.0498011077345592
0.17853829851072606 0.012326263008456668
0.16622703756441437 0.03098669976088654
0.16031302373118483 0.007100930672763305
0.15886013957196612 0.029563853782852558
0.14863610650680814 0.31051091131823
0.1272834211376842 0.0022604412479399834
0.12420083793583886 0.005314518828865126
0.12419666596622986 0.004240934820893088
0.12417684485347531 0.042431493704753284
0.10789212342354891 0.023302493679891755
0.10149238164292504 4.425693475005475e-05
0.09993632212100892 0.011817350829949497
0.09354283829479852 0.0005196145576877821
0.08039165769551297 0.00041127106120943525
0.07197379798744186 0.00018280889688696142
0.058795376129454346 0.006067303916576955
0.04888560306076125 0.0005959403159730583
0.048379053579328556 0.0003340044812062135
0.0343537410477195 0.0012339579254310666
0.030603821507133387 0.0016954309780833664
0.030409554593713164 0.012376024388823481
0.027788591314878812 0.0007026831383973439
0.026767197369581677 0.0012505351189590307
0.026151944665719656 0.0012736022794960806
0.02322093593114786 3.231573602228411e-05
0.022754281973379087 0.00053439312146085
0.022043282566990764 0.0013396790410123345
0.021580964477637053 0.0010004383122356546
0.016647585936613987 0.008445617141584387
0.016610032888743277 0.0029597463680876
0.0165585824992516 0.0015033426416502882
0.016506638284785796 0.0024667089596538184
0.015855300172361943 0.0009678011642690046
0.015321579674572748 5.2673244869413946e-05
0.014947259279907829 0.0031847251506421596
0.014108992450608137 0.0014970878800706884
0.012338288285143394 5.9117447926156476e-05
0.01197019072371923 0.003177459324999157
0.011849364311030721 5.5652158883587746e-05
0.011728875274456001 0.00010050189645818512
0.011680878466949316 0.00046191047089446687
0.011076984801770141 0.0007034898610921433
0.010614227165618339 0.00011444925914333968
0.010508244237658547 0.00249562858470103
0.009955007010611788 0.005320965160477791
0.009832427732120726 0.0030814869955450176
0.009699941090086277 0.0034613810138941913
0.00934291095518351 0.0006704184877172106
0.009137934212636947 0.00020313341311728548
0.009115746145696078 0.00016959056460541852
0.009007545262464568 0.0005335502133153604
0.008814822084227469 0.0014988583064596054
0.008762062100704194 5.9719297113371654e-05
0.0086823221387185 0.003683756572554979
0.008338476279202511 0.00032030243459117935
0.008225201982928641 0.003020970022099519
0.00818527133809199 0.0020854303156767635
0.008176489980631843 0.0011077505233693303
0.007850895423877222 6.250664109447961e-05
0.007793300425574957 0.0002031158525309211
0.007713878150560764 4.689208698267151e-06
0.007577394612641988 0.0024682048023286743
0.007333107699310314 0.001974908774350254
0.007160288115369774 0.0015832465024420497
0.006534048870111431 0.0016892954156354522
0.006517095454324085 0.0015429784814916102
0.0063443269557256965 0.00044527846705148686
0.006137428659319686 0.0018995600232336136
0.006091853616314343 4.2243852985921223e-05
0.00606273177845445 0.0005943412383359393
0.00602756537391235 0.0001274808106426434
0.005835168396870444 0.0007258178805849476
0.005782930973826254 0.00039431072761533965
0.005752809246821555 0.00017271528470031466
0.0056300357376025244 0.0004395787264287974
0.005620776519337675 0.001396202311407391
0.005487395351676604 0.001294405720809069
0.005258880505595037 0.0023226546804560764
0.005199398010328094 0.0002508896938046762
0.005124184422512561 0.00023660069789388757
0.004975315881956079 0.002023557452108343
0.004911545410782345 0.0009085666457670856
0.004817996442246488 1.646278364710518e-05
0.004814115552659963 0.00031869537486934924
0.004721897463714933 0.000967283393040746
0.0046350390785839 3.154307022225189e-05
0.004619255304276218 0.0012825475357622937
0.004057174459508566 4.134719880337695e-07
0.0037759464581340295 0.0005635109682783865
0.0037660542605515925 0.0009853024171370209
0.003747957012025149 0.0004496781921442323
0.0036808665257505885 0.00020888636763804878
0.0036454654479179827 0.00024619143874373653
0.0035875125861511725 0.0003867652629379589
0.003542566265351571 0.0012409614065565652
0.0031844819631279622 0.0009744316159690055
0.003182349416162653 0.00038102241905782963
0.0031510487352461275 0.0005938939755226286
0.003122702756020152 0.0014717011257165996
0.0030023236061449536 2.8541274231906338e-05
0.0029500178032417397 0.00025842291928549995
0.002891888271333324 0.0002299864764327991
0.0028313367088540773 1.7650517852113383e-05
0.0027772144495401127 0.00013526919676473123
0.002731463002462654 9.865271350011903e-05
0.002729948268853982 0.00046683302253578785
0.00271176534595164 0.0006411835703239117
0.0026921669333605336 0.00017147832763958815
0.0026480252066998088 7.756830280530047e-05
0.002604394333460593 0.0006632902200007289
0.002585382870165241 6.629201173396252e-05
0.002553066602003976 0.0004289210469225679
0.0023767024403127377 0.000762567132525254
0.00232600077036696 4.1696015905250995e-05
0.0023241989477781793 0.0010767018102601845
0.0023187123288172756 3.434478195583979e-05
0.0023178981561767457 2.9597570108672146e-05
0.0022929855376544947 0.0002897573910273024
0.0022826521968570255 8.131881834154501e-06
0.002280490116178285 0.0008757975273332124
0.0022338907056350197 3.4707700740703404e-05
0.0022127009314220148 0.000655353367103015
0.0021594314248246835 0.000619740231886585
0.00210911475743147 0.00017870264644209323
0.0020725802235698914 0.00011116210362457315
0.0020403899393123164 7.83892602178347e-05
0.002020078859591256 0.00013906121914147336
0.0019612036679360805 0.0002269973187432461
0.0019410132507289026 0.00032281319933704847
0.0019208063372133219 2.951748319207101e-05
0.0018805061218545478 5.329731085907495e-05
0.001798323508912519 0.00017611206084911332
0.0017184059455420035 0.00011237484836167605
0.0016950723164103488 0.0005645387947196828
0.0016816545650457742 9.349030021323021e-05
0.001629213199737217 0.00024303000105916942
0.0015372275224920246 0.00016385650101847143
0.0014828485061198536 6.161969844833382e-05
0.0013134525713466402 0.00010020589415014936
0.00130485533397383 0.00011609130700315332
0.0012529614066417074 0.00012369410965570862
0.0012360637324125938 2.8314050887131023e-05
0.0012168654883350028 6.864419906357162e-05
0.0011839597432178248 1.2176537192002215e-05
0.0011641486080691682 1.0874127036644878e-05
0.0011383787136489477 0.00010795237432750404
0.0010476129650170982 2.7005255064004826e-05
0.0010140729767522528 0.00015134105781311144
0.0009829520257764717 0.00031419327954018423
0.0009821461678075159 5.6872353566420996e-06
0.0009543459636236605 8.172490690122104e-05
0.0009513955190449562 0.00036041646782406753
0.0009459429569788197 5.9680251415659977e-05
0.0009157608321998063 6.263787987060424e-05
0.0008148726693589778 3.673508373994427e-05
0.0008052073625344528 3.084942706085933e-05
0.0007299672342872556 3.352295981746185e-05
0.0007095525204996964 5.3156892685532595e-05
0.0006366303896525958 8.549145312426033e-06
0.0005936084829594624 2.0403871455826674e-05
0.0005283360827712811 2.310514195680019e-05
0.0005119489293768133 2.7194330695598452e-05
0.0005066147682338912 7.845324993026851e-06
0.0005060156462589522 6.29969073891712e-05
0.0005043921567460919 1.9403117585175443e-06
0.00044730924243672993 3.2319460995149274e-05
0.00042235764473414 2.1257888002539282e-05
0.0003908568130434842 5.311907755921387e-05
0.00035560403569307315 5.6109066715924285e-06
0.0003546864617968486 3.615624956364604e-05
0.00034671249220522823 1.3430921804347907e-05
0.0003316590121312362 1.5343030196886314e-05
0.0003224578302739741 2.6875679222195016e-06
0.0003041175605267648 2.81344539811318e-05
0.0002972614818989307 1.683441620777839e-05
0.0002336317282269163 3.4979989605410006e-06
