0.13551576442573435 0.008322883542788912
0.13155529664747334 0.0006403207069666443
0.12371568044143184 0.018776162080849024
0.11574296137641621 0.005690677231569515
0.11365050576191574 0.0009147937361196868
0.11187145872151098 0.7229842745694102
0.10854776973316083 0.0013447194614378888
0.10819080239065779 0.04686799172962367
0.10643271736898227 0.011449255397081255
0.10472199697370434 0.011744571245831862
0.09882408353747604 0.017310940811500877
0.0976905849373847 0.0070055543389675925
0.09269399573539563 0.00966347360573627
0.08929103081025098 5.254978862588263e-05
0.08400476217559531 0.00011411614014139742
0.0830614883612265 0.03722857932004047
0.07994704493432639 0.0003386447331182527
0.07928376136606292 0.0004410027303412535
0.072613607840987 0.004306920054504655
0.057491465342171325 1.1268575056117248e-05
0.045647175508460924 0.0011175131451099578
0.04479032106456404 0.00018744914879900064
0.04476529350402195 7.546156458055699e-05
0.04448522662990338 0.0005950292940380341
0.044448070557712306 0.0006674342523132294
0.04370019817707065 0.0015582008491746141
0.043570850090744594 0.00021294924875598677
0.03456271202545549 0.0003888978099032682
0.031906814886813614 0.000622430194434218
0.03141174257891749 0.002566076335805069
0.031016022747281154 2.4678477370725987e-05
0.030085741638266054 0.00020720427631993455
0.029862786048116263 0.009098974189301163
0.029239906728382302 5.4380346719622866e-05
0.02906664653336571 5.165366658231909e-05
0.019329765419514533 0.00013147025658123948
0.01903899190910351 8.664286884383313e-05
0.018783433227881834 8.418438675282153e-06
0.018499013456900828 8.339256394948272e-05
0.01833365233291432 4.104707241824047e-05
0.018310776742410335 0.0001318384967559105
0.018238771952648655 7.386089052649575e-07
0.018174813104275742 0.00037692468283665327
0.017785771616847672 3.933571345618563e-05
0.017462977175409695 0.0004270223750392931
0.014299193822215516 0.0003919533519306683
0.013709252841111304 4.870135951718221e-06
0.013528944997433814 0.0005570462778708855
0.013361716065624911 1.7396687558301147e-05
0.013070657328720214 0.0004803490865770539
0.01302003814031645 0.000915314168042849
0.012809538859427783 0.0024792887251584754
0.0125507618016506 0.004014762982743712
0.01209393538657811 0.002605472713105059
0.01154120901295286 0.0002656927359708582
0.01089114164841501 0.00099303413045766
0.010712886796925208 0.0004814218787622226
0.010369700789745332 0.0002355257771527959
0.009444766613208694 0.0015485510408979031
0.009360527948279837 0.00024285758802941018
0.008818745544932453 0.0004173225456983928
0.008476537609199176 0.0019507917036042071
0.008132323509508516 0.0014707225221310216
0.007557566049941711 0.00031055630915895476
0.007269139804574726 8.695949153737251e-05
0.007165687197468347 0.0006863927677799979
0.007145196121737051 0.0009019479011246608
0.007051792427142937 0.0007603308184587007
0.006865208004187636 0.001464968503332297
0.006818412766499459 0.0012254149662342918
0.006481411810692707 0.00031780138138170865
0.005767097710593363 0.00014640846204852902
0.005500205533359921 0.00020732986111938884
0.005419203869850895 5.9013680824912484e-05
0.004755317388122249 0.00022693598972571598
0.004225451172970541 0.0002152017930614526
0.003411680829510163 0.0003920211996507125
0.003059685527573654 0.0006665700586085102
0.0029375769260110555 0.00044680996303805213
0.002919713818636137 0.00039378311181593746
0.0028644328266916146 0.00011501465681037427
0.002809452227201719 0.0002928786522188237
0.0025627081621264853 5.1415268318948265e-05
0.0024349306840020803 4.264801254179207e-05
0.0021397529253169762 0.0001342520131030497
0.001604807177524629 1.739908218371447e-05
0.0015873025987879832 1.3825768928055831e-05
0.0013196569127578149 2.2939846285908313e-05
0.0011795282228209802 2.316480804001549e-05
0.0011565994184189222 6.38951247299714e-05
0.0009849064392179788 3.451433473857757e-05
0.0009615642293452596 4.94976389844847e-05
0.00073822150808698 8.24142264333951e-05
0.0006130062791548305 3.116591671965352e-05
0.0004383715026336197 3.600076520521152e-05
0.00037842019292464607 3.562361170261315e-05
0.0003004980842145271 3.355987695925059e-05
0.0002724995252256014 3.637286338749288e-05
0.00014104463415743072 4.830657891084688e-06
0.00013566759425320127 9.737469859115992e-06
0.00012072306963551546 6.286465422311455e-06
6.0712571936942045e-05 2.0812662283764263e-06
