0.2792005688863702 0.00725190488726657
0.2581335016652119 0.02732069640900696
0.2208460379741188 0.0045753564990602
0.218535890688266 0.02227930536195157
0.21273658047661262 0.03186465245109175
0.21197147530721874 0.22493557286932403
0.20038610301597642 0.03597033031441666
0.198430896687388 0.10659882987320958
0.1982596075351561 0.01841931393747767
0.19094783062688866 0.00516799755335268
0.17720199110229568 0.03119369756728195
0.17493361459787493 2.3771712547547682e-05
0.17491358914375177 0.1167793552553024
0.1409300103567017 4.708365701573735e-05
0.12097393012819356 0.013211614559050058
0.08956727479793193 0.010984540553758297
0.0641188008363011 0.00012082109129870178
0.06344201370926242 0.00011784962723025832
0.06151210313926239 8.114055178299764e-05
0.06047081783886525 0.031352853950753046
0.05640357743839704 0.00011311146174576324
0.0539116897907306 7.805840280656058e-05
0.05073052039275773 3.5368085215799814e-05
0.050678851826283955 6.510401145946396e-05
0.050655143970414096 0.000521964483426723
0.050433169644544786 1.1664486457786649e-05
0.05041932551682189 1.0029755508958156e-05
0.05032176528464923 0.0006174727876896586
0.048720303664896505 0.003209930445603817
0.045865122606524006 1.938688734626292e-05
0.045773667072738375 4.5534068303827006e-05
0.04569174321237573 1.857377898369458e-05
0.04564168383417971 6.294565575358883e-05
0.045473021319956695 3.009778075056628e-05
0.045411284683967344 0.00036890002700711754
0.045276027726399166 1.0119154857722214e-05
0.04515576857386413 2.596838226003597e-07
0.044655391904608 8.498472377985214e-05
0.04447242975169459 0.00015736413938397206
0.04441567819367679 0.00025022026296690726
0.043710334360375754 0.00030338307569860055
0.0424469810776487 0.0001777684764614069
0.04173043252596923 8.024655829535706e-06
0.041666741875642614 6.300525531943153e-07
0.04156801519482417 2.6223808970790423e-06
0.041507772805092734 1.0600208496309766e-05
0.041433558574283026 4.52488418101512e-05
0.04128676910072429 3.062566261945881e-05
0.041145058361597715 5.985499255345996e-06
0.04113079277980208 0.00012926720120098233
0.04110754043489973 0.00020259595274673965
0.04107671468802352 1.7615928818365383e-05
0.041076122949476934 0.0002400798225499555
0.040874557217796904 2.1668699295669358e-05
0.040128404710341 1.8016097331880692e-05
0.03995614919372004 2.737322916918546e-06
0.039897916160779874 1.2601051063886308e-05
0.03988851645782411 2.103013251878323e-05
0.039616538096212774 0.00012185556947725732
0.03952392037089321 5.8139376479559225e-05
0.039500089058779816 0.00015687882863353863
0.039333674299611446 2.277129126375941e-05
0.03931029424135372 0.00017695111098699266
0.03928723346648444 4.2149664386330517e-05
0.0392839469761394 3.0102037862412188e-05
0.03928184821999937 2.4874304515637735e-05
0.03927534761021067 0.00020459253820247027
0.03926327444101567 0.00023081209006141479
0.039176310160227476 2.9212301486617512e-05
0.039154360491549973 6.454632980765006e-05
0.03900428878475804 6.748799409317217e-05
0.03871927088956269 9.017840023185934e-05
0.038718406695857965 1.5380945099263927e-05
0.038449195456946465 0.00022509478885236097
0.038191767903624434 5.387375040995987e-05
0.03809884366625197 1.9569943155636945e-05
0.037685329107099735 7.191964752476192e-05
0.037541549411616054 0.0002674232519362196
0.03721006514062262 3.721992886876959e-05
0.03720689359229742 4.1272699346073565e-05
0.03718540369169928 0.00021074406481980668
0.03717818363000862 0.0002554607676492194
0.03701953809995903 3.864606133714861e-05
0.03699833768296641 0.0005774091081078228
0.036817925540048695 9.886290839751071e-05
0.036718790176493044 2.4265537521672955e-06
0.036367608248988596 0.0001062575116738521
0.03589932594593877 3.4014323648801213e-06
0.03580064609335063 7.151947901124661e-07
0.035355201066798174 3.400155231326349e-05
0.035354458200781064 7.252202885095783e-05
0.03530150185797389 3.93420991239545e-05
0.03529076542189852 2.0259595274673965e-05
0.03527566118906923 0.00012519101660852586
0.035222174835837256 4.9295226619686316e-05
0.03521314975872393 0.0002613419676643407
0.035114042066395276 9.909917810495858e-05
0.035059555291879506 6.933983774614196e-05
0.03500324860204961 0.0001968105377481513
0.03469112354717544 8.79285166212972e-05
0.034551313608488066 0.0002011293777158245
0.033890658806789445 0.00015286224360692486
0.033277819885344055 0.00034031352096184844
0.03242315998260374 0.00015722365469305713
0.03221997654842226 0.46732240095659006
0.020837038439676554 0.3303035439945264
