0.46281133536062674 0.0028268244363669056
0.3864133083446544 0.14871045270808508
0.33000834734490747 0.017859469672846063
0.3263038426734935 0.09681779186673674
0.27931849088450184 0.006985869453792116
0.2532333615892037 0.02928654551721014
0.17492881257571274 0.11644208982642222
0.14069785301929696 0.00015806656283854682
0.06491267982466148 2.249457899377542e-05
0.06440901666506031 1.554697246125432e-05
0.06393460837806422 2.818208041990789e-06
0.06282617990963343 1.1673000681478464e-05
0.06264489931589916 1.873129212199316e-06
0.06044989839125446 0.0313765234926163
0.05070424975555664 3.815649347486925e-05
0.05068926472185904 0.0008834869356048828
0.050576847169344165 2.436345109412883e-05
0.05048716259408643 0.0006095034743141197
0.05033252726339568 0.00032743575762797815
0.049565118996493164 2.8292765327901486e-05
0.04893952363940151 2.000842567576542e-06
0.04876388371886306 0.003245958383155732
0.045885263002666994 3.103860246851185e-05
0.04571952512428212 6.545735174267427e-05
0.045506141650117855 0.0007165826085742319
0.04530562742506376 3.034469323762892e-05
0.04524540206377971 0.0006020450143600897
0.04473906969505116 0.00029711660706142467
0.04403230824350544 0.00023619307943464194
0.043411395709444286 7.64875285354207e-05
0.042113444878745535 5.368643748873994e-05
0.041714553498784 1.524046040834898e-06
0.041549266874254795 3.260096251595991e-05
0.04154354531593389 2.2094410480260113e-06
0.04133611754124205 4.767965267416441e-07
0.04119534762383342 4.1907009011113786e-05
0.04114744660134327 9.497616528219713e-06
0.041144100511432385 1.4921177019905914e-05
0.0411339941279102 0.00019405618638384912
0.04109126549631283 4.644509023885122e-06
0.04107466701722564 0.00023213605184549204
0.04106480328907867 0.00012429063745311643
0.04070749112051611 2.9918982053038164e-05
0.040334053012281254 1.116214725996956e-05
0.040243346730180506 1.3729185703051805e-05
0.04003699174767383 0.0001853972208892732
0.0399797548789056 1.280113532064396e-05
0.039722701951426014 6.550843708482517e-05
0.03971612897073593 8.306050922550194e-05
0.03943185607011361 0.00026191454920761523
0.03937527053945781 5.0067892419718534e-05
0.039365193955718546 2.8590763157115013e-05
0.03934504930246371 0.00013181721119668094
0.039301064822871795 0.0002166869929566936
0.03929708442329587 2.0944990281865076e-06
0.03928547527929208 1.4733864098685982e-05
0.03927310411226787 0.0003511691561689127
0.0392636107528515 3.687510280925108e-05
0.039254504790613105 0.0004401470508602261
0.039114905578962106 2.9586927329057375e-06
0.03901085750833628 0.00023571628290790028
0.03900451866879772 0.00015862424449036071
0.03870810022807902 0.0003854346494166224
0.038518539551804454 2.5031817653936313e-05
0.038491166322635266 5.227733346774454e-05
0.03767621463063765 4.250726178138675e-05
0.037543469369058564 2.6666548602764808e-05
0.03726963916379425 7.959947729477911e-05
0.03718872423893909 8.019547295320617e-05
0.037178030373982165 0.000334762247114785
0.03704603436408796 2.588324002311782e-05
0.03703253931953643 9.596381523044769e-05
0.03700972545715421 0.0006667020290757334
0.03659049359679293 0.0001334136281388963
0.03618935020466491 7.373317717111852e-06
0.035867567891568294 1.0131926193259937e-05
0.03532852600397172 6.146630938713596e-05
0.03529841545188561 0.00010852442373179787
0.03529527157478741 1.6679364212265728e-05
0.035291203904418644 0.00012397773973244223
0.035228347648013816 0.0003636893221077267
0.035139254811302666 6.295416997728064e-05
0.03508537680378086 0.0008337617406887598
0.03476441611327051 0.00014329012762140177
0.03368794365491102 0.0003422483782958134
0.032518727886432515 5.167708069747158e-05
0.0322056620098404 0.46302170692816
0.024990000044273965 0.32643574076981524
