0.39386287944915016 0.05373408308451934
0.36735741995863447 0.062031841153193705
0.18904439077834648 0.0020462914936434508
0.13929572214750519 0.02099298496081584
0.13762823698013427 0.0008440490514643954
0.12915808291014805 0.009324616017025724
0.11724757795878639 0.01083650374642871
0.11017081065286045 0.028711937588696924
0.10901302097257637 0.008921927293297638
0.10204815610863195 0.0009798253766777703
0.10164898375928859 0.0077819153120820585
0.09966258131509337 0.10217763190831339
0.0994265244632378 0.06620753147793641
0.09457584351265537 0.019281498285405634
0.09439104228742452 0.007311461881990816
0.09264506449183878 0.030325493663203876
0.09116534349954347 0.025069339837746143
0.09028241850270224 0.011004123268249472
0.08536384513240129 0.008286025468427044
0.0840051708583325 0.007745908660089372
0.08380521431493024 0.050712751207912916
0.0801050348691517 0.055109939061998195
0.07960397280488839 0.005812422116138779
0.07771092882347391 0.047153422564668084
0.07352262041921995 0.0768745000022137
0.07245805297413753 0.08115046233937491
0.06847510338821829 0.036391150077496465
0.06201130910276089 0.11105685611268473
0.06162604048070626 0.0029737160806099453
0.056656671251859934 0.005394241762403436
0.05066800896241243 0.05173095870499339
0.04746390650292566 0.050929570171336834
0.044580449707672644 0.00012030172365350107
0.04374696680780979 0.0003322079800072405
0.040426219483745154 0.007799735582269027
0.03792695426124976 0.03645545800904074
0.034358385556743386 6.974426337150317e-05
0.03167580271249544 0.013160273790188413
0.031644506554760254 0.001525838284922025
0.031552897764948164 0.004030584538919028
0.030762301009820987 0.0002466634460196515
0.03034416748431595 0.019617556823077496
0.02977594096645975 0.0011360741527581147
0.02936068950567439 0.0027624590338127066
0.02916218676596749 0.000679654291866907
0.02887319485686398 3.055967738584725e-05
0.028657587041760225 6.713039669811594e-05
0.02844960371397249 0.003612880981710426
0.028365921666417482 0.014313178434629323
0.02755727688561958 0.000677080867756056
0.027501591734119184 0.02433859168950465
0.02583071364860709 0.04520207105085614
0.025792625268921756 0.009718928873196985
0.02560654265302529 0.020684214510076245
0.02424657421695536 0.1790204015273836
0.022846901827254577 0.010958851012324168
0.021439430408652087 0.0017868098838557719
0.02099558605615369 0.0031797815795110997
0.02097137373253009 0.025353793665621915
0.01873220101537226 0.0010010939074599245
0.018559362274428413 0.00035347651078939453
0.017988057864707623 0.0018243043964386023
0.017853229811157924 0.016143980248022743
0.017638497896816464 0.020351529733542262
0.017545790772148136 0.00023640699930489877
0.017424904759893785 0.01799449781065252
0.017377293221009154 0.033226795207036974
0.017283821944764483 0.5468743614332231
0.015869152814308528 0.01871847182966921
0.008148228079364826 0.0003037491873173486
