   3.0962870e-04
  -2.3860481e-03
   2.0176481e-03
  -1.3444955e-03
   1.7814714e-03
  -6.7007664e-04
   8.1465196e-04
   1.6288756e-03
  -6.6905623e-04
  -3.8685457e-06
  -7.5264900e-04
   2.8029486e-04
   1.5950456e-03
  -5.3091826e-03
   8.3103273e-03
   9.8635659e-03
  -1.7919211e-02
   4.4504914e-03
   2.5451290e-03
  -1.6919038e-03
   2.5919007e-02
   2.4192028e-02
   1.5446056e-02
   2.1954204e-02
   1.7213668e-02
   2.0302165e-02
   1.8836120e-02
   1.6671774e-02
   2.0723906e-02
   2.1354026e-02
   2.1182634e-02
   1.6482392e-02
   1.8975046e-02
   2.3191260e-02
   1.5303541e-02
   1.4310766e-02
   1.6140501e-02
   3.5739905e-02
   3.8140806e-02
  -5.1695421e-05
   4.8070303e-02
   5.2236589e-02
   6.4865668e-02
   5.5498002e-02
   6.2870687e-02
   5.8059793e-02
   5.9912542e-02
   6.3382789e-02
   5.7525478e-02
   5.3208586e-02
   5.6975197e-02
   6.4619553e-02
   5.9507203e-02
   5.5118679e-02
   6.2922127e-02
   6.5583612e-02
   6.5312546e-02
   3.6033938e-02
   7.5614280e-02
   1.7658621e-03
   1.5212067e-01
   1.2016116e-01
   1.1305105e-01
   1.2261249e-01
   1.0966009e-01
   1.2008781e-01
   1.1442445e-01
   1.1274301e-01
   1.1804817e-01
   1.2662733e-01
   1.2169528e-01
   1.0901153e-01
   1.1674251e-01
   1.2227215e-01
   1.1213156e-01
   1.0940766e-01
   1.0753309e-01
   1.5588091e-01
   5.3940766e-02
   4.6449558e-04
   8.6734488e-02
   2.1310809e-01
   1.7245200e-01
   1.6572245e-01
   2.1293617e-01
   1.5976006e-01
   1.9301678e-01
   1.9269112e-01
   1.8295905e-01
   1.3134708e-01
   1.6015227e-01
   2.0529827e-01
   1.7594717e-01
   1.6649798e-01
   1.9277576e-01
   2.0443392e-01
   1.4666930e-01
   1.7800422e-01
   3.2817497e-02
   3.8157961e-13
   6.7863678e-03
   1.1204133e-01
   2.8538329e-01
   2.4011617e-01
   2.1247037e-01
   2.4267972e-01
   6.1956431e-02
   1.7584849e-01
   3.3256587e-01
   2.7242478e-01
   2.7820117e-01
   6.7042395e-02
   2.4260801e-01
   2.5243065e-01
   2.1237021e-01
   2.1622148e-01
   2.6198518e-02
   2.3279869e-03
   3.6419584e-04
   0.0000000e+00
   3.4024185e-05
   3.1635919e-03
   2.4344752e-02
   1.8848073e-02
   1.2221063e-01
   4.8502486e-01
   1.2578666e-01
   3.0245025e-02
   6.3320962e-02
   5.3397909e-02
   1.6846846e-01
   1.1231776e-01
   2.7914493e-01
   3.3077547e-01
   2.3188402e-02
   3.6764302e-03
   4.7870736e-05
   0.0000000e+00
   0.0000000e+00
   0.0000000e+00
   0.0000000e+00
   0.0000000e+00
   0.0000000e+00
   0.0000000e+00
   2.6942621e-02
   1.1241887e-01
   2.9316500e-02
   7.8377845e-08
   0.0000000e+00
   3.3043240e-02
   5.3134121e-01
   4.2910392e-01
   2.2807069e-02
   1.2501319e-02
   7.2191475e-04
   0.0000000e+00
   0.0000000e+00
   0.0000000e+00
   0.0000000e+00
   0.0000000e+00
   0.0000000e+00
   0.0000000e+00
   0.0000000e+00
   0.0000000e+00
   0.0000000e+00
   0.0000000e+00
   0.0000000e+00
   0.0000000e+00
   0.0000000e+00
   8.6426348e-03
   1.3897511e-01
   1.1214728e-01
   3.1995747e-03
   0.0000000e+00
   0.0000000e+00
   0.0000000e+00
   0.0000000e+00
   0.0000000e+00
   0.0000000e+00
   0.0000000e+00
   0.0000000e+00
   0.0000000e+00
   0.0000000e+00
   0.0000000e+00
   0.0000000e+00
   0.0000000e+00
   0.0000000e+00
   0.0000000e+00
   0.0000000e+00
   2.8257659e-08
   4.5438822e-07
   3.6667287e-07
   1.0461219e-08
   0.0000000e+00
   0.0000000e+00
   0.0000000e+00
   0.0000000e+00
   0.0000000e+00
   0.0000000e+00
   0.0000000e+00
   0.0000000e+00
   0.0000000e+00
   0.0000000e+00
   0.0000000e+00
   0.0000000e+00
   0.0000000e+00
   0.0000000e+00
   0.0000000e+00
   0.0000000e+00
   0.0000000e+00
   0.0000000e+00
   0.0000000e+00
   0.0000000e+00
   0.0000000e+00
   0.0000000e+00
   0.0000000e+00
   0.0000000e+00
   0.0000000e+00
   0.0000000e+00
   0.0000000e+00
   0.0000000e+00
   0.0000000e+00
   0.0000000e+00
   0.0000000e+00
   0.0000000e+00
   0.0000000e+00
   0.0000000e+00
   0.0000000e+00
   0.0000000e+00
   0.0000000e+00
   0.0000000e+00
   0.0000000e+00
   0.0000000e+00
   0.0000000e+00
   0.0000000e+00
   0.0000000e+00
   0.0000000e+00
   0.0000000e+00
   0.0000000e+00
   0.0000000e+00
   0.0000000e+00
   0.0000000e+00
   0.0000000e+00
   0.0000000e+00
   0.0000000e+00
   0.0000000e+00
   0.0000000e+00
   0.0000000e+00
   0.0000000e+00
   0.0000000e+00
   0.0000000e+00
   0.0000000e+00
   0.0000000e+00
   0.0000000e+00
   0.0000000e+00
   0.0000000e+00
   0.0000000e+00
   0.0000000e+00
   0.0000000e+00
   0.0000000e+00
   0.0000000e+00
   0.0000000e+00
   0.0000000e+00
   0.0000000e+00
   0.0000000e+00
   0.0000000e+00
   0.0000000e+00
   0.0000000e+00
   0.0000000e+00
   0.0000000e+00
   0.0000000e+00
   0.0000000e+00
   0.0000000e+00
   0.0000000e+00
   0.0000000e+00
   0.0000000e+00
   0.0000000e+00
   0.0000000e+00
   0.0000000e+00
   0.0000000e+00
   0.0000000e+00
   0.0000000e+00
   0.0000000e+00
   0.0000000e+00
   0.0000000e+00
   0.0000000e+00
   0.0000000e+00
   0.0000000e+00
   0.0000000e+00
   0.0000000e+00
   0.0000000e+00
   0.0000000e+00
   0.0000000e+00
   0.0000000e+00
   0.0000000e+00
   0.0000000e+00
   0.0000000e+00
   0.0000000e+00
   0.0000000e+00
   0.0000000e+00
   0.0000000e+00
   0.0000000e+00
   0.0000000e+00
   0.0000000e+00
   0.0000000e+00
   0.0000000e+00
   0.0000000e+00
   0.0000000e+00
   0.0000000e+00
   0.0000000e+00
   0.0000000e+00
   0.0000000e+00
   0.0000000e+00
   0.0000000e+00
   0.0000000e+00
   0.0000000e+00
   0.0000000e+00
   0.0000000e+00
   0.0000000e+00
   0.0000000e+00
   0.0000000e+00
   0.0000000e+00
   0.0000000e+00
   0.0000000e+00
   0.0000000e+00
   0.0000000e+00
   0.0000000e+00
   0.0000000e+00
   0.0000000e+00
   0.0000000e+00
   0.0000000e+00
   0.0000000e+00
   0.0000000e+00
   0.0000000e+00
   0.0000000e+00
   0.0000000e+00
   0.0000000e+00
   0.0000000e+00
   0.0000000e+00
   0.0000000e+00
   0.0000000e+00
   0.0000000e+00
   0.0000000e+00
   0.0000000e+00
   0.0000000e+00
   0.0000000e+00
   0.0000000e+00
   0.0000000e+00
   0.0000000e+00
   0.0000000e+00
   0.0000000e+00
   0.0000000e+00
   0.0000000e+00
   0.0000000e+00
   0.0000000e+00
   0.0000000e+00
   0.0000000e+00
   0.0000000e+00
   0.0000000e+00
   0.0000000e+00
   0.0000000e+00
   0.0000000e+00
   0.0000000e+00
   0.0000000e+00
   0.0000000e+00
   0.0000000e+00
   0.0000000e+00
   0.0000000e+00
   0.0000000e+00
   0.0000000e+00
   0.0000000e+00
   0.0000000e+00
   0.0000000e+00
   0.0000000e+00
   0.0000000e+00
   0.0000000e+00
   0.0000000e+00
   0.0000000e+00
   0.0000000e+00
   0.0000000e+00
   0.0000000e+00
   0.0000000e+00
   0.0000000e+00
   0.0000000e+00
   0.0000000e+00
   0.0000000e+00
   0.0000000e+00
   0.0000000e+00
   0.0000000e+00
   0.0000000e+00
   0.0000000e+00
   0.0000000e+00
   0.0000000e+00
   0.0000000e+00
   0.0000000e+00
   0.0000000e+00
   0.0000000e+00
   0.0000000e+00
   0.0000000e+00
   0.0000000e+00
