   2.6839955e-03
   1.5963908e-02
  -5.3751850e-03
   4.7153900e-03
  -3.2421795e-03
   3.7157981e-03
  -4.2495810e-03
   1.7243956e-03
  -3.8808507e-03
  -1.1620610e-03
  -7.4887017e-04
   2.2562157e-03
   1.9071170e-03
  -2.0749722e-03
   3.9173076e-03
   2.0391894e-03
  -4.3803592e-03
   6.4073522e-03
  -6.0386558e-03
  -1.9376053e-04
   3.6214873e-03
   1.5723128e-02
   1.9514769e-02
   1.7229684e-02
   2.1952820e-02
   1.7865960e-02
   2.0919346e-02
   2.0071549e-02
   2.0350303e-02
   2.0192899e-02
   2.1141958e-02
   1.5188345e-02
   1.8388380e-02
   2.0997713e-02
   2.0610140e-02
   1.3209482e-02
   3.0938246e-02
   4.7567100e-03
   3.5056623e-02
   5.7283533e-03
   9.7234613e-02
   5.4528750e-02
   6.4244091e-02
   5.9319132e-02
   5.7445059e-02
   5.8866802e-02
   5.9251258e-02
   5.6583695e-02
   5.8798878e-02
   5.8360935e-02
   5.6509408e-02
   6.6978402e-02
   6.0009254e-02
   5.7187478e-02
   5.5264169e-02
   6.8907068e-02
   4.2958590e-02
   7.4029264e-02
   5.3529711e-02
   2.8974272e-03
   7.8738275e-02
   1.2380513e-01
   1.0943314e-01
   1.1871967e-01
   1.1831332e-01
   1.1972980e-01
   1.1493210e-01
   1.2244580e-01
   1.1741281e-01
   1.1749102e-01
   1.2165202e-01
   1.0592939e-01
   1.1624971e-01
   1.1961165e-01
   1.2293978e-01
   1.0349023e-01
   1.3178870e-01
   1.2815166e-01
   1.6526541e-02
   2.4261753e-04
   2.3713105e-01
   1.7449984e-01
   1.9127836e-01
   1.7414248e-01
   1.7554400e-01
   1.6771334e-01
   1.8989264e-01
   1.6073081e-01
   1.7771568e-01
   1.7762562e-01
   1.6735910e-01
   2.0851581e-01
   1.8512425e-01
   1.6881298e-01
   1.6559889e-01
   2.0378415e-01
   1.6446420e-01
   4.0370041e-02
   5.9139589e-04
   0.0000000e+00
   1.0383239e-01
   9.8642702e-02
   2.4197942e-01
   2.3028858e-01
   1.9614974e-01
   3.3041141e-01
   1.1357065e-01
   3.7354166e-01
   2.0843541e-01
   2.3122280e-01
   2.6222515e-01
   6.3781579e-02
   1.0011191e-01
   3.6534443e-01
   2.8136669e-01
   8.6990879e-02
   3.8980258e-03
   2.4960612e-04
   0.0000000e+00
   0.0000000e+00
   0.0000000e+00
   2.9708578e-04
   2.8765419e-03
   2.5468936e-03
   1.0061440e-02
   3.5352813e-02
   1.8878950e-02
   1.6149076e-01
   1.4615898e-01
   3.3865303e-01
   2.9691735e-01
   1.1900228e-02
   2.9275210e-02
   1.2825366e-01
   3.9763659e-02
   1.9415181e-03
   3.7720165e-06
   0.0000000e+00
   0.0000000e+00
   0.0000000e+00
   0.0000000e+00
   0.0000000e+00
   0.0000000e+00
   0.0000000e+00
   0.0000000e+00
   0.0000000e+00
   2.0485698e-05
   3.5871644e-04
   1.5320878e-03
   2.0754030e-02
   1.7287848e-02
   5.2806480e-04
   4.8202517e-05
   2.0980917e-04
   5.7070179e-05
   1.1715755e-09
   0.0000000e+00
   0.0000000e+00
   0.0000000e+00
   0.0000000e+00
   0.0000000e+00
   0.0000000e+00
   0.0000000e+00
   0.0000000e+00
   0.0000000e+00
   0.0000000e+00
   0.0000000e+00
   0.0000000e+00
   0.0000000e+00
   0.0000000e+00
   0.0000000e+00
   0.0000000e+00
   0.0000000e+00
   0.0000000e+00
   0.0000000e+00
   0.0000000e+00
   0.0000000e+00
   0.0000000e+00
   0.0000000e+00
   0.0000000e+00
   0.0000000e+00
   0.0000000e+00
   0.0000000e+00
   0.0000000e+00
   0.0000000e+00
   0.0000000e+00
   0.0000000e+00
   0.0000000e+00
   0.0000000e+00
   0.0000000e+00
   0.0000000e+00
   0.0000000e+00
   0.0000000e+00
   0.0000000e+00
   0.0000000e+00
   0.0000000e+00
   0.0000000e+00
   0.0000000e+00
   0.0000000e+00
   0.0000000e+00
   0.0000000e+00
   0.0000000e+00
   0.0000000e+00
   0.0000000e+00
   0.0000000e+00
   0.0000000e+00
   0.0000000e+00
   0.0000000e+00
   0.0000000e+00
   0.0000000e+00
   0.0000000e+00
   0.0000000e+00
   0.0000000e+00
   0.0000000e+00
   0.0000000e+00
   0.0000000e+00
   0.0000000e+00
   0.0000000e+00
   0.0000000e+00
   0.0000000e+00
   0.0000000e+00
   0.0000000e+00
   0.0000000e+00
   0.0000000e+00
   0.0000000e+00
   0.0000000e+00
   0.0000000e+00
   0.0000000e+00
   0.0000000e+00
   0.0000000e+00
   0.0000000e+00
   0.0000000e+00
   0.0000000e+00
   0.0000000e+00
   0.0000000e+00
   0.0000000e+00
   0.0000000e+00
   0.0000000e+00
   0.0000000e+00
   0.0000000e+00
   0.0000000e+00
   0.0000000e+00
   0.0000000e+00
   0.0000000e+00
   0.0000000e+00
   0.0000000e+00
   0.0000000e+00
   0.0000000e+00
   0.0000000e+00
   0.0000000e+00
   0.0000000e+00
   0.0000000e+00
   0.0000000e+00
   0.0000000e+00
   0.0000000e+00
   0.0000000e+00
   0.0000000e+00
   0.0000000e+00
   0.0000000e+00
   0.0000000e+00
   0.0000000e+00
   0.0000000e+00
   0.0000000e+00
   0.0000000e+00
   0.0000000e+00
   0.0000000e+00
   0.0000000e+00
   0.0000000e+00
   0.0000000e+00
   0.0000000e+00
   0.0000000e+00
   0.0000000e+00
   0.0000000e+00
   0.0000000e+00
   0.0000000e+00
   0.0000000e+00
   0.0000000e+00
   0.0000000e+00
   0.0000000e+00
   0.0000000e+00
   0.0000000e+00
   0.0000000e+00
   0.0000000e+00
   0.0000000e+00
   0.0000000e+00
   0.0000000e+00
   0.0000000e+00
   0.0000000e+00
   0.0000000e+00
   0.0000000e+00
   0.0000000e+00
   0.0000000e+00
   0.0000000e+00
   0.0000000e+00
   0.0000000e+00
   0.0000000e+00
   0.0000000e+00
   0.0000000e+00
   0.0000000e+00
   0.0000000e+00
   0.0000000e+00
   0.0000000e+00
   0.0000000e+00
   0.0000000e+00
   0.0000000e+00
   0.0000000e+00
   0.0000000e+00
   0.0000000e+00
   0.0000000e+00
   0.0000000e+00
   0.0000000e+00
   0.0000000e+00
   0.0000000e+00
   0.0000000e+00
   0.0000000e+00
   0.0000000e+00
   0.0000000e+00
   0.0000000e+00
   0.0000000e+00
   0.0000000e+00
   0.0000000e+00
   0.0000000e+00
   0.0000000e+00
   0.0000000e+00
   0.0000000e+00
   0.0000000e+00
   0.0000000e+00
   0.0000000e+00
   0.0000000e+00
   0.0000000e+00
   0.0000000e+00
   0.0000000e+00
   0.0000000e+00
   0.0000000e+00
   0.0000000e+00
   0.0000000e+00
   0.0000000e+00
   0.0000000e+00
   0.0000000e+00
   0.0000000e+00
   0.0000000e+00
   0.0000000e+00
   0.0000000e+00
   0.0000000e+00
   0.0000000e+00
   0.0000000e+00
   0.0000000e+00
   0.0000000e+00
   0.0000000e+00
   0.0000000e+00
   0.0000000e+00
   0.0000000e+00
   0.0000000e+00
   0.0000000e+00
   0.0000000e+00
   0.0000000e+00
   0.0000000e+00
   0.0000000e+00
   0.0000000e+00
   0.0000000e+00
   0.0000000e+00
   0.0000000e+00
   0.0000000e+00
   0.0000000e+00
   0.0000000e+00
   0.0000000e+00
   0.0000000e+00
   0.0000000e+00
   0.0000000e+00
   0.0000000e+00
   0.0000000e+00
   0.0000000e+00
   0.0000000e+00
   0.0000000e+00
   0.0000000e+00
   0.0000000e+00
   0.0000000e+00
   0.0000000e+00
   0.0000000e+00
   0.0000000e+00
   0.0000000e+00
   0.0000000e+00
   0.0000000e+00
   0.0000000e+00
   0.0000000e+00
   0.0000000e+00
   0.0000000e+00
   0.0000000e+00
   0.0000000e+00
   0.0000000e+00
   0.0000000e+00
   0.0000000e+00
   0.0000000e+00
   0.0000000e+00
   0.0000000e+00
   0.0000000e+00
   0.0000000e+00
   0.0000000e+00
   0.0000000e+00
   0.0000000e+00
