   2.1988857e-03
  -4.0905629e-03
   3.9014549e-03
  -1.4784835e-03
   4.1721326e-04
   1.2555824e-03
  -1.5129625e-03
   1.3635490e-03
  -8.6607118e-04
   7.4765865e-04
  -5.1889776e-04
   1.7921018e-03
  -2.9008350e-03
   9.2203741e-04
  -8.4842464e-04
   8.5478759e-04
   2.2594675e-03
  -3.1106635e-03
   5.4952167e-03
   6.1453693e-03
   1.8793568e-02
   2.9962827e-02
   8.3648352e-03
   2.3414741e-02
   1.9225060e-02
   1.7278015e-02
   2.3433132e-02
   1.5758887e-02
   2.1613418e-02
   1.7907769e-02
   2.0962570e-02
   1.5046255e-02
   2.5073850e-02
   1.7359837e-02
   2.2094262e-02
   1.7645815e-02
   1.8750635e-02
   2.3276111e-02
   1.2521280e-02
   7.5573756e-03
   4.9682446e-02
   4.6720697e-02
   7.8415746e-02
   5.2206436e-02
   5.8805464e-02
   6.3397260e-02
   5.1568269e-02
   6.6187801e-02
   5.5074816e-02
   6.1733092e-02
   5.7018892e-02
   6.5506898e-02
   5.1941037e-02
   6.0435481e-02
   5.6731494e-02
   5.9989557e-02
   6.3927767e-02
   4.4396463e-02
   8.4419360e-02
   7.9530119e-03
   1.3644265e-01
   1.2711683e-01
   9.8408591e-02
   1.2253048e-01
   1.2153294e-01
   1.0686731e-01
   1.3227395e-01
   1.0427564e-01
   1.2340370e-01
   1.1408915e-01
   1.1877451e-01
   1.0804305e-01
   1.2496863e-01
   1.1836914e-01
   1.1561068e-01
   1.2060206e-01
   1.0467610e-01
   1.4980942e-01
   7.4725528e-02
   3.8029271e-03
   1.0002771e-01
   1.7444237e-01
   2.0515422e-01
   1.7506270e-01
   1.5907543e-01
   2.1037941e-01
   1.3841058e-01
   2.0892690e-01
   1.6411081e-01
   1.8325961e-01
   1.8079888e-01
   2.0341222e-01
   1.4730841e-01
   1.7682225e-01
   1.8281789e-01
   1.6410820e-01
   2.2936995e-01
   1.0231895e-01
   6.3275851e-03
   2.4734691e-05
   3.4465820e-01
   1.4028825e-01
   1.4296060e-01
   2.5052769e-01
   2.6701763e-01
   1.8283853e-01
   2.4305239e-02
   2.0182914e-01
   2.4789333e-01
   2.3636783e-01
   1.5121833e-01
   1.7293903e-01
   3.0581722e-01
   2.6186376e-01
   1.7251896e-01
   2.8720876e-01
   9.5641716e-02
   6.6120618e-03
   4.1745689e-05
   0.0000000e+00
   2.9180548e-01
   9.3551797e-02
   5.0120544e-03
   2.5009474e-03
   2.3506641e-03
   1.1433056e-03
   1.9260683e-04
   3.1130690e-03
   1.1393444e-02
   3.2327089e-01
   4.5548962e-01
   4.0317104e-02
   4.7742638e-02
   2.7331458e-02
   3.3084683e-03
   4.5207693e-03
   1.0244115e-03
   0.0000000e+00
   0.0000000e+00
   0.0000000e+00
   9.2506586e-03
   2.9657057e-03
   1.4893838e-04
   1.6176636e-06
   0.0000000e+00
   0.0000000e+00
   0.0000000e+00
   0.0000000e+00
   2.6673520e-03
   1.2799183e-01
   1.8187233e-01
   1.3862176e-02
   0.0000000e+00
   0.0000000e+00
   0.0000000e+00
   0.0000000e+00
   0.0000000e+00
   0.0000000e+00
   0.0000000e+00
   0.0000000e+00
   0.0000000e+00
   0.0000000e+00
   0.0000000e+00
   0.0000000e+00
   0.0000000e+00
   0.0000000e+00
   0.0000000e+00
   0.0000000e+00
   7.0033886e-06
   3.3605484e-04
   4.7752325e-04
   3.6396472e-05
   0.0000000e+00
   0.0000000e+00
   0.0000000e+00
   0.0000000e+00
   0.0000000e+00
   0.0000000e+00
   0.0000000e+00
   0.0000000e+00
   0.0000000e+00
   0.0000000e+00
   0.0000000e+00
   0.0000000e+00
   0.0000000e+00
   0.0000000e+00
   0.0000000e+00
   0.0000000e+00
   0.0000000e+00
   0.0000000e+00
   0.0000000e+00
   0.0000000e+00
   0.0000000e+00
   0.0000000e+00
   0.0000000e+00
   0.0000000e+00
   0.0000000e+00
   0.0000000e+00
   0.0000000e+00
   0.0000000e+00
   0.0000000e+00
   0.0000000e+00
   0.0000000e+00
   0.0000000e+00
   0.0000000e+00
   0.0000000e+00
   0.0000000e+00
   0.0000000e+00
   0.0000000e+00
   0.0000000e+00
   0.0000000e+00
   0.0000000e+00
   0.0000000e+00
   0.0000000e+00
   0.0000000e+00
   0.0000000e+00
   0.0000000e+00
   0.0000000e+00
   0.0000000e+00
   0.0000000e+00
   0.0000000e+00
   0.0000000e+00
   0.0000000e+00
   0.0000000e+00
   0.0000000e+00
   0.0000000e+00
   0.0000000e+00
   0.0000000e+00
   0.0000000e+00
   0.0000000e+00
   0.0000000e+00
   0.0000000e+00
   0.0000000e+00
   0.0000000e+00
   0.0000000e+00
   0.0000000e+00
   0.0000000e+00
   0.0000000e+00
   0.0000000e+00
   0.0000000e+00
   0.0000000e+00
   0.0000000e+00
   0.0000000e+00
   0.0000000e+00
   0.0000000e+00
   0.0000000e+00
   0.0000000e+00
   0.0000000e+00
   0.0000000e+00
   0.0000000e+00
   0.0000000e+00
   0.0000000e+00
   0.0000000e+00
   0.0000000e+00
   0.0000000e+00
   0.0000000e+00
   0.0000000e+00
   0.0000000e+00
   0.0000000e+00
   0.0000000e+00
   0.0000000e+00
   0.0000000e+00
   0.0000000e+00
   0.0000000e+00
   0.0000000e+00
   0.0000000e+00
   0.0000000e+00
   0.0000000e+00
   0.0000000e+00
   0.0000000e+00
   0.0000000e+00
   0.0000000e+00
   0.0000000e+00
   0.0000000e+00
   0.0000000e+00
   0.0000000e+00
   0.0000000e+00
   0.0000000e+00
   0.0000000e+00
   0.0000000e+00
   0.0000000e+00
   0.0000000e+00
   0.0000000e+00
   0.0000000e+00
   0.0000000e+00
   0.0000000e+00
   0.0000000e+00
   0.0000000e+00
   0.0000000e+00
   0.0000000e+00
   0.0000000e+00
   0.0000000e+00
   0.0000000e+00
   0.0000000e+00
   0.0000000e+00
   0.0000000e+00
   0.0000000e+00
   0.0000000e+00
   0.0000000e+00
   0.0000000e+00
   0.0000000e+00
   0.0000000e+00
   0.0000000e+00
   0.0000000e+00
   0.0000000e+00
   0.0000000e+00
   0.0000000e+00
   0.0000000e+00
   0.0000000e+00
   0.0000000e+00
   0.0000000e+00
   0.0000000e+00
   0.0000000e+00
   0.0000000e+00
   0.0000000e+00
   0.0000000e+00
   0.0000000e+00
   0.0000000e+00
   0.0000000e+00
   0.0000000e+00
   0.0000000e+00
   0.0000000e+00
   0.0000000e+00
   0.0000000e+00
   0.0000000e+00
   0.0000000e+00
   0.0000000e+00
   0.0000000e+00
   0.0000000e+00
   0.0000000e+00
   0.0000000e+00
   0.0000000e+00
   0.0000000e+00
   0.0000000e+00
   0.0000000e+00
   0.0000000e+00
   0.0000000e+00
   0.0000000e+00
   0.0000000e+00
   0.0000000e+00
   0.0000000e+00
   0.0000000e+00
   0.0000000e+00
   0.0000000e+00
   0.0000000e+00
   0.0000000e+00
   0.0000000e+00
   0.0000000e+00
   0.0000000e+00
   0.0000000e+00
   0.0000000e+00
   0.0000000e+00
   0.0000000e+00
   0.0000000e+00
   0.0000000e+00
   0.0000000e+00
   0.0000000e+00
   0.0000000e+00
   0.0000000e+00
   0.0000000e+00
   0.0000000e+00
   0.0000000e+00
   0.0000000e+00
   0.0000000e+00
   0.0000000e+00
   0.0000000e+00
   0.0000000e+00
   0.0000000e+00
   0.0000000e+00
   0.0000000e+00
   0.0000000e+00
   0.0000000e+00
   0.0000000e+00
   0.0000000e+00
   0.0000000e+00
   0.0000000e+00
   0.0000000e+00
   0.0000000e+00
   0.0000000e+00
   0.0000000e+00
   0.0000000e+00
   0.0000000e+00
   0.0000000e+00
   0.0000000e+00
   0.0000000e+00
   0.0000000e+00
   0.0000000e+00
   0.0000000e+00
   0.0000000e+00
   0.0000000e+00
   0.0000000e+00
   0.0000000e+00
   0.0000000e+00
   0.0000000e+00
   0.0000000e+00
   0.0000000e+00
   0.0000000e+00
   0.0000000e+00
   0.0000000e+00
   0.0000000e+00
