   5.5347013e-03
   6.2682491e-03
  -5.2066338e-03
   3.4175162e-03
   2.1205176e-03
  -2.3648732e-03
   6.1365440e-03
   4.0975605e-03
  -3.3799026e-03
   1.0629906e-02
   3.3349592e-03
  -4.7425977e-03
  -3.8252442e-04
   2.1042667e-03
  -2.8620421e-03
   8.7155855e-03
  -4.4731361e-03
  -7.1845552e-03
   9.4377842e-03
   1.5350555e-02
   5.3283521e-03
   2.2311559e-02
   1.4621228e-02
   2.6919447e-02
   9.3694952e-03
   2.5184759e-02
   9.3248435e-03
   1.3621216e-02
   2.3845052e-02
   6.8947860e-03
   1.6237606e-02
   2.3103546e-02
   1.1832901e-02
   1.8668785e-02
   2.1480098e-02
   1.6630356e-02
   1.7854739e-02
   3.7172741e-02
   2.2974830e-02
   2.4923281e-02
   8.0026426e-02
   4.9820631e-02
   7.1644919e-02
   4.5299918e-02
   7.1688176e-02
   5.2346503e-02
   7.0505517e-02
   7.6925870e-02
   4.9813847e-02
   7.1004553e-02
   6.4744157e-02
   5.8506646e-02
   6.9140406e-02
   5.8736910e-02
   5.6286450e-02
   6.1032110e-02
   6.4773007e-02
   2.7280094e-02
  -7.1360220e-04
   5.1706213e-03
   9.2752570e-02
   1.2859137e-01
   9.9678395e-02
   1.3631830e-01
   1.0283891e-01
   1.2383175e-01
   1.0166407e-01
   6.8907714e-02
   1.2775365e-01
   1.1069183e-01
   9.9436924e-02
   1.2538454e-01
   8.7624652e-02
   1.2906191e-01
   1.1840922e-01
   1.1573927e-01
   1.0776371e-01
   1.6817752e-01
   4.4168606e-02
   2.1493016e-04
   1.1431518e-01
   3.1469635e-01
   1.1062775e-01
   1.8622778e-01
   1.5498465e-01
   2.2803753e-01
   1.1224627e-01
   2.2537081e-01
   1.7279014e-01
   1.8605746e-01
   2.0661641e-01
   1.8053680e-01
   2.1400497e-01
   1.7008350e-01
   1.5077363e-01
   2.1596001e-01
   1.8830738e-01
   1.3458542e-01
   2.5731925e-02
   0.0000000e+00
   9.3919141e-02
   1.9582483e-01
   5.0836716e-02
   4.6956791e-02
   3.3910009e-01
   1.9440717e-01
   4.1732411e-02
   2.4033485e-01
   1.3313268e-01
   2.0409198e-01
   1.8257488e-01
   6.2171121e-02
   7.3937511e-02
   2.5575035e-01
   3.2323128e-01
   6.1674251e-02
   1.1835060e-02
   1.1598460e-03
   5.7555058e-05
   0.0000000e+00
   1.0717352e-03
   2.2225724e-03
   5.5642612e-04
   5.4506377e-03
   5.0684057e-02
   2.7650126e-02
   5.5878965e-04
   1.8875049e-03
   7.8414316e-04
   2.3596498e-05
   1.4078010e-05
   2.0266790e-06
   5.4078369e-04
   2.1265448e-02
   6.0589295e-02
   1.1247255e-02
  -5.0065851e-06
   0.0000000e+00
   0.0000000e+00
   0.0000000e+00
   0.0000000e+00
   0.0000000e+00
   0.0000000e+00
   0.0000000e+00
   0.0000000e+00
   0.0000000e+00
   0.0000000e+00
   0.0000000e+00
   0.0000000e+00
   0.0000000e+00
   0.0000000e+00
   0.0000000e+00
   0.0000000e+00
   0.0000000e+00
   0.0000000e+00
   0.0000000e+00
   0.0000000e+00
   0.0000000e+00
   0.0000000e+00
   0.0000000e+00
   0.0000000e+00
   0.0000000e+00
   0.0000000e+00
   0.0000000e+00
   0.0000000e+00
   0.0000000e+00
   0.0000000e+00
   0.0000000e+00
   0.0000000e+00
   0.0000000e+00
   0.0000000e+00
   0.0000000e+00
   0.0000000e+00
   0.0000000e+00
   0.0000000e+00
   0.0000000e+00
   0.0000000e+00
   0.0000000e+00
   0.0000000e+00
   0.0000000e+00
   0.0000000e+00
   0.0000000e+00
   0.0000000e+00
   0.0000000e+00
   0.0000000e+00
   0.0000000e+00
   0.0000000e+00
   0.0000000e+00
   0.0000000e+00
   0.0000000e+00
   0.0000000e+00
   0.0000000e+00
   0.0000000e+00
   0.0000000e+00
   0.0000000e+00
   0.0000000e+00
   0.0000000e+00
   0.0000000e+00
   0.0000000e+00
   0.0000000e+00
   0.0000000e+00
   0.0000000e+00
   0.0000000e+00
   0.0000000e+00
   0.0000000e+00
   0.0000000e+00
   0.0000000e+00
   0.0000000e+00
   0.0000000e+00
   0.0000000e+00
   0.0000000e+00
   0.0000000e+00
   0.0000000e+00
   0.0000000e+00
   0.0000000e+00
   0.0000000e+00
   0.0000000e+00
   0.0000000e+00
   0.0000000e+00
   0.0000000e+00
   0.0000000e+00
   0.0000000e+00
   0.0000000e+00
   0.0000000e+00
   0.0000000e+00
   0.0000000e+00
   0.0000000e+00
   0.0000000e+00
   0.0000000e+00
   0.0000000e+00
   0.0000000e+00
   0.0000000e+00
   0.0000000e+00
   0.0000000e+00
   0.0000000e+00
   0.0000000e+00
   0.0000000e+00
   0.0000000e+00
   0.0000000e+00
   0.0000000e+00
   0.0000000e+00
   0.0000000e+00
   0.0000000e+00
   0.0000000e+00
   0.0000000e+00
   0.0000000e+00
   0.0000000e+00
   0.0000000e+00
   0.0000000e+00
   0.0000000e+00
   0.0000000e+00
   0.0000000e+00
   0.0000000e+00
   0.0000000e+00
   0.0000000e+00
   0.0000000e+00
   0.0000000e+00
   0.0000000e+00
   0.0000000e+00
   0.0000000e+00
   0.0000000e+00
   0.0000000e+00
   0.0000000e+00
   0.0000000e+00
   0.0000000e+00
   0.0000000e+00
   0.0000000e+00
   0.0000000e+00
   0.0000000e+00
   0.0000000e+00
   0.0000000e+00
   0.0000000e+00
   0.0000000e+00
   0.0000000e+00
   0.0000000e+00
   0.0000000e+00
   0.0000000e+00
   0.0000000e+00
   0.0000000e+00
   0.0000000e+00
   0.0000000e+00
   0.0000000e+00
   0.0000000e+00
   0.0000000e+00
   0.0000000e+00
   0.0000000e+00
   0.0000000e+00
   0.0000000e+00
   0.0000000e+00
   0.0000000e+00
   0.0000000e+00
   0.0000000e+00
   0.0000000e+00
   0.0000000e+00
   0.0000000e+00
   0.0000000e+00
   0.0000000e+00
   0.0000000e+00
   0.0000000e+00
   0.0000000e+00
   0.0000000e+00
   0.0000000e+00
   0.0000000e+00
   0.0000000e+00
   0.0000000e+00
   0.0000000e+00
   0.0000000e+00
   0.0000000e+00
   0.0000000e+00
   0.0000000e+00
   0.0000000e+00
   0.0000000e+00
   0.0000000e+00
   0.0000000e+00
   0.0000000e+00
   0.0000000e+00
   0.0000000e+00
   0.0000000e+00
   0.0000000e+00
   0.0000000e+00
   0.0000000e+00
   0.0000000e+00
   0.0000000e+00
   0.0000000e+00
   0.0000000e+00
   0.0000000e+00
   0.0000000e+00
   0.0000000e+00
   0.0000000e+00
   0.0000000e+00
   0.0000000e+00
   0.0000000e+00
   0.0000000e+00
   0.0000000e+00
   0.0000000e+00
   0.0000000e+00
   0.0000000e+00
   0.0000000e+00
   0.0000000e+00
   0.0000000e+00
   0.0000000e+00
   0.0000000e+00
   0.0000000e+00
   0.0000000e+00
   0.0000000e+00
   0.0000000e+00
   0.0000000e+00
   0.0000000e+00
   0.0000000e+00
   0.0000000e+00
   0.0000000e+00
   0.0000000e+00
   0.0000000e+00
   0.0000000e+00
   0.0000000e+00
   0.0000000e+00
   0.0000000e+00
   0.0000000e+00
   0.0000000e+00
   0.0000000e+00
   0.0000000e+00
   0.0000000e+00
   0.0000000e+00
   0.0000000e+00
   0.0000000e+00
   0.0000000e+00
   0.0000000e+00
   0.0000000e+00
   0.0000000e+00
   0.0000000e+00
   0.0000000e+00
   0.0000000e+00
   0.0000000e+00
   0.0000000e+00
   0.0000000e+00
   0.0000000e+00
   0.0000000e+00
   0.0000000e+00
   0.0000000e+00
   0.0000000e+00
   0.0000000e+00
   0.0000000e+00
   0.0000000e+00
   0.0000000e+00
   0.0000000e+00
   0.0000000e+00
   0.0000000e+00
   0.0000000e+00
   0.0000000e+00
   0.0000000e+00
   0.0000000e+00
   0.0000000e+00
   0.0000000e+00
   0.0000000e+00
   0.0000000e+00
   0.0000000e+00
   0.0000000e+00
   0.0000000e+00
   0.0000000e+00
   0.0000000e+00
