  -4.5291906e-03
   3.2722268e-03
  -4.5264549e-03
  -1.1950634e-03
   1.4521915e-03
  -9.0794188e-04
   2.8771620e-03
  -1.5152546e-03
  -1.9408357e-03
   3.0076538e-03
  -4.1977539e-04
   8.4862770e-04
  -3.7292150e-03
   1.2130061e-03
  -1.6659497e-03
   2.0946595e-03
  -1.5152727e-03
   1.8686685e-03
  -1.1239968e-02
   1.1746492e-02
   2.2738658e-02
   1.6368789e-02
   2.2760313e-02
   2.3113229e-02
   1.5346360e-02
   2.1340199e-02
   1.6009614e-02
   2.1579000e-02
   2.1697180e-02
   1.6608595e-02
   1.8214348e-02
   2.0666051e-02
   2.2451438e-02
   1.9854494e-02
   2.2174433e-02
   1.6187948e-02
   2.2052511e-02
   1.8357179e-02
   2.8603707e-02
   1.4842176e-02
   5.8216768e-02
   5.9138330e-02
   5.8375636e-02
   5.2783955e-02
   6.5776919e-02
   5.7068037e-02
   6.2229386e-02
   5.6692813e-02
   5.5393460e-02
   6.2878095e-02
   6.2623703e-02
   5.5078419e-02
   5.5800693e-02
   5.7358164e-02
   5.5676464e-02
   6.2196250e-02
   5.8404207e-02
   4.9652671e-02
   8.1656902e-02
   1.4531338e-02
   1.1729422e-01
   1.1754435e-01
   1.1853591e-01
   1.2487196e-01
   1.0958077e-01
   1.1917338e-01
   1.1403585e-01
   1.2002546e-01
   1.2230782e-01
   1.1408954e-01
   1.0793566e-01
   1.2859479e-01
   1.2052167e-01
   1.2240067e-01
   1.1975839e-01
   1.1519439e-01
   1.1333678e-01
   1.4396484e-01
   3.8036678e-02
   2.7691521e-03
   1.8501926e-01
   1.7773489e-01
   1.7077609e-01
   1.6032898e-01
   1.9349876e-01
   1.7246690e-01
   1.8529823e-01
   1.7027189e-01
   1.6474789e-01
   1.8353638e-01
   1.9241430e-01
   2.0271245e-01
   1.5488210e-01
   1.7252991e-01
   1.6914104e-01
   1.8715919e-01
   1.8813677e-01
   9.9263318e-02
   1.8811467e-03
   0.0000000e+00
   1.0139309e-02
   2.3842186e-01
   3.5565898e-01
   2.7512348e-01
   1.6686623e-01
   2.5284556e-01
   2.2310173e-01
   1.9032220e-01
   2.7540959e-01
   2.2976372e-01
   5.0291908e-02
   1.9590665e-02
   3.2879286e-02
   2.7045608e-01
   2.7498688e-01
   1.2068006e-01
   3.3999741e-01
   7.8655075e-02
   2.6371283e-06
   0.0000000e+00
   8.2055295e-04
   7.3645055e-02
   1.0613702e-01
   4.4736297e-02
   6.8792688e-03
   1.0216999e-02
   2.6717091e-01
   4.8625911e-01
   2.0273659e-01
   1.8162742e-02
   2.7560295e-04
   0.0000000e+00
   4.2727865e-03
   4.4812914e-02
   2.8394268e-01
   4.5807786e-01
   1.2608965e-01
   1.8288840e-02
   0.0000000e+00
   0.0000000e+00
   3.0523580e-07
   2.7387355e-05
   3.6633357e-05
   6.9850475e-06
   0.0000000e+00
   1.8926565e-03
   9.5930892e-02
   1.4269618e-01
   1.6499336e-02
   5.0321544e-04
   0.0000000e+00
   0.0000000e+00
  -1.7781231e-09
   7.7332431e-04
   1.0572582e-01
   2.1089310e-01
   2.4706891e-02
  -6.4131058e-07
   0.0000000e+00
   0.0000000e+00
   0.0000000e+00
   0.0000000e+00
   0.0000000e+00
   0.0000000e+00
   0.0000000e+00
   2.8739554e-06
   1.4559053e-04
   2.1144937e-04
   1.6623489e-05
   0.0000000e+00
   0.0000000e+00
   0.0000000e+00
   0.0000000e+00
   2.3339475e-06
   3.2042786e-04
   6.4389458e-04
   7.7082272e-05
   0.0000000e+00
   0.0000000e+00
   0.0000000e+00
   0.0000000e+00
   0.0000000e+00
   0.0000000e+00
   0.0000000e+00
   0.0000000e+00
   0.0000000e+00
   0.0000000e+00
   0.0000000e+00
   0.0000000e+00
   0.0000000e+00
   0.0000000e+00
   0.0000000e+00
   0.0000000e+00
   0.0000000e+00
   0.0000000e+00
   0.0000000e+00
   0.0000000e+00
   0.0000000e+00
   0.0000000e+00
   0.0000000e+00
   0.0000000e+00
   0.0000000e+00
   0.0000000e+00
   0.0000000e+00
   0.0000000e+00
   0.0000000e+00
   0.0000000e+00
   0.0000000e+00
   0.0000000e+00
   0.0000000e+00
   0.0000000e+00
   0.0000000e+00
   0.0000000e+00
   0.0000000e+00
   0.0000000e+00
   0.0000000e+00
   0.0000000e+00
   0.0000000e+00
   0.0000000e+00
   0.0000000e+00
   0.0000000e+00
   0.0000000e+00
   0.0000000e+00
   0.0000000e+00
   0.0000000e+00
   0.0000000e+00
   0.0000000e+00
   0.0000000e+00
   0.0000000e+00
   0.0000000e+00
   0.0000000e+00
   0.0000000e+00
   0.0000000e+00
   0.0000000e+00
   0.0000000e+00
   0.0000000e+00
   0.0000000e+00
   0.0000000e+00
   0.0000000e+00
   0.0000000e+00
   0.0000000e+00
   0.0000000e+00
   0.0000000e+00
   0.0000000e+00
   0.0000000e+00
   0.0000000e+00
   0.0000000e+00
   0.0000000e+00
   0.0000000e+00
   0.0000000e+00
   0.0000000e+00
   0.0000000e+00
   0.0000000e+00
   0.0000000e+00
   0.0000000e+00
   0.0000000e+00
   0.0000000e+00
   0.0000000e+00
   0.0000000e+00
   0.0000000e+00
   0.0000000e+00
   0.0000000e+00
   0.0000000e+00
   0.0000000e+00
   0.0000000e+00
   0.0000000e+00
   0.0000000e+00
   0.0000000e+00
   0.0000000e+00
   0.0000000e+00
   0.0000000e+00
   0.0000000e+00
   0.0000000e+00
   0.0000000e+00
   0.0000000e+00
   0.0000000e+00
   0.0000000e+00
   0.0000000e+00
   0.0000000e+00
   0.0000000e+00
   0.0000000e+00
   0.0000000e+00
   0.0000000e+00
   0.0000000e+00
   0.0000000e+00
   0.0000000e+00
   0.0000000e+00
   0.0000000e+00
   0.0000000e+00
   0.0000000e+00
   0.0000000e+00
   0.0000000e+00
   0.0000000e+00
   0.0000000e+00
   0.0000000e+00
   0.0000000e+00
   0.0000000e+00
   0.0000000e+00
   0.0000000e+00
   0.0000000e+00
   0.0000000e+00
   0.0000000e+00
   0.0000000e+00
   0.0000000e+00
   0.0000000e+00
   0.0000000e+00
   0.0000000e+00
   0.0000000e+00
   0.0000000e+00
   0.0000000e+00
   0.0000000e+00
   0.0000000e+00
   0.0000000e+00
   0.0000000e+00
   0.0000000e+00
   0.0000000e+00
   0.0000000e+00
   0.0000000e+00
   0.0000000e+00
   0.0000000e+00
   0.0000000e+00
   0.0000000e+00
   0.0000000e+00
   0.0000000e+00
   0.0000000e+00
   0.0000000e+00
   0.0000000e+00
   0.0000000e+00
   0.0000000e+00
   0.0000000e+00
   0.0000000e+00
   0.0000000e+00
   0.0000000e+00
   0.0000000e+00
   0.0000000e+00
   0.0000000e+00
   0.0000000e+00
   0.0000000e+00
   0.0000000e+00
   0.0000000e+00
   0.0000000e+00
   0.0000000e+00
   0.0000000e+00
   0.0000000e+00
   0.0000000e+00
   0.0000000e+00
   0.0000000e+00
   0.0000000e+00
   0.0000000e+00
   0.0000000e+00
   0.0000000e+00
   0.0000000e+00
   0.0000000e+00
   0.0000000e+00
   0.0000000e+00
   0.0000000e+00
   0.0000000e+00
   0.0000000e+00
   0.0000000e+00
   0.0000000e+00
   0.0000000e+00
   0.0000000e+00
   0.0000000e+00
   0.0000000e+00
   0.0000000e+00
   0.0000000e+00
   0.0000000e+00
   0.0000000e+00
   0.0000000e+00
   0.0000000e+00
   0.0000000e+00
   0.0000000e+00
   0.0000000e+00
   0.0000000e+00
   0.0000000e+00
   0.0000000e+00
   0.0000000e+00
   0.0000000e+00
   0.0000000e+00
   0.0000000e+00
   0.0000000e+00
   0.0000000e+00
   0.0000000e+00
   0.0000000e+00
   0.0000000e+00
   0.0000000e+00
   0.0000000e+00
   0.0000000e+00
   0.0000000e+00
   0.0000000e+00
   0.0000000e+00
   0.0000000e+00
   0.0000000e+00
   0.0000000e+00
   0.0000000e+00
   0.0000000e+00
   0.0000000e+00
   0.0000000e+00
   0.0000000e+00
   0.0000000e+00
