   1.8192512e-04
  -3.9348598e-04
   3.6274635e-03
  -1.3413275e-04
   1.2397245e-03
  -7.8882730e-03
   7.2364564e-03
   1.9181010e-03
  -2.2456847e-03
   7.6479664e-04
   2.2806218e-04
  -7.8120458e-05
  -7.0064138e-04
   4.4484565e-04
   5.6426066e-03
   1.1123302e-03
  -1.0644372e-03
  -2.9949041e-03
   3.0613728e-03
   4.1574718e-04
   7.1599455e-03
   2.5628234e-02
   1.2883562e-02
   1.9919369e-02
   1.8860803e-02
   2.5988041e-02
   1.4405746e-02
   1.4214782e-02
   2.6375486e-02
   1.9097231e-02
   1.8414101e-02
   1.9806086e-02
   2.1411883e-02
   2.1010732e-02
   1.9439207e-02
   1.1956526e-02
   2.5487240e-02
   2.2490443e-02
   3.2247602e-02
   1.5358960e-03
   2.1020874e-02
   6.0492019e-02
   6.2482817e-02
   6.1016552e-02
   5.7688042e-02
   5.5243471e-02
   6.0789927e-02
   6.8736644e-02
   4.3667499e-02
   6.1259466e-02
   6.0010774e-02
   5.9450191e-02
   5.3352440e-02
   5.9135163e-02
   5.6256649e-02
   7.1387850e-02
   5.0076645e-02
   5.0663392e-02
   3.1594140e-02
   6.8916655e-04
   1.1770707e-01
   1.3593848e-01
   1.1055533e-01
   1.1465264e-01
   1.1894093e-01
   1.2134220e-01
   1.1537080e-01
   1.0392478e-01
   1.3936305e-01
   1.1572336e-01
   1.1478903e-01
   1.1591469e-01
   1.3007164e-01
   1.1621802e-01
   1.2044510e-01
   1.0379781e-01
   1.2043966e-01
   1.6373233e-01
   1.2058934e-02
   5.6220248e-05
   1.7463222e-01
   1.6956904e-01
   7.3060285e-02
   1.9555661e-01
   1.6779975e-01
   1.7422322e-01
   1.7722729e-01
   2.0116037e-01
   1.2403332e-01
   1.7602572e-01
   1.8830510e-01
   1.7759169e-01
   1.4476805e-01
   1.7997367e-01
   1.6998750e-01
   2.1535602e-01
   1.6306485e-01
   8.9687565e-02
   3.4455212e-03
   0.0000000e+00
   3.4054133e-01
   2.6485716e-01
   1.0034934e-01
   3.6881025e-01
   1.5655233e-01
   2.8229729e-01
   1.9424519e-01
   2.1650570e-01
   1.3705380e-01
   3.6741387e-01
   1.5647770e-01
   2.5413247e-01
   3.1198686e-01
   2.6217517e-01
   2.3842095e-01
   7.5187942e-02
   1.3273260e-02
   3.9218705e-04
   1.0915733e-05
   0.0000000e+00
   9.6064051e-02
   7.3873062e-02
   2.0231980e-02
   7.3955170e-02
   3.1345613e-02
   9.5387541e-02
   4.6464225e-01
   2.1484435e-01
   1.0019280e-01
   3.2727104e-01
   7.1057614e-02
   3.8334423e-02
   6.5872706e-02
   2.6914718e-02
   6.3638893e-03
   3.9363386e-04
   0.0000000e+00
   0.0000000e+00
   0.0000000e+00
   0.0000000e+00
   9.6583498e-06
   7.4270957e-06
   8.2804158e-07
   1.9352795e-08
   0.0000000e+00
   4.1424553e-02
   3.1169817e-01
   1.4189253e-01
   4.4996504e-03
   1.2546242e-02
   2.5978624e-03
   0.0000000e+00
   0.0000000e+00
   0.0000000e+00
   0.0000000e+00
   0.0000000e+00
   0.0000000e+00
   0.0000000e+00
   0.0000000e+00
   0.0000000e+00
   0.0000000e+00
   0.0000000e+00
   0.0000000e+00
   0.0000000e+00
   0.0000000e+00
   4.5590907e-04
   3.4291303e-03
   1.5606129e-03
   7.8830277e-06
   0.0000000e+00
   0.0000000e+00
   0.0000000e+00
   0.0000000e+00
   0.0000000e+00
   0.0000000e+00
   0.0000000e+00
   0.0000000e+00
   0.0000000e+00
   0.0000000e+00
   0.0000000e+00
   0.0000000e+00
   0.0000000e+00
   0.0000000e+00
   0.0000000e+00
   0.0000000e+00
   0.0000000e+00
   0.0000000e+00
   0.0000000e+00
   0.0000000e+00
   0.0000000e+00
   0.0000000e+00
   0.0000000e+00
   0.0000000e+00
   0.0000000e+00
   0.0000000e+00
   0.0000000e+00
   0.0000000e+00
   0.0000000e+00
   0.0000000e+00
   0.0000000e+00
   0.0000000e+00
   0.0000000e+00
   0.0000000e+00
   0.0000000e+00
   0.0000000e+00
   0.0000000e+00
   0.0000000e+00
   0.0000000e+00
   0.0000000e+00
   0.0000000e+00
   0.0000000e+00
   0.0000000e+00
   0.0000000e+00
   0.0000000e+00
   0.0000000e+00
   0.0000000e+00
   0.0000000e+00
   0.0000000e+00
   0.0000000e+00
   0.0000000e+00
   0.0000000e+00
   0.0000000e+00
   0.0000000e+00
   0.0000000e+00
   0.0000000e+00
   0.0000000e+00
   0.0000000e+00
   0.0000000e+00
   0.0000000e+00
   0.0000000e+00
   0.0000000e+00
   0.0000000e+00
   0.0000000e+00
   0.0000000e+00
   0.0000000e+00
   0.0000000e+00
   0.0000000e+00
   0.0000000e+00
   0.0000000e+00
   0.0000000e+00
   0.0000000e+00
   0.0000000e+00
   0.0000000e+00
   0.0000000e+00
   0.0000000e+00
   0.0000000e+00
   0.0000000e+00
   0.0000000e+00
   0.0000000e+00
   0.0000000e+00
   0.0000000e+00
   0.0000000e+00
   0.0000000e+00
   0.0000000e+00
   0.0000000e+00
   0.0000000e+00
   0.0000000e+00
   0.0000000e+00
   0.0000000e+00
   0.0000000e+00
   0.0000000e+00
   0.0000000e+00
   0.0000000e+00
   0.0000000e+00
   0.0000000e+00
   0.0000000e+00
   0.0000000e+00
   0.0000000e+00
   0.0000000e+00
   0.0000000e+00
   0.0000000e+00
   0.0000000e+00
   0.0000000e+00
   0.0000000e+00
   0.0000000e+00
   0.0000000e+00
   0.0000000e+00
   0.0000000e+00
   0.0000000e+00
   0.0000000e+00
   0.0000000e+00
   0.0000000e+00
   0.0000000e+00
   0.0000000e+00
   0.0000000e+00
   0.0000000e+00
   0.0000000e+00
   0.0000000e+00
   0.0000000e+00
   0.0000000e+00
   0.0000000e+00
   0.0000000e+00
   0.0000000e+00
   0.0000000e+00
   0.0000000e+00
   0.0000000e+00
   0.0000000e+00
   0.0000000e+00
   0.0000000e+00
   0.0000000e+00
   0.0000000e+00
   0.0000000e+00
   0.0000000e+00
   0.0000000e+00
   0.0000000e+00
   0.0000000e+00
   0.0000000e+00
   0.0000000e+00
   0.0000000e+00
   0.0000000e+00
   0.0000000e+00
   0.0000000e+00
   0.0000000e+00
   0.0000000e+00
   0.0000000e+00
   0.0000000e+00
   0.0000000e+00
   0.0000000e+00
   0.0000000e+00
   0.0000000e+00
   0.0000000e+00
   0.0000000e+00
   0.0000000e+00
   0.0000000e+00
   0.0000000e+00
   0.0000000e+00
   0.0000000e+00
   0.0000000e+00
   0.0000000e+00
   0.0000000e+00
   0.0000000e+00
   0.0000000e+00
   0.0000000e+00
   0.0000000e+00
   0.0000000e+00
   0.0000000e+00
   0.0000000e+00
   0.0000000e+00
   0.0000000e+00
   0.0000000e+00
   0.0000000e+00
   0.0000000e+00
   0.0000000e+00
   0.0000000e+00
   0.0000000e+00
   0.0000000e+00
   0.0000000e+00
   0.0000000e+00
   0.0000000e+00
   0.0000000e+00
   0.0000000e+00
   0.0000000e+00
   0.0000000e+00
   0.0000000e+00
   0.0000000e+00
   0.0000000e+00
   0.0000000e+00
   0.0000000e+00
   0.0000000e+00
   0.0000000e+00
   0.0000000e+00
   0.0000000e+00
   0.0000000e+00
   0.0000000e+00
   0.0000000e+00
   0.0000000e+00
   0.0000000e+00
   0.0000000e+00
   0.0000000e+00
   0.0000000e+00
   0.0000000e+00
   0.0000000e+00
   0.0000000e+00
   0.0000000e+00
   0.0000000e+00
   0.0000000e+00
   0.0000000e+00
   0.0000000e+00
   0.0000000e+00
   0.0000000e+00
   0.0000000e+00
   0.0000000e+00
   0.0000000e+00
   0.0000000e+00
   0.0000000e+00
   0.0000000e+00
   0.0000000e+00
   0.0000000e+00
   0.0000000e+00
   0.0000000e+00
   0.0000000e+00
   0.0000000e+00
   0.0000000e+00
   0.0000000e+00
   0.0000000e+00
   0.0000000e+00
   0.0000000e+00
   0.0000000e+00
   0.0000000e+00
   0.0000000e+00
