  -5.7248032e-03
   3.8013392e-03
  -1.1663299e-03
   8.8690656e-04
  -3.4279230e-03
   1.9701630e-03
  -4.3647343e-04
   7.6659641e-04
  -1.3670250e-03
   5.7087299e-04
  -6.0771620e-04
   1.2715466e-04
   6.8719178e-05
  -7.1170538e-04
   1.0506577e-03
  -1.7916476e-03
   2.8788066e-03
  -4.5129255e-03
   3.6918621e-03
   5.5129438e-03
   2.1499324e-02
   1.7625437e-02
   1.8326475e-02
   1.9255376e-02
   2.2687655e-02
   1.7145325e-02
   2.0479686e-02
   1.7915168e-02
   2.3912090e-02
   1.7546609e-02
   2.3186134e-02
   1.7369944e-02
   2.0590419e-02
   1.9831457e-02
   1.8252002e-02
   2.2806755e-02
   1.5069635e-02
   2.4630179e-02
   1.5701909e-02
   1.4409728e-02
   6.6079012e-02
   5.8749406e-02
   6.2661435e-02
   5.7675230e-02
   5.6453783e-02
   6.1911575e-02
   5.8616705e-02
   5.9594870e-02
   5.3164517e-02
   6.1072208e-02
   5.1301060e-02
   6.2924489e-02
   5.6800953e-02
   5.8842922e-02
   6.1372693e-02
   5.3863782e-02
   6.6399723e-02
   4.8163893e-02
   7.4557792e-02
   1.9804635e-02
   7.9259767e-02
   1.2405852e-01
   1.1025716e-01
   1.2090993e-01
   1.2016148e-01
   1.1364241e-01
   1.1722420e-01
   1.1716367e-01
   1.2570262e-01
   1.1586045e-01
   1.2952876e-01
   1.1064875e-01
   1.2202893e-01
   1.1582567e-01
   1.1686855e-01
   1.1752030e-01
   1.1293269e-01
   1.2221973e-01
   1.1752416e-01
   5.0174871e-03
   2.1832030e-01
   2.1578236e-01
   1.6233273e-01
   1.6873220e-01
   1.7404091e-01
   1.8439727e-01
   1.8686288e-01
   1.6644483e-01
   1.5909568e-01
   1.7853935e-01
   1.5251733e-01
   1.9364250e-01
   1.6429123e-01
   1.8257147e-01
   1.7446833e-01
   1.9556231e-01
   1.6836380e-01
   2.0968911e-01
   3.8052170e-02
   1.7986260e-05
   7.9091432e-02
   1.8971670e-01
   2.1360148e-01
   3.0184303e-01
   2.5954888e-01
   1.4014523e-01
   1.2438292e-01
   3.5947403e-01
   2.0705483e-01
   3.0876394e-01
   2.3455781e-01
   1.8647125e-01
   2.7658228e-01
   2.0995076e-01
   2.5635118e-01
   8.3617061e-02
   1.2526354e-02
   1.0761727e-02
   1.1673574e-03
   0.0000000e+00
   7.0105805e-02
   4.8954335e-01
   2.7634456e-01
   1.0333151e-01
   2.0987810e-01
   4.4504112e-01
   3.7153254e-01
   1.5000604e-01
   8.9896438e-02
   5.0300566e-02
   3.3440719e-02
   4.9920907e-03
   1.2919048e-02
   1.1505111e-01
   4.8591983e-01
   2.2183081e-01
   2.2975707e-03
   0.0000000e+00
   0.0000000e+00
   0.0000000e+00
   2.1550609e-02
   1.5014750e-01
   8.1941646e-02
   8.0928426e-03
   1.6779606e-02
   1.0162474e-01
   1.0822705e-01
   7.7061124e-03
   4.2462166e-05
   9.5359689e-07
   0.0000000e+00
   0.0000000e+00
   1.4618050e-04
   1.6792175e-02
   1.0814093e-01
   5.5830388e-02
   5.9075628e-04
   0.0000000e+00
   0.0000000e+00
   0.0000000e+00
   5.8964889e-06
   4.1082044e-05
   2.2420097e-05
   2.1487093e-06
   4.8372644e-07
   2.1163061e-05
   2.8939386e-05
   2.0868961e-06
   0.0000000e+00
   0.0000000e+00
   0.0000000e+00
   0.0000000e+00
   0.0000000e+00
   8.3072848e-09
   7.9381723e-08
   4.4080602e-08
   4.7174685e-10
   0.0000000e+00
   0.0000000e+00
   0.0000000e+00
   0.0000000e+00
   0.0000000e+00
   0.0000000e+00
   0.0000000e+00
   0.0000000e+00
   0.0000000e+00
   0.0000000e+00
   0.0000000e+00
   0.0000000e+00
   0.0000000e+00
   0.0000000e+00
   0.0000000e+00
   0.0000000e+00
   0.0000000e+00
   0.0000000e+00
   0.0000000e+00
   0.0000000e+00
   0.0000000e+00
   0.0000000e+00
   0.0000000e+00
   0.0000000e+00
   0.0000000e+00
   0.0000000e+00
   0.0000000e+00
   0.0000000e+00
   0.0000000e+00
   0.0000000e+00
   0.0000000e+00
   0.0000000e+00
   0.0000000e+00
   0.0000000e+00
   0.0000000e+00
   0.0000000e+00
   0.0000000e+00
   0.0000000e+00
   0.0000000e+00
   0.0000000e+00
   0.0000000e+00
   0.0000000e+00
   0.0000000e+00
   0.0000000e+00
   0.0000000e+00
   0.0000000e+00
   0.0000000e+00
   0.0000000e+00
   0.0000000e+00
   0.0000000e+00
   0.0000000e+00
   0.0000000e+00
   0.0000000e+00
   0.0000000e+00
   0.0000000e+00
   0.0000000e+00
   0.0000000e+00
   0.0000000e+00
   0.0000000e+00
   0.0000000e+00
   0.0000000e+00
   0.0000000e+00
   0.0000000e+00
   0.0000000e+00
   0.0000000e+00
   0.0000000e+00
   0.0000000e+00
   0.0000000e+00
   0.0000000e+00
   0.0000000e+00
   0.0000000e+00
   0.0000000e+00
   0.0000000e+00
   0.0000000e+00
   0.0000000e+00
   0.0000000e+00
   0.0000000e+00
   0.0000000e+00
   0.0000000e+00
   0.0000000e+00
   0.0000000e+00
   0.0000000e+00
   0.0000000e+00
   0.0000000e+00
   0.0000000e+00
   0.0000000e+00
   0.0000000e+00
   0.0000000e+00
   0.0000000e+00
   0.0000000e+00
   0.0000000e+00
   0.0000000e+00
   0.0000000e+00
   0.0000000e+00
   0.0000000e+00
   0.0000000e+00
   0.0000000e+00
   0.0000000e+00
   0.0000000e+00
   0.0000000e+00
   0.0000000e+00
   0.0000000e+00
   0.0000000e+00
   0.0000000e+00
   0.0000000e+00
   0.0000000e+00
   0.0000000e+00
   0.0000000e+00
   0.0000000e+00
   0.0000000e+00
   0.0000000e+00
   0.0000000e+00
   0.0000000e+00
   0.0000000e+00
   0.0000000e+00
   0.0000000e+00
   0.0000000e+00
   0.0000000e+00
   0.0000000e+00
   0.0000000e+00
   0.0000000e+00
   0.0000000e+00
   0.0000000e+00
   0.0000000e+00
   0.0000000e+00
   0.0000000e+00
   0.0000000e+00
   0.0000000e+00
   0.0000000e+00
   0.0000000e+00
   0.0000000e+00
   0.0000000e+00
   0.0000000e+00
   0.0000000e+00
   0.0000000e+00
   0.0000000e+00
   0.0000000e+00
   0.0000000e+00
   0.0000000e+00
   0.0000000e+00
   0.0000000e+00
   0.0000000e+00
   0.0000000e+00
   0.0000000e+00
   0.0000000e+00
   0.0000000e+00
   0.0000000e+00
   0.0000000e+00
   0.0000000e+00
   0.0000000e+00
   0.0000000e+00
   0.0000000e+00
   0.0000000e+00
   0.0000000e+00
   0.0000000e+00
   0.0000000e+00
   0.0000000e+00
   0.0000000e+00
   0.0000000e+00
   0.0000000e+00
   0.0000000e+00
   0.0000000e+00
   0.0000000e+00
   0.0000000e+00
   0.0000000e+00
   0.0000000e+00
   0.0000000e+00
   0.0000000e+00
   0.0000000e+00
   0.0000000e+00
   0.0000000e+00
   0.0000000e+00
   0.0000000e+00
   0.0000000e+00
   0.0000000e+00
   0.0000000e+00
   0.0000000e+00
   0.0000000e+00
   0.0000000e+00
   0.0000000e+00
   0.0000000e+00
   0.0000000e+00
   0.0000000e+00
   0.0000000e+00
   0.0000000e+00
   0.0000000e+00
   0.0000000e+00
   0.0000000e+00
   0.0000000e+00
   0.0000000e+00
   0.0000000e+00
   0.0000000e+00
   0.0000000e+00
   0.0000000e+00
   0.0000000e+00
   0.0000000e+00
   0.0000000e+00
   0.0000000e+00
   0.0000000e+00
   0.0000000e+00
   0.0000000e+00
   0.0000000e+00
   0.0000000e+00
   0.0000000e+00
   0.0000000e+00
   0.0000000e+00
   0.0000000e+00
   0.0000000e+00
   0.0000000e+00
   0.0000000e+00
   0.0000000e+00
   0.0000000e+00
   0.0000000e+00
   0.0000000e+00
   0.0000000e+00
   0.0000000e+00
   0.0000000e+00
   0.0000000e+00
   0.0000000e+00
   0.0000000e+00
   0.0000000e+00
   0.0000000e+00
   0.0000000e+00
