   5.1899452e-03
   2.2419081e-03
  -1.5263849e-03
   1.7129404e-03
  -4.0324492e-03
   4.1717418e-03
   1.0228152e-03
  -5.7309167e-05
   6.2746956e-04
  -3.9116170e-03
   3.9956707e-03
  -3.3013250e-03
   4.2996572e-03
  -3.1045969e-03
   5.2271545e-04
   3.3228413e-04
   3.7325751e-03
   1.3185575e-03
  -8.3680232e-03
   1.2611403e-03
   1.9036641e-02
   1.4233497e-02
   2.1069279e-02
   1.8618742e-02
   2.6645321e-02
   1.3739825e-02
   1.6951092e-02
   1.9796785e-02
   1.8721554e-02
   2.3863591e-02
   1.6195429e-02
   2.2565693e-02
   1.3718338e-02
   2.3855175e-02
   1.9907833e-02
   1.7329840e-02
   1.2857003e-02
   1.9165764e-02
   2.6129098e-02
   2.8087237e-02
   5.0402266e-02
   6.9971053e-02
   5.6011466e-02
   5.9257729e-02
   4.9557678e-02
   6.6554348e-02
   6.1227899e-02
   5.9358835e-02
   5.9787852e-02
   5.2147995e-02
   6.3329198e-02
   5.5139394e-02
   6.6554890e-02
   5.2136431e-02
   5.9611226e-02
   5.9663312e-02
   7.4807786e-02
   4.6467989e-02
   7.6722195e-02
   2.8357391e-02
   1.4052455e-01
   9.6354784e-02
   1.2578433e-01
   1.1545933e-01
   1.2997459e-01
   1.0723203e-01
   1.1580812e-01
   1.1554290e-01
   1.1721584e-01
   1.2515519e-01
   1.1308917e-01
   1.2090869e-01
   1.0883859e-01
   1.2598109e-01
   1.1417225e-01
   1.2018493e-01
   8.5170925e-02
   1.5437501e-01
   7.1109514e-02
   4.6587769e-03
   7.5095554e-02
   2.5561709e-01
   1.5723612e-01
   1.8112511e-01
   1.4833320e-01
   2.0112874e-01
   1.8656840e-01
   1.8173042e-01
   1.7409159e-01
   1.5957646e-01
   1.8486027e-01
   1.7383748e-01
   1.9282052e-01
   1.5994212e-01
   1.8685650e-01
   1.6946444e-01
   2.5670467e-01
   1.0933664e-01
   7.2381572e-03
   0.0000000e+00
   3.0367807e-02
   1.6559063e-01
   2.2612425e-01
   2.5994096e-01
   2.7925291e-01
   2.0960007e-01
   6.0163822e-02
   1.5887852e-01
   3.1112641e-01
   3.2961704e-01
   2.2726624e-01
   9.3771909e-02
   2.3829401e-01
   2.4702239e-01
   2.2575867e-01
   7.9535698e-02
   9.9649473e-02
   1.5962737e-02
   2.2013237e-04
   0.0000000e+00
   2.0392555e-04
   9.7911754e-02
   3.7937039e-01
   2.0187911e-01
   2.8279752e-02
   7.4652381e-03
   1.9649686e-04
   1.8039870e-02
   6.8766444e-02
   3.3070984e-01
   1.7976078e-01
   2.6671400e-03
   3.4916457e-02
   3.7472050e-01
   2.0910029e-01
   1.8644560e-03
   2.0853037e-13
   1.0052795e-14
   0.0000000e+00
   0.0000000e+00
   0.0000000e+00
   1.6034058e-01
   5.3461045e-01
   2.0119722e-01
   1.8132316e-04
   0.0000000e+00
   0.0000000e+00
   0.0000000e+00
   1.9481348e-03
   1.8393671e-02
   1.0116815e-02
   1.0494206e-04
   1.2378740e-03
   1.0952899e-02
   5.7162813e-03
   4.9579580e-05
   0.0000000e+00
   0.0000000e+00
   0.0000000e+00
   0.0000000e+00
   0.0000000e+00
   1.5768861e-02
   5.2569618e-02
   1.9777259e-02
   1.7254715e-05
   0.0000000e+00
   0.0000000e+00
   0.0000000e+00
   0.0000000e+00
   0.0000000e+00
   0.0000000e+00
   0.0000000e+00
   0.0000000e+00
   0.0000000e+00
   0.0000000e+00
   0.0000000e+00
   0.0000000e+00
   0.0000000e+00
   0.0000000e+00
   0.0000000e+00
   0.0000000e+00
   0.0000000e+00
   0.0000000e+00
   0.0000000e+00
   0.0000000e+00
   0.0000000e+00
   0.0000000e+00
   0.0000000e+00
   0.0000000e+00
   0.0000000e+00
   0.0000000e+00
   0.0000000e+00
   0.0000000e+00
   0.0000000e+00
   0.0000000e+00
   0.0000000e+00
   0.0000000e+00
   0.0000000e+00
   0.0000000e+00
   0.0000000e+00
   0.0000000e+00
   0.0000000e+00
   0.0000000e+00
   0.0000000e+00
   0.0000000e+00
   0.0000000e+00
   0.0000000e+00
   0.0000000e+00
   0.0000000e+00
   0.0000000e+00
   0.0000000e+00
   0.0000000e+00
   0.0000000e+00
   0.0000000e+00
   0.0000000e+00
   0.0000000e+00
   0.0000000e+00
   0.0000000e+00
   0.0000000e+00
   0.0000000e+00
   0.0000000e+00
   0.0000000e+00
   0.0000000e+00
   0.0000000e+00
   0.0000000e+00
   0.0000000e+00
   0.0000000e+00
   0.0000000e+00
   0.0000000e+00
   0.0000000e+00
   0.0000000e+00
   0.0000000e+00
   0.0000000e+00
   0.0000000e+00
   0.0000000e+00
   0.0000000e+00
   0.0000000e+00
   0.0000000e+00
   0.0000000e+00
   0.0000000e+00
   0.0000000e+00
   0.0000000e+00
   0.0000000e+00
   0.0000000e+00
   0.0000000e+00
   0.0000000e+00
   0.0000000e+00
   0.0000000e+00
   0.0000000e+00
   0.0000000e+00
   0.0000000e+00
   0.0000000e+00
   0.0000000e+00
   0.0000000e+00
   0.0000000e+00
   0.0000000e+00
   0.0000000e+00
   0.0000000e+00
   0.0000000e+00
   0.0000000e+00
   0.0000000e+00
   0.0000000e+00
   0.0000000e+00
   0.0000000e+00
   0.0000000e+00
   0.0000000e+00
   0.0000000e+00
   0.0000000e+00
   0.0000000e+00
   0.0000000e+00
   0.0000000e+00
   0.0000000e+00
   0.0000000e+00
   0.0000000e+00
   0.0000000e+00
   0.0000000e+00
   0.0000000e+00
   0.0000000e+00
   0.0000000e+00
   0.0000000e+00
   0.0000000e+00
   0.0000000e+00
   0.0000000e+00
   0.0000000e+00
   0.0000000e+00
   0.0000000e+00
   0.0000000e+00
   0.0000000e+00
   0.0000000e+00
   0.0000000e+00
   0.0000000e+00
   0.0000000e+00
   0.0000000e+00
   0.0000000e+00
   0.0000000e+00
   0.0000000e+00
   0.0000000e+00
   0.0000000e+00
   0.0000000e+00
   0.0000000e+00
   0.0000000e+00
   0.0000000e+00
   0.0000000e+00
   0.0000000e+00
   0.0000000e+00
   0.0000000e+00
   0.0000000e+00
   0.0000000e+00
   0.0000000e+00
   0.0000000e+00
   0.0000000e+00
   0.0000000e+00
   0.0000000e+00
   0.0000000e+00
   0.0000000e+00
   0.0000000e+00
   0.0000000e+00
   0.0000000e+00
   0.0000000e+00
   0.0000000e+00
   0.0000000e+00
   0.0000000e+00
   0.0000000e+00
   0.0000000e+00
   0.0000000e+00
   0.0000000e+00
   0.0000000e+00
   0.0000000e+00
   0.0000000e+00
   0.0000000e+00
   0.0000000e+00
   0.0000000e+00
   0.0000000e+00
   0.0000000e+00
   0.0000000e+00
   0.0000000e+00
   0.0000000e+00
   0.0000000e+00
   0.0000000e+00
   0.0000000e+00
   0.0000000e+00
   0.0000000e+00
   0.0000000e+00
   0.0000000e+00
   0.0000000e+00
   0.0000000e+00
   0.0000000e+00
   0.0000000e+00
   0.0000000e+00
   0.0000000e+00
   0.0000000e+00
   0.0000000e+00
   0.0000000e+00
   0.0000000e+00
   0.0000000e+00
   0.0000000e+00
   0.0000000e+00
   0.0000000e+00
   0.0000000e+00
   0.0000000e+00
   0.0000000e+00
   0.0000000e+00
   0.0000000e+00
   0.0000000e+00
   0.0000000e+00
   0.0000000e+00
   0.0000000e+00
   0.0000000e+00
   0.0000000e+00
   0.0000000e+00
   0.0000000e+00
   0.0000000e+00
   0.0000000e+00
   0.0000000e+00
   0.0000000e+00
   0.0000000e+00
   0.0000000e+00
   0.0000000e+00
   0.0000000e+00
   0.0000000e+00
   0.0000000e+00
   0.0000000e+00
   0.0000000e+00
   0.0000000e+00
   0.0000000e+00
   0.0000000e+00
   0.0000000e+00
   0.0000000e+00
   0.0000000e+00
   0.0000000e+00
   0.0000000e+00
   0.0000000e+00
   0.0000000e+00
   0.0000000e+00
   0.0000000e+00
   0.0000000e+00
   0.0000000e+00
   0.0000000e+00
   0.0000000e+00
   0.0000000e+00
