   1.8143543e-03
  -6.0264382e-03
  -1.4958436e-03
   9.6497087e-04
  -1.3619460e-03
   6.1448114e-03
  -1.0827508e-03
  -1.3938255e-04
  -5.3652040e-04
  -5.2809626e-05
   6.0918228e-04
  -6.8041135e-03
  -2.1213711e-03
   8.0824754e-04
   1.2581152e-04
  -2.2647365e-03
   2.1924925e-03
   1.8655516e-04
  -1.8634803e-02
   2.3979721e-03
   1.2748913e-02
   4.5389207e-02
   2.4193087e-02
   1.6842752e-02
   2.3522257e-02
   1.1653655e-02
   2.1016278e-02
   1.9282425e-02
   2.1355273e-02
   1.8049056e-02
   2.1571242e-02
   2.3663311e-02
   2.3172398e-02
   1.8267638e-02
   1.9594803e-02
   2.3408573e-02
   1.5855953e-02
   2.4854398e-02
   2.6298636e-02
   3.7605570e-02
   5.1443240e-02
   4.4214729e-02
   4.8121429e-02
   6.3677558e-02
   4.7568277e-02
   7.2524377e-02
   5.6411706e-02
   5.9181412e-02
   5.5011932e-02
   6.3202296e-02
   5.2823084e-02
   5.2601284e-02
   5.5350574e-02
   5.9965754e-02
   5.9945670e-02
   4.9525086e-02
   6.8386594e-02
   3.9698051e-02
   5.8585718e-02
   2.1487570e-02
   1.7967948e-01
   1.0559973e-01
   1.3876444e-01
   1.1738856e-01
   1.3022155e-01
   1.0210753e-01
   1.1648281e-01
   1.2185131e-01
   1.2513756e-01
   1.0742968e-01
   1.3249439e-01
   1.3221236e-01
   1.1584358e-01
   1.1994218e-01
   1.1241894e-01
   1.3778371e-01
   1.0152072e-01
   1.4734114e-01
   8.7786904e-02
   1.9804909e-03
   1.0535265e-01
   1.8746736e-01
   1.6990316e-01
   9.7971994e-02
   1.5230091e-01
   2.1755255e-01
   2.5083549e-01
   5.4866111e-02
   2.2331561e-01
   1.6975881e-01
   9.5919690e-02
   1.6072675e-01
   1.7699972e-01
   1.7537423e-01
   1.8274506e-01
   1.4070785e-01
   1.9207032e-01
   1.7028717e-01
   3.7522930e-02
   0.0000000e+00
   1.9120990e-03
   3.8703885e-03
   1.3497737e-03
   4.0661925e-04
   3.6401408e-03
   4.3857846e-02
   7.0974363e-02
   8.3932133e-03
   1.7877142e-02
   2.4174433e-02
   2.8259985e-01
   3.6191269e-01
   3.1362763e-01
   1.4915205e-01
   3.3082612e-01
   3.1998413e-01
   2.8052000e-01
   7.4030457e-02
   1.0581980e-03
   0.0000000e+00
   0.0000000e+00
   0.0000000e+00
   0.0000000e+00
   0.0000000e+00
   2.5998243e-08
   2.1058545e-06
   3.6240345e-06
   3.5797638e-07
   0.0000000e+00
   6.9099651e-03
   1.6349153e-01
   1.8290261e-01
   8.3671169e-02
   3.6819242e-02
   1.3147022e-01
   1.2521052e-01
   2.4556457e-02
   5.0269812e-03
   2.0266676e-07
   0.0000000e+00
   0.0000000e+00
   0.0000000e+00
   0.0000000e+00
   0.0000000e+00
   0.0000000e+00
   0.0000000e+00
   0.0000000e+00
   0.0000000e+00
   0.0000000e+00
   8.7837411e-05
   2.0782555e-03
   2.1110858e-03
   9.4797795e-05
   2.4446022e-05
   6.9662648e-04
   7.8251739e-04
   4.1580520e-05
   0.0000000e+00
   0.0000000e+00
   0.0000000e+00
   0.0000000e+00
   0.0000000e+00
   0.0000000e+00
   0.0000000e+00
   0.0000000e+00
   0.0000000e+00
   0.0000000e+00
   0.0000000e+00
   0.0000000e+00
   0.0000000e+00
   0.0000000e+00
   0.0000000e+00
   0.0000000e+00
   0.0000000e+00
   0.0000000e+00
   0.0000000e+00
   0.0000000e+00
   0.0000000e+00
   0.0000000e+00
   0.0000000e+00
   0.0000000e+00
   0.0000000e+00
   0.0000000e+00
   0.0000000e+00
   0.0000000e+00
   0.0000000e+00
   0.0000000e+00
   0.0000000e+00
   0.0000000e+00
   0.0000000e+00
   0.0000000e+00
   0.0000000e+00
   0.0000000e+00
   0.0000000e+00
   0.0000000e+00
   0.0000000e+00
   0.0000000e+00
   0.0000000e+00
   0.0000000e+00
   0.0000000e+00
   0.0000000e+00
   0.0000000e+00
   0.0000000e+00
   0.0000000e+00
   0.0000000e+00
   0.0000000e+00
   0.0000000e+00
   0.0000000e+00
   0.0000000e+00
   0.0000000e+00
   0.0000000e+00
   0.0000000e+00
   0.0000000e+00
   0.0000000e+00
   0.0000000e+00
   0.0000000e+00
   0.0000000e+00
   0.0000000e+00
   0.0000000e+00
   0.0000000e+00
   0.0000000e+00
   0.0000000e+00
   0.0000000e+00
   0.0000000e+00
   0.0000000e+00
   0.0000000e+00
   0.0000000e+00
   0.0000000e+00
   0.0000000e+00
   0.0000000e+00
   0.0000000e+00
   0.0000000e+00
   0.0000000e+00
   0.0000000e+00
   0.0000000e+00
   0.0000000e+00
   0.0000000e+00
   0.0000000e+00
   0.0000000e+00
   0.0000000e+00
   0.0000000e+00
   0.0000000e+00
   0.0000000e+00
   0.0000000e+00
   0.0000000e+00
   0.0000000e+00
   0.0000000e+00
   0.0000000e+00
   0.0000000e+00
   0.0000000e+00
   0.0000000e+00
   0.0000000e+00
   0.0000000e+00
   0.0000000e+00
   0.0000000e+00
   0.0000000e+00
   0.0000000e+00
   0.0000000e+00
   0.0000000e+00
   0.0000000e+00
   0.0000000e+00
   0.0000000e+00
   0.0000000e+00
   0.0000000e+00
   0.0000000e+00
   0.0000000e+00
   0.0000000e+00
   0.0000000e+00
   0.0000000e+00
   0.0000000e+00
   0.0000000e+00
   0.0000000e+00
   0.0000000e+00
   0.0000000e+00
   0.0000000e+00
   0.0000000e+00
   0.0000000e+00
   0.0000000e+00
   0.0000000e+00
   0.0000000e+00
   0.0000000e+00
   0.0000000e+00
   0.0000000e+00
   0.0000000e+00
   0.0000000e+00
   0.0000000e+00
   0.0000000e+00
   0.0000000e+00
   0.0000000e+00
   0.0000000e+00
   0.0000000e+00
   0.0000000e+00
   0.0000000e+00
   0.0000000e+00
   0.0000000e+00
   0.0000000e+00
   0.0000000e+00
   0.0000000e+00
   0.0000000e+00
   0.0000000e+00
   0.0000000e+00
   0.0000000e+00
   0.0000000e+00
   0.0000000e+00
   0.0000000e+00
   0.0000000e+00
   0.0000000e+00
   0.0000000e+00
   0.0000000e+00
   0.0000000e+00
   0.0000000e+00
   0.0000000e+00
   0.0000000e+00
   0.0000000e+00
   0.0000000e+00
   0.0000000e+00
   0.0000000e+00
   0.0000000e+00
   0.0000000e+00
   0.0000000e+00
   0.0000000e+00
   0.0000000e+00
   0.0000000e+00
   0.0000000e+00
   0.0000000e+00
   0.0000000e+00
   0.0000000e+00
   0.0000000e+00
   0.0000000e+00
   0.0000000e+00
   0.0000000e+00
   0.0000000e+00
   0.0000000e+00
   0.0000000e+00
   0.0000000e+00
   0.0000000e+00
   0.0000000e+00
   0.0000000e+00
   0.0000000e+00
   0.0000000e+00
   0.0000000e+00
   0.0000000e+00
   0.0000000e+00
   0.0000000e+00
   0.0000000e+00
   0.0000000e+00
   0.0000000e+00
   0.0000000e+00
   0.0000000e+00
   0.0000000e+00
   0.0000000e+00
   0.0000000e+00
   0.0000000e+00
   0.0000000e+00
   0.0000000e+00
   0.0000000e+00
   0.0000000e+00
   0.0000000e+00
   0.0000000e+00
   0.0000000e+00
   0.0000000e+00
   0.0000000e+00
   0.0000000e+00
   0.0000000e+00
   0.0000000e+00
   0.0000000e+00
   0.0000000e+00
   0.0000000e+00
   0.0000000e+00
   0.0000000e+00
   0.0000000e+00
   0.0000000e+00
   0.0000000e+00
   0.0000000e+00
   0.0000000e+00
   0.0000000e+00
   0.0000000e+00
   0.0000000e+00
   0.0000000e+00
   0.0000000e+00
   0.0000000e+00
   0.0000000e+00
   0.0000000e+00
   0.0000000e+00
   0.0000000e+00
   0.0000000e+00
   0.0000000e+00
   0.0000000e+00
   0.0000000e+00
   0.0000000e+00
   0.0000000e+00
   0.0000000e+00
   0.0000000e+00
   0.0000000e+00
   0.0000000e+00
   0.0000000e+00
   0.0000000e+00
   0.0000000e+00
   0.0000000e+00
   0.0000000e+00
