  -1.2624358e-03
  -3.5377515e-03
   2.1249176e-03
  -1.7801090e-03
  -3.9027212e-04
   1.7262119e-03
  -1.2385787e-02
   3.4209019e-03
  -2.5712375e-03
   5.0963091e-03
  -1.7511652e-03
   1.7115773e-03
  -5.8145391e-03
   1.6914058e-03
  -2.0537050e-03
   5.0943652e-03
   5.4809857e-04
  -2.7585104e-03
   4.5903038e-03
   1.3136241e-04
   3.0109561e-03
   2.2219763e-02
   1.6252494e-02
   2.3071328e-02
   2.0138778e-02
   1.1535226e-02
   4.0934768e-02
   1.8615151e-02
   1.9554020e-02
   1.7914702e-02
   1.9416838e-02
   1.8595129e-02
   2.5370848e-02
   1.8386192e-02
   2.0531783e-02
   1.7887453e-02
   1.7107747e-02
   2.4261806e-02
   4.5918949e-02
   1.2385761e-03
   7.4721607e-03
   8.1529203e-02
   6.5233395e-02
   4.9689120e-02
   6.4595200e-02
   7.3021619e-02
   2.9732524e-02
   5.6095130e-02
   6.1420421e-02
   6.0345131e-02
   5.9517375e-02
   6.0188138e-02
   5.0442499e-02
   6.0418993e-02
   5.8635646e-02
   5.9442090e-02
   6.4978612e-02
   4.7892278e-02
   3.1086717e-02
   7.8892301e-04
   2.1701385e-03
   3.7191750e-02
   1.0982309e-01
   1.3500030e-01
   1.0590380e-01
   1.1180139e-01
   1.3813617e-01
   1.2570653e-01
   1.1330037e-01
   1.1479112e-01
   1.1613585e-01
   1.1570350e-01
   1.2978368e-01
   1.1633568e-01
   1.1626797e-01
   1.1984329e-01
   1.0169666e-01
   1.4584670e-01
   1.5415263e-02
   8.5640688e-05
   1.1571355e-02
   2.2389982e-01
   2.3394308e-01
   8.0437056e-02
   2.3409778e-01
   1.5578923e-01
   1.4573622e-01
   2.0461468e-01
   1.4132726e-01
   2.2615824e-01
   1.7499237e-01
   1.8616750e-01
   1.3549508e-01
   1.7438828e-01
   1.8433178e-01
   1.6587971e-01
   1.9698570e-01
   1.7423743e-01
   8.1880749e-03
   0.0000000e+00
   1.3477725e-02
   2.5184247e-01
   2.2075391e-01
   3.6072605e-02
   1.0973259e-01
   2.8411167e-01
   3.5475700e-01
   4.3006565e-02
   1.0002124e-02
   3.2818430e-02
   1.1777661e-01
   3.1574142e-01
   2.7593588e-01
   3.1389985e-01
   1.5139478e-01
   3.2489098e-01
   2.1777559e-01
   2.8213716e-02
   4.6229317e-04
   0.0000000e+00
   7.5987257e-04
   1.4085196e-02
   1.2009620e-02
   1.6498385e-03
   2.2164106e-03
   1.3123572e-01
   2.1877906e-01
   2.0848773e-02
   0.0000000e+00
   1.0754691e-05
   1.2641415e-02
   3.9736182e-02
   4.8989473e-02
   4.0663277e-02
   1.1288823e-02
   5.1921047e-02
   3.0644674e-02
   3.9914106e-04
   0.0000000e+00
   0.0000000e+00
   0.0000000e+00
   0.0000000e+00
   0.0000000e+00
   0.0000000e+00
   2.3836730e-05
   1.7771919e-03
   2.9751936e-03
   2.8356440e-04
   0.0000000e+00
   0.0000000e+00
   0.0000000e+00
   0.0000000e+00
   0.0000000e+00
   0.0000000e+00
   0.0000000e+00
   0.0000000e+00
   0.0000000e+00
   0.0000000e+00
   0.0000000e+00
   0.0000000e+00
   0.0000000e+00
   0.0000000e+00
   0.0000000e+00
   0.0000000e+00
   0.0000000e+00
   0.0000000e+00
   0.0000000e+00
   0.0000000e+00
   0.0000000e+00
   0.0000000e+00
   0.0000000e+00
   0.0000000e+00
   0.0000000e+00
   0.0000000e+00
   0.0000000e+00
   0.0000000e+00
   0.0000000e+00
   0.0000000e+00
   0.0000000e+00
   0.0000000e+00
   0.0000000e+00
   0.0000000e+00
   0.0000000e+00
   0.0000000e+00
   0.0000000e+00
   0.0000000e+00
   0.0000000e+00
   0.0000000e+00
   0.0000000e+00
   0.0000000e+00
   0.0000000e+00
   0.0000000e+00
   0.0000000e+00
   0.0000000e+00
   0.0000000e+00
   0.0000000e+00
   0.0000000e+00
   0.0000000e+00
   0.0000000e+00
   0.0000000e+00
   0.0000000e+00
   0.0000000e+00
   0.0000000e+00
   0.0000000e+00
   0.0000000e+00
   0.0000000e+00
   0.0000000e+00
   0.0000000e+00
   0.0000000e+00
   0.0000000e+00
   0.0000000e+00
   0.0000000e+00
   0.0000000e+00
   0.0000000e+00
   0.0000000e+00
   0.0000000e+00
   0.0000000e+00
   0.0000000e+00
   0.0000000e+00
   0.0000000e+00
   0.0000000e+00
   0.0000000e+00
   0.0000000e+00
   0.0000000e+00
   0.0000000e+00
   0.0000000e+00
   0.0000000e+00
   0.0000000e+00
   0.0000000e+00
   0.0000000e+00
   0.0000000e+00
   0.0000000e+00
   0.0000000e+00
   0.0000000e+00
   0.0000000e+00
   0.0000000e+00
   0.0000000e+00
   0.0000000e+00
   0.0000000e+00
   0.0000000e+00
   0.0000000e+00
   0.0000000e+00
   0.0000000e+00
   0.0000000e+00
   0.0000000e+00
   0.0000000e+00
   0.0000000e+00
   0.0000000e+00
   0.0000000e+00
   0.0000000e+00
   0.0000000e+00
   0.0000000e+00
   0.0000000e+00
   0.0000000e+00
   0.0000000e+00
   0.0000000e+00
   0.0000000e+00
   0.0000000e+00
   0.0000000e+00
   0.0000000e+00
   0.0000000e+00
   0.0000000e+00
   0.0000000e+00
   0.0000000e+00
   0.0000000e+00
   0.0000000e+00
   0.0000000e+00
   0.0000000e+00
   0.0000000e+00
   0.0000000e+00
   0.0000000e+00
   0.0000000e+00
   0.0000000e+00
   0.0000000e+00
   0.0000000e+00
   0.0000000e+00
   0.0000000e+00
   0.0000000e+00
   0.0000000e+00
   0.0000000e+00
   0.0000000e+00
   0.0000000e+00
   0.0000000e+00
   0.0000000e+00
   0.0000000e+00
   0.0000000e+00
   0.0000000e+00
   0.0000000e+00
   0.0000000e+00
   0.0000000e+00
   0.0000000e+00
   0.0000000e+00
   0.0000000e+00
   0.0000000e+00
   0.0000000e+00
   0.0000000e+00
   0.0000000e+00
   0.0000000e+00
   0.0000000e+00
   0.0000000e+00
   0.0000000e+00
   0.0000000e+00
   0.0000000e+00
   0.0000000e+00
   0.0000000e+00
   0.0000000e+00
   0.0000000e+00
   0.0000000e+00
   0.0000000e+00
   0.0000000e+00
   0.0000000e+00
   0.0000000e+00
   0.0000000e+00
   0.0000000e+00
   0.0000000e+00
   0.0000000e+00
   0.0000000e+00
   0.0000000e+00
   0.0000000e+00
   0.0000000e+00
   0.0000000e+00
   0.0000000e+00
   0.0000000e+00
   0.0000000e+00
   0.0000000e+00
   0.0000000e+00
   0.0000000e+00
   0.0000000e+00
   0.0000000e+00
   0.0000000e+00
   0.0000000e+00
   0.0000000e+00
   0.0000000e+00
   0.0000000e+00
   0.0000000e+00
   0.0000000e+00
   0.0000000e+00
   0.0000000e+00
   0.0000000e+00
   0.0000000e+00
   0.0000000e+00
   0.0000000e+00
   0.0000000e+00
   0.0000000e+00
   0.0000000e+00
   0.0000000e+00
   0.0000000e+00
   0.0000000e+00
   0.0000000e+00
   0.0000000e+00
   0.0000000e+00
   0.0000000e+00
   0.0000000e+00
   0.0000000e+00
   0.0000000e+00
   0.0000000e+00
   0.0000000e+00
   0.0000000e+00
   0.0000000e+00
   0.0000000e+00
   0.0000000e+00
   0.0000000e+00
   0.0000000e+00
   0.0000000e+00
   0.0000000e+00
   0.0000000e+00
   0.0000000e+00
   0.0000000e+00
   0.0000000e+00
   0.0000000e+00
   0.0000000e+00
   0.0000000e+00
   0.0000000e+00
   0.0000000e+00
   0.0000000e+00
   0.0000000e+00
   0.0000000e+00
   0.0000000e+00
   0.0000000e+00
   0.0000000e+00
   0.0000000e+00
   0.0000000e+00
   0.0000000e+00
   0.0000000e+00
   0.0000000e+00
   0.0000000e+00
   0.0000000e+00
   0.0000000e+00
   0.0000000e+00
   0.0000000e+00
   0.0000000e+00
   0.0000000e+00
   0.0000000e+00
   0.0000000e+00
   0.0000000e+00
   0.0000000e+00
   0.0000000e+00
   0.0000000e+00
   0.0000000e+00
   0.0000000e+00
