   8.0704140e-03
  -1.3754905e-03
  -1.2894646e-04
   6.4719888e-04
  -5.8439357e-04
  -5.4905103e-05
   1.5021782e-02
  -1.7925796e-03
   2.0135776e-03
  -2.6264244e-03
  -1.8659462e-03
   1.6151441e-03
  -4.2203112e-03
   9.0112717e-03
   4.7115246e-04
  -3.1167574e-03
   1.8269073e-03
   3.1159103e-03
  -9.6304158e-03
   0.0000000e+00
   5.7199547e-03
   2.2466039e-02
   2.3787625e-02
   1.5111685e-02
   2.3177201e-02
   1.6082858e-02
   1.7774380e-02
   1.0680089e-02
   1.9104191e-02
   1.8228401e-02
   2.5142072e-02
   1.5790743e-02
   2.6876476e-02
   3.9702322e-03
   1.9008891e-02
   2.3779996e-02
   1.5203036e-02
   1.8532757e-02
   2.0314081e-02
   3.5791550e-03
   8.9156545e-02
   5.2324406e-02
   4.7519369e-02
   6.7026589e-02
   5.2550067e-02
   6.5359339e-02
   5.9866018e-02
   7.4252122e-02
   5.6195753e-02
   7.3126800e-02
   4.5584203e-02
   6.6865914e-02
   4.6143289e-02
   7.9333510e-02
   5.5429702e-02
   5.4790363e-02
   6.3820914e-02
   5.2296444e-02
   9.3882812e-02
   1.0376071e-02
   5.1666707e-02
   1.2032457e-01
   1.6826639e-01
   9.9763228e-02
   1.2980345e-01
   1.0234100e-01
   1.1423983e-01
   9.9704126e-02
   1.2400561e-01
   8.7367022e-02
   1.3901660e-01
   1.0411997e-01
   1.4249829e-01
   8.6588200e-02
   1.2527056e-01
   1.2177954e-01
   1.1247877e-01
   1.2503948e-01
   5.2483440e-02
   3.5057234e-03
   1.0799143e-03
   2.4786123e-02
   1.1444288e-01
   2.0290198e-01
   1.3931347e-01
   2.3938543e-01
   2.2989266e-01
   2.0216168e-01
   1.6948118e-01
   2.3503455e-01
   1.1430936e-01
   2.0644626e-01
   1.3385498e-01
   2.2701166e-01
   1.9000425e-01
   1.7152942e-01
   1.7344055e-01
   2.1547325e-01
   2.8151035e-02
   9.3140038e-07
   0.0000000e+00
   9.1742129e-05
   1.0534831e-02
   2.9828933e-01
   3.0573607e-01
   6.6956197e-02
   1.1053343e-01
   1.4186696e-01
   7.7909953e-02
   7.4789503e-02
   1.9589940e-01
   2.7031909e-01
   6.3420083e-02
   1.7323451e-01
   8.7670990e-02
   2.2179825e-01
   2.9013260e-01
   4.9501098e-02
   3.8489250e-03
   0.0000000e+00
   0.0000000e+00
   0.0000000e+00
   1.8995435e-03
   9.4833746e-02
   1.3568314e-01
   1.0269178e-02
   9.6369046e-05
   2.7302694e-06
   2.6827570e-07
   6.9663109e-03
   2.8568762e-01
   3.7995899e-01
   2.6302692e-02
   3.5297546e-06
   3.3849089e-04
   1.1831135e-02
   1.4680422e-02
   9.1288437e-04
  -3.7997824e-11
   0.0000000e+00
   0.0000000e+00
   0.0000000e+00
   2.9620950e-07
   1.4850753e-05
   2.1479489e-05
   1.6788201e-06
   0.0000000e+00
   0.0000000e+00
   0.0000000e+00
   5.7066391e-04
   2.3402862e-02
   3.1125353e-02
   2.1546410e-03
   0.0000000e+00
   0.0000000e+00
   0.0000000e+00
   0.0000000e+00
   0.0000000e+00
   0.0000000e+00
   0.0000000e+00
   0.0000000e+00
   0.0000000e+00
   0.0000000e+00
   0.0000000e+00
   0.0000000e+00
   0.0000000e+00
   0.0000000e+00
   0.0000000e+00
   0.0000000e+00
   0.0000000e+00
   0.0000000e+00
   0.0000000e+00
   0.0000000e+00
   0.0000000e+00
   0.0000000e+00
   0.0000000e+00
   0.0000000e+00
   0.0000000e+00
   0.0000000e+00
   0.0000000e+00
   0.0000000e+00
   0.0000000e+00
   0.0000000e+00
   0.0000000e+00
   0.0000000e+00
   0.0000000e+00
   0.0000000e+00
   0.0000000e+00
   0.0000000e+00
   0.0000000e+00
   0.0000000e+00
   0.0000000e+00
   0.0000000e+00
   0.0000000e+00
   0.0000000e+00
   0.0000000e+00
   0.0000000e+00
   0.0000000e+00
   0.0000000e+00
   0.0000000e+00
   0.0000000e+00
   0.0000000e+00
   0.0000000e+00
   0.0000000e+00
   0.0000000e+00
   0.0000000e+00
   0.0000000e+00
   0.0000000e+00
   0.0000000e+00
   0.0000000e+00
   0.0000000e+00
   0.0000000e+00
   0.0000000e+00
   0.0000000e+00
   0.0000000e+00
   0.0000000e+00
   0.0000000e+00
   0.0000000e+00
   0.0000000e+00
   0.0000000e+00
   0.0000000e+00
   0.0000000e+00
   0.0000000e+00
   0.0000000e+00
   0.0000000e+00
   0.0000000e+00
   0.0000000e+00
   0.0000000e+00
   0.0000000e+00
   0.0000000e+00
   0.0000000e+00
   0.0000000e+00
   0.0000000e+00
   0.0000000e+00
   0.0000000e+00
   0.0000000e+00
   0.0000000e+00
   0.0000000e+00
   0.0000000e+00
   0.0000000e+00
   0.0000000e+00
   0.0000000e+00
   0.0000000e+00
   0.0000000e+00
   0.0000000e+00
   0.0000000e+00
   0.0000000e+00
   0.0000000e+00
   0.0000000e+00
   0.0000000e+00
   0.0000000e+00
   0.0000000e+00
   0.0000000e+00
   0.0000000e+00
   0.0000000e+00
   0.0000000e+00
   0.0000000e+00
   0.0000000e+00
   0.0000000e+00
   0.0000000e+00
   0.0000000e+00
   0.0000000e+00
   0.0000000e+00
   0.0000000e+00
   0.0000000e+00
   0.0000000e+00
   0.0000000e+00
   0.0000000e+00
   0.0000000e+00
   0.0000000e+00
   0.0000000e+00
   0.0000000e+00
   0.0000000e+00
   0.0000000e+00
   0.0000000e+00
   0.0000000e+00
   0.0000000e+00
   0.0000000e+00
   0.0000000e+00
   0.0000000e+00
   0.0000000e+00
   0.0000000e+00
   0.0000000e+00
   0.0000000e+00
   0.0000000e+00
   0.0000000e+00
   0.0000000e+00
   0.0000000e+00
   0.0000000e+00
   0.0000000e+00
   0.0000000e+00
   0.0000000e+00
   0.0000000e+00
   0.0000000e+00
   0.0000000e+00
   0.0000000e+00
   0.0000000e+00
   0.0000000e+00
   0.0000000e+00
   0.0000000e+00
   0.0000000e+00
   0.0000000e+00
   0.0000000e+00
   0.0000000e+00
   0.0000000e+00
   0.0000000e+00
   0.0000000e+00
   0.0000000e+00
   0.0000000e+00
   0.0000000e+00
   0.0000000e+00
   0.0000000e+00
   0.0000000e+00
   0.0000000e+00
   0.0000000e+00
   0.0000000e+00
   0.0000000e+00
   0.0000000e+00
   0.0000000e+00
   0.0000000e+00
   0.0000000e+00
   0.0000000e+00
   0.0000000e+00
   0.0000000e+00
   0.0000000e+00
   0.0000000e+00
   0.0000000e+00
   0.0000000e+00
   0.0000000e+00
   0.0000000e+00
   0.0000000e+00
   0.0000000e+00
   0.0000000e+00
   0.0000000e+00
   0.0000000e+00
   0.0000000e+00
   0.0000000e+00
   0.0000000e+00
   0.0000000e+00
   0.0000000e+00
   0.0000000e+00
   0.0000000e+00
   0.0000000e+00
   0.0000000e+00
   0.0000000e+00
   0.0000000e+00
   0.0000000e+00
   0.0000000e+00
   0.0000000e+00
   0.0000000e+00
   0.0000000e+00
   0.0000000e+00
   0.0000000e+00
   0.0000000e+00
   0.0000000e+00
   0.0000000e+00
   0.0000000e+00
   0.0000000e+00
   0.0000000e+00
   0.0000000e+00
   0.0000000e+00
   0.0000000e+00
   0.0000000e+00
   0.0000000e+00
   0.0000000e+00
   0.0000000e+00
   0.0000000e+00
   0.0000000e+00
   0.0000000e+00
   0.0000000e+00
   0.0000000e+00
   0.0000000e+00
   0.0000000e+00
   0.0000000e+00
   0.0000000e+00
   0.0000000e+00
   0.0000000e+00
   0.0000000e+00
   0.0000000e+00
   0.0000000e+00
   0.0000000e+00
   0.0000000e+00
   0.0000000e+00
   0.0000000e+00
   0.0000000e+00
   0.0000000e+00
   0.0000000e+00
   0.0000000e+00
   0.0000000e+00
   0.0000000e+00
   0.0000000e+00
   0.0000000e+00
   0.0000000e+00
   0.0000000e+00
   0.0000000e+00
   0.0000000e+00
   0.0000000e+00
   0.0000000e+00
   0.0000000e+00
   0.0000000e+00
