   2.6067573e-03
   4.4407870e-03
  -4.1093334e-03
   1.0381977e-02
  -3.9890966e-03
   1.0063620e-03
   4.0810492e-04
  -1.9284085e-03
   1.9765484e-03
  -3.2532563e-03
   4.3318216e-03
  -3.7703488e-03
   4.4991754e-04
  -1.0456865e-03
   4.2045064e-03
   1.9215984e-04
   3.6230448e-04
  -3.9224799e-03
   2.3900012e-04
   5.9582554e-04
   5.6008857e-03
   1.6320650e-02
   2.1350689e-02
   1.1537740e-02
   2.3753521e-02
   1.8711250e-02
   1.8729772e-02
   1.9114166e-02
   1.6967607e-02
   2.4803470e-02
   9.9784913e-03
   2.5444757e-02
   1.9272888e-02
   2.0397151e-02
   1.8164938e-02
   1.9390219e-02
   1.8694657e-02
   2.2839393e-02
   2.2423817e-02
   8.4510040e-03
   6.1991487e-02
   6.0733191e-02
   6.2558500e-02
   6.8773664e-02
   5.3692542e-02
   5.8436994e-02
   6.2460005e-02
   5.6679113e-02
   6.3902442e-02
   4.9744172e-02
   7.6461184e-02
   4.8877809e-02
   6.1134215e-02
   5.5176259e-02
   5.9759886e-02
   5.7463111e-02
   6.4955828e-02
   4.8242168e-02
   6.9688388e-02
   7.9499022e-03
   1.0655634e-01
   1.4650630e-01
   7.2009150e-02
   1.1407258e-01
   1.2059023e-01
   1.2128245e-01
   1.1064333e-01
   1.2256308e-01
   1.0952732e-01
   1.3254728e-01
   8.8298026e-02
   1.3281991e-01
   1.1444925e-01
   1.2281776e-01
   1.1524734e-01
   1.2431913e-01
   1.0357583e-01
   1.3529667e-01
   1.0336835e-01
   1.1812636e-03
   3.9060489e-02
   1.9941545e-01
   2.2154231e-01
   1.1142403e-01
   1.8223243e-01
   1.6614365e-01
   1.8732948e-01
   1.7066248e-01
   1.8687187e-01
   1.6661615e-01
   2.3769165e-01
   1.4886785e-01
   1.8190448e-01
   1.6410428e-01
   1.7923926e-01
   1.6778683e-01
   1.9762228e-01
   1.7394888e-01
   4.2252744e-02
   0.0000000e+00
   7.9779477e-04
   2.4005414e-02
   1.4111718e-01
   3.7428034e-01
   2.1158050e-01
   2.6524682e-01
   2.2209862e-01
   2.2218749e-01
   2.5083129e-01
   7.6237150e-02
   1.5560282e-01
   6.0911938e-02
   3.0018641e-01
   3.2694387e-01
   2.2049872e-01
   2.7792396e-01
   2.6270573e-02
   2.3310319e-03
   7.0390073e-05
   0.0000000e+00
   0.0000000e+00
   9.5472038e-05
   1.0541082e-01
   3.2422796e-01
   7.3003254e-02
   1.9729756e-02
   7.7318583e-02
   4.1459963e-01
   1.9582384e-01
   4.1663473e-03
   3.8699980e-05
   6.4028393e-03
   1.9222380e-01
   2.2354036e-01
   1.8170022e-02
   7.4602876e-03
   5.1992713e-04
   0.0000000e+00
   0.0000000e+00
   0.0000000e+00
   0.0000000e+00
   4.4204812e-06
   4.8803944e-03
   1.4839720e-02
   2.8093398e-03
   0.0000000e+00
   5.1658175e-03
   2.7460649e-02
   1.0408719e-02
   1.0361138e-04
   0.0000000e+00
   1.3668145e-04
   4.2061113e-03
   4.8977497e-03
   2.7601488e-04
   0.0000000e+00
   0.0000000e+00
   0.0000000e+00
   0.0000000e+00
   0.0000000e+00
   0.0000000e+00
   0.0000000e+00
   0.0000000e+00
   0.0000000e+00
   0.0000000e+00
   0.0000000e+00
   0.0000000e+00
   0.0000000e+00
   0.0000000e+00
   0.0000000e+00
   0.0000000e+00
   0.0000000e+00
   0.0000000e+00
   0.0000000e+00
   0.0000000e+00
   0.0000000e+00
   0.0000000e+00
   0.0000000e+00
   0.0000000e+00
   0.0000000e+00
   0.0000000e+00
   0.0000000e+00
   0.0000000e+00
   0.0000000e+00
   0.0000000e+00
   0.0000000e+00
   0.0000000e+00
   0.0000000e+00
   0.0000000e+00
   0.0000000e+00
   0.0000000e+00
   0.0000000e+00
   0.0000000e+00
   0.0000000e+00
   0.0000000e+00
   0.0000000e+00
   0.0000000e+00
   0.0000000e+00
   0.0000000e+00
   0.0000000e+00
   0.0000000e+00
   0.0000000e+00
   0.0000000e+00
   0.0000000e+00
   0.0000000e+00
   0.0000000e+00
   0.0000000e+00
   0.0000000e+00
   0.0000000e+00
   0.0000000e+00
   0.0000000e+00
   0.0000000e+00
   0.0000000e+00
   0.0000000e+00
   0.0000000e+00
   0.0000000e+00
   0.0000000e+00
   0.0000000e+00
   0.0000000e+00
   0.0000000e+00
   0.0000000e+00
   0.0000000e+00
   0.0000000e+00
   0.0000000e+00
   0.0000000e+00
   0.0000000e+00
   0.0000000e+00
   0.0000000e+00
   0.0000000e+00
   0.0000000e+00
   0.0000000e+00
   0.0000000e+00
   0.0000000e+00
   0.0000000e+00
   0.0000000e+00
   0.0000000e+00
   0.0000000e+00
   0.0000000e+00
   0.0000000e+00
   0.0000000e+00
   0.0000000e+00
   0.0000000e+00
   0.0000000e+00
   0.0000000e+00
   0.0000000e+00
   0.0000000e+00
   0.0000000e+00
   0.0000000e+00
   0.0000000e+00
   0.0000000e+00
   0.0000000e+00
   0.0000000e+00
   0.0000000e+00
   0.0000000e+00
   0.0000000e+00
   0.0000000e+00
   0.0000000e+00
   0.0000000e+00
   0.0000000e+00
   0.0000000e+00
   0.0000000e+00
   0.0000000e+00
   0.0000000e+00
   0.0000000e+00
   0.0000000e+00
   0.0000000e+00
   0.0000000e+00
   0.0000000e+00
   0.0000000e+00
   0.0000000e+00
   0.0000000e+00
   0.0000000e+00
   0.0000000e+00
   0.0000000e+00
   0.0000000e+00
   0.0000000e+00
   0.0000000e+00
   0.0000000e+00
   0.0000000e+00
   0.0000000e+00
   0.0000000e+00
   0.0000000e+00
   0.0000000e+00
   0.0000000e+00
   0.0000000e+00
   0.0000000e+00
   0.0000000e+00
   0.0000000e+00
   0.0000000e+00
   0.0000000e+00
   0.0000000e+00
   0.0000000e+00
   0.0000000e+00
   0.0000000e+00
   0.0000000e+00
   0.0000000e+00
   0.0000000e+00
   0.0000000e+00
   0.0000000e+00
   0.0000000e+00
   0.0000000e+00
   0.0000000e+00
   0.0000000e+00
   0.0000000e+00
   0.0000000e+00
   0.0000000e+00
   0.0000000e+00
   0.0000000e+00
   0.0000000e+00
   0.0000000e+00
   0.0000000e+00
   0.0000000e+00
   0.0000000e+00
   0.0000000e+00
   0.0000000e+00
   0.0000000e+00
   0.0000000e+00
   0.0000000e+00
   0.0000000e+00
   0.0000000e+00
   0.0000000e+00
   0.0000000e+00
   0.0000000e+00
   0.0000000e+00
   0.0000000e+00
   0.0000000e+00
   0.0000000e+00
   0.0000000e+00
   0.0000000e+00
   0.0000000e+00
   0.0000000e+00
   0.0000000e+00
   0.0000000e+00
   0.0000000e+00
   0.0000000e+00
   0.0000000e+00
   0.0000000e+00
   0.0000000e+00
   0.0000000e+00
   0.0000000e+00
   0.0000000e+00
   0.0000000e+00
   0.0000000e+00
   0.0000000e+00
   0.0000000e+00
   0.0000000e+00
   0.0000000e+00
   0.0000000e+00
   0.0000000e+00
   0.0000000e+00
   0.0000000e+00
   0.0000000e+00
   0.0000000e+00
   0.0000000e+00
   0.0000000e+00
   0.0000000e+00
   0.0000000e+00
   0.0000000e+00
   0.0000000e+00
   0.0000000e+00
   0.0000000e+00
   0.0000000e+00
   0.0000000e+00
   0.0000000e+00
   0.0000000e+00
   0.0000000e+00
   0.0000000e+00
   0.0000000e+00
   0.0000000e+00
   0.0000000e+00
   0.0000000e+00
   0.0000000e+00
   0.0000000e+00
   0.0000000e+00
   0.0000000e+00
   0.0000000e+00
   0.0000000e+00
   0.0000000e+00
   0.0000000e+00
   0.0000000e+00
   0.0000000e+00
   0.0000000e+00
   0.0000000e+00
   0.0000000e+00
   0.0000000e+00
   0.0000000e+00
   0.0000000e+00
   0.0000000e+00
   0.0000000e+00
   0.0000000e+00
   0.0000000e+00
   0.0000000e+00
   0.0000000e+00
   0.0000000e+00
   0.0000000e+00
   0.0000000e+00
   0.0000000e+00
   0.0000000e+00
   0.0000000e+00
   0.0000000e+00
