   2.1079006e-03
   1.0539225e-03
  -1.2389707e-03
   6.3736539e-04
  -1.0410077e-03
   2.9285433e-03
   3.2417721e-03
  -3.5071980e-03
   7.0048177e-03
   1.7739848e-02
   7.5771726e-03
   2.0628858e-03
  -6.7472283e-03
   5.4349013e-03
   1.0606347e-03
  -2.2032002e-03
   4.1433782e-04
  -5.9665313e-04
   8.5250329e-04
  -2.3844015e-02
   2.0804364e-02
   1.8534008e-02
   2.3426182e-02
   1.8406372e-02
   1.9124000e-02
   1.7741503e-02
   1.9424900e-02
   1.6190534e-02
   1.8307908e-02
   9.7916781e-03
   1.5290566e-02
   1.9137110e-02
   1.7763854e-02
   1.8181078e-02
   1.4272147e-02
   2.6404909e-02
   2.4447214e-02
   1.6198448e-02
   2.7250422e-02
   4.4180311e-02
   4.1249597e-02
   6.9114316e-02
   3.9461104e-02
   6.5707875e-02
   5.9873627e-02
   6.1042817e-02
   5.8328097e-02
   6.6332366e-02
   5.8642109e-02
   7.3717438e-02
   5.6100485e-02
   6.4728739e-02
   5.6513837e-02
   6.1854773e-02
   6.5035879e-02
   5.0174376e-02
   4.4743507e-02
   6.7831789e-02
   3.5804989e-02
   2.7668923e-02
   1.6868142e-01
   8.8777274e-02
   1.7121267e-01
   1.0074121e-01
   1.2224166e-01
   1.1121042e-01
   1.2091228e-01
   1.0239046e-01
   1.2297019e-01
   9.4343699e-02
   1.2980247e-01
   1.0252361e-01
   1.2602511e-01
   1.1224021e-01
   1.0959807e-01
   1.2831471e-01
   1.6389118e-01
   1.1515933e-01
   7.5883978e-03
   2.1820071e-03
   1.4929041e-01
   2.1123749e-02
   9.5217511e-02
   1.9824094e-01
   1.6721634e-01
   1.9652821e-01
   1.5443554e-01
   2.3780416e-01
   1.6057956e-01
   2.3010184e-01
   1.6120771e-01
   2.2958816e-01
   1.5502403e-01
   1.9469384e-01
   1.8177160e-01
   1.6150287e-01
   1.6273782e-01
   5.2441288e-02
   5.3928036e-04
   0.0000000e+00
   6.2202951e-03
   5.1533830e-04
   8.3892860e-03
   2.5128514e-01
   2.6694173e-01
   1.5360751e-01
   3.2908072e-01
   1.3125744e-01
   6.1254118e-02
   1.5329929e-01
   5.1335359e-02
   2.7477212e-02
   2.9478610e-02
   2.1834561e-01
   2.0823752e-01
   3.3787937e-01
   1.8279652e-01
   2.2259094e-03
   8.3166314e-06
   0.0000000e+00
   0.0000000e+00
   0.0000000e+00
   6.0781998e-04
   2.0230911e-02
   2.1759612e-02
   1.0398215e-02
   3.2515738e-02
   7.4015229e-03
   7.8942679e-05
   2.5957928e-07
   7.6658338e-08
   1.1271841e-11
   5.6271552e-05
   9.2829568e-04
   5.0191315e-03
   5.0404330e-02
   2.7179029e-02
   2.4211974e-04
   0.0000000e+00
   0.0000000e+00
   0.0000000e+00
   0.0000000e+00
   0.0000000e+00
   0.0000000e+00
   0.0000000e+00
   0.0000000e+00
   0.0000000e+00
   0.0000000e+00
   0.0000000e+00
   0.0000000e+00
   0.0000000e+00
   0.0000000e+00
   0.0000000e+00
   0.0000000e+00
   0.0000000e+00
   0.0000000e+00
   0.0000000e+00
   0.0000000e+00
   0.0000000e+00
   0.0000000e+00
   0.0000000e+00
   0.0000000e+00
   0.0000000e+00
   0.0000000e+00
   0.0000000e+00
   0.0000000e+00
   0.0000000e+00
   0.0000000e+00
   0.0000000e+00
   0.0000000e+00
   0.0000000e+00
   0.0000000e+00
   0.0000000e+00
   0.0000000e+00
   0.0000000e+00
   0.0000000e+00
   0.0000000e+00
   0.0000000e+00
   0.0000000e+00
   0.0000000e+00
   0.0000000e+00
   0.0000000e+00
   0.0000000e+00
   0.0000000e+00
   0.0000000e+00
   0.0000000e+00
   0.0000000e+00
   0.0000000e+00
   0.0000000e+00
   0.0000000e+00
   0.0000000e+00
   0.0000000e+00
   0.0000000e+00
   0.0000000e+00
   0.0000000e+00
   0.0000000e+00
   0.0000000e+00
   0.0000000e+00
   0.0000000e+00
   0.0000000e+00
   0.0000000e+00
   0.0000000e+00
   0.0000000e+00
   0.0000000e+00
   0.0000000e+00
   0.0000000e+00
   0.0000000e+00
   0.0000000e+00
   0.0000000e+00
   0.0000000e+00
   0.0000000e+00
   0.0000000e+00
   0.0000000e+00
   0.0000000e+00
   0.0000000e+00
   0.0000000e+00
   0.0000000e+00
   0.0000000e+00
   0.0000000e+00
   0.0000000e+00
   0.0000000e+00
   0.0000000e+00
   0.0000000e+00
   0.0000000e+00
   0.0000000e+00
   0.0000000e+00
   0.0000000e+00
   0.0000000e+00
   0.0000000e+00
   0.0000000e+00
   0.0000000e+00
   0.0000000e+00
   0.0000000e+00
   0.0000000e+00
   0.0000000e+00
   0.0000000e+00
   0.0000000e+00
   0.0000000e+00
   0.0000000e+00
   0.0000000e+00
   0.0000000e+00
   0.0000000e+00
   0.0000000e+00
   0.0000000e+00
   0.0000000e+00
   0.0000000e+00
   0.0000000e+00
   0.0000000e+00
   0.0000000e+00
   0.0000000e+00
   0.0000000e+00
   0.0000000e+00
   0.0000000e+00
   0.0000000e+00
   0.0000000e+00
   0.0000000e+00
   0.0000000e+00
   0.0000000e+00
   0.0000000e+00
   0.0000000e+00
   0.0000000e+00
   0.0000000e+00
   0.0000000e+00
   0.0000000e+00
   0.0000000e+00
   0.0000000e+00
   0.0000000e+00
   0.0000000e+00
   0.0000000e+00
   0.0000000e+00
   0.0000000e+00
   0.0000000e+00
   0.0000000e+00
   0.0000000e+00
   0.0000000e+00
   0.0000000e+00
   0.0000000e+00
   0.0000000e+00
   0.0000000e+00
   0.0000000e+00
   0.0000000e+00
   0.0000000e+00
   0.0000000e+00
   0.0000000e+00
   0.0000000e+00
   0.0000000e+00
   0.0000000e+00
   0.0000000e+00
   0.0000000e+00
   0.0000000e+00
   0.0000000e+00
   0.0000000e+00
   0.0000000e+00
   0.0000000e+00
   0.0000000e+00
   0.0000000e+00
   0.0000000e+00
   0.0000000e+00
   0.0000000e+00
   0.0000000e+00
   0.0000000e+00
   0.0000000e+00
   0.0000000e+00
   0.0000000e+00
   0.0000000e+00
   0.0000000e+00
   0.0000000e+00
   0.0000000e+00
   0.0000000e+00
   0.0000000e+00
   0.0000000e+00
   0.0000000e+00
   0.0000000e+00
   0.0000000e+00
   0.0000000e+00
   0.0000000e+00
   0.0000000e+00
   0.0000000e+00
   0.0000000e+00
   0.0000000e+00
   0.0000000e+00
   0.0000000e+00
   0.0000000e+00
   0.0000000e+00
   0.0000000e+00
   0.0000000e+00
   0.0000000e+00
   0.0000000e+00
   0.0000000e+00
   0.0000000e+00
   0.0000000e+00
   0.0000000e+00
   0.0000000e+00
   0.0000000e+00
   0.0000000e+00
   0.0000000e+00
   0.0000000e+00
   0.0000000e+00
   0.0000000e+00
   0.0000000e+00
   0.0000000e+00
   0.0000000e+00
   0.0000000e+00
   0.0000000e+00
   0.0000000e+00
   0.0000000e+00
   0.0000000e+00
   0.0000000e+00
   0.0000000e+00
   0.0000000e+00
   0.0000000e+00
   0.0000000e+00
   0.0000000e+00
   0.0000000e+00
   0.0000000e+00
   0.0000000e+00
   0.0000000e+00
   0.0000000e+00
   0.0000000e+00
   0.0000000e+00
   0.0000000e+00
   0.0000000e+00
   0.0000000e+00
   0.0000000e+00
   0.0000000e+00
   0.0000000e+00
   0.0000000e+00
   0.0000000e+00
   0.0000000e+00
   0.0000000e+00
   0.0000000e+00
   0.0000000e+00
   0.0000000e+00
   0.0000000e+00
   0.0000000e+00
   0.0000000e+00
   0.0000000e+00
   0.0000000e+00
   0.0000000e+00
   0.0000000e+00
   0.0000000e+00
   0.0000000e+00
   0.0000000e+00
   0.0000000e+00
   0.0000000e+00
   0.0000000e+00
   0.0000000e+00
   0.0000000e+00
   0.0000000e+00
   0.0000000e+00
   0.0000000e+00
   0.0000000e+00
   0.0000000e+00
   0.0000000e+00
   0.0000000e+00
   0.0000000e+00
   0.0000000e+00
   0.0000000e+00
   0.0000000e+00
   0.0000000e+00
