   2.4471403e-03
  -4.0466552e-03
  -8.8730488e-03
   2.9643874e-02
   8.7175350e-04
   2.0617671e-04
  -1.2040941e-03
   2.2842989e-04
   3.0300415e-03
  -9.1174357e-03
  -9.6720675e-03
   1.4533946e-02
  -2.5730487e-03
   1.6477608e-03
  -7.8541457e-04
   1.6160415e-03
  -2.7883541e-04
   8.6529093e-05
  -1.4434564e-03
   5.6432560e-03
   1.1525184e-02
   2.6565861e-02
   1.9355859e-02
   3.5154000e-03
   1.9412027e-02
   1.9120676e-02
   2.0792295e-02
   2.0672386e-02
   1.3855330e-02
   3.6125812e-02
   2.2172347e-02
   9.7743304e-03
   2.1762954e-02
   1.7384285e-02
   2.0791125e-02
   1.6661190e-02
   2.0295288e-02
   1.8879219e-02
   2.0455454e-02
   1.8994429e-02
   7.0123315e-02
   4.7044515e-02
   6.1469297e-02
   7.8998623e-02
   5.8078279e-02
   6.0048976e-02
   5.6474232e-02
   5.9312249e-02
   6.3105170e-02
   4.7528606e-02
   5.2220902e-02
   7.2936435e-02
   5.5369271e-02
   6.2292679e-02
   5.7227774e-02
   6.3052262e-02
   5.8109964e-02
   5.7046734e-02
   7.5469932e-02
   2.9544543e-03
   1.2596978e-01
   1.2767482e-01
   1.1772714e-01
   8.9509738e-02
   1.1799658e-01
   1.1663739e-01
   1.2054031e-01
   1.1771471e-01
   1.1187096e-01
   1.3057481e-01
   1.2861871e-01
   9.7469087e-02
   1.2141477e-01
   1.1435807e-01
   1.1859662e-01
   1.1445498e-01
   1.1587237e-01
   1.3049666e-01
   4.5552288e-02
   4.3031300e-05
   1.2203399e-02
   1.0669884e-01
   2.3461270e-01
   2.3256100e-01
   1.7993617e-01
   1.7728197e-01
   1.7272326e-01
   1.7194975e-01
   1.9566406e-01
   1.5245029e-01
   1.3791326e-01
   2.0638597e-01
   1.8122187e-01
   1.7706879e-01
   1.8002868e-01
   1.8532679e-01
   1.7418385e-01
   1.7153623e-01
   5.3184314e-03
   4.7446609e-09
   2.7492539e-05
   8.8707819e-03
   4.5092933e-02
   9.4298039e-02
   1.0308813e-01
   2.6553867e-01
   2.3897877e-01
   2.5336217e-01
   2.0179654e-01
   2.9866463e-01
   2.8392472e-01
   2.3069788e-01
   1.0844581e-01
   2.5971157e-01
   2.0936954e-01
   9.8015979e-02
   3.1064569e-01
   1.2044370e-01
   7.8772239e-04
   0.0000000e+00
   0.0000000e+00
   3.5380057e-07
   6.8386877e-06
   1.9514392e-02
   3.7270230e-01
   3.9066401e-01
   6.3671841e-02
   6.2402763e-03
   8.6274196e-03
   6.0050147e-02
   4.3770112e-02
   5.1317422e-03
   4.6166699e-03
   2.4755787e-01
   4.8726212e-01
   6.2656615e-02
   6.7853054e-03
   1.6961179e-03
   1.6847268e-06
   0.0000000e+00
   0.0000000e+00
   0.0000000e+00
   0.0000000e+00
   1.6422959e-02
   3.1111246e-01
   2.7806769e-01
   9.7880292e-03
   6.3983176e-09
   0.0000000e+00
   0.0000000e+00
   0.0000000e+00
   0.0000000e+00
   6.1542648e-04
   8.9161722e-02
   1.8172922e-01
   2.2132664e-02
   3.7660415e-11
   0.0000000e+00
   0.0000000e+00
   0.0000000e+00
   0.0000000e+00
   0.0000000e+00
   0.0000000e+00
   5.1239654e-04
   9.7067123e-03
   8.6757078e-03
   3.0538024e-04
   0.0000000e+00
   0.0000000e+00
   0.0000000e+00
   0.0000000e+00
   0.0000000e+00
   1.5445614e-06
   2.2371473e-04
   4.5585255e-04
   5.5484927e-05
   0.0000000e+00
   0.0000000e+00
   0.0000000e+00
   0.0000000e+00
   0.0000000e+00
   0.0000000e+00
   0.0000000e+00
   0.0000000e+00
   0.0000000e+00
   0.0000000e+00
   0.0000000e+00
   0.0000000e+00
   0.0000000e+00
   0.0000000e+00
   0.0000000e+00
   0.0000000e+00
   0.0000000e+00
   0.0000000e+00
   0.0000000e+00
   0.0000000e+00
   0.0000000e+00
   0.0000000e+00
   0.0000000e+00
   0.0000000e+00
   0.0000000e+00
   0.0000000e+00
   0.0000000e+00
   0.0000000e+00
   0.0000000e+00
   0.0000000e+00
   0.0000000e+00
   0.0000000e+00
   0.0000000e+00
   0.0000000e+00
   0.0000000e+00
   0.0000000e+00
   0.0000000e+00
   0.0000000e+00
   0.0000000e+00
   0.0000000e+00
   0.0000000e+00
   0.0000000e+00
   0.0000000e+00
   0.0000000e+00
   0.0000000e+00
   0.0000000e+00
   0.0000000e+00
   0.0000000e+00
   0.0000000e+00
   0.0000000e+00
   0.0000000e+00
   0.0000000e+00
   0.0000000e+00
   0.0000000e+00
   0.0000000e+00
   0.0000000e+00
   0.0000000e+00
   0.0000000e+00
   0.0000000e+00
   0.0000000e+00
   0.0000000e+00
   0.0000000e+00
   0.0000000e+00
   0.0000000e+00
   0.0000000e+00
   0.0000000e+00
   0.0000000e+00
   0.0000000e+00
   0.0000000e+00
   0.0000000e+00
   0.0000000e+00
   0.0000000e+00
   0.0000000e+00
   0.0000000e+00
   0.0000000e+00
   0.0000000e+00
   0.0000000e+00
   0.0000000e+00
   0.0000000e+00
   0.0000000e+00
   0.0000000e+00
   0.0000000e+00
   0.0000000e+00
   0.0000000e+00
   0.0000000e+00
   0.0000000e+00
   0.0000000e+00
   0.0000000e+00
   0.0000000e+00
   0.0000000e+00
   0.0000000e+00
   0.0000000e+00
   0.0000000e+00
   0.0000000e+00
   0.0000000e+00
   0.0000000e+00
   0.0000000e+00
   0.0000000e+00
   0.0000000e+00
   0.0000000e+00
   0.0000000e+00
   0.0000000e+00
   0.0000000e+00
   0.0000000e+00
   0.0000000e+00
   0.0000000e+00
   0.0000000e+00
   0.0000000e+00
   0.0000000e+00
   0.0000000e+00
   0.0000000e+00
   0.0000000e+00
   0.0000000e+00
   0.0000000e+00
   0.0000000e+00
   0.0000000e+00
   0.0000000e+00
   0.0000000e+00
   0.0000000e+00
   0.0000000e+00
   0.0000000e+00
   0.0000000e+00
   0.0000000e+00
   0.0000000e+00
   0.0000000e+00
   0.0000000e+00
   0.0000000e+00
   0.0000000e+00
   0.0000000e+00
   0.0000000e+00
   0.0000000e+00
   0.0000000e+00
   0.0000000e+00
   0.0000000e+00
   0.0000000e+00
   0.0000000e+00
   0.0000000e+00
   0.0000000e+00
   0.0000000e+00
   0.0000000e+00
   0.0000000e+00
   0.0000000e+00
   0.0000000e+00
   0.0000000e+00
   0.0000000e+00
   0.0000000e+00
   0.0000000e+00
   0.0000000e+00
   0.0000000e+00
   0.0000000e+00
   0.0000000e+00
   0.0000000e+00
   0.0000000e+00
   0.0000000e+00
   0.0000000e+00
   0.0000000e+00
   0.0000000e+00
   0.0000000e+00
   0.0000000e+00
   0.0000000e+00
   0.0000000e+00
   0.0000000e+00
   0.0000000e+00
   0.0000000e+00
   0.0000000e+00
   0.0000000e+00
   0.0000000e+00
   0.0000000e+00
   0.0000000e+00
   0.0000000e+00
   0.0000000e+00
   0.0000000e+00
   0.0000000e+00
   0.0000000e+00
   0.0000000e+00
   0.0000000e+00
   0.0000000e+00
   0.0000000e+00
   0.0000000e+00
   0.0000000e+00
   0.0000000e+00
   0.0000000e+00
   0.0000000e+00
   0.0000000e+00
   0.0000000e+00
   0.0000000e+00
   0.0000000e+00
   0.0000000e+00
   0.0000000e+00
   0.0000000e+00
   0.0000000e+00
   0.0000000e+00
   0.0000000e+00
   0.0000000e+00
   0.0000000e+00
   0.0000000e+00
   0.0000000e+00
   0.0000000e+00
   0.0000000e+00
   0.0000000e+00
   0.0000000e+00
   0.0000000e+00
   0.0000000e+00
   0.0000000e+00
   0.0000000e+00
   0.0000000e+00
   0.0000000e+00
   0.0000000e+00
   0.0000000e+00
   0.0000000e+00
   0.0000000e+00
   0.0000000e+00
   0.0000000e+00
   0.0000000e+00
   0.0000000e+00
   0.0000000e+00
   0.0000000e+00
   0.0000000e+00
   0.0000000e+00
   0.0000000e+00
   0.0000000e+00
   0.0000000e+00
   0.0000000e+00
   0.0000000e+00
