   7.9599889e-03
  -2.6567247e-03
  -6.0160442e-03
   2.7634339e-03
  -6.6477831e-04
  -4.1853195e-04
   1.3672566e-03
  -6.8265909e-04
  -5.7361351e-05
   4.6015234e-05
  -2.2664423e-03
   3.3860517e-03
   2.4955174e-03
   4.0863935e-04
  -2.5938542e-03
   1.6199433e-02
  -5.5463757e-03
  -7.9935583e-03
   2.7865641e-03
   2.8152773e-03
   1.5288026e-02
   2.5196804e-02
   1.9671242e-02
   2.0084523e-02
   1.9496428e-02
   2.0567754e-02
   1.7793317e-02
   2.0661202e-02
   2.0074149e-02
   2.0069480e-02
   2.0339655e-02
   1.9532405e-02
   1.3808432e-02
   1.9834513e-02
   2.1890961e-02
   8.7174341e-03
   2.5968315e-02
   2.5809226e-02
   1.8711990e-02
   1.0951337e-02
   5.9940648e-02
   5.2604890e-02
   6.0308651e-02
   5.6832738e-02
   5.8680730e-02
   5.7348585e-02
   6.1318868e-02
   5.7502577e-02
   5.6571363e-02
   5.8695849e-02
   6.0397928e-02
   5.0962354e-02
   6.6243513e-02
   6.0398732e-02
   5.6698797e-02
   6.7896127e-02
   5.3636258e-02
   4.1543297e-02
   7.1798429e-02
   5.3584342e-03
   1.2557234e-01
   1.2512334e-01
   1.1427458e-01
   1.2277271e-01
   1.1773910e-01
   1.1957512e-01
   1.1475333e-01
   1.1809548e-01
   1.2577856e-01
   1.1586291e-01
   1.1653033e-01
   1.2502617e-01
   1.1208545e-01
   1.1332090e-01
   1.2114005e-01
   1.0866537e-01
   1.2024686e-01
   1.4792775e-01
   1.0666553e-01
   7.8121016e-04
   1.2689808e-02
   1.6456756e-01
   1.8169413e-01
   1.6844073e-01
   1.7459409e-01
   1.6862634e-01
   1.8757420e-01
   1.7765870e-01
   1.3455142e-01
   1.8800327e-01
   1.7699483e-01
   1.6184594e-01
   1.8158087e-01
   2.0072724e-01
   1.6348030e-01
   1.9582382e-01
   1.8572115e-01
   2.7283223e-02
   1.0124620e-02
   1.9069819e-06
   5.5228730e-03
   2.2181410e-01
   2.2413423e-01
   2.6442374e-01
   2.7979617e-01
   2.1181380e-01
   2.2355199e-01
   2.3463467e-01
   3.8129589e-01
   1.2351573e-01
   1.4559153e-01
   3.6060304e-01
   2.2024036e-01
   1.6822282e-01
   2.6334966e-01
   2.8091485e-01
   1.3939535e-01
   1.7375472e-03
   0.0000000e+00
   0.0000000e+00
   8.0143752e-03
   3.3022133e-01
   3.6960384e-01
   1.0263243e-01
   5.3477071e-02
   4.1467021e-01
   3.3485481e-01
   3.9758883e-02
   1.3378666e-01
   4.2661323e-02
   2.9338861e-02
   6.7550698e-02
   1.3185040e-02
   3.0870947e-03
   6.7427233e-03
   9.4237072e-03
   4.8274212e-03
   5.7895129e-05
   0.0000000e+00
   0.0000000e+00
   6.2720983e-04
   2.6003087e-02
   2.8865628e-02
   4.8003177e-03
   1.9385215e-02
   3.1116778e-01
   2.5081387e-01
   7.1705856e-03
   1.6520779e-04
   5.2602659e-05
   2.2269309e-08
   0.0000000e+00
   0.0000000e+00
   0.0000000e+00
   0.0000000e+00
   0.0000000e+00
   0.0000000e+00
   0.0000000e+00
   0.0000000e+00
   0.0000000e+00
   0.0000000e+00
   0.0000000e+00
   0.0000000e+00
   0.0000000e+00
   4.8322955e-04
   7.7567085e-03
   6.2522221e-03
   1.7794008e-04
   0.0000000e+00
   0.0000000e+00
   0.0000000e+00
   0.0000000e+00
   0.0000000e+00
   0.0000000e+00
   0.0000000e+00
   0.0000000e+00
   0.0000000e+00
   0.0000000e+00
   0.0000000e+00
   0.0000000e+00
   0.0000000e+00
   0.0000000e+00
   0.0000000e+00
   0.0000000e+00
   0.0000000e+00
   0.0000000e+00
   0.0000000e+00
   0.0000000e+00
   0.0000000e+00
   0.0000000e+00
   0.0000000e+00
   0.0000000e+00
   0.0000000e+00
   0.0000000e+00
   0.0000000e+00
   0.0000000e+00
   0.0000000e+00
   0.0000000e+00
   0.0000000e+00
   0.0000000e+00
   0.0000000e+00
   0.0000000e+00
   0.0000000e+00
   0.0000000e+00
   0.0000000e+00
   0.0000000e+00
   0.0000000e+00
   0.0000000e+00
   0.0000000e+00
   0.0000000e+00
   0.0000000e+00
   0.0000000e+00
   0.0000000e+00
   0.0000000e+00
   0.0000000e+00
   0.0000000e+00
   0.0000000e+00
   0.0000000e+00
   0.0000000e+00
   0.0000000e+00
   0.0000000e+00
   0.0000000e+00
   0.0000000e+00
   0.0000000e+00
   0.0000000e+00
   0.0000000e+00
   0.0000000e+00
   0.0000000e+00
   0.0000000e+00
   0.0000000e+00
   0.0000000e+00
   0.0000000e+00
   0.0000000e+00
   0.0000000e+00
   0.0000000e+00
   0.0000000e+00
   0.0000000e+00
   0.0000000e+00
   0.0000000e+00
   0.0000000e+00
   0.0000000e+00
   0.0000000e+00
   0.0000000e+00
   0.0000000e+00
   0.0000000e+00
   0.0000000e+00
   0.0000000e+00
   0.0000000e+00
   0.0000000e+00
   0.0000000e+00
   0.0000000e+00
   0.0000000e+00
   0.0000000e+00
   0.0000000e+00
   0.0000000e+00
   0.0000000e+00
   0.0000000e+00
   0.0000000e+00
   0.0000000e+00
   0.0000000e+00
   0.0000000e+00
   0.0000000e+00
   0.0000000e+00
   0.0000000e+00
   0.0000000e+00
   0.0000000e+00
   0.0000000e+00
   0.0000000e+00
   0.0000000e+00
   0.0000000e+00
   0.0000000e+00
   0.0000000e+00
   0.0000000e+00
   0.0000000e+00
   0.0000000e+00
   0.0000000e+00
   0.0000000e+00
   0.0000000e+00
   0.0000000e+00
   0.0000000e+00
   0.0000000e+00
   0.0000000e+00
   0.0000000e+00
   0.0000000e+00
   0.0000000e+00
   0.0000000e+00
   0.0000000e+00
   0.0000000e+00
   0.0000000e+00
   0.0000000e+00
   0.0000000e+00
   0.0000000e+00
   0.0000000e+00
   0.0000000e+00
   0.0000000e+00
   0.0000000e+00
   0.0000000e+00
   0.0000000e+00
   0.0000000e+00
   0.0000000e+00
   0.0000000e+00
   0.0000000e+00
   0.0000000e+00
   0.0000000e+00
   0.0000000e+00
   0.0000000e+00
   0.0000000e+00
   0.0000000e+00
   0.0000000e+00
   0.0000000e+00
   0.0000000e+00
   0.0000000e+00
   0.0000000e+00
   0.0000000e+00
   0.0000000e+00
   0.0000000e+00
   0.0000000e+00
   0.0000000e+00
   0.0000000e+00
   0.0000000e+00
   0.0000000e+00
   0.0000000e+00
   0.0000000e+00
   0.0000000e+00
   0.0000000e+00
   0.0000000e+00
   0.0000000e+00
   0.0000000e+00
   0.0000000e+00
   0.0000000e+00
   0.0000000e+00
   0.0000000e+00
   0.0000000e+00
   0.0000000e+00
   0.0000000e+00
   0.0000000e+00
   0.0000000e+00
   0.0000000e+00
   0.0000000e+00
   0.0000000e+00
   0.0000000e+00
   0.0000000e+00
   0.0000000e+00
   0.0000000e+00
   0.0000000e+00
   0.0000000e+00
   0.0000000e+00
   0.0000000e+00
   0.0000000e+00
   0.0000000e+00
   0.0000000e+00
   0.0000000e+00
   0.0000000e+00
   0.0000000e+00
   0.0000000e+00
   0.0000000e+00
   0.0000000e+00
   0.0000000e+00
   0.0000000e+00
   0.0000000e+00
   0.0000000e+00
   0.0000000e+00
   0.0000000e+00
   0.0000000e+00
   0.0000000e+00
   0.0000000e+00
   0.0000000e+00
   0.0000000e+00
   0.0000000e+00
   0.0000000e+00
   0.0000000e+00
   0.0000000e+00
   0.0000000e+00
   0.0000000e+00
   0.0000000e+00
   0.0000000e+00
   0.0000000e+00
   0.0000000e+00
   0.0000000e+00
   0.0000000e+00
   0.0000000e+00
   0.0000000e+00
   0.0000000e+00
   0.0000000e+00
   0.0000000e+00
   0.0000000e+00
   0.0000000e+00
   0.0000000e+00
   0.0000000e+00
   0.0000000e+00
   0.0000000e+00
   0.0000000e+00
   0.0000000e+00
   0.0000000e+00
   0.0000000e+00
   0.0000000e+00
   0.0000000e+00
   0.0000000e+00
   0.0000000e+00
   0.0000000e+00
