   3.5017057e-03
   1.9006681e-03
  -1.6827036e-03
   1.8092834e-03
  -2.9245400e-04
  -7.5984427e-04
   1.3283317e-03
  -3.0453307e-03
   1.3635898e-03
  -7.5154165e-04
  -1.2269024e-03
   6.1238806e-04
  -6.0535477e-04
  -7.9609781e-04
  -1.1430440e-03
   8.2428511e-03
  -7.5188112e-04
   1.0032001e-03
  -4.9865493e-04
  -8.3004928e-04
  -1.2874288e-03
   2.4928191e-02
   1.9811402e-02
   1.7682197e-02
   1.9629597e-02
   2.0898200e-02
   1.8148139e-02
   2.3460101e-02
   1.7690551e-02
   2.0530046e-02
   2.1383184e-02
   1.8091270e-02
   2.1799678e-02
   2.0330504e-02
   2.2454448e-02
   6.3229589e-03
   2.1883809e-02
   1.6143976e-02
   1.7100644e-02
   2.6623358e-02
   8.1391273e-02
   5.1615590e-02
   5.8519248e-02
   6.2599255e-02
   5.8105878e-02
   5.7158762e-02
   6.0700641e-02
   5.2716965e-02
   6.1907832e-02
   5.7178004e-02
   5.6143860e-02
   6.0667806e-02
   5.5863598e-02
   5.5398928e-02
   5.7834238e-02
   7.1802963e-02
   6.0396209e-02
   5.4269119e-02
   8.4186306e-02
   2.1262695e-02
   9.3205745e-02
   1.2952291e-01
   1.1597747e-01
   1.1294499e-01
   1.1853383e-01
   1.2002462e-01
   1.1529855e-01
   1.2668845e-01
   1.1306510e-01
   1.2031385e-01
   1.2120738e-01
   1.1574282e-01
   1.2057292e-01
   1.2697445e-01
   1.1323971e-01
   1.0478934e-01
   1.0763093e-01
   1.4071177e-01
   5.8878550e-02
   5.0716503e-03
   6.5083409e-03
   1.6186896e-01
   1.7669765e-01
   1.9287930e-01
   1.7253970e-01
   1.7184159e-01
   1.7915241e-01
   1.5511048e-01
   1.8950834e-01
   1.6580984e-01
   1.7228832e-01
   1.6726995e-01
   1.8743486e-01
   1.2813359e-01
   2.2662103e-01
   1.9012277e-01
   2.3580443e-01
   4.1108164e-02
   1.3185143e-03
   1.7017605e-06
   6.4701063e-03
   2.2601834e-01
   2.4174706e-01
   2.0758235e-01
   2.5804308e-01
   2.5745204e-01
   2.1770640e-01
   3.6508689e-01
   1.6918146e-01
   1.4695640e-01
   3.3182219e-01
   2.6150922e-01
   2.3714263e-01
   2.9769379e-01
   2.8074586e-01
   5.0339484e-02
   4.6741079e-02
   5.9087991e-03
  -2.1279332e-13
   0.0000000e+00
   1.0701222e-02
   3.8743118e-01
   4.1378545e-01
   7.2734128e-02
   1.0894262e-02
   1.5159231e-02
   5.0151302e-02
   2.9553220e-01
   1.2721861e-01
   2.1780167e-02
   5.1132069e-02
   2.0632415e-02
   3.8775816e-02
   1.4023058e-01
   7.3147454e-02
   5.6409120e-04
   0.0000000e+00
   0.0000000e+00
   0.0000000e+00
   0.0000000e+00
   7.4880165e-03
   2.7196829e-01
   2.9066067e-01
   4.6993284e-02
   0.0000000e+00
   0.0000000e+00
   1.2043858e-03
   8.5029920e-03
   3.6606515e-03
   1.4278171e-05
   0.0000000e+00
   0.0000000e+00
   4.7213687e-07
   4.0048699e-06
   2.0186222e-06
   1.5428494e-08
   0.0000000e+00
   0.0000000e+00
   0.0000000e+00
   0.0000000e+00
   1.8167847e-04
   6.5986477e-03
   7.0521727e-03
   1.1401775e-03
   0.0000000e+00
   0.0000000e+00
   0.0000000e+00
   0.0000000e+00
   0.0000000e+00
   0.0000000e+00
   0.0000000e+00
   0.0000000e+00
   0.0000000e+00
   0.0000000e+00
   0.0000000e+00
   0.0000000e+00
   0.0000000e+00
   0.0000000e+00
   0.0000000e+00
   0.0000000e+00
   0.0000000e+00
   0.0000000e+00
   0.0000000e+00
   0.0000000e+00
   0.0000000e+00
   0.0000000e+00
   0.0000000e+00
   0.0000000e+00
   0.0000000e+00
   0.0000000e+00
   0.0000000e+00
   0.0000000e+00
   0.0000000e+00
   0.0000000e+00
   0.0000000e+00
   0.0000000e+00
   0.0000000e+00
   0.0000000e+00
   0.0000000e+00
   0.0000000e+00
   0.0000000e+00
   0.0000000e+00
   0.0000000e+00
   0.0000000e+00
   0.0000000e+00
   0.0000000e+00
   0.0000000e+00
   0.0000000e+00
   0.0000000e+00
   0.0000000e+00
   0.0000000e+00
   0.0000000e+00
   0.0000000e+00
   0.0000000e+00
   0.0000000e+00
   0.0000000e+00
   0.0000000e+00
   0.0000000e+00
   0.0000000e+00
   0.0000000e+00
   0.0000000e+00
   0.0000000e+00
   0.0000000e+00
   0.0000000e+00
   0.0000000e+00
   0.0000000e+00
   0.0000000e+00
   0.0000000e+00
   0.0000000e+00
   0.0000000e+00
   0.0000000e+00
   0.0000000e+00
   0.0000000e+00
   0.0000000e+00
   0.0000000e+00
   0.0000000e+00
   0.0000000e+00
   0.0000000e+00
   0.0000000e+00
   0.0000000e+00
   0.0000000e+00
   0.0000000e+00
   0.0000000e+00
   0.0000000e+00
   0.0000000e+00
   0.0000000e+00
   0.0000000e+00
   0.0000000e+00
   0.0000000e+00
   0.0000000e+00
   0.0000000e+00
   0.0000000e+00
   0.0000000e+00
   0.0000000e+00
   0.0000000e+00
   0.0000000e+00
   0.0000000e+00
   0.0000000e+00
   0.0000000e+00
   0.0000000e+00
   0.0000000e+00
   0.0000000e+00
   0.0000000e+00
   0.0000000e+00
   0.0000000e+00
   0.0000000e+00
   0.0000000e+00
   0.0000000e+00
   0.0000000e+00
   0.0000000e+00
   0.0000000e+00
   0.0000000e+00
   0.0000000e+00
   0.0000000e+00
   0.0000000e+00
   0.0000000e+00
   0.0000000e+00
   0.0000000e+00
   0.0000000e+00
   0.0000000e+00
   0.0000000e+00
   0.0000000e+00
   0.0000000e+00
   0.0000000e+00
   0.0000000e+00
   0.0000000e+00
   0.0000000e+00
   0.0000000e+00
   0.0000000e+00
   0.0000000e+00
   0.0000000e+00
   0.0000000e+00
   0.0000000e+00
   0.0000000e+00
   0.0000000e+00
   0.0000000e+00
   0.0000000e+00
   0.0000000e+00
   0.0000000e+00
   0.0000000e+00
   0.0000000e+00
   0.0000000e+00
   0.0000000e+00
   0.0000000e+00
   0.0000000e+00
   0.0000000e+00
   0.0000000e+00
   0.0000000e+00
   0.0000000e+00
   0.0000000e+00
   0.0000000e+00
   0.0000000e+00
   0.0000000e+00
   0.0000000e+00
   0.0000000e+00
   0.0000000e+00
   0.0000000e+00
   0.0000000e+00
   0.0000000e+00
   0.0000000e+00
   0.0000000e+00
   0.0000000e+00
   0.0000000e+00
   0.0000000e+00
   0.0000000e+00
   0.0000000e+00
   0.0000000e+00
   0.0000000e+00
   0.0000000e+00
   0.0000000e+00
   0.0000000e+00
   0.0000000e+00
   0.0000000e+00
   0.0000000e+00
   0.0000000e+00
   0.0000000e+00
   0.0000000e+00
   0.0000000e+00
   0.0000000e+00
   0.0000000e+00
   0.0000000e+00
   0.0000000e+00
   0.0000000e+00
   0.0000000e+00
   0.0000000e+00
   0.0000000e+00
   0.0000000e+00
   0.0000000e+00
   0.0000000e+00
   0.0000000e+00
   0.0000000e+00
   0.0000000e+00
   0.0000000e+00
   0.0000000e+00
   0.0000000e+00
   0.0000000e+00
   0.0000000e+00
   0.0000000e+00
   0.0000000e+00
   0.0000000e+00
   0.0000000e+00
   0.0000000e+00
   0.0000000e+00
   0.0000000e+00
   0.0000000e+00
   0.0000000e+00
   0.0000000e+00
   0.0000000e+00
   0.0000000e+00
   0.0000000e+00
   0.0000000e+00
   0.0000000e+00
   0.0000000e+00
   0.0000000e+00
   0.0000000e+00
   0.0000000e+00
   0.0000000e+00
   0.0000000e+00
   0.0000000e+00
   0.0000000e+00
   0.0000000e+00
   0.0000000e+00
   0.0000000e+00
   0.0000000e+00
   0.0000000e+00
   0.0000000e+00
   0.0000000e+00
   0.0000000e+00
   0.0000000e+00
   0.0000000e+00
   0.0000000e+00
   0.0000000e+00
   0.0000000e+00
   0.0000000e+00
   0.0000000e+00
   0.0000000e+00
   0.0000000e+00
   0.0000000e+00
   0.0000000e+00
   0.0000000e+00
