  -2.1376227e-02
   1.0726356e-02
  -2.4009034e-03
   1.8649760e-03
   1.4204731e-04
   6.3217790e-04
   1.6642303e-03
  -4.4030918e-05
   2.9442790e-03
  -4.6873024e-03
   1.0313990e-03
  -4.4072442e-04
  -5.3536912e-04
   3.4947421e-03
  -6.9846038e-04
  -1.2657991e-02
   1.6676202e-03
   6.3464898e-03
   1.1714051e-02
   2.5798468e-03
   4.2312061e-02
   5.8353021e-03
   1.5363953e-02
   2.3392175e-02
   1.5903959e-02
   2.0222977e-02
   1.4504706e-02
   2.1010601e-02
   1.6451904e-02
   2.5538750e-02
   1.6431634e-02
   2.1909247e-02
   1.9789973e-02
   1.7034813e-02
   2.4303999e-02
   2.3757839e-02
   2.4773964e-02
   3.3186235e-04
   5.9941968e-03
   2.0821725e-03
   2.6819727e-02
   7.9789294e-02
   6.9015161e-02
   4.9410745e-02
   6.7577511e-02
   5.7688620e-02
   6.7897660e-02
   5.6509336e-02
   6.3378398e-02
   4.9869538e-02
   6.4788224e-02
   5.4360216e-02
   5.9848847e-02
   6.0144772e-02
   5.5988839e-02
   5.2631824e-02
   5.4474249e-02
   7.7805710e-02
   8.6173226e-02
   2.9645751e-03
   1.5735338e-01
   9.9255285e-02
   1.0162612e-01
   1.3203809e-01
   1.0412166e-01
   1.2015724e-01
   1.0413581e-01
   1.1897658e-01
   1.1165890e-01
   1.3163188e-01
   1.0763373e-01
   1.2543014e-01
   1.1518329e-01
   1.1770284e-01
   1.1879046e-01
   1.2963471e-01
   1.1632935e-01
   1.1027583e-01
   5.3658927e-02
   1.5233563e-03
   7.2674361e-02
   1.6134967e-01
   2.2134077e-01
   1.3672177e-01
   2.1418949e-01
   1.7415845e-01
   2.1307199e-01
   1.7339385e-01
   1.9595379e-01
   1.1501467e-01
   2.1539162e-01
   1.4733877e-01
   1.8688557e-01
   1.7127758e-01
   1.8152413e-01
   1.4637433e-01
   1.8545089e-01
   1.7421845e-01
   2.1098034e-03
   1.0389041e-05
   1.9346659e-01
   1.4541372e-01
   2.0843234e-01
   3.3202014e-01
   2.1676310e-01
   1.3717712e-01
   9.3010109e-02
   8.9494104e-02
   2.8815572e-01
   3.0659937e-01
   2.2162532e-01
   3.6004357e-01
   1.9278632e-01
   2.5662683e-01
   2.3149481e-01
   2.9494104e-01
   2.6563110e-01
   1.3400417e-01
   9.5415198e-04
   0.0000000e+00
   4.3986787e-01
   1.7653557e-01
   9.6428211e-02
   3.6551093e-01
   1.1195486e-01
   2.9853555e-04
   1.0414492e-05
   3.0177494e-03
   4.5056609e-02
   7.3939086e-02
   4.7472241e-02
   1.4434189e-01
   1.3373433e-01
   4.1284131e-01
   1.6263649e-01
   6.6700079e-02
   1.0429469e-02
   2.2217686e-03
   1.2631756e-05
   0.0000000e+00
   6.1038618e-02
   2.4233133e-02
   6.6039540e-03
   2.5816538e-02
   8.1101177e-03
   2.9495404e-06
   0.0000000e+00
   0.0000000e+00
   0.0000000e+00
   0.0000000e+00
   9.9274662e-05
   5.0303799e-04
   9.7692629e-03
   4.4609947e-02
   1.2934349e-02
   1.3606440e-06
   0.0000000e+00
   0.0000000e+00
   0.0000000e+00
   0.0000000e+00
   0.0000000e+00
   0.0000000e+00
   0.0000000e+00
   0.0000000e+00
   0.0000000e+00
   0.0000000e+00
   0.0000000e+00
   0.0000000e+00
   0.0000000e+00
   0.0000000e+00
   0.0000000e+00
   0.0000000e+00
   0.0000000e+00
   0.0000000e+00
   0.0000000e+00
   0.0000000e+00
   0.0000000e+00
   0.0000000e+00
   0.0000000e+00
   0.0000000e+00
   0.0000000e+00
   0.0000000e+00
   0.0000000e+00
   0.0000000e+00
   0.0000000e+00
   0.0000000e+00
   0.0000000e+00
   0.0000000e+00
   0.0000000e+00
   0.0000000e+00
   0.0000000e+00
   0.0000000e+00
   0.0000000e+00
   0.0000000e+00
   0.0000000e+00
   0.0000000e+00
   0.0000000e+00
   0.0000000e+00
   0.0000000e+00
   0.0000000e+00
   0.0000000e+00
   0.0000000e+00
   0.0000000e+00
   0.0000000e+00
   0.0000000e+00
   0.0000000e+00
   0.0000000e+00
   0.0000000e+00
   0.0000000e+00
   0.0000000e+00
   0.0000000e+00
   0.0000000e+00
   0.0000000e+00
   0.0000000e+00
   0.0000000e+00
   0.0000000e+00
   0.0000000e+00
   0.0000000e+00
   0.0000000e+00
   0.0000000e+00
   0.0000000e+00
   0.0000000e+00
   0.0000000e+00
   0.0000000e+00
   0.0000000e+00
   0.0000000e+00
   0.0000000e+00
   0.0000000e+00
   0.0000000e+00
   0.0000000e+00
   0.0000000e+00
   0.0000000e+00
   0.0000000e+00
   0.0000000e+00
   0.0000000e+00
   0.0000000e+00
   0.0000000e+00
   0.0000000e+00
   0.0000000e+00
   0.0000000e+00
   0.0000000e+00
   0.0000000e+00
   0.0000000e+00
   0.0000000e+00
   0.0000000e+00
   0.0000000e+00
   0.0000000e+00
   0.0000000e+00
   0.0000000e+00
   0.0000000e+00
   0.0000000e+00
   0.0000000e+00
   0.0000000e+00
   0.0000000e+00
   0.0000000e+00
   0.0000000e+00
   0.0000000e+00
   0.0000000e+00
   0.0000000e+00
   0.0000000e+00
   0.0000000e+00
   0.0000000e+00
   0.0000000e+00
   0.0000000e+00
   0.0000000e+00
   0.0000000e+00
   0.0000000e+00
   0.0000000e+00
   0.0000000e+00
   0.0000000e+00
   0.0000000e+00
   0.0000000e+00
   0.0000000e+00
   0.0000000e+00
   0.0000000e+00
   0.0000000e+00
   0.0000000e+00
   0.0000000e+00
   0.0000000e+00
   0.0000000e+00
   0.0000000e+00
   0.0000000e+00
   0.0000000e+00
   0.0000000e+00
   0.0000000e+00
   0.0000000e+00
   0.0000000e+00
   0.0000000e+00
   0.0000000e+00
   0.0000000e+00
   0.0000000e+00
   0.0000000e+00
   0.0000000e+00
   0.0000000e+00
   0.0000000e+00
   0.0000000e+00
   0.0000000e+00
   0.0000000e+00
   0.0000000e+00
   0.0000000e+00
   0.0000000e+00
   0.0000000e+00
   0.0000000e+00
   0.0000000e+00
   0.0000000e+00
   0.0000000e+00
   0.0000000e+00
   0.0000000e+00
   0.0000000e+00
   0.0000000e+00
   0.0000000e+00
   0.0000000e+00
   0.0000000e+00
   0.0000000e+00
   0.0000000e+00
   0.0000000e+00
   0.0000000e+00
   0.0000000e+00
   0.0000000e+00
   0.0000000e+00
   0.0000000e+00
   0.0000000e+00
   0.0000000e+00
   0.0000000e+00
   0.0000000e+00
   0.0000000e+00
   0.0000000e+00
   0.0000000e+00
   0.0000000e+00
   0.0000000e+00
   0.0000000e+00
   0.0000000e+00
   0.0000000e+00
   0.0000000e+00
   0.0000000e+00
   0.0000000e+00
   0.0000000e+00
   0.0000000e+00
   0.0000000e+00
   0.0000000e+00
   0.0000000e+00
   0.0000000e+00
   0.0000000e+00
   0.0000000e+00
   0.0000000e+00
   0.0000000e+00
   0.0000000e+00
   0.0000000e+00
   0.0000000e+00
   0.0000000e+00
   0.0000000e+00
   0.0000000e+00
   0.0000000e+00
   0.0000000e+00
   0.0000000e+00
   0.0000000e+00
   0.0000000e+00
   0.0000000e+00
   0.0000000e+00
   0.0000000e+00
   0.0000000e+00
   0.0000000e+00
   0.0000000e+00
   0.0000000e+00
   0.0000000e+00
   0.0000000e+00
   0.0000000e+00
   0.0000000e+00
   0.0000000e+00
   0.0000000e+00
   0.0000000e+00
   0.0000000e+00
   0.0000000e+00
   0.0000000e+00
   0.0000000e+00
   0.0000000e+00
   0.0000000e+00
   0.0000000e+00
   0.0000000e+00
   0.0000000e+00
   0.0000000e+00
   0.0000000e+00
   0.0000000e+00
   0.0000000e+00
   0.0000000e+00
   0.0000000e+00
   0.0000000e+00
   0.0000000e+00
   0.0000000e+00
   0.0000000e+00
   0.0000000e+00
   0.0000000e+00
   0.0000000e+00
   0.0000000e+00
   0.0000000e+00
   0.0000000e+00
   0.0000000e+00
   0.0000000e+00
   0.0000000e+00
   0.0000000e+00
