   1.4836057e-03
   1.3764564e-03
  -1.3460967e-03
   5.1989114e-05
  -8.0475239e-05
   3.8516771e-04
   1.2646062e-04
   6.0097740e-05
  -5.0953794e-04
   1.5383211e-03
   1.5005637e-03
  -1.9361849e-04
  -7.3222035e-04
   1.0354840e-03
  -2.9706196e-03
   2.9535273e-03
   4.4158735e-03
   3.3220387e-04
  -9.4689416e-04
   9.9649631e-04
   1.9727266e-02
   1.6543602e-02
   2.2880038e-02
   1.9310839e-02
   1.9526297e-02
   1.9414961e-02
   1.8545178e-02
   2.0765948e-02
   1.9178711e-02
   2.0116581e-02
   1.3917728e-02
   2.0344634e-02
   2.0883058e-02
   1.9508583e-02
   2.3745565e-02
   1.9336665e-02
   1.5398254e-02
   1.8443408e-02
   1.8724096e-02
   9.7507761e-03
   5.8370675e-02
   6.3827788e-02
   5.2778288e-02
   6.0012117e-02
   5.8766477e-02
   5.8865975e-02
   6.1684286e-02
   5.5679750e-02
   6.0309323e-02
   5.7166277e-02
   7.1084439e-02
   5.4934017e-02
   6.0173797e-02
   5.3566331e-02
   5.5940099e-02
   5.4203825e-02
   7.0023616e-02
   5.0533933e-02
   8.2660491e-02
   1.1431727e-02
   1.1831539e-01
   1.0959621e-01
   1.2839808e-01
   1.1510707e-01
   1.1833927e-01
   1.1702276e-01
   1.1389153e-01
   1.2187711e-01
   1.1559763e-01
   1.1893235e-01
   9.8294464e-02
   1.2422840e-01
   1.1554915e-01
   1.2426756e-01
   1.2356962e-01
   1.2295551e-01
   1.0086797e-01
   1.3237636e-01
   8.6716779e-02
   2.0528527e-03
   1.7567086e-01
   2.0098318e-01
   1.5002370e-01
   1.8126654e-01
   1.7539175e-01
   1.7734743e-01
   1.8899177e-01
   1.6110110e-01
   1.8086460e-01
   1.9871808e-01
   2.2041622e-01
   1.5955512e-01
   1.8081322e-01
   1.6229423e-01
   1.5665130e-01
   1.7181392e-01
   1.9648397e-01
   2.0421405e-01
   1.6873393e-02
   1.2759074e-08
   3.0627400e-01
   2.2235250e-01
   4.8392315e-02
   2.5471127e-01
   2.1554437e-01
   2.7702810e-01
   1.1722633e-01
   3.7630845e-01
   2.0255272e-01
   8.3825033e-02
   2.6564312e-01
   1.6990290e-01
   2.9175092e-01
   2.9237749e-01
   3.1812829e-01
   2.9279188e-01
   1.2428707e-01
   3.2443486e-02
   8.4178786e-04
   0.0000000e+00
   3.6236742e-02
   2.5605374e-02
   1.9245534e-02
   2.8238910e-01
   3.6940889e-01
   8.3858979e-02
   2.1215362e-02
   1.1857457e-01
   4.8256681e-02
   2.3779535e-03
   9.7195784e-03
   1.1497891e-02
   7.1431484e-02
   1.9747316e-01
   2.7489404e-01
   6.5114926e-02
   1.0428428e-02
   7.0504457e-10
   0.0000000e+00
   0.0000000e+00
   0.0000000e+00
   0.0000000e+00
   4.2728141e-04
   7.6864716e-03
   9.6066762e-03
   1.3491402e-03
   1.4540670e-05
   9.5009350e-05
   3.8372162e-05
   1.0707372e-07
   0.0000000e+00
   0.0000000e+00
   1.0287011e-04
   6.8311924e-03
   1.0985722e-02
   9.9302841e-04
   0.0000000e+00
   0.0000000e+00
   0.0000000e+00
   0.0000000e+00
   0.0000000e+00
   0.0000000e+00
   0.0000000e+00
   0.0000000e+00
   0.0000000e+00
   0.0000000e+00
   0.0000000e+00
   0.0000000e+00
   0.0000000e+00
   0.0000000e+00
   0.0000000e+00
   0.0000000e+00
   0.0000000e+00
   0.0000000e+00
   0.0000000e+00
   0.0000000e+00
   0.0000000e+00
   0.0000000e+00
   0.0000000e+00
   0.0000000e+00
   0.0000000e+00
   0.0000000e+00
   0.0000000e+00
   0.0000000e+00
   0.0000000e+00
   0.0000000e+00
   0.0000000e+00
   0.0000000e+00
   0.0000000e+00
   0.0000000e+00
   0.0000000e+00
   0.0000000e+00
   0.0000000e+00
   0.0000000e+00
   0.0000000e+00
   0.0000000e+00
   0.0000000e+00
   0.0000000e+00
   0.0000000e+00
   0.0000000e+00
   0.0000000e+00
   0.0000000e+00
   0.0000000e+00
   0.0000000e+00
   0.0000000e+00
   0.0000000e+00
   0.0000000e+00
   0.0000000e+00
   0.0000000e+00
   0.0000000e+00
   0.0000000e+00
   0.0000000e+00
   0.0000000e+00
   0.0000000e+00
   0.0000000e+00
   0.0000000e+00
   0.0000000e+00
   0.0000000e+00
   0.0000000e+00
   0.0000000e+00
   0.0000000e+00
   0.0000000e+00
   0.0000000e+00
   0.0000000e+00
   0.0000000e+00
   0.0000000e+00
   0.0000000e+00
   0.0000000e+00
   0.0000000e+00
   0.0000000e+00
   0.0000000e+00
   0.0000000e+00
   0.0000000e+00
   0.0000000e+00
   0.0000000e+00
   0.0000000e+00
   0.0000000e+00
   0.0000000e+00
   0.0000000e+00
   0.0000000e+00
   0.0000000e+00
   0.0000000e+00
   0.0000000e+00
   0.0000000e+00
   0.0000000e+00
   0.0000000e+00
   0.0000000e+00
   0.0000000e+00
   0.0000000e+00
   0.0000000e+00
   0.0000000e+00
   0.0000000e+00
   0.0000000e+00
   0.0000000e+00
   0.0000000e+00
   0.0000000e+00
   0.0000000e+00
   0.0000000e+00
   0.0000000e+00
   0.0000000e+00
   0.0000000e+00
   0.0000000e+00
   0.0000000e+00
   0.0000000e+00
   0.0000000e+00
   0.0000000e+00
   0.0000000e+00
   0.0000000e+00
   0.0000000e+00
   0.0000000e+00
   0.0000000e+00
   0.0000000e+00
   0.0000000e+00
   0.0000000e+00
   0.0000000e+00
   0.0000000e+00
   0.0000000e+00
   0.0000000e+00
   0.0000000e+00
   0.0000000e+00
   0.0000000e+00
   0.0000000e+00
   0.0000000e+00
   0.0000000e+00
   0.0000000e+00
   0.0000000e+00
   0.0000000e+00
   0.0000000e+00
   0.0000000e+00
   0.0000000e+00
   0.0000000e+00
   0.0000000e+00
   0.0000000e+00
   0.0000000e+00
   0.0000000e+00
   0.0000000e+00
   0.0000000e+00
   0.0000000e+00
   0.0000000e+00
   0.0000000e+00
   0.0000000e+00
   0.0000000e+00
   0.0000000e+00
   0.0000000e+00
   0.0000000e+00
   0.0000000e+00
   0.0000000e+00
   0.0000000e+00
   0.0000000e+00
   0.0000000e+00
   0.0000000e+00
   0.0000000e+00
   0.0000000e+00
   0.0000000e+00
   0.0000000e+00
   0.0000000e+00
   0.0000000e+00
   0.0000000e+00
   0.0000000e+00
   0.0000000e+00
   0.0000000e+00
   0.0000000e+00
   0.0000000e+00
   0.0000000e+00
   0.0000000e+00
   0.0000000e+00
   0.0000000e+00
   0.0000000e+00
   0.0000000e+00
   0.0000000e+00
   0.0000000e+00
   0.0000000e+00
   0.0000000e+00
   0.0000000e+00
   0.0000000e+00
   0.0000000e+00
   0.0000000e+00
   0.0000000e+00
   0.0000000e+00
   0.0000000e+00
   0.0000000e+00
   0.0000000e+00
   0.0000000e+00
   0.0000000e+00
   0.0000000e+00
   0.0000000e+00
   0.0000000e+00
   0.0000000e+00
   0.0000000e+00
   0.0000000e+00
   0.0000000e+00
   0.0000000e+00
   0.0000000e+00
   0.0000000e+00
   0.0000000e+00
   0.0000000e+00
   0.0000000e+00
   0.0000000e+00
   0.0000000e+00
   0.0000000e+00
   0.0000000e+00
   0.0000000e+00
   0.0000000e+00
   0.0000000e+00
   0.0000000e+00
   0.0000000e+00
   0.0000000e+00
   0.0000000e+00
   0.0000000e+00
   0.0000000e+00
   0.0000000e+00
   0.0000000e+00
   0.0000000e+00
   0.0000000e+00
   0.0000000e+00
   0.0000000e+00
   0.0000000e+00
   0.0000000e+00
   0.0000000e+00
   0.0000000e+00
   0.0000000e+00
   0.0000000e+00
   0.0000000e+00
   0.0000000e+00
   0.0000000e+00
   0.0000000e+00
   0.0000000e+00
   0.0000000e+00
   0.0000000e+00
   0.0000000e+00
   0.0000000e+00
   0.0000000e+00
   0.0000000e+00
   0.0000000e+00
   0.0000000e+00
   0.0000000e+00
   0.0000000e+00
   0.0000000e+00
   0.0000000e+00
   0.0000000e+00
