   7.1177787e-03
   3.8188504e-03
  -7.5907392e-04
   4.5415599e-03
  -1.8728256e-03
  -5.6813306e-04
   4.1528679e-03
  -2.7044891e-03
   2.7049274e-03
   1.1470482e-04
   6.8983538e-04
  -2.2899634e-03
   5.9143652e-03
  -7.0288502e-04
  -4.0691248e-03
   4.1151613e-03
  -3.6197503e-03
   7.7592285e-03
  -1.2352345e-02
   9.6179146e-03
   2.0642437e-02
   1.4384460e-02
   1.8766255e-02
   1.5149932e-02
   1.9610566e-02
   2.0948716e-02
   1.5851495e-02
   2.2373324e-02
   1.6436063e-02
   1.8555774e-02
   1.7719853e-02
   2.3434597e-02
   1.1229576e-02
   2.1518813e-02
   2.4393550e-02
   1.2996864e-02
   2.5625636e-02
   7.8699176e-03
   3.6052195e-02
   2.7953423e-02
   5.7735313e-02
   6.4979200e-02
   6.2059214e-02
   6.7434312e-02
   5.8077434e-02
   5.7797050e-02
   6.2804529e-02
   5.7005839e-02
   6.0889583e-02
   6.2094991e-02
   6.2617319e-02
   5.2135619e-02
   6.9988944e-02
   5.4773514e-02
   5.2406169e-02
   7.0498713e-02
   4.7557577e-02
   7.9752676e-02
   3.9616075e-02
   9.0187483e-03
   1.1603033e-01
   1.1240873e-01
   1.0712011e-01
   1.0227344e-01
   1.2021543e-01
   1.1785150e-01
   1.1385123e-01
   1.1935521e-01
   1.1438773e-01
   1.1679925e-01
   1.0824903e-01
   1.2990003e-01
   1.0194855e-01
   1.2631116e-01
   1.2115413e-01
   1.0701348e-01
   1.2513568e-01
   1.1669528e-01
   2.0618076e-02
   5.7557454e-04
   2.3337038e-01
   1.8172685e-01
   2.0827824e-01
   2.0315365e-01
   1.7088335e-01
   1.6944267e-01
   1.8517394e-01
   1.7366905e-01
   1.9125448e-01
   1.7132802e-01
   2.0784536e-01
   1.5529518e-01
   2.1081636e-01
   1.4559062e-01
   1.7070451e-01
   2.0150438e-01
   1.7937405e-01
   8.1946312e-03
   4.3602098e-04
   0.0000000e+00
   5.4210314e-02
   9.6010252e-02
   1.3072153e-01
   1.9167690e-01
   2.3705803e-01
   3.0331636e-01
   1.9914358e-01
   2.0607278e-01
   2.6171128e-01
   1.3064927e-01
   3.0485150e-01
   1.0042482e-01
   1.7192033e-01
   3.9462023e-01
   1.5788711e-01
   1.9515677e-01
   1.0655922e-01
   8.0450445e-04
   0.0000000e+00
   0.0000000e+00
   0.0000000e+00
   8.2603376e-08
   1.1415150e-04
   3.4556139e-03
   7.5699149e-02
   3.7625530e-01
   3.1214326e-01
   1.9484162e-02
   8.6689543e-03
   6.6787297e-03
   2.1150559e-02
   4.6403357e-03
   3.8536990e-02
   2.1294227e-01
   7.3194450e-02
   1.6947628e-04
   4.6561659e-05
   2.2960817e-07
   0.0000000e+00
   0.0000000e+00
   0.0000000e+00
   0.0000000e+00
   0.0000000e+00
   1.4484099e-05
   2.3194748e-03
   4.4630057e-02
   4.4012931e-02
   1.8947167e-03
   0.0000000e+00
   0.0000000e+00
   0.0000000e+00
   0.0000000e+00
   4.3650311e-04
   2.4132422e-03
   8.2936258e-04
   7.5490926e-07
   0.0000000e+00
   0.0000000e+00
   0.0000000e+00
   0.0000000e+00
   0.0000000e+00
   0.0000000e+00
   0.0000000e+00
   0.0000000e+00
   0.0000000e+00
   0.0000000e+00
   0.0000000e+00
   0.0000000e+00
   0.0000000e+00
   0.0000000e+00
   0.0000000e+00
   0.0000000e+00
   0.0000000e+00
   0.0000000e+00
   0.0000000e+00
   0.0000000e+00
   0.0000000e+00
   0.0000000e+00
   0.0000000e+00
   0.0000000e+00
   0.0000000e+00
   0.0000000e+00
   0.0000000e+00
   0.0000000e+00
   0.0000000e+00
   0.0000000e+00
   0.0000000e+00
   0.0000000e+00
   0.0000000e+00
   0.0000000e+00
   0.0000000e+00
   0.0000000e+00
   0.0000000e+00
   0.0000000e+00
   0.0000000e+00
   0.0000000e+00
   0.0000000e+00
   0.0000000e+00
   0.0000000e+00
   0.0000000e+00
   0.0000000e+00
   0.0000000e+00
   0.0000000e+00
   0.0000000e+00
   0.0000000e+00
   0.0000000e+00
   0.0000000e+00
   0.0000000e+00
   0.0000000e+00
   0.0000000e+00
   0.0000000e+00
   0.0000000e+00
   0.0000000e+00
   0.0000000e+00
   0.0000000e+00
   0.0000000e+00
   0.0000000e+00
   0.0000000e+00
   0.0000000e+00
   0.0000000e+00
   0.0000000e+00
   0.0000000e+00
   0.0000000e+00
   0.0000000e+00
   0.0000000e+00
   0.0000000e+00
   0.0000000e+00
   0.0000000e+00
   0.0000000e+00
   0.0000000e+00
   0.0000000e+00
   0.0000000e+00
   0.0000000e+00
   0.0000000e+00
   0.0000000e+00
   0.0000000e+00
   0.0000000e+00
   0.0000000e+00
   0.0000000e+00
   0.0000000e+00
   0.0000000e+00
   0.0000000e+00
   0.0000000e+00
   0.0000000e+00
   0.0000000e+00
   0.0000000e+00
   0.0000000e+00
   0.0000000e+00
   0.0000000e+00
   0.0000000e+00
   0.0000000e+00
   0.0000000e+00
   0.0000000e+00
   0.0000000e+00
   0.0000000e+00
   0.0000000e+00
   0.0000000e+00
   0.0000000e+00
   0.0000000e+00
   0.0000000e+00
   0.0000000e+00
   0.0000000e+00
   0.0000000e+00
   0.0000000e+00
   0.0000000e+00
   0.0000000e+00
   0.0000000e+00
   0.0000000e+00
   0.0000000e+00
   0.0000000e+00
   0.0000000e+00
   0.0000000e+00
   0.0000000e+00
   0.0000000e+00
   0.0000000e+00
   0.0000000e+00
   0.0000000e+00
   0.0000000e+00
   0.0000000e+00
   0.0000000e+00
   0.0000000e+00
   0.0000000e+00
   0.0000000e+00
   0.0000000e+00
   0.0000000e+00
   0.0000000e+00
   0.0000000e+00
   0.0000000e+00
   0.0000000e+00
   0.0000000e+00
   0.0000000e+00
   0.0000000e+00
   0.0000000e+00
   0.0000000e+00
   0.0000000e+00
   0.0000000e+00
   0.0000000e+00
   0.0000000e+00
   0.0000000e+00
   0.0000000e+00
   0.0000000e+00
   0.0000000e+00
   0.0000000e+00
   0.0000000e+00
   0.0000000e+00
   0.0000000e+00
   0.0000000e+00
   0.0000000e+00
   0.0000000e+00
   0.0000000e+00
   0.0000000e+00
   0.0000000e+00
   0.0000000e+00
   0.0000000e+00
   0.0000000e+00
   0.0000000e+00
   0.0000000e+00
   0.0000000e+00
   0.0000000e+00
   0.0000000e+00
   0.0000000e+00
   0.0000000e+00
   0.0000000e+00
   0.0000000e+00
   0.0000000e+00
   0.0000000e+00
   0.0000000e+00
   0.0000000e+00
   0.0000000e+00
   0.0000000e+00
   0.0000000e+00
   0.0000000e+00
   0.0000000e+00
   0.0000000e+00
   0.0000000e+00
   0.0000000e+00
   0.0000000e+00
   0.0000000e+00
   0.0000000e+00
   0.0000000e+00
   0.0000000e+00
   0.0000000e+00
   0.0000000e+00
   0.0000000e+00
   0.0000000e+00
   0.0000000e+00
   0.0000000e+00
   0.0000000e+00
   0.0000000e+00
   0.0000000e+00
   0.0000000e+00
   0.0000000e+00
   0.0000000e+00
   0.0000000e+00
   0.0000000e+00
   0.0000000e+00
   0.0000000e+00
   0.0000000e+00
   0.0000000e+00
   0.0000000e+00
   0.0000000e+00
   0.0000000e+00
   0.0000000e+00
   0.0000000e+00
   0.0000000e+00
   0.0000000e+00
   0.0000000e+00
   0.0000000e+00
   0.0000000e+00
   0.0000000e+00
   0.0000000e+00
   0.0000000e+00
   0.0000000e+00
   0.0000000e+00
   0.0000000e+00
   0.0000000e+00
   0.0000000e+00
   0.0000000e+00
   0.0000000e+00
   0.0000000e+00
   0.0000000e+00
   0.0000000e+00
   0.0000000e+00
   0.0000000e+00
   0.0000000e+00
   0.0000000e+00
   0.0000000e+00
   0.0000000e+00
   0.0000000e+00
   0.0000000e+00
   0.0000000e+00
   0.0000000e+00
   0.0000000e+00
   0.0000000e+00
   0.0000000e+00
   0.0000000e+00
   0.0000000e+00
   0.0000000e+00
   0.0000000e+00
   0.0000000e+00
