   4.2131018e-04
  -1.0310510e-02
   2.4527047e-03
  -9.1282699e-04
   2.2209817e-03
  -6.8756870e-03
   1.8386036e-03
   1.2470134e-03
  -4.3033530e-04
   1.1305801e-03
   1.4300388e-03
  -9.2780384e-03
   6.6738331e-04
   3.9534284e-03
  -3.9236949e-03
   6.7094054e-03
  -6.4872193e-03
   6.0846755e-03
  -1.3513503e-02
   3.6049288e-03
   6.6452964e-03
   3.0317548e-02
   2.4493387e-02
   1.1506875e-02
   2.1559081e-02
   2.5826692e-02
   1.7937506e-02
   1.8033673e-02
   1.8197102e-02
   1.4230611e-02
   2.3406676e-02
   2.2206606e-02
   1.9372748e-02
   1.7510070e-02
   2.2454234e-02
   1.2992839e-02
   2.4692689e-02
   2.1257326e-02
   3.2425460e-02
   2.4605425e-02
   6.5627047e-02
   5.3430961e-02
   5.2671174e-02
   6.8020033e-02
   5.7255899e-02
   4.9531303e-02
   6.1379522e-02
   6.0780915e-02
   6.3914847e-02
   6.4109368e-02
   5.2040380e-02
   5.7153625e-02
   5.8779993e-02
   6.0607038e-02
   5.6141660e-02
   6.4919544e-02
   6.1135596e-02
   2.4283586e-02
   5.9265275e-02
   1.0782633e-02
   1.2421460e-01
   1.1073845e-01
   1.3171072e-01
   1.0806216e-01
   1.1433589e-01
   1.3749295e-01
   1.1169158e-01
   1.1764406e-01
   1.0410846e-01
   1.1178272e-01
   1.2732105e-01
   1.2058304e-01
   1.1708314e-01
   1.1567838e-01
   1.2197385e-01
   1.0873798e-01
   1.1668747e-01
   1.4789750e-01
   9.0458204e-02
   8.2712689e-04
   2.3995757e-02
   2.0863882e-01
   1.6664064e-01
   1.7006985e-01
   1.9792771e-01
   1.0090555e-01
   2.0259226e-01
   1.6730131e-01
   2.1400818e-01
   2.0919085e-01
   1.5180105e-01
   1.6349404e-01
   1.8137432e-01
   1.7723814e-01
   1.7269508e-01
   1.8403019e-01
   1.6506726e-01
   1.9807237e-01
   1.5407129e-02
   0.0000000e+00
   7.9462584e-04
   9.5416562e-03
   3.8210710e-02
   3.0500676e-01
   1.7274102e-01
   2.9086011e-02
   2.7894061e-01
   2.4068529e-01
   1.0253634e-01
   1.6776338e-01
   2.9360471e-01
   2.4114980e-01
   2.5983775e-01
   2.2625083e-01
   9.4464393e-02
   2.6233094e-01
   2.9320897e-01
   9.4004231e-02
   5.0473653e-04
   0.0000000e+00
   0.0000000e+00
   0.0000000e+00
   1.3439803e-03
   1.2526392e-02
   6.8187754e-03
   1.4925898e-03
   1.8501230e-02
   1.3260360e-02
   4.1731242e-04
   4.5173400e-03
   1.0273410e-01
   3.0795372e-01
   4.5941497e-01
   8.9841540e-02
   1.8855752e-03
   4.2970806e-03
   1.3659527e-02
   3.7310373e-03
   2.2904575e-07
   0.0000000e+00
   0.0000000e+00
   0.0000000e+00
   0.0000000e+00
   0.0000000e+00
   0.0000000e+00
   0.0000000e+00
   0.0000000e+00
   0.0000000e+00
   0.0000000e+00
   3.5202913e-06
   5.0570765e-04
   8.1407266e-02
   1.8009482e-01
   2.4173758e-02
   0.0000000e+00
   0.0000000e+00
   0.0000000e+00
   0.0000000e+00
   0.0000000e+00
   0.0000000e+00
   0.0000000e+00
   0.0000000e+00
   0.0000000e+00
   0.0000000e+00
   0.0000000e+00
   0.0000000e+00
   0.0000000e+00
   0.0000000e+00
   0.0000000e+00
   0.0000000e+00
   1.5246093e-06
   3.1324480e-04
   6.9405552e-04
   9.3165465e-05
   0.0000000e+00
   0.0000000e+00
   0.0000000e+00
   0.0000000e+00
   0.0000000e+00
   0.0000000e+00
   0.0000000e+00
   0.0000000e+00
   0.0000000e+00
   0.0000000e+00
   0.0000000e+00
   0.0000000e+00
   0.0000000e+00
   0.0000000e+00
   0.0000000e+00
   0.0000000e+00
   0.0000000e+00
   0.0000000e+00
   0.0000000e+00
   0.0000000e+00
   0.0000000e+00
   0.0000000e+00
   0.0000000e+00
   0.0000000e+00
   0.0000000e+00
   0.0000000e+00
   0.0000000e+00
   0.0000000e+00
   0.0000000e+00
   0.0000000e+00
   0.0000000e+00
   0.0000000e+00
   0.0000000e+00
   0.0000000e+00
   0.0000000e+00
   0.0000000e+00
   0.0000000e+00
   0.0000000e+00
   0.0000000e+00
   0.0000000e+00
   0.0000000e+00
   0.0000000e+00
   0.0000000e+00
   0.0000000e+00
   0.0000000e+00
   0.0000000e+00
   0.0000000e+00
   0.0000000e+00
   0.0000000e+00
   0.0000000e+00
   0.0000000e+00
   0.0000000e+00
   0.0000000e+00
   0.0000000e+00
   0.0000000e+00
   0.0000000e+00
   0.0000000e+00
   0.0000000e+00
   0.0000000e+00
   0.0000000e+00
   0.0000000e+00
   0.0000000e+00
   0.0000000e+00
   0.0000000e+00
   0.0000000e+00
   0.0000000e+00
   0.0000000e+00
   0.0000000e+00
   0.0000000e+00
   0.0000000e+00
   0.0000000e+00
   0.0000000e+00
   0.0000000e+00
   0.0000000e+00
   0.0000000e+00
   0.0000000e+00
   0.0000000e+00
   0.0000000e+00
   0.0000000e+00
   0.0000000e+00
   0.0000000e+00
   0.0000000e+00
   0.0000000e+00
   0.0000000e+00
   0.0000000e+00
   0.0000000e+00
   0.0000000e+00
   0.0000000e+00
   0.0000000e+00
   0.0000000e+00
   0.0000000e+00
   0.0000000e+00
   0.0000000e+00
   0.0000000e+00
   0.0000000e+00
   0.0000000e+00
   0.0000000e+00
   0.0000000e+00
   0.0000000e+00
   0.0000000e+00
   0.0000000e+00
   0.0000000e+00
   0.0000000e+00
   0.0000000e+00
   0.0000000e+00
   0.0000000e+00
   0.0000000e+00
   0.0000000e+00
   0.0000000e+00
   0.0000000e+00
   0.0000000e+00
   0.0000000e+00
   0.0000000e+00
   0.0000000e+00
   0.0000000e+00
   0.0000000e+00
   0.0000000e+00
   0.0000000e+00
   0.0000000e+00
   0.0000000e+00
   0.0000000e+00
   0.0000000e+00
   0.0000000e+00
   0.0000000e+00
   0.0000000e+00
   0.0000000e+00
   0.0000000e+00
   0.0000000e+00
   0.0000000e+00
   0.0000000e+00
   0.0000000e+00
   0.0000000e+00
   0.0000000e+00
   0.0000000e+00
   0.0000000e+00
   0.0000000e+00
   0.0000000e+00
   0.0000000e+00
   0.0000000e+00
   0.0000000e+00
   0.0000000e+00
   0.0000000e+00
   0.0000000e+00
   0.0000000e+00
   0.0000000e+00
   0.0000000e+00
   0.0000000e+00
   0.0000000e+00
   0.0000000e+00
   0.0000000e+00
   0.0000000e+00
   0.0000000e+00
   0.0000000e+00
   0.0000000e+00
   0.0000000e+00
   0.0000000e+00
   0.0000000e+00
   0.0000000e+00
   0.0000000e+00
   0.0000000e+00
   0.0000000e+00
   0.0000000e+00
   0.0000000e+00
   0.0000000e+00
   0.0000000e+00
   0.0000000e+00
   0.0000000e+00
   0.0000000e+00
   0.0000000e+00
   0.0000000e+00
   0.0000000e+00
   0.0000000e+00
   0.0000000e+00
   0.0000000e+00
   0.0000000e+00
   0.0000000e+00
   0.0000000e+00
   0.0000000e+00
   0.0000000e+00
   0.0000000e+00
   0.0000000e+00
   0.0000000e+00
   0.0000000e+00
   0.0000000e+00
   0.0000000e+00
   0.0000000e+00
   0.0000000e+00
   0.0000000e+00
   0.0000000e+00
   0.0000000e+00
   0.0000000e+00
   0.0000000e+00
   0.0000000e+00
   0.0000000e+00
   0.0000000e+00
   0.0000000e+00
   0.0000000e+00
   0.0000000e+00
   0.0000000e+00
   0.0000000e+00
   0.0000000e+00
   0.0000000e+00
   0.0000000e+00
   0.0000000e+00
   0.0000000e+00
   0.0000000e+00
   0.0000000e+00
   0.0000000e+00
   0.0000000e+00
   0.0000000e+00
   0.0000000e+00
   0.0000000e+00
   0.0000000e+00
   0.0000000e+00
   0.0000000e+00
   0.0000000e+00
   0.0000000e+00
   0.0000000e+00
   0.0000000e+00
   0.0000000e+00
   0.0000000e+00
   0.0000000e+00
   0.0000000e+00
   0.0000000e+00
   0.0000000e+00
   0.0000000e+00
