   1.1344821e-02
   6.2142515e-04
  -1.1548239e-03
  -3.0830806e-03
   1.2186813e-03
  -2.2715667e-03
   1.2355588e-03
  -1.0762955e-03
  -8.4219636e-04
   1.0838408e-03
  -5.3847164e-03
   1.4722557e-03
   2.9074326e-03
  -2.0835039e-03
   6.8883296e-04
   4.5270047e-04
  -4.0743558e-04
   8.9474206e-04
   7.0897272e-04
  -2.9902712e-03
   4.9451191e-03
   1.7997017e-02
   2.0689840e-02
   2.2833433e-02
   1.7964892e-02
   2.2801735e-02
   1.7042060e-02
   2.1246745e-02
   2.0876600e-02
   1.8181424e-02
   2.7247434e-02
   1.7670623e-02
   1.5821201e-02
   2.1662787e-02
   2.1247999e-02
   1.3158677e-02
   2.2233577e-02
   1.1981127e-02
   1.6542487e-02
   3.0240336e-02
   8.0030469e-02
   6.3359244e-02
   5.6002692e-02
   5.4392741e-02
   6.1481448e-02
   5.3527565e-02
   6.3197882e-02
   5.8283075e-02
   5.6062218e-02
   6.1203838e-02
   4.8706731e-02
   6.1075862e-02
   6.5480556e-02
   5.5358885e-02
   5.7168745e-02
   6.8789197e-02
   5.8521074e-02
   6.1081018e-02
   8.3888642e-02
   2.2134652e-02
   7.0354592e-02
   1.1387211e-01
   1.2024877e-01
   1.2261644e-01
   1.1411310e-01
   1.2498358e-01
   1.1272755e-01
   1.1828006e-01
   1.2033314e-01
   1.1615423e-01
   1.2850182e-01
   1.1867687e-01
   1.0725345e-01
   1.2290492e-01
   1.1964593e-01
   1.0436644e-01
   1.1299057e-01
   1.2644970e-01
   3.7299869e-02
   2.3652487e-03
   5.5910343e-02
   2.3234700e-01
   1.4591419e-01
   1.7485292e-01
   1.7907111e-01
   1.6101841e-01
   1.8510879e-01
   1.7653049e-01
   1.6867593e-01
   1.7852071e-01
   1.5708840e-01
   1.7449815e-01
   1.9844948e-01
   1.5798251e-01
   1.7597646e-01
   1.9640678e-01
   1.9416582e-01
   1.9340862e-01
   5.6754191e-03
   3.4640392e-07
   1.9401090e-02
   1.8868705e-01
   2.7179800e-01
   2.8132524e-01
   2.2190743e-01
   2.0687126e-01
   2.4834694e-01
   2.1435239e-01
   2.7641705e-01
   2.2450858e-01
   3.0071175e-01
   2.0787542e-01
   1.9281234e-01
   3.2222168e-01
   2.3844078e-01
   1.5342359e-01
   3.6589801e-02
   1.6930191e-02
   3.0980406e-04
   0.0000000e+00
   4.0454111e-05
   9.8364027e-03
   3.3428860e-02
   1.0801901e-01
   4.0046426e-01
   2.4195420e-01
   1.7456505e-01
   4.7216165e-01
   1.3055583e-01
   4.7268279e-02
   1.2182749e-01
   3.8162323e-02
   8.0068821e-03
   6.4651009e-02
   3.2694370e-02
   3.7774694e-04
   1.0872576e-05
   0.0000000e+00
   0.0000000e+00
   0.0000000e+00
   0.0000000e+00
   0.0000000e+00
   0.0000000e+00
   2.1590482e-03
   2.3790810e-02
   1.4771165e-02
   3.9707178e-02
   1.2128265e-01
   2.3208333e-02
   0.0000000e+00
   0.0000000e+00
   0.0000000e+00
   0.0000000e+00
   0.0000000e+00
   0.0000000e+00
   0.0000000e+00
   0.0000000e+00
   0.0000000e+00
   0.0000000e+00
   0.0000000e+00
   0.0000000e+00
   0.0000000e+00
   0.0000000e+00
   0.0000000e+00
   0.0000000e+00
   1.8779718e-10
   3.4646096e-07
   1.0641424e-06
   2.0363153e-07
   0.0000000e+00
   0.0000000e+00
   0.0000000e+00
   0.0000000e+00
   0.0000000e+00
   0.0000000e+00
   0.0000000e+00
   0.0000000e+00
   0.0000000e+00
   0.0000000e+00
   0.0000000e+00
   0.0000000e+00
   0.0000000e+00
   0.0000000e+00
   0.0000000e+00
   0.0000000e+00
   0.0000000e+00
   0.0000000e+00
   0.0000000e+00
   0.0000000e+00
   0.0000000e+00
   0.0000000e+00
   0.0000000e+00
   0.0000000e+00
   0.0000000e+00
   0.0000000e+00
   0.0000000e+00
   0.0000000e+00
   0.0000000e+00
   0.0000000e+00
   0.0000000e+00
   0.0000000e+00
   0.0000000e+00
   0.0000000e+00
   0.0000000e+00
   0.0000000e+00
   0.0000000e+00
   0.0000000e+00
   0.0000000e+00
   0.0000000e+00
   0.0000000e+00
   0.0000000e+00
   0.0000000e+00
   0.0000000e+00
   0.0000000e+00
   0.0000000e+00
   0.0000000e+00
   0.0000000e+00
   0.0000000e+00
   0.0000000e+00
   0.0000000e+00
   0.0000000e+00
   0.0000000e+00
   0.0000000e+00
   0.0000000e+00
   0.0000000e+00
   0.0000000e+00
   0.0000000e+00
   0.0000000e+00
   0.0000000e+00
   0.0000000e+00
   0.0000000e+00
   0.0000000e+00
   0.0000000e+00
   0.0000000e+00
   0.0000000e+00
   0.0000000e+00
   0.0000000e+00
   0.0000000e+00
   0.0000000e+00
   0.0000000e+00
   0.0000000e+00
   0.0000000e+00
   0.0000000e+00
   0.0000000e+00
   0.0000000e+00
   0.0000000e+00
   0.0000000e+00
   0.0000000e+00
   0.0000000e+00
   0.0000000e+00
   0.0000000e+00
   0.0000000e+00
   0.0000000e+00
   0.0000000e+00
   0.0000000e+00
   0.0000000e+00
   0.0000000e+00
   0.0000000e+00
   0.0000000e+00
   0.0000000e+00
   0.0000000e+00
   0.0000000e+00
   0.0000000e+00
   0.0000000e+00
   0.0000000e+00
   0.0000000e+00
   0.0000000e+00
   0.0000000e+00
   0.0000000e+00
   0.0000000e+00
   0.0000000e+00
   0.0000000e+00
   0.0000000e+00
   0.0000000e+00
   0.0000000e+00
   0.0000000e+00
   0.0000000e+00
   0.0000000e+00
   0.0000000e+00
   0.0000000e+00
   0.0000000e+00
   0.0000000e+00
   0.0000000e+00
   0.0000000e+00
   0.0000000e+00
   0.0000000e+00
   0.0000000e+00
   0.0000000e+00
   0.0000000e+00
   0.0000000e+00
   0.0000000e+00
   0.0000000e+00
   0.0000000e+00
   0.0000000e+00
   0.0000000e+00
   0.0000000e+00
   0.0000000e+00
   0.0000000e+00
   0.0000000e+00
   0.0000000e+00
   0.0000000e+00
   0.0000000e+00
   0.0000000e+00
   0.0000000e+00
   0.0000000e+00
   0.0000000e+00
   0.0000000e+00
   0.0000000e+00
   0.0000000e+00
   0.0000000e+00
   0.0000000e+00
   0.0000000e+00
   0.0000000e+00
   0.0000000e+00
   0.0000000e+00
   0.0000000e+00
   0.0000000e+00
   0.0000000e+00
   0.0000000e+00
   0.0000000e+00
   0.0000000e+00
   0.0000000e+00
   0.0000000e+00
   0.0000000e+00
   0.0000000e+00
   0.0000000e+00
   0.0000000e+00
   0.0000000e+00
   0.0000000e+00
   0.0000000e+00
   0.0000000e+00
   0.0000000e+00
   0.0000000e+00
   0.0000000e+00
   0.0000000e+00
   0.0000000e+00
   0.0000000e+00
   0.0000000e+00
   0.0000000e+00
   0.0000000e+00
   0.0000000e+00
   0.0000000e+00
   0.0000000e+00
   0.0000000e+00
   0.0000000e+00
   0.0000000e+00
   0.0000000e+00
   0.0000000e+00
   0.0000000e+00
   0.0000000e+00
   0.0000000e+00
   0.0000000e+00
   0.0000000e+00
   0.0000000e+00
   0.0000000e+00
   0.0000000e+00
   0.0000000e+00
   0.0000000e+00
   0.0000000e+00
   0.0000000e+00
   0.0000000e+00
   0.0000000e+00
   0.0000000e+00
   0.0000000e+00
   0.0000000e+00
   0.0000000e+00
   0.0000000e+00
   0.0000000e+00
   0.0000000e+00
   0.0000000e+00
   0.0000000e+00
   0.0000000e+00
   0.0000000e+00
   0.0000000e+00
   0.0000000e+00
   0.0000000e+00
   0.0000000e+00
   0.0000000e+00
   0.0000000e+00
   0.0000000e+00
   0.0000000e+00
   0.0000000e+00
   0.0000000e+00
   0.0000000e+00
   0.0000000e+00
   0.0000000e+00
   0.0000000e+00
   0.0000000e+00
   0.0000000e+00
   0.0000000e+00
   0.0000000e+00
   0.0000000e+00
   0.0000000e+00
   0.0000000e+00
   0.0000000e+00
   0.0000000e+00
   0.0000000e+00
   0.0000000e+00
   0.0000000e+00
   0.0000000e+00
