   8.6841198e-03
  -3.1988555e-02
   1.0751578e-02
   1.0275396e-03
  -2.3629197e-03
   3.7407837e-03
  -1.1127037e-03
  -1.6049359e-04
   2.8732832e-03
   3.3967156e-03
  -5.8917443e-04
   9.0021728e-04
  -8.7049687e-06
   1.2413763e-03
  -2.7523141e-03
   4.7900617e-04
  -6.8149684e-05
  -1.9744154e-03
   1.9050791e-03
   6.2195764e-03
   3.4656291e-02
   1.8540165e-02
   1.9925847e-02
   1.7595526e-02
   2.6510620e-02
   7.0800370e-04
   2.7051771e-02
   1.8072377e-02
   1.3579052e-02
   1.6172755e-02
   1.8791096e-02
   1.9427380e-02
   1.7442159e-02
   1.9359336e-02
   2.0835781e-02
   2.0902555e-02
   1.9091390e-02
   2.1291777e-02
   1.1883776e-02
   1.9938854e-03
   4.3642117e-02
   5.9813159e-02
   5.9840404e-02
   5.9455668e-02
   5.1161559e-02
   7.6838547e-02
   4.4456623e-02
   6.5004737e-02
   5.9653883e-02
   6.5108306e-02
   6.2714144e-02
   5.7558591e-02
   6.2885223e-02
   5.8593602e-02
   5.7082082e-02
   5.7519921e-02
   5.2883110e-02
   7.9995004e-02
   7.9219958e-03
   9.7993332e-05
   1.3585949e-01
   1.1844740e-01
   1.1502853e-01
   1.1778157e-01
   1.2524605e-01
   9.7794604e-02
   1.3873486e-01
   1.0540063e-01
   1.2004550e-01
   1.0426254e-01
   1.0066720e-01
   1.2285716e-01
   1.1089282e-01
   1.1849851e-01
   1.1995769e-01
   1.1963133e-01
   1.3323682e-01
   3.7539601e-02
   1.2036506e-03
   1.0265049e-06
   1.4869914e-01
   1.8247053e-01
   1.7944754e-01
   1.7684694e-01
   1.6050051e-01
   2.2451691e-01
   1.1746433e-01
   2.0725775e-01
   2.2317881e-01
   1.7812004e-01
   2.1383205e-01
   1.5251611e-01
   1.9803995e-01
   1.6857659e-01
   1.7976578e-01
   1.4351564e-01
   2.1809042e-01
   1.9289374e-02
   0.0000000e+00
   0.0000000e+00
   2.7504809e-03
   4.3947253e-02
   3.4260949e-01
   2.8038574e-01
   6.2336000e-02
   2.5559143e-01
   1.0128149e-01
   2.5173251e-02
   2.8220424e-02
   2.9359234e-02
   1.5981642e-01
   3.0165088e-01
   1.6680788e-01
   2.2298583e-01
   3.3893831e-01
   3.0384296e-01
   1.0129069e-01
   2.3831211e-03
   0.0000000e+00
   0.0000000e+00
   0.0000000e+00
   1.0292484e-02
   1.0294735e-01
   8.3828727e-02
   2.3380396e-03
   4.5159919e-04
   1.8968140e-04
   7.3205659e-07
   0.0000000e+00
   3.2170563e-05
   4.7443349e-03
   9.9494925e-03
   2.4925259e-03
   2.3858833e-02
   9.8049628e-02
   5.8700776e-02
   8.1722577e-03
   1.3418162e-05
   0.0000000e+00
   0.0000000e+00
   0.0000000e+00
   2.6922839e-06
   2.6928727e-05
   2.1927722e-05
   5.9414266e-07
   0.0000000e+00
   0.0000000e+00
   0.0000000e+00
   0.0000000e+00
   0.0000000e+00
   0.0000000e+00
   0.0000000e+00
   6.4946935e-09
   2.3137113e-05
   1.6353385e-04
   7.3135617e-05
   3.7469230e-07
   0.0000000e+00
   0.0000000e+00
   0.0000000e+00
   0.0000000e+00
   0.0000000e+00
   0.0000000e+00
   0.0000000e+00
   0.0000000e+00
   0.0000000e+00
   0.0000000e+00
   0.0000000e+00
   0.0000000e+00
   0.0000000e+00
   0.0000000e+00
   0.0000000e+00
   0.0000000e+00
   0.0000000e+00
   0.0000000e+00
   0.0000000e+00
   0.0000000e+00
   0.0000000e+00
   0.0000000e+00
   0.0000000e+00
   0.0000000e+00
   0.0000000e+00
   0.0000000e+00
   0.0000000e+00
   0.0000000e+00
   0.0000000e+00
   0.0000000e+00
   0.0000000e+00
   0.0000000e+00
   0.0000000e+00
   0.0000000e+00
   0.0000000e+00
   0.0000000e+00
   0.0000000e+00
   0.0000000e+00
   0.0000000e+00
   0.0000000e+00
   0.0000000e+00
   0.0000000e+00
   0.0000000e+00
   0.0000000e+00
   0.0000000e+00
   0.0000000e+00
   0.0000000e+00
   0.0000000e+00
   0.0000000e+00
   0.0000000e+00
   0.0000000e+00
   0.0000000e+00
   0.0000000e+00
   0.0000000e+00
   0.0000000e+00
   0.0000000e+00
   0.0000000e+00
   0.0000000e+00
   0.0000000e+00
   0.0000000e+00
   0.0000000e+00
   0.0000000e+00
   0.0000000e+00
   0.0000000e+00
   0.0000000e+00
   0.0000000e+00
   0.0000000e+00
   0.0000000e+00
   0.0000000e+00
   0.0000000e+00
   0.0000000e+00
   0.0000000e+00
   0.0000000e+00
   0.0000000e+00
   0.0000000e+00
   0.0000000e+00
   0.0000000e+00
   0.0000000e+00
   0.0000000e+00
   0.0000000e+00
   0.0000000e+00
   0.0000000e+00
   0.0000000e+00
   0.0000000e+00
   0.0000000e+00
   0.0000000e+00
   0.0000000e+00
   0.0000000e+00
   0.0000000e+00
   0.0000000e+00
   0.0000000e+00
   0.0000000e+00
   0.0000000e+00
   0.0000000e+00
   0.0000000e+00
   0.0000000e+00
   0.0000000e+00
   0.0000000e+00
   0.0000000e+00
   0.0000000e+00
   0.0000000e+00
   0.0000000e+00
   0.0000000e+00
   0.0000000e+00
   0.0000000e+00
   0.0000000e+00
   0.0000000e+00
   0.0000000e+00
   0.0000000e+00
   0.0000000e+00
   0.0000000e+00
   0.0000000e+00
   0.0000000e+00
   0.0000000e+00
   0.0000000e+00
   0.0000000e+00
   0.0000000e+00
   0.0000000e+00
   0.0000000e+00
   0.0000000e+00
   0.0000000e+00
   0.0000000e+00
   0.0000000e+00
   0.0000000e+00
   0.0000000e+00
   0.0000000e+00
   0.0000000e+00
   0.0000000e+00
   0.0000000e+00
   0.0000000e+00
   0.0000000e+00
   0.0000000e+00
   0.0000000e+00
   0.0000000e+00
   0.0000000e+00
   0.0000000e+00
   0.0000000e+00
   0.0000000e+00
   0.0000000e+00
   0.0000000e+00
   0.0000000e+00
   0.0000000e+00
   0.0000000e+00
   0.0000000e+00
   0.0000000e+00
   0.0000000e+00
   0.0000000e+00
   0.0000000e+00
   0.0000000e+00
   0.0000000e+00
   0.0000000e+00
   0.0000000e+00
   0.0000000e+00
   0.0000000e+00
   0.0000000e+00
   0.0000000e+00
   0.0000000e+00
   0.0000000e+00
   0.0000000e+00
   0.0000000e+00
   0.0000000e+00
   0.0000000e+00
   0.0000000e+00
   0.0000000e+00
   0.0000000e+00
   0.0000000e+00
   0.0000000e+00
   0.0000000e+00
   0.0000000e+00
   0.0000000e+00
   0.0000000e+00
   0.0000000e+00
   0.0000000e+00
   0.0000000e+00
   0.0000000e+00
   0.0000000e+00
   0.0000000e+00
   0.0000000e+00
   0.0000000e+00
   0.0000000e+00
   0.0000000e+00
   0.0000000e+00
   0.0000000e+00
   0.0000000e+00
   0.0000000e+00
   0.0000000e+00
   0.0000000e+00
   0.0000000e+00
   0.0000000e+00
   0.0000000e+00
   0.0000000e+00
   0.0000000e+00
   0.0000000e+00
   0.0000000e+00
   0.0000000e+00
   0.0000000e+00
   0.0000000e+00
   0.0000000e+00
   0.0000000e+00
   0.0000000e+00
   0.0000000e+00
   0.0000000e+00
   0.0000000e+00
   0.0000000e+00
   0.0000000e+00
   0.0000000e+00
   0.0000000e+00
   0.0000000e+00
   0.0000000e+00
   0.0000000e+00
   0.0000000e+00
   0.0000000e+00
   0.0000000e+00
   0.0000000e+00
   0.0000000e+00
   0.0000000e+00
   0.0000000e+00
   0.0000000e+00
   0.0000000e+00
   0.0000000e+00
   0.0000000e+00
   0.0000000e+00
   0.0000000e+00
   0.0000000e+00
   0.0000000e+00
   0.0000000e+00
   0.0000000e+00
   0.0000000e+00
   0.0000000e+00
   0.0000000e+00
   0.0000000e+00
   0.0000000e+00
   0.0000000e+00
   0.0000000e+00
   0.0000000e+00
   0.0000000e+00
   0.0000000e+00
   0.0000000e+00
   0.0000000e+00
   0.0000000e+00
   0.0000000e+00
   0.0000000e+00
   0.0000000e+00
