0.0 0.00014870321452871283
0.0 0.00018287693160314833
0.0 0.0004634585397619895
0.0 0.0006015349926779803
0.0 0.0014709845947970916
0.0 0.0015212064966031254
0.0 0.0016854682171285299
0.0 0.0025583001262466146
0.0 0.0028161335398163632
0.0 0.0032097493988234864
0.0 0.0037549455690800344
0.0 0.00468837073401503
0.0 0.004967592779012631
0.0 0.005189412363740322
0.0 0.005214599364631506
0.0 0.005647419494032398
0.0 0.005922802342109869
0.0 0.0062791604328253404
0.0 0.006295228515042206
0.0 0.00634526504131463
0.0 0.006602173583189641
0.0 0.006698001524214984
0.0 0.007299811925228703
0.0 0.00732004724000124
0.0 0.007433917140981338
0.0 0.007479056732406657
0.0 0.007566595991711518
0.0 0.007629045008837837
0.0 0.007736222038865458
0.0 0.007781237495942364
0.0 0.007857883140184945
0.0 0.008032743125702213
0.0 0.008707497796204682
0.0 0.008940927010468202
0.0 0.009318628657211246
0.0 0.00996620026537979
0.0 0.009980924581475238
0.0 0.010130879818346004
0.0 0.0102847677068935
0.0 0.010347336138431031
0.0 0.010371645702996358
0.0 0.010405055306487197
0.0 0.01040834415872957
0.0 0.010451425857534806
0.0 0.01050742224851223
0.0 0.010520970356256933
0.0 0.010694202435433222
0.0 0.010838754288195106
0.0 0.010958003501604356
0.0 0.011063819773736633
0.0 0.011066692327517787
0.0 0.01126036645471606
0.0 0.01130699188237258
0.0 0.011400056772159856
0.0 0.011509715073174583
0.0 0.01154879709719482
0.0 0.011591046199077616
0.0 0.011749947604921108
0.0 0.01181901255802351
0.0 0.012170234413075734
0.0 0.012277737590764014
0.0 0.012343946037871749
0.0 0.012587913927919959
0.0 0.01277273722887699
0.0 0.01281815718457211
0.0 0.012991803674234737
0.0 0.013009435471646635
0.0 0.013161276795423331
0.0 0.013280138029994575
0.0 0.013344795505737722
0.0 0.013425525311641217
0.0 0.013501606923388153
0.0 0.013507198160997677
0.0 0.013567360368549613
0.0 0.013595987731667356
0.0 0.01378019177686348
0.0 0.013820186636738589
0.0 0.013879648405609745
0.0 0.013883487602529875
0.0 0.014091421604002917
0.0 0.014102683374166957
0.0 0.014153983427628365
0.0 0.014165684151952193
0.0 0.014195626489574422
0.0 0.01419881055921091
0.0 0.014312488358746885
0.0 0.014322809917420281
0.0 0.01449185163634861
0.0 0.01449892587822701
0.0 0.014568836644076015
0.0 0.014757402855234254
0.0 0.01505520351704648
0.0 0.015136449684079878
0.0 0.01516773153988004
0.0 0.015293001505184197
0.0 0.015327785554388266
0.0 0.015352533129125942
0.0 0.015443538238318254
0.0 0.015522660433610738
0.0 0.015641191272577838
0.0 0.01585814696201884
0.0 0.015863093456206564
0.0 0.015884542738827463
0.0 0.01598182630848591
0.0 0.01625917925835151
0.0 0.016679697343429035
0.0 0.016761446655768168
0.0 0.016892107733344482
0.0 0.016932285726783028
0.0 0.01697445364574595
0.0 0.017224457391488115
0.0 0.017305260828411963
0.0 0.017355103365265384
0.0 0.017453227083745793
0.0 0.017455213233320405
0.0 0.017489064622933356
0.0 0.01749382609558276
0.0 0.01750538805375285
0.0 0.017815478488051716
0.0 0.017888388301998893
0.0 0.0179458374896471
0.0 0.018028494917903905
0.0 0.01810573574622766
0.0 0.01813240150344424
0.0 0.01813293768831039
0.0 0.018614273108223493
0.0 0.01870061208749788
0.0 0.018748997107743314
0.0 0.018822480866054255
0.0 0.018839772827987607
0.0 0.01884672057554899
0.0 0.01892794880682102
0.0 0.018983240039180463
0.0 0.019021193998209413
0.0 0.019117284367743192
0.0 0.019131059032473592
0.0 0.019306584057142626
0.0 0.01935447631594417
0.0 0.01945762771153218
0.0 0.019712526976140288
0.0 0.019823766456117695
0.0 0.01984854235047858
0.0 0.019909846782833408
0.0 0.019953678007666325
0.0 0.019988811332223345
0.0 0.020078831862515314
0.0 0.020104984090564312
0.0 0.020144890215620024
0.0 0.02017473532253589
0.0 0.020244713111493163
0.0 0.020260859072673863
0.0 0.02033877390803007
0.0 0.020443229894260718
0.0 0.020449679216453572
0.0 0.020574825519403036
0.0 0.020644701357716747
0.0 0.02072626753649244
0.0 0.020747586548846564
0.0 0.020758410308838255
0.0 0.020912078248312135
0.0 0.021077902858043562
0.0 0.02107994375888972
0.0 0.021137081430682596
0.0 0.02140374466677304
0.0 0.02143267221789683
0.0 0.02148044553428088
0.0 0.021583676224813886
0.0 0.02164046273327893
0.0 0.0217556612965814
0.0 0.021799583144208597
0.0 0.02187607444650467
0.0 0.021974373746648995
0.0 0.02217825615402782
0.0 0.02222203262758919
0.0 0.02241911077349757
0.0 0.022593910815812374
0.0 0.022667234096258444
0.0 0.022876227251639625
0.0 0.022977932458468932
0.0 0.023079856670384417
0.0 0.02309783019124974
0.0 0.023105046031244202
0.0 0.02323859759836304
0.0 0.023252087178886435
0.0 0.023324122860463793
0.0 0.02338098488792407
0.0 0.023473948771055225
0.0 0.023548901373823438
0.0 0.023601251141318575
0.0 0.023617986150662088
0.0 0.0236529231258315
0.0 0.02372499845488136
0.0 0.023784718876311183
0.0 0.02379381325131205
0.0 0.02386028507091566
0.0 0.023867376304567988
0.0 0.023869894863058988
0.0 0.023914162210089376
0.0 0.023953832338284985
0.0 0.02400227210980196
0.0 0.024012537029228932
0.0 0.02403798315467251
0.0 0.024094210822572834
0.0 0.024130010602262778
0.0 0.024248809533662954
0.0 0.024252732745465282
0.0 0.02437673493563697
0.0 0.0243772144812567
0.0 0.02447771516011205
0.0 0.024560565161806696
0.0 0.02456420706535178
0.0 0.024598283123975547
0.0 0.024629878383605926
0.0 0.024735486034513872
0.0 0.024748501733342185
0.0 0.02482355439877908
0.0 0.025024531212816333
0.0 0.025094104975149117
0.0 0.02510532709784066
0.0 0.025148263422580072
0.0 0.025168474193679156
0.0 0.025265338632914067
0.0 0.025281342995978704
0.0 0.0253442540949571
0.0 0.025352933115484193
0.0 0.02536874868106075
0.0 0.025383977086449374
0.0 0.025404299248066427
0.0 0.02543557921589171
0.0 0.02548630532498935
0.0 0.02548912218351152
0.0 0.02550217186588769
0.0 0.02563768881485745
0.0 0.025755185043589868
0.0 0.025782632422407102
0.0 0.02604002381385788
0.0 0.02609879458392266
0.0 0.026113677489908095
0.0 0.0261200720608294
0.0 0.02623289366375693
0.0 0.026264647513277298
0.0 0.02635607647283035
0.0 0.026370283483808456
0.0 0.026381526374223686
0.0 0.026644862998574142
0.0 0.026700290165125002
0.0 0.02687396119846108
0.0 0.02696447449019694
0.0 0.02698009181841101
0.0 0.02701040136714756
0.0 0.027111383479597517
0.0 0.02713435446997235
0.0 0.02715135001984941
0.0 0.02719885524380039
0.0 0.027206008780623785
0.0 0.027229468756492747
0.0 0.02724087590072261
0.0 0.02724213706794299
0.0 0.027305461633420285
0.0 0.02734072145229432
0.0 0.02734863773096956
0.0 0.027376825195940074
0.0 0.027496449172363165
0.0 0.027505239583408222
0.0 0.027745325797101483
0.0 0.027792381683030828
0.0 0.02782659367584601
0.0 0.02784871696549936
0.0 0.027850844713190034
0.0 0.027923839486006845
0.0 0.027929779054981875
0.0 0.02794161099355992
0.0 0.02797910051076819
0.0 0.028010929879283792
0.0 0.028014175308103906
0.0 0.02801537039620346
0.0 0.028146569546620807
0.0 0.02814920515955442
0.0 0.028158896134617622
0.0 0.028182824328257028
0.0 0.028221023724020484
0.0 0.028236084099644718
0.0 0.028286857408114378
0.0 0.028343834602042383
0.0 0.028408886664535622
0.0 0.028414690299319235
0.0 0.028439870220304617
0.0 0.028503715866849015
0.0 0.028807626959362988
0.0 0.028996143139186886
0.0 0.029013378461873813
0.0 0.029037440701729752
0.0 0.02906442363872631
0.0 0.02906926251834583
0.0 0.029094710531764285
0.0 0.029257123570886084
0.0 0.029277407973005525
0.0 0.029313160553323447
0.0 0.02942494377006653
0.0 0.029539564613055472
0.0 0.02958348834865755
0.0 0.02958642981352185
0.0 0.02971454023703419
0.0 0.02975973457973105
0.0 0.029817404660440316
0.0 0.029880642379073095
0.0 0.02988931762365042
0.0 0.029952542126459033
0.0 0.029964479791630406
0.0 0.029982194659937057
0.0 0.030070799209068418
0.0 0.030072740047245892
0.0 0.030183934215826158
0.0 0.030234601797702494
0.0 0.030235738358580743
0.0 0.030261101413129564
0.0 0.03028696289304692
0.0 0.030344568782610236
0.0 0.03035260777965273
0.0 0.030406348984635026
0.0 0.03073828140033
0.0 0.03075968537155376
0.0 0.03093238976175086
0.0 0.03096121913818085
0.0 0.031011199497200572
0.0 0.03104393320568408
0.0 0.03105247440404487
0.0 0.031161032959691526
0.0 0.03128056631332034
0.0 0.03128733092731829
0.0 0.03137011107394234
0.0 0.03144533176914363
0.0 0.031451401608385436
0.0 0.03152605024719784
0.0 0.031633234357131265
0.0 0.03165312228452573
0.0 0.031654015296644356
0.0 0.03176259839596446
0.0 0.031794799695531575
0.0 0.03187012989327595
0.0 0.03190888246567949
0.0 0.03192067098083527
0.0 0.03197348896610085
0.0 0.03203470088768652
0.0 0.032062178474101845
0.0 0.032064644169296184
0.0 0.03208291599019268
0.0 0.03208303304463529
0.0 0.03209007519094072
0.0 0.032138463987135914
0.0 0.03225497469298055
0.0 0.03231605445632456
0.0 0.03234577495689829
0.0 0.03242107117109481
0.0 0.03249268583427375
0.0 0.0324965373030306
0.0 0.03254194309891412
0.0 0.03262167227813078
0.0 0.03263782956716076
0.0 0.032711018801390296
0.0 0.03283776988298845
0.0 0.03294826172491306
0.0 0.032966820517991435
0.0 0.0329922477636862
0.0 0.03306525952827694
0.0 0.033145211488529544
0.0 0.03319087027304708
0.0 0.03330691653707104
0.0 0.03343280292617378
0.0 0.03365042223878539
0.0 0.03375197263167447
0.0 0.03389573059099897
0.0 0.0339274976563435
0.0 0.033954465489541015
0.0 0.03407270935632623
0.0 0.03413079101555951
0.0 0.034147205069173285
0.0 0.03415368082301447
0.0 0.03417894570286949
0.0 0.03422271651250622
0.0 0.034257085207236505
0.0 0.03428540105449892
0.0 0.0343649414362275
0.0 0.03441954544573033
0.0 0.03442457501081281
0.0 0.034464109204817
0.0 0.034488324370638285
0.0 0.034590403396493996
0.0 0.03471173599018422
0.0 0.03473885863732196
0.0 0.034792760320169126
0.0 0.03484165509363238
0.0 0.03486269090975438
0.0 0.035101278071392274
0.0 0.03515283488943747
0.0 0.035158393087486584
0.0 0.035176298641256196
0.0 0.03528571433749874
0.0 0.035296196374037005
0.0 0.035301803659433015
0.0 0.03541783859560768
0.0 0.03547778934997297
0.0 0.035533193860825256
0.0 0.03563946419091637
0.0 0.03565414508358956
0.0 0.03574067852427667
0.0 0.03580119189515644
0.0 0.035851936884002886
0.0 0.035897716498912796
0.0 0.036005210236726676
0.0 0.036023780357654335
0.0 0.0360439439293814
0.0 0.03608272670938303
0.0 0.03608836042642737
0.0 0.03612016147531976
0.0 0.03616686242197151
0.0 0.03618335954648004
0.0 0.036184088304784034
0.0 0.036201657799024865
0.0 0.03624776214561427
0.0 0.03631748128201288
0.0 0.03645888304868613
0.0 0.03647274456026105
0.0 0.03651407610635177
0.0 0.03685174796568441
0.0 0.03691325818730125
0.0 0.0369180838510966
0.0 0.03691839347897705
0.0 0.036942691715693095
0.0 0.037122997092760346
0.0 0.03720277158337415
0.0 0.037259890375418214
0.0 0.03727515654030446
0.0 0.03747795902605146
0.0 0.03757028477367289
0.0 0.037590810836577074
0.0 0.037652234211349396
0.0 0.03765330280513193
0.0 0.03775291235984354
0.0 0.03776151774935028
0.0 0.03780166364721586
0.0 0.03789437076576321
0.0 0.03796714464551897
0.0 0.03801680593678383
0.0 0.03805649116877849
0.0 0.0381177974891082
0.0 0.038156459438717455
0.0 0.03817870733471294
0.0 0.03822657882579079
0.0 0.038227243392948834
0.0 0.038253776991923755
0.0 0.038262227567490266
0.0 0.03831501534515776
0.0 0.03838397173970451
0.0 0.03842381178563939
0.0 0.03848987202671898
0.0 0.038597588545568794
0.0 0.03872056745335509
0.0 0.03889920763657746
0.0 0.03894641078454751
0.0 0.039019071385810414
0.0 0.03906443564624655
0.0 0.039102837055322255
0.0 0.03910547266825587
0.0 0.03910723226084478
0.0 0.03917263548666585
0.0 0.039205323883752224
0.0 0.03922050697774371
0.0 0.03934827001387797
0.0 0.03942801807284345
0.0 0.039458274758283333
0.0 0.039679685124455605
0.0 0.03979513101246746
0.0 0.040084648184490125
0.0 0.04009248705619525
0.0 0.04015481665891036
0.0 0.04021621737798411
0.0 0.04031905159379214
0.0 0.04035305779734532
0.0 0.04042693425443147
0.0 0.040460079541438994
0.0 0.040509348133928647
0.0 0.04052752178013134
0.0 0.04055812207699953
0.0 0.040654926101038255
0.0 0.04066137164728134
0.0 0.04066679768708879
0.0 0.04067478004488487
0.0 0.040742116556983884
0.0 0.04077697612518319
0.0 0.04078167340668665
0.0 0.04089776120615798
0.0 0.04103288734432741
0.0 0.04106185643089858
0.0 0.041078950155469446
0.0 0.04108202755452517
0.0 0.041146853060032705
0.0 0.04117056224858594
0.0 0.04119456973717033
0.0 0.04121500895323
0.0 0.041224788663112605
0.0 0.041227590417835726
0.0 0.04127060226157037
0.0 0.04135748686558531
0.0 0.041377276618285976
0.0 0.04139219539579415
0.0 0.0414540190212412
0.0 0.041475881770360996
0.0 0.041552903593598575
0.0 0.041571028152454365
0.0 0.04165989513009415
0.0 0.04179302756678945
0.0 0.041806873974565326
0.0 0.04185426592002345
0.0 0.041885549663798496
0.0 0.04190462953794397
0.0 0.04191239666660363
0.0 0.041934988174027424
0.0 0.0419625299515887
0.0 0.0420016110316215
0.0 0.042038562475988736
0.0 0.042080637884182495
0.0 0.042115021682711834
0.0 0.042233095631757776
0.0 0.04228439568521919
0.0 0.0423660581507138
0.0 0.04244249847768809
0.0 0.04256410293976116
0.0 0.04259080645647535
0.0 0.04276975626757818
0.0 0.042795931151325746
0.0 0.042883533185795394
0.0 0.04291536444228588
0.0 0.04298159082515498
0.0 0.042982927511370596
0.0 0.04299377581503574
0.0 0.04307660127305693
0.0 0.04308673592221712
0.0 0.04310710717118108
0.0 0.04317383953131824
0.0 0.04317512335423719
0.0 0.0433161059904869
0.0 0.04347933274678233
0.0 0.04372263229372273
0.0 0.04373000294765742
0.0 0.04373823451813776
0.0 0.04390232974287836
0.0 0.04404265536386955
0.0 0.04404709588078922
0.0 0.044065050521905735
0.0 0.04408639974185795
0.0 0.04413716361045321
0.0 0.044217995367000267
0.0 0.04425636279252811
0.0 0.04427949426076781
0.0 0.044281004640672465
0.0 0.04439844800610822
0.0 0.044504759871646704
0.0 0.044517620756534794
0.0 0.0445848402141912
0.0 0.04461765699356947
0.0 0.044621451823079895
0.0 0.04465564304817139
0.0 0.04472114444868626
0.0 0.04472832630513287
0.0 0.04475098577965237
0.0 0.04475657796124933
0.0 0.04479310272329351
0.0 0.04493909226892713
0.0 0.04494253215915997
0.0 0.044947924215419564
0.0 0.04501419968563557
0.0 0.04503077610508909
0.0 0.04505738144710949
0.0 0.04508121901795461
0.0 0.04510006478321487
0.0 0.045115708543077275
0.0 0.0451317336738656
0.0 0.04528522603167557
0.0 0.04546473090739335
0.0 0.04553054571173844
0.0 0.0455578231728164
0.0 0.04556481623177493
0.0 0.04563708035831286
0.0 0.045704141226079284
0.0 0.04572041934550164
0.0 0.04578147645314708
0.0 0.04581341721218064
0.0 0.04586027674872239
0.0 0.046012760927946
0.0 0.046027290782628724
0.0 0.04606427998649358
0.0 0.04609147437667679
0.0 0.0462501473375597
0.0 0.046277409694838616
0.0 0.04637412309608306
0.0 0.04644265658425651
0.0 0.04652476838777276
0.0 0.04659500860523847
0.0 0.04665769314723117
0.0 0.04688559059509391
0.0 0.04699623347500898
0.0 0.04704856058680555
0.0 0.047102692602588175
0.0 0.04716905491964869
0.0 0.047226781639604386
0.0 0.0474135250110152
0.0 0.04751987841200107
0.0 0.04753532582247587
0.0 0.04762335831521834
0.0 0.047706459417572136
0.0 0.047730361179563204
0.0 0.0479593951883042
0.0 0.047971142168012605
0.0 0.04811287999421464
0.0 0.04812653005260291
0.0 0.048193447434278384
0.0 0.04819432723057285
0.0 0.04823419748410582
0.0 0.04823829816554694
0.0 0.04828447047923207
0.0 0.04835074594944807
0.0 0.04839409762866126
0.0 0.048397480879647674
0.0 0.04845890425441999
0.0 0.04855855156862922
0.0 0.04856048863085693
0.0 0.048614186412416965
0.0 0.048667559462297505
0.0 0.048784542161862336
0.0 0.04880594802106098
0.0 0.04888843741955339
0.0 0.0490022445453687
0.0 0.04904330422307659
0.0 0.049113782325377275
0.0 0.04916783504621491
0.0 0.04925474230592842
0.0 0.049263438318229436
0.0 0.04928853328034518
0.0 0.049352950983278465
0.0 0.04939360285841209
0.0 0.04951651002315292
0.0 0.04955386549414465
0.0 0.049636498378728
0.0 0.04964901565218778
0.0 0.04965705842518004
0.0 0.049687016810588756
0.0 0.04971455858815003
0.0 0.049729167737777746
0.0 0.0497479455359423
0.0 0.04980961057149936
0.0 0.05016180095766544
0.0 0.05038063235015053
0.0 0.05049077680469707
0.0 0.05050828965969147
0.0 0.05054983643491861
0.0 0.050604077953244314
0.0 0.05064903818705596
0.0 0.05068091097899382
0.0 0.05068812681898828
0.0 0.05079816177099173
0.0 0.050869632948079724
0.0 0.05092862838715532
0.0 0.05102435626551198
0.0 0.05103128890927432
0.0 0.051064770255810625
0.0 0.05118072212109054
0.0 0.051234533181143425
0.0 0.05126482762608093
0.0 0.05142255659952343
0.0 0.051438683680955326
0.0 0.051443199716870225
0.0 0.05144811600345986
0.0 0.05145716695503847
0.0 0.051488273229174715
0.0 0.05152808684346127
0.0 0.05154251474750043
0.0 0.05165648046320573
0.0 0.05169035073256748
0.0 0.05171051808024431
0.0 0.051732818839536454
0.0 0.051777850816393564
0.0 0.051879404985232414
0.0 0.051890623331974195
0.0 0.05201362867140882
0.0 0.052048597742151204
0.0 0.05207503694238209
0.0 0.052161932874246315
0.0 0.0521719693487127
0.0 0.05219808759321385
0.0 0.05220506932432309
0.0 0.052231025202984484
0.0 0.05228093948288338
0.0 0.052306944448891675
0.0 0.052326749305391385
0.0 0.052360162684831985
0.0 0.05241074908378845
0.0 0.0524988721993252
0.0 0.05250752290022908
0.0 0.052588418847922085
0.0 0.05269565582115217
0.0 0.05282577882588745
0.0 0.0528301815833095
0.0 0.05286118968275195
0.0 0.05296397858716285
0.0 0.05306407146344394
0.0 0.053185298330540844
0.0 0.05322933723261065
0.0 0.05324368961765458
0.0 0.0534085702399456
0.0 0.053441054735744835
0.0 0.05349707095045851
0.0 0.05357997192747494
0.0 0.05365662370763588
0.0 0.0537263806035321
0.0 0.0537704988005469
0.0 0.053828157553406884
0.0 0.05394501187067982
0.0 0.05401829927960316
0.0 0.05412771119989594
0.0 0.054164205754342026
0.0 0.05427962521070555
0.0 0.0543625337396215
0.0 0.05445637741904711
0.0 0.05446389155907274
0.0 0.054486517050044384
0.0 0.054564120369545256
0.0 0.05460723416392346
0.0 0.05461802960429194
0.0 0.0546482296504854
0.0 0.05474208843371006
0.0 0.05475305756776758
0.0 0.05477762767286645
0.0 0.05486354940969218
0.0 0.05489341717230661
0.0 0.05502979314984715
0.0 0.05511191628121268
0.0 0.05516334471696598
0.0 0.055169590137871705
0.0 0.05539110623063731
0.0 0.05543624015813799
0.0 0.055436644184762476
0.0 0.05546137287975134
0.0 0.05550861001126925
0.0 0.05551713610583099
0.0 0.05551765341094833
0.0 0.05551989254915698
0.0 0.05562873807698551
0.0 0.055679739830415756
0.0 0.05582222529467059
0.0 0.05587970280194201
0.0 0.0559023924840596
0.0 0.05594463025809311
0.0 0.05596883787201488
0.0 0.05600450549346317
0.0 0.056036246127159364
0.0 0.056044477697639705
0.0 0.056065041520041506
0.0 0.056121401346183486
0.0 0.056140941886199884
0.0 0.05621130671000772
0.0 0.056290216508126115
0.0 0.05632186651902804
0.0 0.05637875120218688
0.0 0.056481464587602545
0.0 0.05657167202740772
0.0 0.056725119073820544
0.0 0.05679750025480109
0.0 0.05682216098269425
0.0 0.05684784121702304
0.0 0.05685128110725588
0.0 0.0568608040525547
0.0 0.05696041738321607
0.0 0.0569646351190998
0.0 0.05699584711982937
0.0 0.057025129610230756
0.0 0.057040271168774866
0.0 0.05713244587840584
0.0 0.05727943605072629
0.0 0.05732663164679681
0.0 0.057369432037344806
0.0 0.05738021992581376
0.0 0.05757908032000963
0.0 0.057597616457389436
0.0 0.05767189694110008
0.0 0.05769008946705158
0.0 0.057834047551713445
0.0 0.05789564839612456
0.0 0.05795022219802929
0.0 0.05824676641255834
0.0 0.05832490591692536
0.0 0.05833841248922268
0.0 0.05841989370912874
0.0 0.05853783927588279
0.0 0.05854897455172982
0.0 0.05855167435580938
0.0 0.05860112419388759
0.0 0.058714387582937226
0.0 0.05871481804121005
0.0 0.058750123171481226
0.0 0.058794747345764085
0.0 0.05888611022619631
0.0 0.05897914585237293
0.0 0.05899188213091888
0.0 0.05907554584978716
0.0 0.05910776980505285
0.0 0.059136916361262816
0.0 0.05938221716157688
0.0 0.05946710806411768
0.0 0.059511819085245055
0.0 0.05956239038040247
0.0 0.05958296930660331
0.0 0.05959379873051965
0.0 0.05963410321827521
0.0 0.05979481141607964
0.0 0.05993254673553435
0.0 0.06002652634915138
0.0 0.060200986555987636
0.0 0.060347867225765
0.0 0.06050652508284887
0.0 0.06060506226782818
0.0 0.06071769129731786
0.0 0.06072229418007728
0.0 0.0608387860061731
0.0 0.060912692670857346
0.0 0.06092716588629365
0.0 0.061025604896579155
0.0 0.061111303852368945
0.0 0.0612690177220124
0.0 0.061335734978350515
0.0 0.06137682863960626
0.0 0.0613801892348941
0.0 0.0614768875323395
0.0 0.06147880193886864
0.0 0.061485651511736225
0.0 0.06155536687218507
0.0 0.06163715771997158
0.0 0.061862578144790695
0.0 0.06192384670562279
0.0 0.06202561987954781
0.0 0.06209491988552287
0.0 0.06216665160314442
0.0 0.06222005863657281
0.0 0.062226205882784734
0.0 0.0623394957034827
0.0 0.06234010740734408
0.0 0.06252316545178756
0.0 0.06257514140025629
0.0 0.06284117594071142
0.0 0.06300016985732408
0.0 0.06301490361329393
0.0 0.06301949516820406
0.0 0.06311671454671657
0.0 0.06314827015887445
0.0 0.06322486907573872
0.0 0.0632440584524273
0.0 0.06325591115872903
0.0 0.06326329691646276
0.0 0.06329480344127374
0.0 0.0633757144927658
0.0 0.0634625537853836
0.0 0.06351868705453988
0.0 0.06375771222635013
0.0 0.06413869800539834
0.0 0.06419591119618645
0.0 0.06423573991427205
0.0 0.06425409103011354
0.0 0.06452315765822725
0.0 0.06467614403876916
0.0 0.06474744152216812
0.0 0.06477718090249066
0.0 0.06479103863811582
0.0 0.06483156213095755
0.0 0.0648783914599012
0.0 0.06488023412338487
0.0 0.06493808167373293
0.0 0.06495477892357883
0.0 0.06496122824577168
0.0 0.06499678258872711
0.0 0.0650833273572635
0.0 0.0654778536921569
0.0 0.06554841108940258
0.0 0.06564179787890705
0.0 0.06575420035141102
0.0 0.06599707699197813
0.0 0.06609412645275135
0.0 0.06612209113668593
0.0 0.06614353097943243
0.0 0.0661564522795167
0.0 0.06619678697487036
0.0 0.06640754538676509
0.0 0.06642338927196487
0.0 0.06646536272951506
0.0 0.06670872269165165
0.0 0.06706778530638388
0.0 0.06726736690698422
0.0 0.0673542968223963
0.0 0.06736923447965328
0.0 0.06766407574083984
0.0 0.06783265679389724
0.0 0.06785201986427485
0.0 0.06795946829069158
0.0 0.06804425346663906
0.0 0.06805057440654001
0.0 0.06814242060854173
0.0 0.06838164968163911
0.0 0.06854657561532726
0.0 0.06883453709604814
0.0 0.06890340286780061
0.0 0.06924098032838921
0.0 0.06948640195909565
0.0 0.06953175111573275
0.0 0.06984881006531668
0.0 0.0699510552329619
0.0 0.06998752335575965
0.0 0.06998921498125286
0.0 0.07029228781291975
0.0 0.07054480822917804
0.0 0.07068175437513258
0.0 0.07092497085117822
0.0 0.07096030618904749
0.0 0.0714009368705303
0.0 0.0714854728337935
0.0 0.07163421504680335
0.0 0.07173355273313212
0.0 0.07177445382095002
0.0 0.07185356752035554
0.0 0.07196212607600219
0.0 0.07243371954553031
0.0 0.07247721093488468
0.0 0.07257231955748043
0.0 0.07268617199469289
0.0 0.07287825455906664
0.0 0.07289023942361003
0.0 0.07291793979106129
0.0 0.07305706843597805
0.0 0.07310939554777461
0.0 0.07315172394460241
0.0 0.0732135815535973
0.0 0.07349273751947408
0.0 0.07373904272242474
0.0 0.07381721998628937
0.0 0.07417107934225009
0.0 0.0744883572969202
0.0 0.07466227754294055
0.0 0.0747918530349604
0.0 0.07481795239971274
0.0 0.07514296349949466
0.0 0.07537664947834197
0.0 0.07569414643809826
0.0 0.07585629327276186
0.0 0.07598909342587813
0.0 0.07601948226955968
0.0 0.07630211966111666
0.0 0.07650503164940675
0.0 0.07675349669562105
0.0 0.07692352771338692
0.0 0.07749872569247444
0.0 0.07778256383605563
0.0 0.07781786141442729
0.0 0.07787641129143101
0.0 0.07799793645855907
0.0 0.07812709659610514
0.0 0.07825385522960282
0.0 0.07930073730101274
0.0 0.08039536248120861
0.0 0.08042880984419706
0.0 0.08052259688437625
0.0 0.08091626985462352
0.0 0.08100329039282987
0.0 0.08182443863559045
0.0 0.08192395756750778
0.0 0.08223375158975037
0.0 0.08258184129447532
0.0 0.08282939256084731
0.0 0.08320673832432533
0.0 0.08349370295430913
0.0 0.0835557116012945
0.0 0.08458326080992491
0.0 0.08464357783141707
0.0 0.08480913812466519
0.0 0.08481422810494385
0.0 0.0848577119423987
0.0 0.08521440326068064
0.0 0.08570463481823212
0.0 0.0864393289152506
0.0 0.0868283725710901
0.0 0.0873969022228986
0.0 0.08826868595196255
0.0 0.08842957161940578
0.0 0.08931726720076519
0.0 0.08936380955752696
0.0 0.08993760288330316
0.0 0.09000247370020784
0.0 0.09412279763199013
0.0 0.09680851741893957
0.0 0.09808799044376593
0.0 0.09823637771749819
0.0 0.10585983904062601
