0.15485110777155608 0.002003662591513479
0.15471453625564788 0.002183514450805642
0.15335893191597552 0.012106106621035381
0.14631341113573657 0.002922811529738606
0.14534479463627972 0.008541620237381517
0.13748081057020675 0.05585178915023965
0.13566917809360288 0.007739968075163167
0.13407689003509027 0.003924476826967722
0.1325444670819487 0.011949781280340004
0.13133604307317723 0.034531104260838136
0.12921550242744173 0.005124600909358043
0.12787372123788784 0.03162199515501606
0.1247922452972919 0.0031797621597241454
0.12380235835013641 0.015720913194721946
0.12333867919015898 0.005142792838908027
0.12207757328502998 0.0035728466731359816
0.1209334359787744 0.006620028827002492
0.12043767383063997 0.02176374250501557
0.11931367516394015 0.021190300591341082
0.11796371477420699 0.005747517929651876
0.1166488027099652 0.008024859275502746
0.11623668872897765 0.05795871037132241
0.11566154910308883 0.04395964708592301
0.1155830167087478 0.005912777009288432
0.11455408238066275 0.03203192851898166
0.11417184813464738 0.01962906180288164
0.1136937572843172 0.007087027957532385
0.11326367773540824 0.008618002196251065
0.11324893404800025 0.013770498403637432
0.11242458535982323 0.004737182982048256
0.11215415866754974 0.0033046005978844425
0.11185656857984698 0.005402467353824111
0.11159890113803761 0.02406692680346233
0.11017254369865967 0.018593796894584052
0.1101054878388875 0.05532703007748449
0.1094284552985885 0.015049426514323077
0.10937414359850521 0.019675239575111376
0.10930932117346834 0.04038879994050613
0.10919889442566079 0.0007961138477058279
0.1087188719561001 0.003999938248547724
0.1086436519869239 0.008401751387083697
0.10847237923335482 0.018005369841097758
0.10813650384887204 0.06686071341217398
0.10793716225335939 0.045715028697825455
0.10792447845677144 0.015037376530295153
0.10772171125527966 0.018572918807041622
0.10571916538113382 0.054647288743030174
0.1050627166582601 0.014732829595207459
0.10500005221408233 0.06098285645678738
0.1045138576174491 0.03261624333621547
0.10425378319698919 0.024048832963951397
0.10420971058790521 0.02867093369403103
0.1038557790908496 0.0009336285370664451
0.1038321243006633 0.0192082479899691
0.10369772585638942 0.003664221317204957
0.1036497900088444 0.003239951716762809
0.10304556291368343 0.011631833736840543
0.1025968688935178 0.027304041454480305
0.10242796539166116 0.005869142032686378
0.10125968284502401 0.0011175096333472813
0.1010740889457536 0.009956584141454408
0.10069122088717823 0.01231789056073216
0.10060077432578642 0.03734243268850249
0.1000928565581974 0.04297514754552766
0.10003422889639592 0.005351105900299956
0.09954178671881395 0.017072005392597987
0.09908095971535659 0.006399416783791204
0.09895590246095534 0.001817661241311637
0.09844717733689105 0.0659027887269736
0.09832823184646139 0.014988505054685347
0.09767550299968394 0.0017723662794333498
0.09757221418856418 0.0102074758251817
0.09712794176554344 0.0015341433015187598
0.09702766356408377 0.08464651247355191
0.0963872789714514 0.026329381099540444
0.09550251436460713 0.0004989689378726063
0.09541956037312123 0.049454024806337066
0.09534889027267944 0.012922781650003634
0.09513153029153204 0.044680548509840275
0.09511252346011918 0.00783631512967322
0.09486329930705574 0.003215444297775523
0.0945395493604771 0.028447733582866345
0.09384446825299286 0.013591936805628159
0.09346037029623554 0.017629669900760647
0.09334946818900798 0.01943076147086044
0.09330475422197637 0.01748699416626847
0.09324820154177017 0.07524748720483349
0.0932468810989368 0.002144844339257046
0.09312822987862429 0.01629380429510023
0.0930825425565898 0.03155518074764771
0.09284162587529514 0.05845184672456534
0.0917626882634574 0.026314622321357214
0.09142029366407162 6.406034088733276e-06
0.09133475915001993 0.005316638569655276
0.09130990464320216 0.03811471065671915
0.09086471922827949 0.07638880253611947
0.09074822598882606 0.05653804215420937
0.09057084901667302 0.09493576520975092
0.09056489570584143 0.01647825129545251
0.09032989460844026 0.023960876380473936
0.08993380703075597 0.023842134615509984
0.08984936659790907 0.0027002754126844125
0.0897602253885754 0.029563024872253568
0.08964509031889344 0.07982398361214245
0.08944750679869606 0.03019703361234768
0.08936957803536456 0.09951457805105897
0.08936643915411496 0.0008545528748168282
0.08919085798421529 0.028962102656869815
0.08906270712089015 0.002005428212216381
0.08848510015324984 0.009451880708991181
0.08835056589199883 0.008334476711070569
0.0883247531209534 0.09344616987673614
0.08806968883787268 0.08227567622971106
0.08783232603414669 0.006846126367012966
0.08752728864886374 0.004531835257990686
0.08746602764678314 0.019722103977614466
0.0871948765972982 0.11622955833767747
0.08708531756906686 0.007141724472384243
0.08707814190544096 0.09712283353812522
0.08703021360328356 0.03590146737869371
0.08627327540809682 0.05754710947669296
0.08626174605581462 0.005760224362402673
0.08612871332669983 0.036940859614019016
0.08605625496939229 0.01417911887015728
0.08594133117056367 0.0015689803561567829
0.08583577874315815 0.024716645040579698
0.08575558636354089 0.015832667930750485
0.08551719738709866 0.04124705005525638
0.08542652446407828 0.018695229540349474
0.08533770770641223 0.004275752347581359
0.08506289714393195 0.0063345113594905165
0.08473126226729119 0.007779928447994653
0.08444384336209917 0.00432131139802632
0.084384317799171 0.03570223896399534
0.08384732765308504 0.10788065484547892
0.08373624445655463 0.036831557128966734
0.08270512951144762 0.010843733090786345
0.08230492969751084 0.00485757718690082
0.08226142299249832 0.03557891714874651
0.08185536795776902 0.02608000603872462
0.08183892655814669 0.02419560584392082
0.08172459884493999 0.027101862793222818
0.0814626078960248 0.0526453540452815
0.08144867911047969 0.10129504053140777
0.08111679523604749 0.08039574290437784
0.08065203708564052 0.006770740399309156
0.08013609857101224 0.005058156225983031
0.07921213567548603 0.0406747474951124
0.07904210791087413 0.016205327079877044
0.0788472105486692 0.0033176465730781054
0.07821016101736453 0.03333140272015449
0.07817611622842653 0.07806909245043525
0.07807749046685547 0.09122185751507327
0.07800819362696038 0.01796366648372623
0.07762800418098982 0.005611685861730349
0.07760829562852838 0.053367606093582605
0.07752912942162733 0.008406263528880001
0.07748863332627487 0.007597978970944342
0.0773736114374072 0.01652528924187084
0.0766891693264661 0.010643961408179393
0.07629523972964092 0.04629655926702777
0.07601013725844799 0.001989062266470253
0.0759845659398064 0.015102538497774895
0.07585707907059175 0.0019979054607600004
0.07557021097869593 0.22600012905630984
0.07461510072307752 0.04119853321286468
0.07440317342101598 0.07171921868175198
0.07300238730027962 0.0171018172190816
0.07252171592738367 0.014634618829955454
0.07247058838087571 0.09282884398866816
0.07147895844918019 0.006291314015370377
0.0713974229905667 0.021056943410558665
0.0713022756526881 0.022740077936006905
0.07014983842005136 0.014942847914201337
0.07014358329371502 0.06743605676352851
0.06994313252622233 0.0133379590583646
0.06860591629617807 0.017196443925214463
0.0685813334233146 0.0006163676238403343
0.06855538483529204 0.01652371225585842
0.06816715955150698 0.01672822998727787
0.06795710350557502 0.008250315457565586
0.06795326290327683 0.045150641249294056
0.06788844047823994 0.011196728959777169
0.06786160153447832 0.0014811294081059918
0.06784173452887686 0.005197353536782738
0.06749502396777286 0.00367904800387676
0.06725149658236194 0.045171768334627924
0.06695500057586398 0.009367176187577611
0.06648460602090543 0.03403042251997596
0.06645161758623412 0.011210514382957516
0.06614315459497204 0.0291078418187354
0.06573970271897138 0.0036751093115395175
0.0655789482357435 0.026942806022209276
0.065500544112992 0.005255528475327066
0.06504983547433205 0.000361099615293885
0.06495920782363737 0.014669644519283959
0.06475543708559223 0.005945795625510219
0.06449632847474758 0.014933816085221109
0.06440441056277002 0.001034940456629957
0.0640450992043419 0.0007722402412785581
0.06360877961987182 0.03544415652586692
0.06310063549065423 0.012930998577120984
0.06291161975809849 0.005912969416672723
0.06207234629321062 0.012657783864122177
0.06169907596768691 0.005232035910974567
0.06087680603379899 0.019940791946982846
0.06055404830569226 0.028979347640273583
0.059500749920984704 0.007632797162113317
0.059443355930058964 0.01623465600155302
0.0580675450423423 0.01905502380358523
0.05780048359294698 0.004773446114946314
0.05511486132301913 0.0053408290823625535
0.054660051766188114 0.00015949063080164855
0.054025518621654466 0.005199979331674234
0.05391343188857068 0.011129967370122147
0.05338825027410884 0.029067413631871524
0.052830415994724746 0.04127636011346331
0.052814823451209594 0.0014028082846182987
0.05273174118813416 0.036958342277132794
0.05227568286965216 0.011218255950654855
0.0519138890786973 0.00018331519220939332
0.05148212313565544 0.0021680614969614423
0.051209319646281885 0.005167537937605319
0.0507969566675029 0.017790050887301366
0.050491851373731376 0.00011779481881773797
0.05015424432278999 6.18004972953709e-05
0.04857995578644308 0.0018870146716138654
0.047560075923501116 0.005035395564229599
0.044190879262208375 0.007242364852449643
0.04412466471315575 0.0054759933834797785
0.04310473203250046 0.006301134337356816
0.04000984793810512 0.002019651267878645
0.038855935582188826 0.01040645146939482
0.03855082274302969 7.169250046419224e-05
0.03443149382618276 0.0005693183593405742
