0.1524050289223762 0.004679921035405856
0.14893935693498386 0.018194917523480642
0.14391648294150838 0.017962685583335726
0.14066416433443765 0.016258891786586016
0.1377727114356446 0.0033124251648455924
0.13749321518745278 0.06408186033282283
0.13295590197805052 0.006423207390954662
0.13063373348435375 0.013908744995597116
0.13035558031515818 0.015264590787673275
0.12718885658524007 0.0085394169841967
0.12700429640407349 0.010133983749770318
0.12554455062448042 0.0008855417817690397
0.1221801075573878 0.0037449041470174714
0.12075079987145074 0.024467337888252446
0.1203443751127281 0.027591867810603767
0.11915972662034482 0.04478318087223715
0.11914427366650063 0.03026043750451214
0.1190576978889575 0.0025310700953229946
0.1185668930604889 0.02000993033373793
0.11717683648094711 0.003745885047407972
0.11653316209931275 0.00150719872233046
0.1144119272779163 0.006253911528941813
0.11414295684545332 0.021554124091565513
0.11362495089461737 0.003701676621346855
0.11326497554207876 0.06361164686716714
0.11269245416569382 0.028471682643169807
0.11258205005404912 2.5993860348275776e-05
0.11239952712753974 0.03363266741162781
0.11197202055580895 0.0036045901188501168
0.11196725187083359 0.004304289003557318
0.11107905411262257 0.007145776345535775
0.10966353184986587 0.008767400871111983
0.10930353386116438 0.014063289624814353
0.10913350609655247 0.006929193539313159
0.10891059271011731 0.03520471119515801
0.1085125735132025 0.023200648396285207
0.10844729081952084 0.07064447630543053
0.10837685462609525 0.018770336328711373
0.10745589479484151 0.00619520841326414
0.10733503277595656 0.0008717261770382145
0.10700956248100071 0.006686586691191792
0.10689552903791116 0.013599867008015978
0.10649028890504474 0.019476705336073978
0.10646297460186309 0.0033616663644487413
0.10640578056370927 0.005642644587132084
0.10632376220028815 0.019217951358447442
0.10561497112349977 0.04371319963550345
0.10557559174551497 0.02227585550812089
0.10506666289598496 0.004071332706200957
0.10505991731945336 0.009693982016142058
0.10444281024762635 0.012955377724518742
0.10413056701716703 0.008737045776719786
0.10301642262669793 0.016958522762804643
0.10275849864170951 0.0028385899131326687
0.10234587911975146 0.0048734451370640785
0.10234197060896469 0.004753141476862944
0.10198242534352037 0.03485118714903384
0.10150105224957583 0.0018812990404922926
0.10133445763633067 0.029505400747005448
0.1009417579376874 0.0051191531394969535
0.10080677849856685 0.003944668284236804
0.10055763734476723 0.021573342193831713
0.10012624489841253 0.07899694122058536
0.10011652643915894 0.007475351331356482
0.09999704522620831 0.005014317523915257
0.09983202759897557 0.013267183322496144
0.09898007788288737 0.011970606550169101
0.0985385821625105 0.10401564321833841
0.0982441913191583 0.04600800100830524
0.09807639698928168 0.01843683019594104
0.09742911591236533 0.006437075813398822
0.09716883776643971 0.03304582488954156
0.09685847333749759 0.01186433731093975
0.09682614135154914 0.04394376404498451
0.09678792396325771 0.024300177370935844
0.0965123211350774 0.010030400668533416
0.0958541973361522 0.008764118627497614
0.09578142961795227 0.010874872905490942
0.09558556644613209 0.08586250450610548
0.09550511752333578 0.03821283842270734
0.09481780816509935 0.011692030839266825
0.0947555436264654 0.037295470195960356
0.093838560214487 0.035597312803762216
0.09349324555009256 0.0018059507997265792
0.0934547867093973 0.0035469735389896135
0.09336881456286371 0.04388954288955267
0.09334276788480209 0.004933906328057035
0.09292913728090307 0.028834042338196104
0.09279758344776165 0.04452533234112492
0.09238446593022073 0.015645436682366707
0.09230465081998443 0.0007581001848801056
0.09206348514089835 0.006265652152077348
0.0914348411714015 0.0014106554877423066
0.0907701604306352 0.06406224987040042
0.09061804541623135 0.01930534203785346
0.09054840148850578 2.5646772517790817e-05
0.09003546603814996 0.010502342027953911
0.08989210367338443 0.011917539839042998
0.0896054996700553 0.04933009181469108
0.08956464894148473 0.013227381402804663
0.08903844115430667 0.001872576572404453
0.08893791395505557 0.0012694284676730242
0.08835344823006937 0.002670056135269363
0.08830414666736527 0.01433373895325071
0.08810833631325841 0.00882417236755913
0.08781995914383875 0.01801812154617427
0.08769464534625844 0.05515689667744591
0.08752322168493697 0.0017133839844137644
0.0875169212862749 0.07354402540513902
0.08741151222123414 0.008963015045140734
0.08700867906701826 0.037189208502118626
0.08641020910261075 0.06269698743457545
0.08633041662853731 0.010209701714529375
0.08609048839302078 0.03513269047033238
0.08500408084743999 0.01903271963778276
0.08487551498779579 0.03475548145247142
0.0848435149989026 0.08101213316438104
0.08476990974267692 0.04040556579179608
0.08469676475509604 0.0010067433430968637
0.08468632948401862 0.07849523330700697
0.08391391569882482 0.01735607414568707
0.08387778083751629 0.019984781556803007
0.08368999877583631 0.028848288030021225
0.08321454881117288 0.007131010021964925
0.08298857954275192 0.002053250878947113
0.08289544682336766 0.01690624831737856
0.08285227211541038 0.0012898613773459214
0.08240526826207148 0.006145921941335275
0.08217461330793897 0.1173359536150616
0.08207447092345645 0.08341477321703698
0.0820016956598689 0.004002858313556369
0.08195174519382954 0.030179052953651038
0.08170528265263474 0.42533142511486494
0.08162720298155086 0.004809603612417704
0.0815431624542478 0.02237707688303297
0.0814507616374626 0.045748115222535815
0.08142273052245713 0.03435057331666024
0.08116380300091534 0.03410599712237025
0.08109786385851082 9.356280647855432e-07
0.0810859346006848 0.00011029847621802476
0.08093597756714006 0.02424889137128788
0.08041879406355462 0.004283516551441555
0.08027376416812525 0.017899794777529378
0.08010311768172855 0.041356578901937245
0.08009085642684728 0.012433244446655075
0.07975088389688727 0.08773459817370231
0.07959231003068136 0.05061426396977209
0.07954840342012501 0.0010214719397296167
0.07933404650325007 0.07227562311018222
0.07925204323060418 0.04428749417797891
0.07922779235479596 0.008922805674517814
0.07883345530703932 0.001738012129602958
0.0786753869818039 0.06694230923388843
0.07857085318172698 0.03130912565738435
0.0785673747580345 0.006344788177427918
0.07841316967126014 0.018419241897400594
0.07808596393715186 0.01996453728182059
0.07801641809946536 0.04904552506601912
0.07800428511617362 0.039621675472033414
0.07771216543449481 0.02669036753402004
0.07751145812382307 0.049872567457576206
0.07729970436567676 8.060737593632224e-05
0.07726080789249959 0.028171625213715558
0.0770654125347118 0.006044625112547002
0.07657599605756515 0.00015139065719239629
0.076483693330819 0.004421702780300285
0.07610034236743599 0.001121048420140704
0.0755675700930292 0.03535417023311988
0.07505944105458684 0.03722486800400714
0.07496740996179499 0.00037308923622085457
0.0746816963142049 0.04782600933744736
0.07441464241019721 0.022843464837165706
0.07390742636365678 0.03157216541517861
0.07380821960723903 0.0028940937844597853
0.07342497427928268 0.012822903354087777
0.07326277108163191 0.0072335820212608495
0.07286175636583227 0.056347619206862654
0.07282099618191314 0.01062338513614173
0.07263363666193984 0.04831830815266456
0.0724980385010345 0.004190783737601117
0.07229835736307898 0.06735644537875793
0.0722724012296688 0.005486953058996722
0.07225392257538929 0.023447714568489545
0.0717326871986523 0.01917291293974821
0.07132019594828379 0.00985908264263861
0.0710585973595248 0.012879788031349215
0.07101749763316281 0.00551946613424802
0.07099379002526317 0.008026466443065644
0.07077438524407095 0.00851385321094272
0.07074634658367787 0.02992357367425125
0.0707229860636087 0.010655905756780647
0.07070397923219585 0.03464611105893056
0.07055371283775871 0.008534233302902282
0.0700570980608233 0.012522702562268765
0.06982499439226793 0.008432664840159716
0.06944675165630312 0.014626620719079062
0.06870175780971764 0.006822765846943804
0.06842737733433166 0.023497423582125084
0.06811684690686191 0.003874013274570257
0.06766625144901624 0.019359887644952934
0.06730687972748715 0.013340358491627517
0.06681821024371482 0.017898685605549348
0.06669742367870604 0.0010316657584032076
0.06639051503729353 0.000996489161322319
0.06626317153044364 0.008849630505386442
0.06507083428807638 0.01584491409485651
0.06494653911782466 0.002170928744256753
0.06427429035327625 0.010412868821564983
0.06367597884200876 0.00959530343685766
0.06361005479037947 0.01438128244063953
0.06330626239405371 0.003590782059506911
0.06287057662214365 0.017398630131859574
0.0626007158339416 0.03910652922310516
0.06252232680196533 0.006637896304884847
0.06245512380713458 0.03141490067372464
0.06150109631463953 0.04319885319766284
0.061332509719062886 0.02544576339161431
0.06129904592497156 0.01188929745318419
0.06027262798365753 0.0017104978736494057
0.05977335723028016 0.0142249759634132
0.05945746203221313 0.005435127564133984
0.05942864996958907 0.0017922181942595656
0.05915500516949596 0.008934338799493818
0.05740688976587085 0.0013304404719621846
0.05737748916301249 0.003418683085993515
0.05682534033319949 0.0021878756848495618
0.05677928328717166 0.007450534551476808
0.05640875571004753 0.0056757914749433975
0.05525005580568683 0.01220042773896967
0.054842020106707474 0.004291133620243176
0.05429497573161889 0.025730507456895313
0.054030845665313645 0.016852826973034356
0.05204036486597098 0.004875999250773191
0.050166962073622215 0.000790794349434265
0.04835506550845168 0.012061117247355674
0.04553183045912416 0.0009376426832798798
0.0438372759895142 0.010190064843250307
0.042334306456944325 0.0028769846180331624
0.042000042012718265 0.0050093036138422736
0.04067779205901676 0.003716329764103416
0.030215021816431948 0.005214300477375548
0.029081593301554978 0.00030066671950450106
0.024952063020646835 0.0001667191121408788
