0.18044545493616843 0.03496522059212339
0.14418199004105414 0.0034844600025642244
0.1396599637869685 0.031014319817713094
0.13592676253614844 0.01047123239479979
0.1330732780278554 0.03774853299555752
0.13066255686505926 0.030982508463510385
0.12873315597849433 0.00696445313565786
0.1281369949026983 0.023328633261082726
0.12801826068312197 0.005465758065174281
0.12770275784521115 0.028995596632511614
0.12503224144129702 0.0005075027712699648
0.12410331368071735 0.001748462491455603
0.12383734631252681 0.015300340834213225
0.12374201033995774 0.01423318911783674
0.12333215997525596 0.0015463668294619258
0.12318350074838172 0.023527642859540135
0.12312235292711542 0.0066430422592411685
0.1220965650256676 0.005361646806804032
0.12060253300473271 0.04262698827000077
0.11906180257982235 0.046452069705860265
0.1189387825800783 0.011683934638351382
0.11841014517808685 0.01116373297971824
0.11562390516425645 0.011889961447294683
0.11554092099122007 0.0031915103282472994
0.115082485875638 0.010755006877771723
0.11476873356765484 0.0006585312498566376
0.1143131656993681 0.007772051063320169
0.11291071959335552 0.031339873111932745
0.11261031507607079 0.0008197988194426168
0.1103309289301751 0.009380931429207482
0.10974399586343742 0.0010618699450430185
0.10922592954950051 0.022835346000087405
0.10890589193363052 0.02861101577094666
0.10863315635274555 0.014474415160023789
0.10826088201838757 0.018966516406811566
0.10804850953845649 0.0007746245837662374
0.10762941607392114 0.012584288016016987
0.10760582164683578 0.03114866544427363
0.10692509186660334 0.003623302680145828
0.10640885908185792 0.00985879591790908
0.10575323280623469 0.07968283204594936
0.10527271234109112 0.0074554541442045505
0.10482680256895699 0.03228405764627851
0.10473010088122883 0.04980005628255533
0.10408619259257829 0.007016840761898231
0.10385314575057049 0.26567931547277707
0.10371926793804234 0.017213179594953935
0.1027557521206161 0.014743242230122008
0.1022137216556005 0.057813054208720634
0.10207383016913982 0.058494523436939755
0.10158718284924943 0.0027011733138111015
0.10106995407333827 0.010773410078175045
0.10023977280053158 0.002935389690899876
0.10009304519288788 0.06677786505611474
0.09954485014618736 0.06113790662697511
0.09944430785616101 0.009560224929815822
0.09936485492453043 0.004117714203896414
0.09892504937098028 0.024467617067594358
0.09892341956725452 0.03502948465847644
0.09867427086806727 0.02158366428409483
0.0983846788912409 0.004989334745507959
0.09824669638784789 0.03567222341204601
0.09750645613546252 0.024749867382267206
0.09736836799664285 0.010891004944220873
0.09733248213312574 0.0062175880329428
0.09697174469643759 0.000168103690769009
0.0968353769059951 0.008192993147822233
0.09664886246943515 0.024621165705645858
0.09655729164528806 0.03858339240868813
0.09652972079892737 0.012920125673561662
0.09643330583592874 0.01728581904156434
0.09608824771471336 0.016838068194851123
0.09548353016935714 0.006269341846623156
0.09535045216791663 0.0024079972778655993
0.09522243712156862 0.0024416044343216867
0.09517674225414652 0.04162507397498022
0.09462574032325165 0.028580668221942083
0.09454845291786779 0.010475352176439896
0.09443046569166576 0.016862545432287934
0.09419247662076737 0.051265966643833316
0.09412622811747046 0.003762439627844581
0.0940594891639783 0.025376013828462073
0.09347808686636551 0.0344262535544812
0.09335799447701772 0.027034120303177298
0.09320851280289298 0.004513696146154038
0.0921501061907672 0.0046873230606603285
0.09107295683579522 0.09027623935707986
0.09086907291693579 0.001482623394854601
0.09082481167316134 0.07228484357385292
0.09070975205735557 0.011999535566301262
0.09048282452470698 0.01015338294133938
0.09026069585858422 0.022510396336877292
0.0899396999784866 0.05215727310174346
0.089897423171656 0.007782561788273768
0.08980295491866314 0.029417496981241322
0.0896846507861811 0.03625090937011587
0.08946651363010892 0.002984917615232556
0.08921775729107788 0.00604899389197854
0.08911907871179348 0.022296243145468072
0.08907451565251426 0.0030736891005728943
0.08892317026764758 0.07820653168591968
0.08830687055229582 0.3469207152399687
0.08772389881405823 0.0021799077555236463
0.08751249968913002 0.004305307630885915
0.08734402627436767 0.016666063538682968
0.08713337414281379 0.01620802832864473
0.08710265686981587 0.06048432515139669
0.08621091277942382 0.060777297461876476
0.08614408328128022 0.00025765235103412856
0.08603931557418709 0.003277075023849461
0.08550357041705832 0.002669799592090309
0.08500577855965431 0.007457317854946502
0.0842987380127936 0.0036915129842237412
0.08313926847889573 0.03271053804529309
0.08310332225227768 0.02155711206506273
0.08303106007504824 0.04404959565173195
0.08288541145783408 0.01700174274308764
0.0828367889800157 0.029713110177387838
0.08256135969575065 0.0029437575257696114
0.08223747393219485 0.0009767881542484878
0.08194820640703612 0.02604602161288757
0.08181363441884701 0.025214331262557035
0.08177923499669089 0.026566509996250244
0.08173535856768502 0.06091294089510752
0.08156562507319026 0.012914964628430102
0.08152659278303594 0.05590189806941902
0.0815180664950262 0.004590711917583602
0.08143795711467275 0.018976634771608963
0.08106599214120716 0.008546343650031159
0.08090145741878205 0.016804355402968367
0.0802993581229297 0.03448331177565788
0.0800956854749236 0.011962902709409858
0.0799827310222636 0.007604075644140686
0.07997917714469494 0.051786409754870276
0.07987771431737904 0.04435873018249214
0.07938175598916651 0.014762482968551066
0.0791713679461793 0.024962058772895424
0.07897396551528478 0.0028328478731544284
0.07871251028889056 0.030541224013986856
0.0785347032296432 0.023947234319658353
0.0779642341986907 0.04265976543381874
0.07761472429877997 0.03951358024900021
0.07741081774375767 0.00023526518596784867
0.07728118798445915 0.12501281206817746
0.07574172518466883 0.03054651333070794
0.07559296032236794 0.01677559993075145
0.07537371399431572 3.734966871522935e-05
0.07521075625790304 0.06839571688788133
0.0744378972948397 0.016696999627921847
0.07399900473319147 0.017287629934592957
0.07336418109123448 0.007360533167954534
0.07300493764129493 0.04256185648407151
0.07234487467775158 0.0014238221891378774
0.07228814845363016 0.01025352532582191
0.07198723839537494 0.019874324627444977
0.07195127707798164 0.010358149670550267
0.07190391467989568 0.0069425186938487345
0.07170376572790776 0.02854634425366217
0.07153542058473494 0.011188753485063634
0.07144906362343276 0.006638341482754383
0.07143219213671614 0.0003192755317204474
0.07085716569164162 0.0046348901620942426
0.07048959967915805 0.06608624728154774
0.07037998028782576 0.004880017169680435
0.07034054054674 0.00423562597622225
0.07031181525607355 0.018733514837129487
0.07017655663761109 0.008981621971009776
0.06970590553947348 0.007464787788689548
0.06877605724160428 0.020801396222670306
0.06877253354558609 0.030857986931630096
0.0682865124928681 0.01381401265403758
0.06803991413469615 0.0789012581601858
0.06713367535468755 0.0013911732969094333
0.06693243232149484 0.013278161861482136
0.065615935725853 0.00011737604980487024
0.06541925010678233 0.014458622663736723
0.06524187313462927 0.016752473317698486
0.06524115632280544 0.010072488840673527
0.06508835467812825 0.000645779544780125
0.06470542625645191 0.019429335392600403
0.0645241860458378 0.009459282734245653
0.0643478050648505 0.029639716192015508
0.06388144729226823 0.041044056492136015
0.0637664404941758 0.005002267539887333
0.06280127223686094 0.02607962122395604
0.06279905389290089 0.00661400006229472
0.06247935581947377 0.07826441235434685
0.06232504509727272 0.0051932714820807305
0.062225649706164496 0.006299440397836297
0.06199511925092772 0.012849738525155597
0.06198372194292886 0.009515533598947074
0.06157366408006755 0.03152721376843701
0.061458864780134646 0.008247153940153124
0.06134261676577885 0.004622836405372509
0.06067316356734337 0.00013021829953281373
0.06023209416136699 0.027109698678265397
0.05989396647867987 0.0036152819331065774
0.0596960283252644 0.009213604913363255
0.05852231309954141 0.016205628895381814
0.058415066732615366 0.03608726877612364
0.0579668254357069 0.005361416672481646
0.05745135473511102 0.022479448929556986
0.057366095627707434 0.006845228465886277
0.05700812734827553 0.00984067189684767
0.05594674408073396 0.02994278045843602
0.055549339832910105 0.01166742533024049
0.054788953395581375 0.004217690589851321
0.05422883286374865 0.010383241857078044
0.053931808680117335 0.004910323219053106
0.053913582796323065 0.004727973836458975
0.05311652577516483 0.002267592705046814
0.05156515258101754 0.0012856963233801018
0.05103744326170326 0.005198440072599909
0.0478248096208159 0.0013465008295097333
0.04751877247167341 0.00453684916806367
0.04701903767695745 0.008614795406512889
0.04598980153336764 0.007564394450651112
0.04576294190920762 0.007262956215262545
0.04499774528727162 0.004783104211098939
0.04498293369137506 0.005561210991251455
0.044786274481161036 0.003542004901242345
0.04371102656386911 0.011163344392255848
0.04277284815806826 0.01521758302280542
0.041786643360070964 0.0001252383437041165
0.040622876727923946 6.716526789264929e-05
0.036801092626454056 0.005055711520394398
0.034505216035916525 0.0018814725844075349
0.02690594114464858 0.00016620225308896095
