0.1900201745556008 0.012418153671416599
0.1616662678677797 0.06139454035068064
0.1595743091503459 0.0018678003420414752
0.15746520731224117 0.022739655394300225
0.15679243037055943 0.002561900549135202
0.15415288778282227 0.004971580448439892
0.15274215684120376 0.035250043883974395
0.1498664738025349 0.008410451219008679
0.14781206093389443 0.023136935143228357
0.14593134288824883 0.00467889486268964
0.1435749485163112 0.020003577117362527
0.13817726493823768 0.0038781481469855996
0.137969283873901 0.026612370862199974
0.13768461148980238 0.036963888137032934
0.13720336666744737 0.012721116075104254
0.13684464384925354 0.035560762946134625
0.13588316528648448 0.002553223353373078
0.13353270158921557 0.013492752685373272
0.13292126864887824 0.0267394955528089
0.13204630550055135 0.013371453034006399
0.13041769394603975 0.025518289657410428
0.12825358623219077 0.0016544167801694175
0.12813850398022214 0.028973035923530094
0.12699933153902004 0.018712319843307047
0.12684653743973046 0.01933694212120283
0.12669899493022388 0.00194471802343199
0.1264715618566048 0.0024964216753754526
0.12614351103908317 0.005104447179027058
0.12611568364954343 0.009738069716001269
0.12521480209474448 0.005324749861345957
0.12514075166064928 0.002709503421742741
0.12293777010978599 0.01783862432010021
0.12226312945736229 0.003108420519784248
0.12135600786700222 0.01818493497566039
0.12119380466935145 0.010061804571804686
0.12074832498431164 0.006620474004872027
0.11972776603648394 0.006902233869349622
0.1193477803159791 0.015003746737676208
0.11910860661922448 0.03973814607532398
0.11826553782436414 0.005627576448056465
0.11793837736258159 0.005552462114306949
0.11709103787832875 0.028354336774915414
0.11700837061157238 0.03329291369790876
0.11682234662520768 0.022735135707116303
0.11614465009079818 0.04258582818053783
0.1146411335176259 0.035965210813301035
0.1128754524516232 0.015610365720712487
0.11080485472653946 0.044673938750285816
0.11067573805359905 0.030412280884961694
0.11035029794019369 0.026061527384445105
0.11001766707238719 0.0029201781894594918
0.10951795114114028 0.0006224416608738211
0.10940516268700791 0.0758628663828957
0.10939012472948276 0.03418856629908758
0.10848991471418193 0.021525670434853365
0.10810921972724087 0.01086439236208782
0.10726316295888332 0.002614190085336523
0.10699647877886896 0.006498321724704178
0.10687066698570577 0.03078344604733964
0.10635195176843362 0.0024547334087791613
0.10591374583705875 0.03316630963904556
0.10523622284656448 0.028934682718261506
0.10500205174180142 0.001201142709718918
0.10471030932950358 0.02270358089609265
0.10470147368060145 0.03259385617114919
0.10442046835488578 0.0289482115982628
0.10430193031538755 0.015883048483884138
0.10320454423082077 0.0024078161885627376
0.10309870507868572 0.07719581192354748
0.10262772952888048 0.11149298653202637
0.1024102186399807 0.04969356822708502
0.10207212491153787 0.009918298844674394
0.10205165427492688 0.04452103147018196
0.10138901078881776 0.051160738668095423
0.1006256741049299 0.05789480093818746
0.1005679820711932 0.03286012535484449
0.1003953662386279 0.0021553777003735027
0.09960073128689544 0.0320620270701948
0.09913753503172563 0.030928740031335694
0.09870814965847764 0.048236825511764406
0.09851688162771757 0.06677589570994613
0.09835643650538209 0.00014436590131888547
0.09807909069266176 0.04207357181506774
0.09745565304062219 0.010781038465058094
0.09720340318712344 0.004255251529419889
0.09713846758127227 0.0009502661167668653
0.09663915155556918 0.10330667859763477
0.09631940066442872 0.001892337942579238
0.09594837131902792 0.007719595528591224
0.09590148428036198 0.008748952398382946
0.09583242134748308 0.004588787843740697
0.09570147114535121 0.0065462273906987225
0.09569763054305301 0.014188294061502273
0.09560288311071824 0.18175536440841866
0.09524134586294244 8.985802115750834e-05
0.09501289416199477 0.011091561347140226
0.09444272694654703 0.001211653434672517
0.09419984091908375 0.006157473929780329
0.09348889186143626 0.007411298535856769
0.09348766196325432 0.08101732439106307
0.09340000719528163 0.040232157693530744
0.09334629158082028 0.007568114326747397
0.0927457541802051 0.01578743333197315
0.09237387975139094 0.056931941569484085
0.09221847494798512 0.0019853725719244457
0.092149872283751 0.014483145173499247
0.09179812894910497 0.022370995300611863
0.0916390948142543 0.055797477450156376
0.09128130762412524 0.013933380686173929
0.09096022119937619 0.30864435219889497
0.0909253615085753 0.06153147404519458
0.09031204222133314 0.006261615369701055
0.09007310243159472 0.024756703503450234
0.08940006894673391 0.00021631871765594144
0.08920929136616909 0.05794986717703266
0.08903343856231512 0.027752969381662124
0.08884955746603429 0.0001846733619808562
0.08848915202640137 0.0005909547583387399
0.0883418886962367 0.0023568169136443063
0.08828414384478667 0.07462961804885693
0.08800665466970156 0.015043443021941022
0.08791443494221923 0.07544883587345286
0.08777553944692429 0.017895177000306402
0.08683681777321486 0.00020758115879286355
0.08682494887848981 0.08349316224901325
0.08681593968567243 0.01007147021334493
0.08681556241629147 0.046549329752272245
0.08679967182996536 0.025964327701134077
0.08674926109528122 0.036883891937493765
0.08647492589222096 0.019690896254421296
0.08576944724059742 0.029653418615932042
0.08424545248542653 0.003174133300560194
0.08391647358522775 0.02460081579523677
0.083811381426467 0.005264416941942528
0.08334275249221135 0.010717551573629825
0.08316089355981247 0.0023777553642876925
0.08309224562325264 0.03232070559394515
0.08241433781798979 0.03020894777939846
0.08228168235825598 0.01957693826520794
0.08218522212293163 0.014991115758801604
0.08178244933181669 0.00351728998409553
0.08127045705491327 0.02417864381255277
0.08100126026082172 0.006742347105697963
0.08099416005107202 0.02567357373461435
0.08093070334119422 0.004075626031756303
0.0809253612067598 0.007643062661969291
0.08080254493248146 0.007175972986787966
0.08060210171037639 0.02019069518493202
0.08008240559271373 0.029500269883424364
0.07967712773290922 0.01262634600660662
0.07941510660244355 0.054329046929413566
0.07914086194403472 0.033073742823732745
0.07879204621978494 0.0020450943149307164
0.07720902389726876 0.01083941712906814
0.0767244666497489 0.008384472449435642
0.07656212008973337 0.043051506868234356
0.07609943692092168 0.0019652490231439374
0.07584484799726096 0.08770686132881399
0.07576704750551899 0.027735509354711207
0.07455898567535324 0.0008805618259403425
0.07441795483536205 0.019603226395673367
0.0743686759088208 0.01249440735869662
0.07428834016683879 0.0128965689734144
0.07375196874253762 0.05954323422597482
0.07350026970233506 0.028913540542152397
0.07315755065128164 0.012510463943550359
0.07282807375549999 0.007756122750055956
0.07274038880597682 0.013225147968069369
0.07259030350084254 0.025098705742679826
0.07244740895010941 0.013920010259312637
0.07235478177169564 0.02356255536805435
0.07221139677076727 0.03932796371356694
0.07110749147129747 0.0007522826910256729
0.07058130632028227 0.003049423133989424
0.07049688852359823 0.03253943129025162
0.07028564785181003 0.0008602420970817338
0.0694210143391339 0.010809937299639777
0.06869177526189739 0.015658995743918477
0.0660599893326328 0.04479544212711841
0.06577306087763603 0.0020218771572263206
0.06576549285385393 0.004597608401867586
0.06522691817636794 0.0015062630942656743
0.0645891367424642 0.015877638440961146
0.06416119253825149 0.01766043244608428
0.06301338817361297 0.0371904157641377
0.06023375037394941 0.010409299853221084
0.0592748787426028 0.004491003392889178
0.059190879714931637 0.018608570763542522
0.05877663038924783 0.034119224186866776
0.05829102056015509 0.0014368417554748729
0.058269874611352176 0.004373861250100504
0.05585028007271581 0.011557579577279618
0.05532880701626882 0.007235008099520886
0.05261867732735368 0.0023866098766588684
0.05253185255201911 0.00628118055979774
0.04187969685288522 0.0062586500323666945
0.036039227293151954 0.0019561907853070416
0.03022074499294114 0.0003880687169919473
0.029072772743428087 0.006334977287176004
0.02788916928723009 2.981748552432476e-05
0.026583837978917824 0.0007771371978434437
0.024709991895046433 0.004706094098710089
0.023347110029015336 0.0007710405246470992
0.02289288523972481 0.005603427434981093
0.020612984121124115 0.0014792392885073725
0.020286104725030382 0.001844237982853499
0.017967324110374654 0.000522972702236308
0.015909266819514087 0.0012772794434908416
0.0157911183106517 0.0011689833245122723
0.01566140366574247 0.0009197289898983558
0.015141466095675998 0.0026240490774345105
0.014970491384917869 0.0003236858107838921
0.014205911598419742 0.0016935273537202866
0.012838561919744602 0.0015156589881985308
0.012393902795608367 0.000302910529147772
0.012067398782548689 0.0002495919907098773
0.01199416985253053 0.009015403614554558
0.011809461593131934 0.009382676300094431
0.010821084666673749 0.0012260311707809753
0.009817400035083034 0.0007160186149541615
0.008916126120127883 0.00010965051605622268
0.008343863173268901 0.0015537990362668754
