-0.4120413717208998 -0.1295864054362817
-0.28556377037314373 -0.3021879222493007
0.38324043917535733 0.1792449679975262
0.3665563923320479 -0.05790692124035558
-0.23309262377828477 -0.2967045428041833
-0.38355888687604545 -0.18943178609608477
0.34769904033124804 0.10362373028932118
0.1202032396701501 -0.42194023970676153
0.27423306849360696 -0.31170035030081034
0.3711787274867558 0.055441809360534576
0.36787656536445856 -0.17086793380977172
0.2499157979007617 -0.3030207514446454
0.3722302316410886 0.1015928068469207
0.40192464919428206 0.06978155131570475
0.31662834115169836 0.259734832468829
0.37171041478010935 -0.14759653075039675
0.2980310255860507 0.30702865157412235
-0.31715047198453133 0.17927184520371997
0.04378522774210072 0.3799352827439282
0.3973462598141091 0.04557133651697219
-0.017917792548786282 0.35214031366399856
0.11332814154303153 0.40661862503428814
-0.008405587480883742 -0.41189090330249883
0.32426692280124175 -0.25755651531986606
0.29912469407296344 0.316669102727027
0.22212477901894567 0.315711947051651
0.08935869592173604 -0.37117314015341735
-0.38046189081831194 0.0846288407929278
0.28593015585818665 -0.28333918465192204
-0.16484884691781712 -0.34426553142683425
-0.3020301917033415 0.20557794946303373
0.039589486866994365 -0.3916772177922477
0.35770174314843534 -0.2610171676843405
0.38859215293362226 0.04611374120218489
0.3825589724863092 -0.11684561436524103
0.43054087489629606 -0.005476051815175099
0.3689584049386163 0.06766413314769851
-0.3047212659051605 0.2535373972070146
0.2069730325455979 -0.3823457134283106
0.2939480054688624 0.21582012276480864
0.13135400695162738 -0.3681598306720479
0.1449710169461472 0.3985381394349255
0.2699376093333038 -0.3864557212169315
0.3949614482862421 -0.11991667719328078
0.3702193247309518 0.23022897693853303
0.3684101356797786 0.05332488741008475
0.030990939580045458 0.35900829763997694
-0.2402442793213364 0.2847310089042916
0.13499756889701095 0.36482582318579587
0.22824435713918168 0.3635210863568913
-0.32612097036947024 0.12922718254776788
0.19651897792626596 0.341734816714985
-0.23125680923779723 0.3341560807816895
0.2878853938961614 -0.2927056190064538
-0.12391429761471894 -0.32645823445844446
-0.06209457736372667 0.4123140184699586
0.2951861398376294 0.23947838097958657
-0.15883768159771072 -0.39737065701246044
0.02575401853349253 -0.3598246604014832
-0.25853956614310447 -0.2984466273924492
0.32617534033654416 0.24489466946447547
0.3954698316590185 0.04069591562263261
-0.06464893897752813 -0.4483921923513836
0.21324525359577245 -0.31304907317972647
0.3952195885877422 0.1722748195296251
0.3591552050801037 0.1660063619298812
-0.1528296128966506 -0.39302744156126457
0.1857904061583286 -0.3651912784336
0.4166741475857431 0.023651171580598616
0.14588119325403864 0.3401470270380295
-0.09819476492331901 0.3950341864842671
-0.34043687715265464 0.12743283405085645
-0.41213931324523045 0.0597714707550783
0.35163996695305216 0.10319782781019325
-0.11382205939068449 0.39271501289284094
0.2863867411798964 -0.2741998535056211
0.4352860609081579 0.07032264404422714
0.1721655106476712 0.3653015235986075
-0.030634221892495317 0.3868847453719266
-0.008805691212974077 0.3770257453405404
-0.17672044909750023 -0.3673456510703868
-0.14789693189516956 -0.3530769134160815
0.15210110829193654 -0.3627065820402346
-0.3707701310771552 -0.012095848347637453
0.022303056768261484 0.40841200531521565
-0.38693480431425425 -0.08205561308655542
0.27540916213601485 0.272823336347511
0.1201234572387082 0.36203407410185784
-0.2017049361133363 0.31626086960245386
0.09388955161265777 -0.4103592061502861
0.1017450719329985 0.4257889539297636
0.40687955613855 -0.02040265676524871
-0.36781107402507973 -0.14602677704727604
-0.2972732994612917 0.24543546928178928
-0.3959493666848104 0.06901808448253197
0.39078532072026334 0.06512397079427178
0.02501342526769374 -0.4434525850105431
-0.3140095067729951 -0.1791876096615155
-0.3870674822724409 0.24339243265133687
-0.03855913584509152 -0.3695459264369884
0.3307783684575399 -0.17704059755105458
0.3052884411824566 0.31674940587306477
-0.3618626485311722 -0.21241624529131922
0.3177571786715218 -0.16253891140103377
0.4174488906334062 -0.09359947438782558
0.29177925391818915 -0.25443843855149667
-0.08507805716269537 -0.3851239197654429
-0.35090677003214593 -0.1410083139006717
0.2869272545728112 -0.2461258682981285
0.05691047099501374 -0.39014145454778604
-0.31112884769572036 0.24166742922703266
-0.2894032491225827 -0.2617083616571853
0.34312373461036905 0.130502540389772
0.29910939008455995 -0.2190935907456455
0.1886449584554947 0.35835191689538365
0.42539122865386214 0.02397464891421726
0.22731838717362873 0.342419574750816
0.31022158566866403 -0.19520007746806367
0.1630158443445585 0.38951161609361207
-0.3119629576420742 0.2640565969380797
-0.06442901716653765 -0.4088406888114152
0.40754576623660804 -0.009298866002521753
0.17150634427975014 -0.3650921979654125
0.4003640069487718 -0.18142581036561334
-0.3118216214491288 0.21161508289783654
0.3928937433535068 -0.1199624923503607
0.012492288923427148 0.36578060948910435
-0.35598384302938385 0.1763927724592682
0.1387596619869513 0.34873983411297904
-0.28760717597785 -0.3268458977923299
-0.23415547709740195 -0.3286983524734253
-0.14513135088521747 0.4084997984577627
-0.10734088834459193 -0.3736378232110872
-0.32339340526922217 -0.2696676931638126
0.34137858871260385 -0.18746288821415866
0.26817064096422377 0.38354139116348557
-0.12759084565038112 0.41491755610050285
0.031336472958261266 0.4138273522977249
-0.1316970321405617 -0.36176804170720916
0.12996446412127075 0.3880114957270643
0.3574894277272793 -0.26863822791087005
-0.2310668761263534 -0.31788948327596356
0.3972158400335668 -0.12352959443089873
0.3943292355079687 -0.15552135492757413
-0.2564064652282487 0.31575237976992926
-0.20380971241942555 -0.32398203263127046
0.08780925357370192 -0.3561385236816587
-0.17346630389250314 0.38870453232360747
-0.2045666704625969 -0.31361320820415006
-0.26203638776647936 -0.3542350770660513
-0.03758366140996244 -0.38211809828081095
0.04721148612293974 0.40231338439251074
0.41602544144814874 -0.05953084258196582
0.32689940934776857 -0.2054823879774548
0.28477802333042646 -0.3099495933311767
0.32611848580862857 0.22672002312190348
-0.05554308932669011 0.38391399399082965
-0.004561563430878416 0.38856687898838504
0.3661729546898298 0.004705878585071401
0.35056198676440936 0.1476508035732345
0.14877945783242896 0.34310458891224893
0.30471212142024195 -0.2716484538298132
-0.144569670386403 -0.3332831354262708
0.3696941732081146 -0.1350339966317475
0.221454501850633 0.30357449415904164
-0.16417714532533248 0.35841997580193163
-0.05560685579457869 0.4085227220123521
-0.07238559721509015 0.3787917821976692
0.0025077770174776887 -0.39180468168741855
-0.1424054616926278 -0.4078379756110665
-0.4255352025773784 -0.03855438164587138
-0.0792797004195273 -0.3485413803156889
0.3753294249640563 -0.18599627956150724
0.3173542289753271 -0.1969967343668968
0.016563565603042726 -0.40294873364060707
0.3766533664484032 0.17254315192161468
-0.2618552859599391 -0.34803175434070555
-0.17358328624904087 0.30302063194511536
0.23693583112034192 0.3197918251989807
-0.25288407288432346 0.31770087414322246
0.4065994325140519 0.023758644026302334
0.26098991702012997 0.26989766259281084
-0.29344732897136827 -0.24433591943655536
-0.3907359480477635 -0.03400123681745759
-0.06009400069095662 -0.4027730153153596
0.26623807519607773 -0.3317543577236627
-0.1515197635235107 0.35362288410961734
-0.23727111228792339 0.29969143393954384
-0.25566664296365166 -0.29465182719994315
-0.29596668596815057 -0.28671421341720194
-0.23437526086426633 0.3350883676919312
-0.2953684950136384 -0.35540155914168226
0.0982042889266884 -0.34871468861711025
-0.17158828528157255 0.3258082956578913
0.1645848483603145 0.3920217443341046
-0.051961365706927096 0.39041685022171607
0.31787933156603077 0.0818445503398757
0.017316414317991406 0.41055383631699016
-0.08105742978460558 0.3729222896085176
-0.26744775360027756 0.2697999740659942
-0.12655997921911394 0.39794377979853557
0.0403114034991975 0.3874040610743658
-0.3506928128250951 0.20546680351863283
0.35235201242651126 -0.14058066432632157
0.3103989449145317 -0.2909052095491158
-0.15513688944903162 -0.42214636216406953
-0.3550472282590297 -0.21398327302934234
-0.3474404087679429 0.0834379905480971
-0.37359198440195396 0.05072241510378962
0.34668788275745055 -0.18509572107415836
-0.12371076855414795 -0.38854833421682655
-0.36452238715303037 -0.08497816870452221
0.3685380527767848 -0.19428279899896642
-0.11608878402222092 0.39328354011592187
-0.15932472069321957 -0.37333976942518965
0.1826856683886132 -0.32033503103439753
0.24404138627360877 0.34518411298044777
0.2633299271399086 0.2710275205842494
-0.3436942710779145 0.12702606324874557
0.003131861086622124 -0.43127543532599627
-0.20797252363671254 -0.322832591361626
0.22469925943168859 -0.2875220092673975
-0.24805800033015207 0.3293181372261622
-0.3800619106773057 0.04533453282125707
-0.147025663725203 0.3730555836397875
-0.39004888709020297 0.14249875165279424
0.42840174776004036 -0.013469352396017029
-0.3963655290081053 -0.05918515610954418
0.2588685773235101 0.2632981932734855
0.3905270152537215 0.07248725415647934
0.3516743937994604 0.21682930142422105
-0.4084471837767598 0.0855541470464683
-0.3382534291098453 0.17148477128853826
0.22533270059577679 -0.3599822260731579
-0.38443376388274975 -0.23110370729228652
-0.15964026990418975 0.3864958325150459
-0.4063837727849705 -0.10862563997758704
-0.16050515793020811 -0.3609995618832692
-0.10185386751013795 -0.3613003654533685
0.3816153918155431 -0.14757895163547913
0.12188764729921818 0.4198860339149384
0.15371734196662384 -0.3321236053154585
-0.0027426455592027277 -0.4352553100289735
0.35129102089540537 0.22047493251282063
-0.02871947257542282 -0.4137775132007186
0.09211805951954524 0.3873823079661646
0.11320424475173958 0.38810074949157025
0.11549433664467959 -0.38541443692665833
0.38069037411715134 0.013352726682709858
0.049045377890672086 -0.38514385721466887
0.162906631825253 -0.32626089856513807
0.3941352608412827 0.10622581360103128
-0.42404746834109974 0.017874374348154656
0.101372583470167 0.3517458521163929
-0.24581158230212968 -0.290745817163238
-0.3087869260735745 0.26092740970136186
0.352787271067405 0.09089434027946158
-0.284908732913651 -0.2870048056536851
-0.24367481812586964 0.24956376282821555
0.22078900869293935 -0.36330176511944084
-0.017019480290014016 0.37485419914540313
-0.2543971375118732 0.2928899873920852
-0.14718639344744058 -0.38760548213413726
-0.24605891984163 -0.3597033078020029
0.026367583719574872 0.43708863716449786
-0.3405826305914304 -0.12151466398635599
-0.02727402469839715 0.3647052228625174
0.3447987787843696 -0.13421278466014266
-0.1957827842375595 0.3588024779439629
0.24864821148613714 0.26574444306002026
0.1893199820786725 -0.3363125774540288
-0.21594379646345058 -0.2859719870672939
-0.4137755551894588 -0.03898538255127089
-0.4159824100562419 -0.10489767262436808
0.16759287710961163 0.3754696506716134
-0.20247752748862294 -0.348889777901626
-0.22109609758745477 0.39193993157859236
0.31572536129147183 -0.24721327299680557
0.20042870041543692 -0.3526796948157205
0.3608958606771662 0.08219705786294688
-0.0023166780012200327 0.40434997795838007
-0.00407430796886608 -0.4212981418270398
0.29097519668885163 -0.25899132971470623
0.24162851696591248 -0.2914471746412481
0.31858294041252094 -0.20392738671888727
-0.3125076687943217 -0.26297599208012845
0.21951459686601235 -0.31650067515326363
-0.12538580578044287 0.2956761502197042
0.22193335444074597 -0.32320865181602454
0.28928161961433385 -0.2227153992706105
-0.35983521401655116 -0.07142954987498311
0.007167542731244644 0.38988908878365147
0.3415368831379643 0.0677211946009526
-0.1313276089545643 -0.41790981343916445
0.39021934614149667 -0.1350864303096193
0.05978125747352435 -0.38784718794893985
0.428515409293429 0.08826261098783872
-0.42791591064936396 -0.10053876763136034
-0.44222336709161497 0.054329495862874645
0.26300751173505216 -0.3174867213581959
0.04616422490731547 0.41045873455774456
0.17842311295131513 -0.3592922525115049
-0.3918964720882934 -0.028776481027243797
0.42713425586197695 0.10055535738313852
-0.21832006641016255 -0.3353182442385571
-0.4719690692470274 -0.015043540227774727
-0.1571303019345354 0.38953801504230684
-0.3516492685048276 -0.10825245972524603
0.34239638371057163 0.20917443627658727
-0.43191705199361996 0.004135824473563719
0.38481238665086764 -0.004259739239912304
0.03805269997354542 -0.4268053995646464
-0.15327988104383033 0.38901457186786803
-0.10833158066994192 -0.38681350436858153
0.4023101422910807 -0.06422694901772219
-0.17192689203912226 -0.3561793373597304
0.4195606040197783 0.09372682234240326
-0.3058266116294457 -0.221173537266145
0.1628077780059953 0.3017933523819961
0.38300413482742596 0.03992337115261639
-0.3608711109760108 0.13157592803527646
0.31351473343475383 0.2219382986442448
-0.33026619485094655 -0.04898266724273155
0.03160859866078474 0.4299416631111843
-0.34891865943073025 -0.153108495029207
0.11458356162816559 -0.3627292520162152
0.4124106435045072 -0.004195185747427339
-0.3951206252341513 0.10345471272139843
-0.16385384432489786 0.342480964661244
0.3377167335691178 -0.3014247915421182
-0.30224222821737307 0.2319173446671779
0.2740717760088113 0.3244797979621323
-0.028614532674738104 0.4142837027258061
-0.3881533824092267 0.07917816770441297
0.23226963243195614 -0.29974075209938955
0.09403924644597413 0.36612079748469456
0.42080828585199065 0.05559447886152154
-0.41053577901756094 0.013025857184377536
-0.12551210099230525 -0.390169181947446
-0.3773815828373143 -0.18603312950474676
-0.18985477514992222 -0.3382179472448272
0.3917205432604989 -0.04821315085757927
-0.4006321246645272 0.1152801869094866
0.3072871883509056 -0.2611938649537535
0.07523613506160969 -0.4146542673974085
0.4030289040761847 0.014479638160141422
0.08217581403065077 0.3632631308935558
0.38225344698647445 0.19113696743074152
0.3331281699806325 -0.2641784794634778
0.22312308534232483 0.35917307303046114
0.4409303210802444 -0.04754974647960722
0.37723583216371226 -0.17753661802075196
0.33698087614881145 0.21055775590110487
0.29778150743853804 -0.26987373353942257
0.21078726552970584 -0.4068496319687346
0.3942018515816573 -0.0005477151831256681
-0.22410137286071588 -0.3437553266866125
0.08183726319743911 0.3719361545387333
0.28830784190431363 0.280181499747266
0.3522495215830867 0.19066078209626966
0.13781926890316115 -0.32192803037928563
0.35633840699771524 -0.17076722996818056
-0.1565655881581769 0.3343714233057771
0.12462800940784813 -0.3800352985082765
-0.3580566176339029 0.08744535079811123
-0.3782560048144237 0.05501592987526076
-0.3322376912128022 -0.2106286571217165
-0.2157628315881999 -0.34562537102156893
0.13399993836959925 -0.4044400331131196
-0.3061258523288342 -0.271883512737628
0.022802192543320398 -0.40395597521467147
0.12059871174211287 -0.36645639358599846
-0.21581770843776515 0.3547815000503862
-0.3537837090831372 -0.16528155675613868
-0.3768239901849179 -0.13624896965229671
-0.3754554228545321 0.06928148540853
0.18723096806426212 0.36320560141756875
-0.3465080852458523 0.10845502061591747
0.04988454038539169 0.4060234440513597
0.0885209536655419 -0.3863148597168135
0.21596478524996074 0.3386214243600707
-0.32770999684398 -0.1814026524444985
0.4286567455138708 0.0842426966410145
0.35979818800708385 0.026630837550354246
-0.022289401431606293 0.4048206434417985
0.33451343597220856 0.20986887220462788
0.096516155355055 0.3803822114030207
0.27490339610653447 0.3274181257151707
-0.3400070140737815 0.14652673590825677
-0.3799157788195635 -0.049478385887907414
-0.08669473502891059 0.36437097191349443
0.1966440872711734 -0.33844490777780356
-0.3746805505332216 -0.186899263691336
-0.3381197126638439 -0.16094885696544925
0.08104263009253354 -0.4109900717787306
-0.4038937768232571 -0.13734365604625606
0.32546746246914254 -0.30635167022369986
-0.03136125620719017 0.4199898964158863
-0.3839570589404811 -0.05754405965065389
0.2539633040908019 -0.278464869120591
0.09449828294618337 0.3347835614546121
-0.2149312714805882 0.37179250515851603
-0.2814835068510249 0.2573807407560078
0.35002775812794906 -0.13708490409028432
-0.4307309291577926 0.07918797815905604
0.0280964584148934 0.4110387153703691
0.1845966443682799 0.35242091448279333
-0.2778091429768646 -0.29788730521622697
0.06102872111906614 0.44103798202031047
0.36405566346139345 -0.17173952177389043
-0.28598119632828045 0.28662852546057815
-0.07774789428388686 -0.41021625878012913
0.3134415418818151 -0.24945799905158828
0.272529450312212 -0.2754277155136801
-0.3748295941161095 -0.09632628562395994
-0.3770372358219834 0.20487310813884033
-0.33147767111087667 -0.17461740445158325
0.35837561802982165 0.06742818692637909
-0.21550495030619796 -0.36565944844758164
-0.3925535085441589 -0.034144319249329334
0.26911515081714243 0.26740983592437945
0.4315360865951925 0.07822372169278571
-0.03928455061224713 -0.39127479102979645
-0.3257847309398334 0.22909860023727643
-0.2886787455867595 0.26065775150261794
0.4128788398664644 0.020755284134543597
0.45913593768688943 -0.06370150452576533
-0.20665691271202208 0.38836021181953173
0.3625279635356493 0.13022703349327752
-0.1837549652001059 0.333157911570407
0.11699306498885952 -0.4070116180643767
0.3132191712659951 -0.2920764039446939
0.036504609312149154 0.41863654168619374
-0.11669344016631869 -0.2927026344441883
0.4135859076834001 0.007080999392950843
-0.1925949488377177 -0.3293571795879078
0.2049777680949657 -0.3628480161183168
0.0015097518400449816 -0.3994413143948086
0.3891210766879886 -0.20062758924312513
0.4152597997305234 0.08821926214708009
-0.26238837500312695 -0.32243143083995107
0.3847870415850801 -0.029232105009652218
-0.1861156634810538 0.3051305438385437
-0.14911884277378568 -0.36877067001362385
0.3891614131362348 -0.14546976018655483
-0.3086195447897299 0.33229829163944585
-0.3348850019624469 -0.20864498900227565
0.1457755872966243 -0.35957129737808435
-0.33017388998487535 0.19116878852091457
-0.12495487278559116 0.41086059124781926
-0.19941485051007277 0.3234125709051259
0.2657744659227629 0.32512487797001927
0.4123307796148785 0.1414448489473463
0.381748779208288 0.0027138786017141168
0.28169563534297537 0.24032125315754996
0.11488811677123424 -0.4100355626546939
-0.18890320619323792 0.36690855970870284
-0.3430224697014428 -0.04292778746713709
-0.38660629184155526 0.17206789424519617
-0.29747507232211223 -0.29348796570587127
0.2636061056802267 -0.29546506161769237
-0.20407856286871817 -0.3252525359451449
0.18627252672923642 -0.371581993924179
0.030415650853213905 -0.3241974561654356
0.16009909732149263 -0.33000235361077457
-0.2511132649030993 0.3154077834050463
-0.04746903427507437 0.4039323539889212
0.26428457399217287 -0.3280927661994914
-0.35817716300590086 0.19577102646840644
0.3988955074819517 -0.08562084226556574
-0.07537740032305493 0.4010923228799256
0.41777913677158535 -0.09393601869190561
0.3816196417548671 -0.1842091121607789
-0.29634968718654064 -0.22357864146506823
-0.2876253547137846 -0.2675161538229912
-0.31138720094381245 0.1896003771202006
0.3641775295154014 -0.09706712794871183
0.12437601036772947 0.3397569078528524
0.14543477541320532 0.36108758360262894
0.3354313168171233 0.2313749404217652
0.33261471990449254 -0.23518429831300733
-0.14953836585091546 -0.36070311701416685
-0.3104581716251741 -0.18767472570356614
-0.38336200581492497 -0.08088500547978433
-0.3623569188716879 -0.08712809026960927
0.11201256321723661 -0.3881541348829343
0.34730099057023206 0.12456033342681086
0.13526679789094442 -0.40327159399066814
0.3592184539460908 -0.11543163978937698
-0.3994923363727579 0.09959814844250427
0.30693328115145757 -0.11527801245187144
0.1847428977763403 -0.3576003680859348
-0.34770969310227307 0.11496671046309415
-0.29735881404059644 0.2327891563553371
0.36663032391184663 -0.04363250152774043
0.33687356212579156 0.19583238250637433
-0.38676780915049036 0.00041933252491681977
-0.19864116930976244 -0.32051277137684336
-0.14341604232627675 -0.3836592626686114
-0.2611681957520496 -0.29057096263331583
-0.1677327264625496 0.1315265555626174
0.05670995121753887 -0.19555405785872193
-0.08941000816965071 0.15237467917158887
-0.07339921129391569 0.16329373081348328
-0.1335664472352916 0.14386942923208923
0.12988724020334758 -0.18193324856638796
0.08190860027701849 0.16603038736700293
0.22382915498769276 0.009859986985519683
-0.19473652365181207 0.013963600374210057
-0.21177150870118583 0.045591263015458974
-0.23009552498683644 0.018022474146904853
-0.005405522928479078 -0.21499287355067495
-0.18902153918907083 -0.013791223311953435
-0.0629327763881625 -0.17747529889468658
-0.11527077580540807 0.14681930230066975
0.09701745006464166 0.17682915610362387
0.1901830147363567 -0.06640520944124297
0.16618923675667563 -0.13359299350822113
-0.19003461153458148 -0.02099269412509931
-0.18621685402514446 -0.12003479672646122
0.029133932831569183 -0.16328131864100903
0.1394841045519531 0.07992416982174493
-0.05199808030276976 0.1552295310126082
-0.16419579276071394 -0.13853984215307186
-0.1086472682121817 -0.12798441783711828
0.12220206719652077 -0.16526934815793487
-0.1834972937317758 0.0625280882366589
0.13680915582860737 0.1753606366346427
0.05575295961577086 -0.191475009949867
-0.13613990120960429 -0.08246179164238268
0.07509866397804468 0.14929791433806205
-0.010424879637987175 -0.1683386917824635
-0.167181562241842 0.12319653272615395
0.06955848133788817 0.21194509107478285
-0.03371899355826809 -0.2026286954887454
-0.18793788704184566 -0.02155844135585912
0.013012457328912022 0.175631677952375
0.007660866137305112 -0.15236684194168945
0.039213481181375257 -0.18272041695934027
0.07204997893537277 -0.1856064856834367
0.12542447798995654 -0.18503791763867455
-0.17874329314038523 0.0739945417083002
-0.037538625448002405 -0.13806552109843082
0.15037365912366066 0.11258249659810693
0.09300127688623784 -0.16283246935656762
0.10331543241993328 0.1951906837326783
-0.12174320888750172 0.1668820909282881
0.23877429861452912 0.02241457953420315
0.1879116802753702 -0.0540380925945635
0.19673566604669557 0.06905500034232531
-0.05458429935530587 0.1952103051177813
0.13049285811818528 -0.16871349203837221
0.02451256821689792 -0.2024018555101451
-0.07709705764969842 0.17687423783031073
-0.17566355993741267 0.035789812991509615
-0.17085579872062168 0.024950798741803455
-0.08434315817951929 -0.15656865566695077
-0.15074466288987498 -0.06218426209900025
0.12572460694118096 0.10694032991926727
0.14800737790646662 -0.10252489068505694
0.013741238010276102 0.21526565509847512
-0.1032930188878227 0.1549986798106283
-0.0984464082669615 0.13159616858703355
0.18068872651723933 -0.03679178903819288
-0.09285466320853253 -0.1489957735593369
-0.15722710930503803 0.1288721710319874
0.004613545260037325 0.22619330860163175
0.17238632249285935 0.06695575819054617
-0.07880100460891387 -0.1997525921126342
-0.16415588842478077 -0.11666202026381242
-0.2214644218699845 -0.07467013711379644
0.1788307143795906 -0.013099938619982533
0.1022336826907852 -0.18062227507197393
-0.17524952670709704 0.1310326307980453
0.12073449457790991 -0.1484316749432273
-0.032150470065950065 0.2188002888445115
-0.19124018997206904 0.02573496758215991
0.026808096369874697 -0.19815775441912953
0.1652496249571966 0.14090061516997882
0.0903880676793639 -0.14760568574566107
-0.13079503674253962 -0.1088015488692597
-0.04677613735979845 0.23697097453367744
0.21792356846890468 0.15167867680306624
-0.010116766454036603 0.22037899268612393
0.11575134461995938 0.13860877365719632
0.10329106648166404 0.19773637007702333
-0.15591438953637293 -0.16522136174336743
-0.11022487041668275 0.17093798457864606
0.12980261871598606 -0.1514654389807989
-0.013233686322312883 0.16676990428373017
-0.10590885088518412 -0.2090832048195288
-0.11366012032815923 -0.15225344633750854
-0.006919723313866831 -0.17432902795785704
-0.1250245449171119 -0.171115122121491
0.12054548645050431 -0.09163756706331672
-0.23712120526436598 -0.0023406423654397986
0.06740351461095084 0.2067375375816681
-0.12702133274135968 0.19101586901469275
0.16574067297861178 0.07719164851976443
0.13558298873482322 0.11256901147151606
0.08704790122308945 -0.2200680888004043
-0.18275517240720376 0.09167236088930492
-0.1654430081773638 -0.11263357047707931
-0.16094147060983505 0.02865884088188162
0.07774907552231525 -0.12299842295146936
-0.11911421701135752 -0.14579458927605662
-0.1878797296421639 -0.03809839504209265
-0.15132432671865992 0.06393590334678914
-0.24877568932912264 0.0064223866840769726
-0.15221283583336953 0.11912103455328975
0.15998443076111835 0.08578230896454596
-0.061716591753596756 -0.17248580225726362
0.014582488053641929 0.17953606334278713
0.014708103649255053 0.1746590841928418
-0.03854610926257532 -0.1856798727082015
0.12652993200156307 0.18004744222658162
-0.17633841188720856 -0.10665887450223688
0.19676339990391642 0.07635986359749686
-0.07980260841544629 0.2172400961022044
-0.17336953148672948 -0.01920520842129894
-0.14557596938474254 0.041557630683991785
0.19779442311859147 -0.0214659043609523
0.14861761222295627 -0.1683995202584106
-0.07226677278402766 -0.2585322792733657
0.20378875321172815 0.06198834766836051
0.013572629992543484 0.14964433236872215
0.1777346945375897 -0.007963830773109604
-0.18032217527556288 -0.07367061917780973
0.04756713477074741 -0.23619454595715278
0.13745110215988143 0.19693691896875617
0.25238099781775647 0.008199713436167513
0.020734401635273132 0.19388967303579138
0.07111183198521734 0.18355601513422973
-0.04310755448675998 -0.20063168324003927
-0.18815510610797354 -0.06265944808531415
0.12893798596839498 -0.20416397106877748
-0.19569958672068644 0.10044417354971737
0.0972306372674098 -0.09552714542666228
-0.01846163655926014 0.2294227592083507
-0.20628757013323196 0.1474410035339836
-0.164102435429383 0.03161831848862798
-0.1543118481905225 0.21573020572047102
0.1461432595184171 -0.14919973828637498
-0.025680498236458325 0.14326918434696273
0.040906360463899026 0.18250105519210566
0.1077973860145938 0.14898018600516788
-0.1861597484284153 0.05248760049140548
-0.14116470523879104 0.1230239188851172
0.17759815813806035 0.03813348504423999
-0.05092227452053706 -0.206609193421246
0.174787200728073 0.04460277163157041
0.18230265278329677 0.050303670191165314
0.10278946847087328 -0.1425140347281647
-0.14683540224967143 -0.17213587423880056
-0.1936976394183484 -0.02291772532414592
-0.13606624125554784 0.1453968698873302
0.1888429149883174 -0.13678517594802425
0.11206969204196136 0.13530856884341816
-0.15097414117423094 0.1773094901965462
0.14965156194575882 -0.1594955300620828
0.21652730389215227 0.07504956642363374
0.227670538685165 0.03303315603848003
0.19167433403659173 0.09528259521250826
0.08919428468826177 0.18779724143928384
0.07652314296224952 0.21951013734157304
-0.17587757465643195 -0.21643590547702862
-0.06783157205112567 0.17948221814249077
0.22630477338350638 -0.02580818360100113
0.11436491322726086 -0.1781388370462969
-0.003243741441554643 0.15794892603435412
0.10164859698205114 0.10879508325130152
-0.0090120122835073 -0.1889128971261427
-0.21147252514482526 -0.03515760837254177
0.19690668670562608 -0.024850755199314352
0.1505360253023304 0.08627446445059593
-0.1613616839684136 0.081455535491541
-0.19240077553477747 0.13796089894835736
-0.0177921341442216 -0.1895809267796722
-0.13892090931018433 -0.16787271357343614
-0.09538636239556239 -0.12703002404714223
-0.22183033930522283 0.06512490979371194
-0.13671692360423332 -0.18100407925002052
0.17190843587042545 0.06917181290983816
-0.07025164528516419 -0.21331536107408547
-0.14514441812678458 0.0807189011922741
0.19922131656690018 -0.025242297633112264
0.12219234877287459 0.15372550827730666
-0.13983413522845625 -0.056582995943517504
0.17081678930405275 0.023335685742859748
0.10405424639580178 0.19486087232607818
0.130730947082143 -0.09919981746926812
0.013997972259394384 -0.19092431093738574
0.05175890712949867 0.21243043764093375
0.03912742728334633 0.24426841609608396
-0.1620553235289196 -0.11362619707764077
0.22694202562937282 0.05163324543290661
-0.05863387039161162 -0.23634583102737713
-0.196179842255623 0.076375131761804
0.15655937947005513 -0.04762794597523977
-0.11239481034491669 -0.15278319758971867
-0.006371577189573839 -0.19183888097868987
0.13991110853402255 0.16296610947097587
-0.02828602287390858 -0.18519660414530312
0.1428255736892272 -0.15758727504170428
0.22963747807067283 0.029498756314157944
0.16749901968370645 -0.0735976778884319
-0.17508204392675336 -0.08573194986102657
-0.02273859918051599 0.20149064764036598
0.08431529698145067 -0.1938050025178832
0.1837236915766229 -0.011273287503325027
0.22304016156233308 -0.04256233351836849
-0.08561752998192144 0.16512827163347774
-0.10773232106406286 -0.1998840515940808
0.12203498493908241 -0.18025041761200739
-0.14633673002669992 0.09332650661592384
0.13931013676723214 0.09079538736780673
0.12538720643851622 -0.10643293335819247
-0.19508525676880067 0.07568121573777734
-0.07035307131366134 0.18283929054920492
0.17443544289798407 -0.11971028082845268
-0.005178667706456525 0.20171093995118394
-0.19474291083880052 0.13894524333830507
-0.15606799949827327 0.11113529744030215
0.018868061386749173 -0.19600175623163713
-0.11050461570554732 -0.17491350848449383
0.10886335877973463 -0.1899604442926346
-0.06744040756101903 0.11335312419277013
0.09557098724356114 -0.16805950082623064
-0.1319374305667553 0.2181794297667103
-0.2013425595578464 -0.08726500064366605
-0.009909399246917812 -0.15673872581416995
-0.1918624408775767 -0.12318378735424035
0.19304357568255315 0.02036534963559049
0.15981322056501138 -0.022807157121745657
0.19250362786918837 -0.15700856610109148
0.20954720218210182 0.001752834146247391
0.2033157121876852 0.015499788173117042
0.09095618030919297 0.18971306514149722
-0.13938289763934952 0.15788692600554644
-0.13008057169382006 0.165146368883517
0.20293405784519533 0.03247485557542451
0.0721241770014025 -0.16306485834254986
0.15017882527804863 -0.09378284681398329
-0.13827714083503836 -0.19172282418399467
0.15804752547959613 0.05422326251170018
0.07114785422940666 -0.1999420555708591
-0.1732065842797557 0.11877905327916553
-0.07989796722822429 -0.13165195465515397
-0.119569083361855 -0.14115952388279146
-0.02179758905170461 0.1767582630264773
-0.22245475209206303 -0.022827475844052668
0.12157058924475769 -0.1700349862617622
-0.14398102601319795 0.08778056471995377
-0.0723794900190827 0.2011629926266169
-0.1817613606116361 -0.014128000695936496
0.06427048100220639 -0.18837903816966237
-0.1662713345359667 -0.03786286652025124
0.16334818842940435 0.09897947614639571
-0.023073190005276255 -0.23668919273066857
0.18182595890144188 0.1149637155848501
0.13103907876749651 -0.11187514446653452
-0.20268294366713518 0.03438343206154275
-0.18102737563444868 -0.0255592642992988
0.14136404253917462 -0.0650001972440866
-0.21865333433165698 0.008700055438405824
0.08090916077545104 0.17445706127126187
0.16358289128011883 -0.09910898255101627
-0.19952899827640805 0.0532880933003894
-0.11732447398370059 -0.22174430871437725
0.1426911134336276 -0.0537045051210349
-0.09048973981482232 -0.10893003477834437
-0.0835648694004091 0.1850763922688536
-0.21446973051289966 0.05791070346844423
-0.16318861454019132 0.08961210593991868
0.1028449231372847 -0.1959977880453757
-0.16301259610639035 0.1329312730748275
-0.08872682983010768 0.14017874613004233
-0.15970885011505506 -0.06732578121583711
-0.10376425796090051 0.19063760556644233
-0.17833598835733858 -0.11825252351053261
-0.14714572607361415 -0.11895833483988776
0.21856104341440918 0.10412421735663546
0.19392025371747496 0.06168539584646334
0.15488236833507102 -0.02405416223009675
-0.13175345142595174 -0.17371905476361144
0.016722506608792414 -0.19312275207487384
0.17113513175647033 -0.14375694716293705
0.18621311506750637 0.07835839361190977
0.009039603852301847 0.2225423298332917
0.06416485879102354 0.1641566752370931
-0.12794319897427478 0.1874409406219827
-0.01633886414747257 -0.20919253494298667
0.15453716824596792 0.1458564871464627
0.23400836593994329 -0.020486737613536914
0.20817066929477812 0.018592709018823324
-0.1646011754005579 0.17814227304415842
-0.2101674283541051 -0.11184365371729471
-0.21172114550812482 -0.056582896825742336
0.16530715721911676 0.10680612714132984
0.04249593651402542 -0.20777401284221458
0.14308104261658153 -0.16997884066868563
0.076662066294945 -0.1807558618137765
-0.1970947439974487 0.109517539697715
-0.054460141103546175 -0.17110787025031787
0.15681660481840115 -0.12564272287380626
0.17669642152852685 0.048095716327316705
0.06271401786464471 0.18750857497565224
-0.16977119425144005 -0.1525748085104585
-0.05386097538106886 0.18638804924051422
0.18931446000327998 0.1357777742242411
-0.07052971998063617 0.14758153739218532
0.03553986889783291 0.21523019842411906
0.1395940101901238 0.1495413149707682
0.15325114866375492 -0.11973649271557373
0.027508792099680823 -0.19980663031058266
-0.1592537061897896 0.11762503119330461
0.02053901824736398 -0.19463511872294811
0.10717260833055982 0.13133740946197697
-0.09538641356827533 0.2226351521306421
-0.0027920350083093445 -0.21889309193572118
0.22495610480291547 0.0051694944667185355
-0.0005521724539233261 -0.1634929538158231
-0.07340587762254651 0.19116899544870003
-0.2137492931372108 -0.17625492314219926
0.18937993466716102 0.04524760430363896
-0.20540716263940206 -0.04421506802557502
-0.1584131376007566 0.1149841627079493
0.12916687835238344 -0.12945474552811337
0.14666419522407265 -0.022551840325515375
-0.0780585244108766 0.1425948958799963
0.06895442835323894 -0.18293507067149042
0.16396745908266694 -0.17234833824143847
0.1829217433939558 -0.02707458835859571
-0.08011202445408443 0.1693580557334565
-0.17795199414939 0.07641039075220546
-0.12355137752917753 -0.22653218798427044
0.05420042827590828 -0.17370985060223568
0.0336152985753994 -0.16465006618818973
-0.1590155844789899 0.10186467984677065
0.10987074946019493 -0.13723930303336254
-0.26276467501883516 -0.026021590511563532
0.2046881368520115 -0.06749458474083309
-0.20382888857393833 -0.04869942473872697
-0.13897257270645125 0.09149475938561163
0.022086034552173287 0.19384891815724778
0.17391968753747405 -0.016852993427806322
-0.053824737554029334 -0.1547791977049369
-0.10257662594152836 -0.15354155934609334
-0.1719385817659097 -0.050614980492942246
-0.14503449542717786 0.13370057067170132
-0.20485726457333117 -0.10497519046991205
0.19236020353628 -0.030637680175759498
-0.21331647257375191 -0.0838484379671175
-0.17308098985921933 0.07989693392859211
0.11201574358972008 0.223816388866872
-0.03198747429983071 -0.17230954865932835
0.12976101992030534 -0.08713696241087657
0.10455337368839912 -0.18101424428919713
-0.010027323931791825 0.17153707213968372
-0.12027783344433142 -0.14802030521136694
0.13716245189905912 -0.0915706342534473
-0.13669604392505713 -0.17219764060864973
-0.07057374690606022 -0.20180934963794017
-0.12267411646876714 -0.13645636993330565
0.18633042514766177 0.09821285991013405
0.0862876901524151 -0.17935365127131758
-0.08772033287796613 0.18727019988209828
-0.06823393047449097 0.16202497847733768
-0.1492623909493653 0.14648007278116104
0.12968860315615618 0.14978425747866697
0.01418762062684766 -0.1789701947744619
0.2118816534540661 0.014023335057899999
0.13918034687425854 -0.15631413415384346
-0.15011201931197551 0.10507348635851191
-0.04997666499217442 -0.1686084759504805
0.19395968227910465 0.019529892811969388
0.08774729706833327 -0.21355014994005886
-0.20703117333966517 -0.08503263620778147
-0.2347195901398339 0.02491751410717035
0.09322457617284675 -0.18524344306606708
-0.21004134554182846 0.007184012378075067
0.17856929692191373 0.05050114286382504
-0.12545123028878602 0.11145814023515291
0.19015035336946207 0.03205640967339341
-0.1347931194165334 0.18628045833304893
0.10604673766816883 0.1881606104522185
0.008805358590021035 -0.23451861246091282
-0.07598713521882033 0.1838182016696511
-0.0218731432477006 0.21637960383456978
-0.18321234511434756 0.10004391103887733
0.20625043855362654 0.02861655853030891
0.08607526471211546 -0.1826748806593842
0.1147193025783656 -0.13137225141706166
0.021046672971794703 -0.16802840811615238
-0.11972811645506448 -0.093666371754714
0.10207524129927782 -0.1380442159910023
-0.2423820241031275 0.003934798994533067
0.07484249863411077 0.19833807333999978
0.13219270425889185 0.18651415280305086
0.07347589041074917 0.16532058254875723
0.17651385170840486 0.1400517527903363
0.128523761289946 -0.09849435829578747
0.16850586266166362 0.05937888968997178
0.19657125734787978 -0.050873684596215864
0.20232439981632167 -0.05062456089519337
0.18578468010395474 -0.037081997668966186
0.22413577694525913 -0.11512656371547357
0.2286392191014968 0.11708704639540657
-0.08804616131647386 -0.15319576200279303
-0.2017130376301357 0.053951853055755214
0.1184738464830724 -0.16174053430538343
0.15182703415201274 0.14911592231935084
-0.18416066811133147 -0.07203624450143074
-0.0038838545046152237 -0.1982295209340814
0.05552097001215231 0.22455313934729934
0.1079077998830751 0.16121354615056915
0.03325395239480848 0.17588200576889698
0.16909573649812218 0.09286799859198376
-0.11466812041059793 0.193117438623993
0.1596911834507852 0.14378898102607476
0.07277447084435099 0.17439638969452867
0.07245786980388472 -0.19792810892512275
0.06702187652573077 -0.12770227040062926
0.12057340889431989 -0.09215010115836804
-0.08749969151794298 -0.17613715232141203
0.036183301029633234 -0.1964165383890529
-0.0940630707824538 0.16646445704893337
0.14273957516776112 0.12914934296774463
0.20125041538777827 0.0332096020140153
0.03383953777045544 -0.16917008890127747
-0.08361972775180831 -0.25903874750442113
0.0397594484517115 0.23641701018638306
-0.14874051765224708 -0.09117970706935852
0.027479028506055114 -0.20721895384243888
0.10758671989551964 0.21766068674776334
-0.1976070890977897 -0.017536908251624978
0.05060227416519269 0.19214020551133726
0.18709237155362238 -0.06434847193887118
-0.054868396813213635 0.21810897922357922
0.21683934074547637 -0.005388500621928839
-0.06217548329092305 0.19801097786752503
-0.14886486130956672 -0.10854948897880914
0.1268494463061991 -0.1410240591256663
0.2050015286413286 0.0921528538212869
0.21034693316114678 -0.053681546777958965
-0.197093766474796 0.023169795799572106
0.16987892580207087 -0.12830871592054213
-0.16076370717021166 0.08429423643822491
-0.118981283439988 0.13929862240030946
-0.07612243752310018 0.20158974827691634
0.13307522769506633 0.12108345652338776
0.1298962451785521 0.16689133395225716
0.07862034888935536 0.18043568932896442
-0.18602520624030702 0.004397618317753631
-0.0978872045288584 0.1750925439361493
0.04585893222315248 -0.19036092404515292
0.20552129496947533 -0.10072434301430512
0.05356650615838511 0.1824526296931458
-0.13050040958692508 0.15769941054331793
0.17498901965342292 0.12058692683970088
0.04549142713839424 -0.2107290537029705
-0.029817006185365688 0.18922234334913532
0.17009636645085718 0.15829446935935557
0.20033083476981028 -0.07824232031281456
0.17776221534146716 -0.027558896329077973
0.05377658520061491 0.2254276016093796
0.16610910054822473 0.10930858951219569
-0.1550481478630068 0.13037623849283528
-0.08300836766336137 0.19607430014496577
0.09847524201493936 0.11814085019248814
-0.028005996063011088 -0.23294679289590106
0.10035966838723913 -0.15401142235840515
0.21969574893315427 -0.004572906100809432
0.08767601843506188 -0.14579702295423302
0.06398593154563095 -0.2018634051459095
-0.236927119717821 0.01769307032538559
0.00964858411738292 -0.1694654433354023
-0.1616962111128348 0.08856319121971526
0.25297075848178435 -0.013115175507303834
0.10632398295397388 0.17403595906809843
0.1694163800028413 -0.21632838875402388
-0.10890013699825134 0.200063582905093
0.22170503622565096 0.08667971181783998
-0.10642333085755992 0.13248896016386713
-0.1730493379250563 -0.14214889317440357
-0.15571068116431508 -0.11189917751699097
0.03314572910217173 0.15306502988329931
0.17669104179388329 0.06753416998792898
0.06265283179850123 0.193694840290985
0.18670786996984545 -0.09099066308935491
-0.11033154404455314 0.10432020540689387
0.17742201919481856 0.08777255985826772
-0.12721542197114383 -0.12735050203832401
0.12429743769635314 0.1186480615848779
-0.05853569095290369 0.22028688454640794
0.16529763301802478 -0.16964634863926129
-0.12654174984309438 -0.1559832700730308
-0.23374134243429073 -0.053377327748500424
0.1812902411186311 -0.025357200437127837
0.10849524328480689 0.21147244213204025
