-0.4838084917837736 -0.2600318663287676
-0.20067838443414882 -0.1243990708005557
-0.19328741880116979 -0.049297729265192824
-0.18830739740217034 -0.07158638344152882
-0.3938112603059193 -0.32640673455271846
-0.3990024537481748 -0.16081452661409998
-0.27042099470028075 -0.06371944418180939
-0.16909367445293885 -0.1092811462160239
-0.42845683476353646 -0.1880651048372736
-0.4519445649917461 -0.4231650374329577
-0.0515596145974178 -0.24983310375192735
-0.18825750846930345 -0.2786332152015731
0.00675671885551055 -0.12956638451539507
-0.4935322456370429 -0.39833056225895025
-0.3649743989649466 -0.46600476813206254
-0.21552022479062555 -0.5030881203600082
-0.11346491992725193 -0.12897499254623487
-0.23197485897827208 -0.4361941001991991
-0.2780051458085043 -0.26992978219235325
-0.4168848536406089 -0.19844341081587755
-0.2301292722702599 -0.14361627752264575
-0.21676446429140503 -0.3809734824141053
-0.46829924513070137 -0.06885166291913698
-0.15547814736325333 -0.11410798919946775
-0.05534023368641703 -0.3541674011722945
-0.31299388852222604 -0.269172835317645
-0.06521352764126429 -0.04598450058271096
-0.2510805006238631 -0.40042684357574937
0.025921803581505726 -0.4745106027633213
0.02384310600449884 -0.07933152765430779
-0.03315488316032785 -0.3643236800737521
-0.2431501364265489 -0.05322676451920065
-0.44818668621749586 -0.011439822355313475
-0.24244548509628447 -0.3873644700127627
-0.30844990444135456 -0.3512950026839105
-0.17709220871467882 -0.17377855798737596
0.0010545974427770485 -0.18235790618942047
-0.07107569761589957 -0.27812071271088606
-0.3005946429098333 -0.2173406103294577
-0.4273747974188999 -0.0850727781771061
-0.13350994445274783 -0.40309130167108437
-0.34370403136985866 -0.3865061190588779
-0.17221679064297293 -0.011016181998255803
-0.039426341552208304 -0.37777231403020106
-0.49135656705582775 -0.13559370402713172
-0.17995488257802433 -0.18864598276456268
-0.09052662043652512 -0.4546101927801575
-0.05601619374394227 -0.18562978693225912
-0.2002696257566999 -0.1406900022550895
-0.46654248745878263 -0.10480029836040997
-0.01772677245084746 -0.4726511579838667
-0.08098948840467951 -0.24986513566038424
-0.33578917855776613 -0.2643795007929236
-0.23285040097587986 -0.008181949607748325
-0.32319395731024453 -0.09737062769362115
-0.13375717444778354 -0.3296844157215497
-0.19997529076756212 -0.17741447073691693
-0.39412304181824587 -0.4805985027197805
-0.12252646803533743 -0.035832982370339814
-0.40599068882392325 -0.23722262693350588
-0.029551953353735755 -0.13967508400667022
-0.1233530908763755 -0.04473559760374288
-0.31966224478210026 -0.36113330912529074
-0.23064385634557316 -0.4825760701708688
-0.43342201016755644 -0.37724617082899414
-0.3689871994959072 -0.055163257339091866
-0.23697406507669225 -0.34315087714788045
-0.08171699436205729 -0.13248855494453068
-0.039919568382720004 -0.01609601798190972
-0.3583415280325989 -0.24348507891769883
-0.2325626474321398 -0.10732330581600262
-0.3656998587934888 -0.2732680597149103
-0.356005785323351 0.010887781349997606
-0.11783316842911093 -0.464400651917239
0.008654922005713713 -0.33408495570340807
-0.45450782994405275 -0.12168687095584005
-0.2377196521314631 -0.27787314115620715
-0.07762227159216398 -0.12402951558185916
-0.10097791482131735 -0.0692265303435708
-0.23864366340081292 -0.3678223806596033
-0.3851825802319006 -0.35168281395462536
-0.2398796383297336 -0.2694674535815266
-0.3865804370045686 -0.4196294052926321
-0.333111489034394 -0.03242597522605371
-0.4403910805432062 -0.14173766401026228
-0.08570962942803648 -0.10174448515650462
-0.17204458534313022 -0.2582939433096819
-0.15984496417056143 -0.21827645815189853
-0.20101115024338584 -0.350912314475909
-0.0027917351521503835 -0.2056421612175659
-0.10607363390760613 -0.3920504154757738
-0.1291459986841797 -0.21321252160010537
-0.5148989230503339 -0.023185000301205315
-0.39173487307237015 -0.12794199531720293
-0.35770624061956835 -0.23010527790283172
-0.406449570423282 -0.1549618342911145
-0.2103172430594492 -0.465557757136234
-0.26952225624159637 0.0005404238586859157
-0.46784617548815094 -0.3664869191222031
-0.28821365274330474 -0.3807837462138516
-0.3669913469946014 -0.45675709573680184
-0.38262131347504263 -0.1671422635598036
-0.09584377694432009 -0.12099641585376711
-0.3701988729307013 -0.22513304441076176
-0.3580621109808951 -0.2997975639728507
-0.17478180297108104 -0.3309139450651493
-0.19962962489627228 -0.46997211071510503
-0.30618334558436594 -0.3455725830880054
-0.2553916044519408 -0.006584502200983411
-0.4698568562680286 -0.201317672736616
-0.4599522561726079 -0.2033596107463143
-0.3932194805446879 -0.20400786425912054
-0.5033273494904602 -0.09494374175768305
-0.044442741569526545 -0.2169481780793221
-0.38388977729079443 -0.02531029638620513
-0.3330595082636468 -0.2476410892905398
-0.10216734091522761 -0.08380409750362564
-0.06533173095717197 -0.4144072179595428
-0.2091882034799605 -0.34350059149746737
-0.49100967271763374 -0.21003387369431487
-0.03893726849303032 -0.4808528113720745
-0.4041740034590116 -0.1188683062619729
-0.26474257063871753 -0.43292185494132157
-0.07351945283402926 -0.05591529593535319
-0.21604568194336832 -0.2811838585878988
-0.21171832740237054 -0.029900650177444272
-0.42020511776034686 -0.47895205739579566
-0.08764291071643183 -0.4766658519384855
-0.5001060671777063 -0.45030162758108183
-0.40878965159492164 -0.4006354282951292
-0.5077107147826742 -0.14386632198383115
-0.3906450857306259 -0.44368667560531705
-0.5335878652475006 -0.01456943694201298
-0.393959860538541 -0.026230275579048036
-0.3944789049873741 0.017638203607452364
-0.05412091094684355 -0.04004134272082836
-0.15648065340041228 -0.3318543053886823
-0.29834962539733695 -0.0915277022611794
-0.4095514484764529 -0.06827132919527025
-0.08589242908884183 -0.4620803186066913
-0.08013271533153013 -0.10519442997460506
-0.4423478585955777 -0.09312122005062871
-0.0991994369462657 -0.01840686140323948
-0.24668612662825606 -0.24821398698183098
-0.3464266104572981 -0.22793457459532224
-0.2236645863025556 -0.1308552278367431
-0.06514230892229633 -0.381081702516458
-0.4436655800276537 0.016098383467182793
-0.27714189528659566 -0.07327125781997183
-0.2543366853835165 -0.07731663646437799
-0.15532968559648982 -0.03898941315976642
-0.41695148521672004 -0.34676040178337375
-0.1851712569977796 -0.4401102810809069
-0.25805015220792665 -0.11658965725084694
-0.13366422257217764 -0.5062509137697906
-0.04042485985461869 -0.2583729943343953
-0.07795564807731473 -0.42851164161869704
-0.2811869364908143 -0.12232791407986923
-0.16139740355195062 -0.39384806023443897
-0.10566964999813004 -0.06211799784610653
-0.00034652398056540107 -0.4292158352033017
-0.2551563478520353 -0.1663041605606019
-0.20438663556360473 -0.4829199778396718
-0.27992894122355394 -0.4052061706049329
-0.178345299800115 -0.4260926342006958
-0.021957864125117268 -0.014922338477479827
-0.07086622323485761 -0.2637292323227337
-0.36497537568680716 -0.36390752214154726
-0.4918469886773335 -0.1386130581906398
-0.15560940360992503 -0.17725126392219706
-0.16817228944085394 -0.45912500796776373
-0.11928902582803774 -0.24013396123145975
-0.12814824577546474 -0.23409954890250087
-0.43662670565984935 -0.08246739602012636
-0.02582414170147413 -0.14641597382025104
-0.4054709764683028 -0.44630597358675134
-0.45860365991672913 -0.20335926830959464
-0.39409600140534023 -0.336756569935745
-0.13819140746481093 -0.37974883692791
-0.26140988107906393 -0.453623602954929
-0.43644162921841834 -0.14986272478303655
-0.18665880982098298 -0.35672322978682475
-0.07496693526878724 -0.3586477438738458
-0.08424437907654807 0.03468243963085171
-0.3331149279637348 -0.4031477452951676
-0.4234504273118137 -0.1297803290685436
0.016974011434510085 -0.3876196562820085
0.024377047661673305 -0.055243087343003906
-0.12662284086867173 -0.5324248908586786
-0.2807174808315275 -0.16042891528295375
-0.28670241646855255 -0.14262136567170938
-0.07758864370755014 -0.16034947110288678
-0.11470010055630461 -0.014557628476954602
-0.44171975605292624 -0.1155221529522109
-0.21982191834667408 -0.2540367605977273
-0.016009772420623125 -0.2920040851592745
-0.44664615058746354 -0.22483957784541964
-0.23732382156593387 -0.415873546484386
-0.23040608704838647 -0.27766745620227823
-0.19956023492339886 -0.31743858549673937
-0.041631022479123404 -0.4177673837012233
-0.5108809767443557 -0.3012677816501259
-0.03579438471495572 -0.36297289254420423
-0.39064388324159943 -0.1423219515660897
-0.004418142491164914 -0.48403620297084016
-0.30449935100914455 -0.44591937902152134
-0.10235126081766228 -0.06396201739751689
-0.277214369762517 -0.3805108292378556
-0.2295889935402111 -0.16498037736111132
0.02615758299597621 -0.006388533557757989
-0.4096199961036401 -0.29350175307395443
-0.39193971084319 -0.04069927691166872
0.003760649758788432 -0.32389458884292355
-0.41991572004407735 -0.01660571320230741
-0.042086558529969155 -0.11823000442957945
-0.18502025232171015 -0.06862528830669097
-0.4786425254011826 -0.09016358811532141
-0.39108986348391234 -0.4652327732340603
-0.4514022910548299 -0.03849157232669453
-0.2336486352902076 -0.04898344076516402
-0.2021533263952718 -0.09453328785412757
-0.4336948022810043 -0.32374328597633406
-0.2541869625424516 -0.5035813631446849
-0.30655944191846446 -0.3724106825842082
-0.1881204322992075 -0.18041070853338442
-0.24719683536573128 -0.24834321373489257
-0.07596082365433318 -0.2656433748456581
-0.363831722545619 -0.0370758785936604
-0.4493121927117341 -0.3424844743099722
-0.12145154369936832 -0.28857115745717166
-0.3984088703201518 -0.2553998290597884
-0.23829229278139724 -0.40933194084141367
-0.1111922662992899 -0.28140011491101796
-0.26995684906903306 -0.4329891743822525
0.016346908608313296 -0.13234621932266186
-0.24299537263818594 -0.336042155777431
-0.2924962217061612 -0.4211822374146712
-0.09145140458652447 -0.2730375248363101
-0.4693792167712331 -0.4276393733272818
-0.38527015090721217 -0.2750278099871962
-0.05382333252772578 -0.012335424550278709
-0.266026009717774 -0.012797417314758147
-0.0908140178406401 -0.12086240070698293
-0.11330642686170372 -0.2425822555274009
-0.06724407635049323 0.010338648738739766
-0.3342526084286059 -0.20375107696364902
-0.35568902565892363 -0.2044011557362071
-0.2099575709274179 -0.2932369277587397
-0.3694396256090878 -0.41791847390562525
-0.38239120444791386 -0.4416965379666342
-0.1110069376459687 -0.02959526504795002
-0.3577349101495966 -0.15933612756229149
-0.5018690312811208 -0.17227396041670023
-0.5339721759797836 -0.10234209267130845
-0.1191940324183169 -0.11154124436293138
-0.3325926698666619 -0.05502295507071149
-0.09719297261070547 -0.43492215579260407
-0.23656405813828754 -0.17911366364032466
-0.23107398768953663 -0.43074850825346844
-0.18592792872274108 -0.15599159773509058
-0.02286419699596346 -0.17786163569251978
-0.17421204554460562 0.0023022223226537505
-0.014746971017727581 -0.04738886065050998
-0.03554932878975193 -0.22859564607451865
-0.14604973759899506 -0.19970602092240552
-0.33033352548422856 -0.3488774806669615
-0.11580470523255698 -0.03933078849641875
-0.25792713115483323 -0.37551263260243395
-0.07401208409655158 -0.47725133832206146
-0.4052965850897655 -0.446043742581551
-0.06593987624272835 -0.06475262473270968
-0.2168811998683825 -0.32010913477967734
-0.12929170644693988 -0.04465299536056764
-0.02400807383417465 -0.029241646581678486
-0.3509799467933781 -0.4893634694684593
-0.3735475514263738 -0.35509302286844874
-0.349668402271708 -0.09161545498944057
-0.14328742770964104 -0.2805616911960751
-0.11009989270882611 -0.18751327359234715
-0.1529403204454522 -0.15290190099839734
-0.022539808865868663 -0.3875816751703643
-0.46642803034968167 -0.4632867516670552
0.020660506354639077 -0.20466592840560494
-0.16325445931159785 -0.12143954893632852
-0.1032114208693068 -0.19306005683559718
-0.22128798037322361 -0.014800690435853386
-0.06728252995224399 -0.09691982077437772
-0.3517843468753991 -0.23844564349832864
-0.3434844404685459 -0.2673086076645588
-0.3500492555202931 -0.06809768578254746
-0.23759837912032455 -0.0036327786197965575
-0.3737882851473892 -0.39169725423975904
-0.18960624424808054 -0.042628378283303535
-0.19753708520030772 -0.27694889280018725
-0.3161768516904049 -0.26865726828892705
-0.43578513596783014 -0.41562978889699526
-0.2575685395009215 -0.5096193149026
-0.29537284697044713 -0.43222969066445394
-0.2686146726979236 -0.1817928229578784
-0.1886016899330056 -0.38795982257388256
-0.272852227360202 -0.01679108937552662
-0.24206859114172588 -0.1309243166565726
-0.3720235434046694 -0.12104844129066852
-0.4683012026038458 -0.06016005008567117
-0.18584753381519295 -0.2770649992185531
-0.302132914577303 -0.018337503744200227
-0.0886180982839528 -0.20620532881665446
-0.03432710155476201 -0.5203210141041961
-0.21057522085945 -0.0655564584649834
-0.11225760873151662 -0.4660465901316052
-0.4056199737333861 -0.16948112864690856
-0.4529387308204124 -0.2614268349514431
-0.27364548265671307 -0.196465181398431
-0.41636122312165724 -0.2906934035970454
-0.14867490345538908 -0.1337846369269667
-0.1286726854697624 -0.1550893643398963
-0.25606988235881367 -0.28142435257502285
-0.43553764958776975 -0.24172818717750957
0.019551502765380625 -0.18144421332332195
-0.4216925295782131 -0.14081407579814856
-0.17540486650621617 -0.07983879188960184
-0.4554702772199469 0.013084125896368148
-0.3393903211568962 -0.07181736703613545
-0.03504949239394478 -0.2498217227495797
-0.22260942679940013 -0.4370237432022956
-0.13442039355134652 -0.27736312498556237
-0.3314146621176586 -0.3941514616838758
-0.2832074999785349 -0.4218955404004644
-0.08760141787043849 -0.179342307605893
-0.39991802167667734 -0.16627406521100047
-0.3143276671109957 -0.14451799753522893
0.0035428779545451233 -0.13032501440817418
-0.1198321072622007 -0.34748000181851907
-0.2035849340592965 -0.13826534481333622
-0.3183175053334009 -0.3028436882635702
-0.23175150228117247 -0.10652874576290153
-0.35002422131904953 -0.023992366519119276
-0.2165461917621293 -0.4388088237314431
-0.12604377176241321 -0.055655569979789876
-0.1932499929827842 -0.508080168580324
-0.1727136337624925 -0.3004314412446037
-0.3867431351512463 -0.39119121486510733
-0.29995446623916394 -0.13832627827335378
-0.4510978577605285 -0.32945222358863396
-0.256601432789167 -0.3486990079126352
-0.054076615248232394 -0.42733456655940527
-0.007704090857338183 -0.311742834639206
-0.46564146700647785 -0.18717492718852136
-0.05635976640623431 -0.5177036475869257
-0.03905680367888327 -0.22475438434530187
-0.31560090612735114 -0.34836077549957334
-0.030351479140978313 -0.06977937452812738
-0.3652895903264247 -0.28735474693062046
-0.35333310723784317 -0.41870122314108954
-0.4319031891504799 0.004854303472900319
-0.07627599464915337 -0.0365222283003966
-0.09742911889525227 -0.07756685853111106
-0.3516952888652254 -0.04855250689800952
-0.2341910887619087 -0.06221170890839569
-0.12115136441222486 -0.3337015274917503
-0.2880777337333583 -0.09230981990378262
-0.19992358136647922 -0.17352385885173321
-0.37446796724269504 -0.07325034170931619
-0.27809283751999553 -0.03871738534204282
-0.14836625621907507 -0.04294887351174743
-0.41706866160803713 -0.3402584416530531
-0.3095819292181899 -0.28832876026074983
-0.2678231348565759 -0.04403664031039908
-0.38168893210455823 -0.4365648463597698
-0.08599314145106486 -0.0038945810418005477
-0.21141284808454144 -0.48339645247757607
-0.4027559303153008 -0.04954752266059104
-0.2512615873691659 -0.320205313180862
-0.2739857057650741 -0.2557190649848495
-0.13875845584069335 -0.08835453439277745
-0.42674932974813845 -0.044591530821877806
-0.16138956026604911 -0.42032621974935863
-0.18931446159542187 -0.3785155789806145
-0.24341602102043886 -0.10993253974797136
-0.42100253940365157 -0.03338260689623072
-0.004177088310492183 -0.38511654739130613
-0.18059655921407547 -0.026761253289115994
-0.4212466147117664 -0.14352317926640157
-0.3210551796481696 -0.2896779003545627
-0.1901706466286209 -0.1858226966521479
-0.10797044075958342 -0.022599253147206677
-0.3052291383379681 -0.18299387954291751
-0.230749645686724 -0.10796638644164931
-0.05818228253719704 -0.32709858256467234
-0.44767309578494 -0.4916634671643554
-0.05215650784962084 -0.3048818037879289
-0.08197079392323477 -0.08925868200367852
-0.1415627933732234 -0.2111778795405576
-0.11328171829088782 -0.47406761018848675
-0.0660570664745439 -0.1024140799348148
-0.08446089387608419 -0.44631426604772734
-0.02152767636052442 -0.4304670968977691
-0.18403122413109413 -0.06778128587901242
-0.4420103067411259 -0.37016497767088113
-0.37247300789856724 -0.12591357438336345
-0.16574480683730192 -0.4003388578023902
-0.05469637889625521 -0.3241859280262938
-0.33695153420414514 -0.17199809027361143
-0.27129458171680493 -0.09407795851257758
-0.1358814149675674 -0.44459778245270815
-0.20538495568963483 -0.14545209562550596
-0.2693183682728652 -0.47473921778718253
-0.37637744466120227 -0.4642192694438757
-0.46754594427386614 -0.32877848259748255
-0.35605632742378635 -0.03503802278618347
-0.40531837792482095 -0.42180831272919506
-0.08335968812899645 -0.08629749066815845
-0.19540116290591972 -0.30925648207969736
-0.47503265115502125 -0.450347965334816
-0.248181977073142 -0.22019056003819257
-0.10998081064079634 -0.24688611687352857
-0.35963252462212353 -0.27466786111153313
-0.15078925212156893 -0.07427754071255616
-0.23285609215336828 -0.07449980475491311
-0.24827834243941355 -0.10906607915493251
-0.27401754890862184 -0.3849888284194311
-0.16004670096612594 -0.31649643735963323
-0.1068256725654307 -0.20220865666842514
-0.04839507642532644 0.002625892570527401
-0.36669888619144714 -0.5176063787080015
-0.31566135038236287 -0.05463994233888415
-0.06702447553697288 -0.39306070558705725
-0.32445155336294607 -0.28192211597067807
-0.12683429256237114 -0.49683394520421115
-0.11250875439043027 -0.02569442941969117
-0.2621650523600259 -0.07968634992767289
-0.2121349834039275 -0.2962849390885204
-0.4472768197178216 -0.16507340443354052
-0.4502185706338404 -0.4636315809738959
-0.20750670334526583 -0.30325880789168747
-0.4944318638565757 -0.22641051915662275
-0.10482018547367612 -0.06622614746958141
-0.12206718104655813 -0.49057550585551335
-0.41308964134205245 -0.11655779339448363
-0.33786551430035106 -0.3013481222457953
-0.42873504048406247 -0.5004472985847047
-0.45800571713357563 -0.4546401464204809
-0.2484846803667064 -0.4744520374758413
-0.07460341478331906 -0.2454956564546522
-0.21272390203170993 -0.48967786835318455
-0.5000612657539606 -0.22169004164092726
-0.1921151968813739 -0.3697730583612299
-0.30910532264564955 -0.27810360519600874
-0.17657577885798956 -0.09598955230802922
-0.4557153854350055 -0.4875479451529147
-0.18185938543828917 -0.2186236374746806
-0.16681706028565094 -0.058589884687642924
-0.19543324781527277 -0.15140297081572876
-0.4695839314992391 -0.4046378799630162
-0.4024922676627706 -0.30711821758671604
-0.24181029078763644 -0.17788055548370588
-0.0467071397750813 -0.2929573618944648
-0.3693947742806617 -0.3102357272487314
-0.5048473086185281 -0.02060419849312385
-0.06624627830765174 -0.3307217604042466
-0.2933476338782604 -0.21597917263954802
-0.0973112716880828 -0.3430343335576047
-0.412022375596568 -0.11839849780464198
-0.19036441988624345 -0.47300383451612904
-0.08949818281484738 -0.22540178211160103
-0.4865663457819138 -0.08402022928293884
-0.3276127359652962 -0.10071961225341422
0.031598493103372094 -0.10462737637585796
-0.43643200390270565 -0.25155991743334327
-0.03364669662938518 -0.3257267323867492
-0.11780844925735456 -0.3219592466434537
-0.37398306197081577 -0.08514371847425749
-0.4179920855343928 -0.13304398678789997
-0.3691266590697932 -0.2698599648404731
-0.26188561188097453 -0.1210368506111803
-0.27132086822110907 -0.41918307571515206
-0.12106222278323803 -0.3651245498366278
-0.4695521439602938 -0.05952143789873439
-0.12162864988759738 -0.16949360392404056
-0.336699518568473 -0.3026874552041215
-0.42834312912422 -0.2952776807279399
-0.0956570088402462 -0.16678860420008465
-0.31016834792126646 -0.0901611860430333
-0.05718052682099803 -0.44177430632295156
-0.13507840394789516 -0.3626894224041247
-0.13689701681669353 -0.19173117344252896
-0.25742618739162115 0.028363251022757698
-0.3785069033026739 -0.03424477297376114
-0.3831142015464569 -0.03619261266533698
-0.3400926875942506 -0.28233086069864693
-0.4547340676514691 -0.4224635612320738
-0.24476601348670302 -0.03004314715001905
-0.41098593259199284 -0.30815530192194135
-0.025173422100343068 -0.0942917794194722
-0.3069560448151118 -0.40179999925942667
-0.022934349651536685 -0.15945223726486318
-0.31709749428509715 -0.522252148530504
-0.1504403483854896 -0.22452568690877087
-0.36765215826813374 -0.40617492413875145
-0.02278320518128627 -0.010357200466602549
0.10242150474512718 0.34478061818411665
0.22409225854566703 -0.022077656923179943
0.43516507823848405 0.25154635580528956
0.14792267517264795 0.23431412414052577
0.15633325616961224 0.5011481860648935
0.4672007334993718 0.21858032741701036
0.4032220980738523 0.30240530365722346
0.4640683666180908 0.2054619612383334
0.3869062349868281 0.12477706326790539
0.3584258291993452 0.43967891883949567
0.13153336041340452 0.13267165002625333
0.12316917929035356 0.00678396391579235
0.18469727115530757 0.2778317578203922
0.4182645259047726 0.00653289011564645
0.15387732237124946 0.4080576899624598
0.2051235390632858 0.5178901114234338
0.16672703251621881 0.1696673153929807
0.27627341040653475 0.33853083757862584
0.3636241295355456 0.4249459579794805
0.43026821719505753 0.20906492320783304
0.29994201704105417 0.4212366956174106
0.015007195978022775 0.04119605965245174
0.16573664875951213 0.46814611265691697
0.19252330729587572 0.10840998007796301
0.4645547243105782 0.31352042066325936
0.033343470828546315 0.425946545688139
0.3005000951595411 0.21529546318518905
0.187406743573621 0.11143986857008324
0.19905593628781634 0.3432194376724086
0.025660443398434762 0.37591114693522454
0.2732478648470054 0.0657726293382943
0.47680684438130877 0.44384816103380065
0.039431898513841115 0.2125602758770969
0.3255593811712738 0.19973107946899446
0.0972713178456095 0.5059601137858799
0.2454068972397323 0.32542412185347236
0.38661344617982785 0.4679298992104499
0.4404971371118851 0.4863022030752354
0.13480599717175634 0.4675277618695266
0.028851646393470896 0.30354019739395544
0.4317585151596741 0.30112313040075034
0.22281669275496754 0.17690302452674078
0.48683319531668123 0.3905502951280396
0.016052701393554105 0.3597375044800721
0.40272735779480007 0.23157772069248575
0.38354046332879116 0.39040263856128726
0.4812999468934211 0.27547812016177875
0.2585091061056531 0.3326547508996082
0.20996398930774948 0.02879037796862377
0.14789959717947732 0.030479225844113444
0.08519308304515148 0.14694978503428657
0.35896669395686315 0.2984147866108067
0.5296609890914128 0.3325502126155065
0.10655528281986199 0.29054968065421805
0.4183243753468293 0.3716391236741133
0.40909439216540705 0.24646467172470637
0.06246531606289061 0.06874204940908168
0.3041057026018469 0.10635690909691202
0.47274394513376766 0.3242967583512689
0.004384410300931549 0.07713340733707535
0.2577557554510798 0.4312740812369294
0.16873167717657406 0.12095226481743143
0.509739407528392 0.425317924935301
0.009275902095931831 0.45808554257346656
0.23400425428536703 0.41256423155591654
0.054813481284437596 0.433995044872479
0.05588972165015654 0.21800646930070436
0.46192375572388894 0.30571277383073403
0.39335509223315857 0.17536874940141303
0.5366298266244656 0.23414580124865458
0.39301671498854673 0.031521796658742426
0.0890465341237206 0.07206947779233677
0.08822731221041741 0.06797901975970692
-0.008095490423664793 0.27054624673062655
0.10877612152930771 0.1393933507014482
0.3204913453075648 0.011516203079402886
0.47915342792023696 0.19829191372717567
0.08575037853104842 0.46679981936035037
0.38268888145523716 0.1317238478746345
0.3703697144509278 0.421622822141067
0.3320030652278994 0.15831564466845538
0.20351394485792734 0.42636057398716776
0.17996484284302774 0.4925050050694575
0.0856759258981546 0.3878427181665505
0.45560108551737116 0.42005109963858417
0.4002408195846362 0.22538034571887156
0.4950479845824218 0.30912929581787146
0.3461170308924166 0.3954672239760862
0.1202008817321977 0.4297515942148647
0.08992483533295229 0.07678329529312285
0.16624153165241695 0.46720445732751764
0.0059379187580291815 0.12647603546490452
0.48006800883178674 0.3978292376464374
0.2995871777446821 0.11259080341215656
0.14345680390785953 0.3587738786790517
0.41620217859856046 0.23714186024930178
0.22119090286528748 0.5289314530003574
0.4150164959571719 0.30940938179727084
0.33060331096300816 0.27413680169121357
0.0130712588701088 0.17811393841417567
0.17696064997137315 0.4664943780172756
0.46305508899247916 0.19077986636132577
0.05191872844946964 0.365177459821388
0.14865988750939904 0.29410541447382216
0.04706957151849117 0.26982627910299106
0.3824276255548428 0.4636994993756973
0.32913611986635793 0.3387594872662217
0.17458332401081902 0.07228515578233305
0.43403823898591076 0.1052777000233903
0.1286051144086839 0.07676219916297321
0.31803375716566196 0.2103300925513752
0.063544956559891 0.23062768228970884
0.29954082539612736 0.489204149227244
0.18154743397831488 0.34114948169834913
0.3210604243131015 0.18935799606512677
0.11987148455574508 0.24265428682493465
0.20621935908117917 0.19824534561980378
0.19100461218702613 0.16438955526803273
0.505452769366723 0.30176212151444054
0.4129575948595802 0.20258383228521043
0.30621658566988036 0.20853765185357834
0.2388442876669867 0.13449935444747965
0.31230690480445955 0.3955496221437509
0.2899195917796288 0.24622606044975787
0.1950758025685858 0.20153573070420122
0.4759741840815318 0.09106686710008577
0.03351103319750527 0.4834912986140686
0.390247939055549 0.4705897357715939
0.031014367976007703 0.4309844015275481
0.09871025863139926 0.4717639887285061
0.06844780654835086 0.08414549255284975
0.04218513849024966 0.43476009384357683
0.2933612979342654 0.1698059310446007
0.3194528279007104 0.43410869595048385
0.36435572020188195 0.02363511080460911
0.171989101519578 0.2855499176853963
0.432817231362572 0.460260196297269
0.302306716295503 0.24961240077977256
0.5159129029388345 0.06289820806507976
0.38254765690845555 -0.0013995393627304342
0.052380397170532667 0.31902828454872606
0.301038448609611 0.18229006402947853
0.4666713828985681 0.3381385622069145
0.14069372373685274 0.11351023383842956
0.18599769021551096 0.1545086445512157
0.2593542833916409 0.015236475579732366
0.34091674810331335 0.357549797663666
0.24504940016820403 0.43873573209300526
0.3681686910667195 0.2390796488637802
0.1775547153737389 -0.01810863853685469
0.4755550300460462 0.22217914561823904
0.1894219449667629 0.043990640646507165
0.34127522485792866 0.30264118873003776
0.3610738692071176 0.2872608603053052
0.3092512684473737 0.16931672754686447
0.2854448637171338 0.16924256803237916
0.1924081976346541 0.30443807901147546
0.0066698699134723205 0.4654641164216911
0.09262263885398261 0.46538113930117064
0.22525218177763887 0.1165584488009902
-0.0051482318354006545 0.4250040625752796
0.3782079252219818 0.016053411191076384
0.3947002747520567 0.4620666399541135
0.4625130135384027 0.20757520513432573
0.3489333176139307 0.39812765861666477
0.2585407352541689 0.39787662711478466
0.24270216580712392 0.43224233191179295
0.12067029081993273 0.5045086599183188
0.44770899039702305 0.40149553680498173
0.28026650626444805 0.18747205442169468
0.14513277095282817 -0.046102442721650476
0.4341168501398719 0.0065143123088395385
0.3696810972510935 0.4864821045268088
0.07765996213127463 0.34863220308806314
0.011396371956243073 0.1466467620533044
0.10454138256216021 0.20999517822416425
0.06535973619430449 0.2542745135530529
0.46761494566876166 0.4883448545216546
0.3691231992394752 0.4842358202156113
0.33535257985161515 0.337923755406107
0.13602437919319663 0.09761363211701765
0.06530168198164303 0.47805163362314446
0.2301908046393287 0.43353950600702473
0.06620301542580036 0.20832561852550335
0.1904185454961385 0.2701553205266761
0.5024033811888806 0.44727621495034686
0.10991982961306573 0.09925332194392647
0.4345029025492462 0.3910753194504493
0.17746916157248432 0.10885781386527127
0.328980313930071 0.44377658781437995
0.4334005013948423 0.0669669206627915
0.17145257185881257 0.20530203192621566
0.03803835450563783 0.30268275445755666
0.37643598936723804 0.0716536410081973
0.0817790606398074 0.04155285190650187
0.3520350544462509 0.21006137887053586
0.0675882178771216 0.0800025542938058
0.2137586637869357 0.18121785187021497
0.19245592622327878 0.4896934038682495
0.2549705568097804 0.4233632483463495
0.0891417595065741 0.3814981503697299
0.03282586178653535 0.07065793726966216
0.1512447585657105 0.11457041904496555
0.25590194660506904 0.5252683175638481
0.4006737989109903 0.0172376912955517
0.08031293863963868 0.4753284466465224
0.4361279826935237 0.06665293790844581
0.028684335216772584 0.4429470656740046
0.438744122210051 0.4239483193819742
0.2958761179137976 -0.028865576617617232
0.31201388933126084 0.1939565583468026
0.450102423806324 0.4776402744074665
0.12282855316768061 0.06110644768643261
0.3325883090255092 0.14958770657096263
0.3295888212379354 0.487755187027122
0.11318445308705741 0.06828998798810414
0.20133699244253583 0.31192403209723707
0.5092281440171091 0.2371589205301967
0.0137216557776648 0.4378067760425581
0.4526898351137805 0.2123903151768925
0.2689203055490657 0.2734836515091521
0.24093437946214624 0.30836097324558215
0.12754582025498712 0.03280273156338809
0.33962211602898884 0.13614296147210556
0.48012386618198133 0.08168687728884907
0.18757422783723868 0.17653823602364227
0.4478453673310639 0.28447547618629604
0.20513788959308624 0.29162392924927033
0.41558151758585843 0.2795120611062209
0.40583397945895905 0.0350139232457229
0.18363219856841465 0.2532056088856295
0.4391454066074885 0.13307875404841651
0.30647511093063395 0.46164248265360464
0.07459322871107933 0.11522512664110723
0.318802324509292 0.3334002013646512
0.24316852572639294 0.01568093523056402
0.355979228702915 0.43833611973179726
0.3718262732872765 0.047529176571252704
0.029909708497641865 0.15857890059532892
0.10482583909470126 0.43710744464184953
0.45604262565586856 0.24571085295501285
0.06186017263654385 0.41801864506806863
0.479533268190017 0.32330413473561964
0.12107640694923641 0.30287875295864375
-0.03340696209932908 0.011671272191131631
0.09901550703162745 0.10549467827959519
0.32400741784049963 0.34421908863880885
0.07451856755370051 0.1183387323372105
0.1713155661439132 0.2200187347009571
0.3890993675529002 0.15684663677214966
0.13172670611825432 0.270516186558193
0.0783827053184029 0.21601339565071553
0.24429762835746874 0.14148106052555173
0.2979190674173825 0.05608230127779154
0.18037608422826912 0.08412118770538488
0.5283479192266991 0.10579349304963924
0.3833108424600491 0.23791730267047428
0.4185276670993247 0.14788774263218205
0.09744378152256902 0.45321957056769413
0.1499865162977504 0.18153951129162532
0.37171711593412826 0.20776176751187195
0.40183346221258814 0.07533349769958361
0.005302296540066781 0.41740048281596104
0.2704359971149447 0.09262182678103024
0.36995396729243996 0.48242185611391997
0.24705244077582894 0.3447214355130625
0.1814782384211617 0.34757343360817233
0.3227114047956314 0.30483298678366677
0.3987374722750146 0.4039593641912997
0.06633283401879193 0.0074126241199601066
0.2879284673429673 0.4216187202326262
0.5180320923974349 0.34125000134097033
0.4244634661487274 0.4377938919485225
0.36179323936270685 0.2483108965941839
0.30120407363312773 0.3319382488375588
0.01509379441598288 0.25470179147066807
0.14898085421333024 0.3823624500798988
0.21091643901452134 0.06874363490296505
0.26913478750253456 0.18864171788700956
0.05225908030676472 0.1484250069692149
0.10516842995701631 0.23716867855190718
0.4012783975319392 0.040204573449428606
0.012549569950946787 0.16803151526519114
0.22246887470584226 0.4496681949386018
0.11113811176079685 0.2379779250981091
0.13850762717331808 0.24236391652705283
0.21233438650659556 0.05687301515459006
0.09655068125290343 0.28146382823282085
0.11295091158008069 0.09920284171052517
0.13147349365238642 0.25945834407916146
0.2338437895313633 -0.016119906225194713
0.43393029147338746 0.11150211535135043
0.4503213346483722 0.11521013199471937
0.11367496383554805 0.08302498118211864
0.09740415381133632 0.5130410786301156
0.39434022161161125 -0.04807633068120254
0.08740093874044415 0.47357943187014245
-0.05487509346017774 0.5066574131310467
0.11289531173640396 0.43521197088650476
0.4739165339325501 0.3880862386504762
0.05029657391533397 0.29885097291665397
0.29188056001995505 0.29778312833542125
0.11645168838880533 0.38796264727034
0.39665783828946743 0.14552045200569577
-0.023971601901400925 0.31652742441756077
0.0416127592014645 0.2423912760773711
0.2267646864103962 0.34019307366632245
0.4490226528528183 0.4727923019393161
0.3514625695574825 0.26852513062858063
0.013669260097800874 0.04108328046158279
0.28788399111738816 0.23885079947436458
0.20515374442962714 0.09579925341523207
0.28806587476299017 0.21592583145903396
0.04141431917379053 0.2261489507528104
0.22415069588984865 0.34043291636476036
0.299163475500333 0.3685356982112871
0.07486663055170008 0.3077554979926702
0.20180785678492297 0.18797583124733805
0.3737009554314511 0.2667888404882981
0.16549794701594972 0.47295001534253467
0.16531432043830654 0.4304031440223856
0.165991469833115 0.016220622275561748
0.17163269787720903 0.35196737746407214
0.2988344188796258 0.4570784655638357
0.19930577835736193 0.49956582291528007
0.37924581037401905 0.3305755997934089
0.366281836651194 0.36964864564041516
0.2478856921969279 0.1277533921205455
0.3071944813239449 0.4045129770405113
0.26805712287721173 0.11485941772612855
0.375961060360113 0.15731278603533416
0.46653493298194004 0.38940870069326405
-0.01576917077920284 0.3366617428054305
0.4437362207779456 0.09157105983813923
0.04140460546549059 0.28252388219753544
0.09439894727636798 0.10761090502410131
0.19548492563646955 0.06001118856341821
0.3436301209420915 0.24891161823736943
0.3474661868081374 0.007531058242696798
0.2729191404626705 0.20816339427047306
0.41668520401926656 0.11322070281871423
0.30724214167766745 0.4151792804445431
0.38219147147847526 0.4070542355032096
0.09411758835572939 0.47118347103030395
0.3873652334673281 0.12492044203345343
0.36936262201069336 0.09949335387019595
-0.001766592924218234 0.390075587898878
0.3112654117336833 0.27407342762387876
0.1700760558181555 0.37307112072046505
0.27531011321634985 0.035306197600649375
0.10705132985927139 0.30628482261754053
0.10214675452302528 0.3758284555022046
0.4446515015366061 0.06390239681209305
0.42889469813633213 0.2507381464504235
0.0288033107291007 0.40865172661239374
0.46794154386766 0.375230174615246
0.24708417031993 0.11325625430749771
0.43389350005818056 0.1669815249510781
0.3185373579770414 0.07667633747063327
0.320452531471889 0.3012679867360029
0.4081836775200659 0.21236854207371048
0.46548347633536713 0.30096152628576583
0.34207371116282265 0.002899576253225316
0.15604270010397614 0.2581091302944447
0.1955880139577765 0.10566327682012638
0.0359060523024701 0.13809500669410585
0.20678720008627174 0.31373415280166417
0.43319815825156116 0.11739547319597071
0.2453842920201651 0.415887796057799
0.20704349849854653 0.491982607388044
0.22544522014786 0.049767606431293604
0.18870116250316374 9.103144468537716e-07
0.43775599740884175 0.3029266341533179
0.3650911775564904 0.3765653664443889
0.33635525814327744 0.3050455905065095
0.19862713893413986 0.3828834195357228
0.526203068515253 0.5257769434918468
0.1241815350412735 0.18515472782824738
0.09409645828550992 0.30063242479052943
0.04402664158739527 0.07170445987702924
0.14973906287025515 0.4473287298585996
0.4364079328523758 0.4195898996696823
0.013969366369351931 0.09973156472275936
0.38447993127475216 0.21459419503440944
0.2888287027101206 0.19018122093661932
0.451504703824509 0.3970596685689335
0.07151950344097245 0.2938525638998162
0.34112241182981584 0.20339414738830527
0.1516025259864973 0.3968789348222661
0.3416002480932904 0.12513132816008987
0.11291367491878083 0.044365451675700524
0.4036132773039101 0.31130498110092025
0.062340467787640935 0.2884511471292352
0.020964902610503044 0.13225983026206015
0.09797500455230047 0.2363786034704846
0.2363117217128287 0.15681932197840323
0.036939505398617116 0.3461109750559484
0.36377307362915157 0.2621436150367405
0.34472139567678334 0.4246886476204326
0.41180244131594196 0.11565774451765821
0.2289497494807277 0.2523113185538058
0.0334552820049034 0.0837857058791481
0.3143158275395842 0.28304933670478083
0.07300839923941693 0.31863036816887463
0.44692078113701705 0.20775106762482104
0.10021613200995552 0.47961783616546505
0.27999405000243655 0.14174586949729318
0.29183414429409427 0.28487975727419373
0.10471541679489152 0.2755812785423745
0.10363610272009849 0.2895620430662134
0.2848381984289826 0.07006282078337388
0.32632604129712395 0.03639631814112049
0.40624819135758694 0.3975776688445276
0.3533899192354325 0.22949075642056055
0.18767487188051327 0.1897965194446633
0.25047418368585916 0.4302704511655439
0.2095409847187874 0.2392245137240351
0.038325694348157975 0.2587336829962775
0.19368396033458682 0.3198610919574544
0.27148420219351077 0.19164273309492796
0.18052393416328855 0.2944832964865984
0.12032524783201456 0.28091930011276395
0.07105646604076812 0.12801523952378263
0.48357920550182265 0.18958628470279812
0.20718949005617873 0.34298417740412696
0.4125754609403884 0.5078610188825439
0.4578335755203157 0.018335043523222322
0.31992007910827996 0.06442410301099741
0.35499580739261205 0.3320465311039945
0.0011173482422449019 -0.05527675116044185
0.3820211575787595 0.2774082227318589
0.48405251471542093 0.12272770582907534
0.15471848988459758 0.4640442155713864
0.10032172418009609 0.2034804040391072
0.1968931510900638 0.12374783252823354
0.15048406389929045 0.1516131288658309
0.2424778333587829 0.2697837264234484
0.20526619328052922 0.11397245895630934
0.16592303435447603 0.09227552857574652
0.07736954564145263 0.382754397489706
0.22337428992832672 0.13369220071538795
0.0916237095359393 0.04493023226460941
0.4741702325454983 0.015076698787967082
0.33288204715075675 0.010928741433051226
0.3286641297822815 0.2689055545191853
0.10136875031950701 0.239462457605118
0.2404766945858076 0.3135699275679083
0.3450378076597479 0.17428829701835524
0.28212635746756654 0.21712761819297766
0.43210627456964634 0.13218277952163685
0.20290106162006638 0.16847030848039357
0.42305553674707885 0.16938754441951678
0.32612879997234817 0.40356055083338477
0.18375969705865858 0.48765559735206104
0.3985406445945767 0.4337524899714393
0.259920101501446 0.4904433463744439
0.3406565773240014 0.13407905006650395
0.42078544794092837 0.3280725037582183
0.2348034382252735 0.4052657804357775
0.4620819216988279 0.23034769821083012
0.1423552401269057 0.37246147007189007
0.07579477935866269 0.25565227398838
0.1701580060497058 0.4012252736552565
0.3174156274062087 0.32437376280658425
0.4270722914692308 0.36797094417230525
0.18953954086677405 0.1789123005063634
0.20294211136051604 0.15164598321495418
0.3999012970748454 0.21800021451507834
0.11531626813318309 0.11610041284327285
0.3831907076951018 0.4037600718989838
0.4630780831791036 0.06825722672584464
0.2849404310434345 0.5039497657389274
0.39248668635771794 0.08561102577700455
0.2785528875439679 0.4484100399433945
0.3701863775202935 0.3571330651310035
0.4324074223840461 0.33149359686085783
0.30173518975051605 0.08692227685407539
0.31941561140834673 0.12669029892312644
0.22279710703004893 0.022919787230011864
0.09341749887897698 0.10754124901719836
0.15393828071302468 0.47071966851839403
0.27327384069513383 0.08289429702569487
0.11956183267948195 0.2032512634421727
0.308832632474979 0.37119297036026333
0.27048690103275713 0.16396349868881532
0.4240076729868914 0.26662256386039235
0.01848564401301906 0.2428180466677648
0.053658635373876114 0.4157380278925187
0.25129005352572836 0.1335291134397394
0.44779784822648094 0.028755356656582916
0.2018738085783757 0.2827776530288199
0.3029591344757336 0.21306483642936125
0.18184870791364555 0.34531131321484815
0.42113510666930193 0.011014483059396014
0.41474338321420573 0.28417303400870825
0.436585770536814 0.20293952396953704
0.3106043640142849 0.42493986647452003
0.1851862363895052 0.3848854344020547
0.29430793242484937 0.031864881265014605
0.207919038864054 0.35793697772075556
