-0.34641585490405513 0.010016240540437607
-0.4631540672525379 -0.4687507742093767
-0.4487278876204249 -0.3713595317904976
-0.02132653249698845 -0.11600783767446557
-0.4283760589986688 -0.4222959390157729
-0.015128916706114465 -0.02826029111890283
-0.5041172638890506 -0.08668109503017665
-0.338375851109254 -0.21465514047638481
-0.09489118476073868 -0.44346133504320184
-0.17538394086391598 -0.06174150342877882
-0.45289596692927464 -0.48347533410222965
-0.2012953616643647 -0.15019165422318648
-0.257137359710889 -0.3483875512915387
-0.4208267263957718 -0.15044096637074816
-0.004719018834538714 -0.34907401676081706
-0.18730033894950868 -0.29298624446540666
-0.10920986915624754 -0.27548130513230235
-0.38351552454861887 -0.0923477413921034
-0.13331340399245117 -0.04164288987334572
-0.049005987260829095 -0.4963343835830522
-0.4579832268707673 -0.36657450976550104
-0.38207570878980224 -0.22775673147386613
-0.470159490071604 -0.05090372604280011
-0.23420005263152166 -0.2681297435362908
-0.004324232282297025 -0.1602396900531967
-0.04621807879718046 -0.09147362117710328
-0.09959970190444908 -0.05899787315877965
-0.509053222084735 -0.2851551963097916
-0.17767290768142766 -0.11478934081798077
-0.04060737996062906 -0.3539491953591938
-0.3822126649102098 -0.31236062213875404
-0.15630830255001896 -0.2059689487086072
-0.39608839799253237 -0.25572765806109804
-0.17892847640475332 -0.11551964316238024
-0.17663462650218476 -0.16265459885221045
-0.19278651805508026 -0.3072986692800524
-0.3583497997833902 -0.2157021912320524
-0.10890126289942242 -0.04677329856469475
-0.2617964879169779 -0.26078754260544346
-0.11285779793030556 -0.3520112278597446
-0.17678907264330534 -0.0406096855267393
-0.16860567783682393 -0.44626295869366567
-0.2965727347399344 -0.06177561332749465
-0.507555363915495 0.003797007354118152
-0.056958780919297076 -0.49902819297474504
-0.2861410609981406 -0.2009457334588154
-0.32158206105557074 -0.24229505932416776
-0.40298370240387693 -0.2523866370443777
-0.10154129343366992 -0.25509206367146203
0.009335973571776193 -0.3116006951202782
-0.04893992399026956 -0.4660424273235425
0.001224380392803752 -0.11146617832706797
-0.24974967780516902 -0.15937118286340116
-0.018164232461155783 -0.4367435132005999
-0.273033299908202 -0.45783599144280895
-0.09767835767579376 -0.490680571694136
-0.10573823682992974 -0.4336497397741406
-0.47613211185742577 -0.04498655851606827
-0.35650745026777847 -0.18140380425136235
-0.06783439592068531 -0.21526141013156108
-0.3977670119113533 -0.43229630250154694
-0.2124464007797658 -0.34279110087024783
-0.4510639369490352 -0.09229536318067338
-0.09713065347279104 -0.16946326821122093
-0.16190526006951467 -0.16942304217541104
-0.2512896649683459 -0.437239055309631
-0.03566999269452359 -0.1679417827496485
-0.3415577963954831 -0.24812830261572422
-0.030558794086444796 -0.13232026671847175
-0.08554113191100599 -0.4044632190307814
-0.27684157828519457 -0.10028124869254401
-0.43310923017470626 -0.3346951712793961
-0.28332973488943064 -0.3433292638180151
-0.41236077416752104 -0.08280700639599703
-0.2191847776522254 -0.28768613404908144
-0.3539448241331305 -0.27303287814707633
-0.0766645782084733 -0.42374173810806204
-0.18264481508997252 -0.04730416862273508
-0.14468811533194584 -0.31711285219816754
-0.3596779189292181 -0.4372070113399184
-0.28599027761098395 -0.4542985438512845
-0.3355970615786344 -0.28512244576315887
-0.34155886158464077 0.003260485364050209
-0.1928654625489401 -0.436423531418363
-0.33387564692064325 -0.05698818608964169
-0.08687840863515628 -0.1738148998581687
-0.0005519836207433862 -0.40582988726149904
-0.2964787505717081 -0.2099283796884175
-0.4560104637515153 -0.24882111698497777
-0.3607154758906533 -0.17871367898515514
-0.4302846065520551 -0.4489885930909215
-0.3669594488367882 -0.08196168684062678
-0.10661329934019115 -0.36039593813863346
0.02182710348072871 -0.2516647596347975
-0.14688377286507107 -0.3154546319756028
-0.49579054541293266 -0.2295809577446004
-0.3686291122555292 -0.03400124957432149
-0.4074758026371459 -0.4647270121455251
-0.2767421418467509 -0.3594441748300862
-0.06903454782970625 -0.3510403366408965
-0.1787296355183659 -0.4864926830168187
-0.3799560856701102 -0.40223885896440537
-0.38655093419105974 -0.2460214575518438
-0.11213150885369434 -0.0606867075710621
-0.3488283676289041 -0.07712843124190442
-0.3136588621689158 -0.21738454794633238
-0.3831803146078204 -0.29616184142685015
-0.32004326004215927 -0.5313832991915455
-0.11128100314468188 -0.08437362825663142
-0.26059293740112344 -0.26773882730674003
0.01140881174985912 -0.14527337847303087
-0.23116699503486787 -0.318014886273577
-0.4066715021045057 0.018507337052098026
-0.3609821667548844 -0.3302719971048384
-0.1618983990964485 -0.4133298864107339
-0.42977272797707566 -0.12202295668873571
-0.2268846571075251 -0.021184830218503075
-0.05374562727998672 -0.25477380870059624
-0.20385735796188598 -0.251547399693607
-0.19760080023426407 -0.26454799756719133
-0.04990895055532943 -0.2701585538084157
-0.13934971847720426 -0.43227428046379324
-0.01660813738398655 -0.24945867775189057
-0.037618569530119716 -0.03936579799609047
-0.3383835001709822 -0.26084641944040204
-0.1990155990599674 -0.43455914259697387
-0.4040165038501924 -0.22560269628418678
-0.3538127324054223 -0.28456608490575835
-0.44504199329390554 -0.42439208980428833
-0.20327405987343297 -0.14582595517319183
-0.40014467735148257 -0.06458273408683929
0.02451224093198913 -0.1695256279742603
-0.05236700379447544 -0.11801748359300746
-0.18774632717090622 -0.26243914635279536
-0.24141280573090157 -0.4379063652717577
-0.3769645926336345 -0.46668137492299655
-0.34326602902048164 -0.5023247014687765
-0.3193708635325363 -0.3509665841457484
-0.027937912500579913 -0.42315486137424035
-0.04884717820958857 -0.09217347699767535
-0.0661050399351299 -0.20153223918254015
0.03739559443309052 -0.2710658038969593
-0.4168503241524173 -0.2894408561803962
-0.2005998523165531 -0.27508762898098577
-0.19764898112046647 -0.30418039418769843
-0.2213395549847207 -0.21062586610690942
-0.30544968294877883 -0.04161231772131716
-0.11790318145542465 -0.42495144682367325
-0.20294389647427494 -0.05620989911050574
-0.36176260649205216 -0.043588668761194355
-0.1323343164939563 -0.16587409260926844
-0.41563667926887304 -0.31709163327554074
-0.4673398146558078 -0.21109079493061395
-0.3313342643865578 -0.09916793110186142
-0.1429520342813843 -0.26939547950439374
-0.3666617846223231 -0.2439314460448446
-0.1506804900387979 -0.14452398704327699
-0.21478934956315665 -0.05988465380129204
-0.1452140944039489 -0.5025359996278089
-0.04020499748341741 -0.19246053619897047
-0.2776684595359636 -0.038639799067196
-0.08076240801604721 -0.04796593690146894
-0.3094337849159217 -0.13292859508950408
-0.38196125822749244 -0.08333977156479963
-0.13284819539450216 -0.10982727297710274
-0.27135792431631345 -0.045404979747531105
-0.2894193676379905 -0.19729131603173083
-0.29989152399618896 0.004718420955732848
-0.338873671960645 -0.33469056849552825
-0.4167561043410256 -0.014710128366454587
-0.22604966579244404 -0.08977276970973969
0.012902023212710063 -0.13569225070312746
-0.11376753746102575 -0.2120909000544952
0.021061934530614886 -0.20641032465816145
-0.25321048469734686 -0.3992093695221409
-0.00207508000474357 -0.07749918670051104
-0.16497568992899447 -0.527839396523079
-0.28504080296600326 -0.5136075018568008
-0.22797677631612615 -0.26762454812368797
-0.23801495610310447 -0.2914461764787388
-0.48295167928070365 -0.40567152827655373
-0.08205965912596014 -0.3938002928723791
-0.4910380793359055 -0.3459513689766635
-0.21707578030941166 -0.05480408892777744
-0.09906700625437306 -0.3532845290159579
-0.17794030441599998 -0.38219245534772
-0.11699344971444534 -0.0524626080077515
-0.09553460349653946 -0.24478853849412985
-0.4588229743844334 -0.20036514198656907
-0.06155591302253072 -0.18651867684326892
-0.04397754503373472 -0.48242731445734494
-0.1957924758682816 -0.12526607004573218
-0.045811508778071094 -0.3297165349163609
-0.4898290203996894 -0.290489101454875
-0.11703637286468677 -0.3676075460048385
-0.049456520310953225 -0.05459285144208636
-0.41383317080759446 -0.07466405441620877
-0.5116089370637191 -0.3083580452547475
-0.4094232174241153 -0.04077278036886553
-0.12403066115407087 -0.39618844758667043
-0.00514107963501214 -0.19915975536694513
-0.43410819737931816 -0.08627063056311597
-0.32650467357912405 -0.2529240590989408
-0.04611714587389025 -0.3805781433701594
-0.48655189604509336 -0.457193959666189
-0.09561453450596293 -0.31056319746173805
-0.5010273282713377 -0.3688908575040865
-0.41794784059349105 -0.07287424726404293
-0.4556468338247067 -0.4619872780407996
-0.08082856229968945 -0.400372347760094
-0.3405898659453279 -0.24243763178393765
-0.037035628108252144 -0.5160955569765726
-0.5245802247020468 -0.21732571908131784
-0.2334097218201653 -0.07277764443562522
-0.316685051056498 -0.4156650492676248
-0.059423908442291604 -0.1816109148206127
-0.2569351040456713 -0.48387247721435017
-0.24372564523841092 -0.17019806640450408
-0.21843398142841677 -0.06866331744616194
-0.1243039819085164 -0.10742087336943769
-0.18611220284367586 -0.18927662785310465
-0.23623343766393198 -0.038585129193476224
-0.2696275146821432 -0.006520176657526711
-0.22646402533537943 -0.3518360048083367
-0.15079659976368076 -0.13309323921654617
-0.37629671519711116 0.001552615823054446
-0.4546281598293826 -0.014983861078185008
-0.2616126488958941 -0.16329351829031696
-0.4099142081199773 -0.42598633898730065
-0.19670184848781175 -0.33348476625653706
-0.40675321402946635 -0.45283227983471974
-0.06965644718572032 -0.3432292724088656
-0.13375081479052386 -0.24778156801518297
-0.18482995591836163 -0.07075007811259787
-0.23935913182496749 -0.19564805106772887
-0.46024269157473474 -0.18591826416269863
-0.37544412287492224 -0.11325834648722659
-0.33439139702693754 -0.009557550564592857
-0.3350806514310073 -0.21629239147703286
-0.49625938572282546 -0.350018614516658
-0.33979437907132715 -0.036955696239002814
-0.43318701019094424 -0.005338524331220536
-0.3890785417006469 -0.48790048623607635
-0.3291109917974629 -0.4702719131440515
-0.19055577687062808 -0.12464458507340373
-0.1110466946371761 -0.4808511125822514
-0.3734004905824383 -0.09789340609096431
-0.18150528303000807 -0.2216723714279658
-0.049383768274973865 -0.42961471231820103
-0.46134687360954413 -0.07062936177891149
-0.17702983567425382 -0.2929701724097003
-0.4471650075184393 -0.178528586936924
-0.056629057306950385 -0.016652476639365345
-0.06259961136794114 -0.4201198789569479
-0.32639445337612527 -0.34884456773336675
-0.5116540787811965 -0.03761353957394467
-0.2675552317805267 -0.007827147152727261
-0.19496211148809225 -0.1710679873565838
-0.03665219407032787 -0.1859712636806663
-0.13064401121932867 -0.38427121414372145
-0.13625888039038125 -0.1456328511611625
-0.13298640770111989 -0.2505189964937212
-0.37361493180401273 -0.36359050509178803
-0.36247008641984285 -0.29095388167786745
-0.19441519067979765 -0.30509925325959786
-0.0997691681321247 0.0050776420062623034
-0.4048270904021179 -0.3356401851882494
-0.025948162842831187 -0.2643785486376327
-0.5028063051503205 -0.393236821421365
-0.4247776443432832 -0.41256847849138206
-0.3020504342282877 -0.06813074456109985
-0.3601295833719196 -0.1492632791363397
-0.027185958772289964 -0.149013499224889
-0.33023864061129277 -0.3251456686709008
-0.32770881687018677 -0.3312260947648269
-0.10537966480801597 -0.423862006730796
-0.30012117992073417 -0.10596571803149275
-0.49314675187743195 -0.03638112492579135
-0.18216145306529838 -0.29127996476524554
-0.2631701915533464 -0.478073223734681
-0.24643791682630176 -0.10329374885540892
-0.08182552479318696 -0.21534955769468747
-0.19718579554442092 -0.18670543788776817
-0.183953801489613 -0.1531812814889833
-0.35768657635779877 -0.3661112974384916
-0.3601110642917631 -0.12547981375619077
-0.44890668623907826 -0.4309432173841989
-0.30362210056244565 -0.128118340959089
-0.01896369436154126 -0.4206264354797878
-0.11462584866178659 -0.2902032369300514
-0.19795134950533913 -0.3257590061815773
-0.1567341579350822 -0.0321432488488725
-0.340861182638885 -0.2115667401274345
-0.5071742743240346 -0.23702373540753913
-0.31098282332083277 -0.14532823171604392
-0.3582077201323346 -0.41428644118760344
-0.46637182883015693 -0.15055105303281463
-0.3655974773529469 -0.4563714523665722
-0.21883157505194026 -0.39096983966491855
-0.41423559786688624 -0.2026536972990875
-0.19856966684660635 -0.4115965422736132
-0.2519329530196027 -0.28253368524216577
-0.3100539182324148 -0.32618130662682115
-0.14076439636380433 -0.008639124227494563
-0.29221579269406145 -0.20390362091484948
-0.2560664903171012 -0.1596921025396792
-0.4323504651943863 -0.2859052985487099
-0.1622606267106025 -0.4251745802283967
-0.17675833488695997 -0.08446052129133957
-0.010947494434791864 -0.2744683602794267
-0.256047134426892 -0.05333101868106763
-0.34252562338775794 -0.47708754681933296
-0.07171014994785341 -0.2749091241975065
-0.05954556486319299 -0.2760585856941817
-0.09672927846342402 -0.4586635500933538
-0.33281665749504374 -0.4302373147999249
-0.30863305355453047 -0.08670698613439934
-0.3921494312440908 -0.25256733347710386
-0.48564285779714794 -0.24655110099217484
-0.009561757806194256 -0.007895046643384439
-0.3962244878745472 -0.42153808987846586
-0.04313022556076454 -0.20771283234325905
-0.41720056106355624 -0.3172516825096897
-0.09358283318218982 -0.4749394129343315
-0.14682477308586311 -0.08591410097486527
-0.48161835346261606 -0.4170635130129249
-0.06968113559685646 -0.4119176483462123
-0.34290199407283967 -0.11208898679903337
-0.273838759474746 -0.31186418808964433
-0.0303380916967948 -0.06332323630162831
-0.40936593550800543 -0.32618250958462364
-0.4324481195793089 -0.026813522509331063
-0.05961404555064139 -0.2431912605473758
-0.5296559353887416 -0.03677390787866973
-0.12881450417539547 -0.3534582457092812
-0.17464094420559495 -0.15056496795866725
-0.11520173950741056 -0.23305926628436
-0.059507080471305436 -0.38941623748477217
-0.4777951708574942 -0.4106713305505074
-0.47785736329587714 -0.14504535251027745
-0.09830990034804497 -0.32514325888998646
-0.035531194338619926 -0.06256193805793267
-0.5288007770260102 -0.21904271548465304
-0.07847408600887638 -0.21604497374024717
-0.22765705473849507 -0.30172080439912086
-0.26371021590090626 -0.11038663215113266
-0.13515948952592172 -0.4550942974953031
-0.2390322758507098 -0.0339901306736506
-0.3091925064744063 -0.333648965846849
-0.27599550668194706 -0.42365798039961194
-0.47374617001098596 -0.12778065440726272
-0.191889463660961 -0.11762435771431677
-0.22057504998238242 -0.061325966396510334
-0.19914713199028058 -0.19058706973527514
-0.14316907449455288 -0.4959864930280687
-0.43800700953098837 -0.04351151788599265
-0.19819377485665232 -0.2399027338033442
-0.05601369256007779 -0.09669519131922971
-0.16810212017366244 -0.06598280831591136
-0.39241025519144884 -0.3758280556076882
-0.1225294830796934 -0.10181886399886314
-0.322092721685116 -0.3155765446929188
-0.45456627829769825 -0.4017276250401297
-0.31471497792858616 -0.4630612703880903
-0.21916630922018612 0.008780149589711978
-0.18249259735600198 -0.15472642024669497
-0.047632969147008444 -0.1588992612410477
-0.17213751519853437 -0.19637309770171296
-0.229877045526987 -0.1048223038074372
-0.023246103616769053 -0.36064883639109135
-0.0015182763329004423 -0.1265045816682191
-0.41771264237568667 -0.49489934830307847
-0.07009531257339235 -0.20421487556061613
-0.1829970387208629 -0.2755239792013179
-0.2052919666538956 -0.053776102143727064
-0.01087370390249533 -0.39141411403191445
-0.43102557620387066 -0.450148849237214
-0.5030378111642361 -0.11748864138134504
-0.4334183289283153 -0.2615919833206674
-0.37090805736772975 -0.3851799862833774
-0.2657209320601611 -0.3884991638541048
-0.05778689216735922 -0.09720046465333114
-0.20699422738197382 -0.008505334623642426
-0.029202687453492963 -0.10267086661262217
-0.22640306028830737 -0.270467114994483
-0.1041573805167555 -0.25147641250291475
-0.0066762894796785315 -0.2935237622480883
-0.5114223252418102 -0.24342949669878858
-0.27561838745783995 -0.3588485712932248
-0.219522250227195 -0.08276050867163952
-0.43941009001124925 -0.02599864700971148
-0.2452060046216515 -0.3586398974823013
-0.3993751755514169 -0.4713466203046438
-0.37400812538143724 -0.2373842022871019
-0.09018480673899601 -0.020440480118023487
-0.3961432986739481 -0.3619160047874139
-0.24057439063038188 -0.5074121211050296
-0.33052059160044756 -0.040301152890223915
-0.4222861794023279 -0.18222875368426789
-0.025716698457686125 -0.2646309005328471
-0.11159102644306747 -0.2680499455225042
-0.15498917091751727 -0.1371292050339166
-0.26285064333563535 -0.4634057806996896
-0.11770933060722252 -0.36158571838464915
-0.05431743100829585 -0.3024884779967983
-0.4927471180325871 -0.46227373493225665
-0.4509730532338323 -0.15902220300220185
-0.24722388207932672 -0.4359371045766001
-0.48137483582047 -0.18379553367572302
-0.05458018140805557 -0.05089967462286254
-0.14911754945351102 -0.23757567465044674
-0.44779594286151825 -0.10000046481988326
-0.19176989090129917 -0.2529204012273909
-0.1741483814169645 -0.42585434409520134
-0.013445929468358387 -0.470513303550732
-0.115812004900189 -0.4729316936901914
-0.11207082725739201 -0.13492932452699496
-0.24366572526104563 0.010863187940297662
-0.07968948461702435 -0.28297499335670795
-0.2214226818085957 -0.5042500108845837
-0.2607632438039442 -0.08735367939119618
-0.0236075607347809 -0.33439442695034916
-0.06668336921128809 -0.3125764592198022
-0.4041710310987634 -0.09271935367094472
-0.18913775358864365 -0.024146634769231172
-0.34063223922880415 -0.46440165140598383
-0.3643826221363921 -0.022439267940870533
-0.38481227560814385 -0.19057094371231065
-0.22421074049616402 -0.4144628629427486
-0.33916794357771785 -0.2514763573045904
-0.22588622626882132 -0.4420952209891459
-0.42310737926656905 -0.11212153687164794
-0.14638740182899257 -0.3728986205944377
-0.36331279737228667 -0.4027073123749394
-0.2720594403727923 -0.3556802692447386
-0.3903880070766781 -0.442011627236291
-0.06868477338746076 -0.26291313544563355
-0.41818080203364943 -0.31485740887632974
-0.2548506842891542 -0.159151913965638
-0.4107563541763832 -0.13567783167937944
-0.13130444849468206 -0.2865538528276127
-0.4887429847583605 -0.17529206487550308
-0.13213319485445885 -0.3251647377529681
-0.10843892238493458 -0.5143469204699506
-0.017860153080525007 -0.2996448215536882
-0.011971098535227449 -0.41965495315113704
-0.3356950152868047 -0.14854980714016913
-0.029093576276820174 -0.28887886750191183
-0.3415149724975426 -0.3451582460750052
-0.20089847384106876 -0.49747714605022536
-0.2920382708061714 -0.3096569096618581
-0.12658493535493565 -0.29876780293358246
-0.19449696840487482 -0.3943267894030193
-0.37434114436560545 -0.32715112675400393
-0.2915928778048549 -0.16645213657290503
-0.49786547577794504 -0.013699995473941642
-0.4218423544666713 -0.41504466208086854
-0.2896796435492836 -0.3337112239971062
-0.2638397887964801 -0.29541593274166084
-0.4579204338700246 -0.2147324406078815
-0.392299730696448 -0.4418280982696271
-0.029518922003762903 -0.3814305089728153
-0.24448459525944086 -0.2571303775580706
-0.09241830019568453 -0.3007741471588206
-0.38210978608100765 -0.1088638307340218
-0.13002491398682803 -0.1521239799559644
-0.0920129715475109 0.046679425764981755
-0.29383975927733336 -0.04307112471088905
-0.174022296302923 -0.053882200208411474
-0.17016554117662067 -0.22399385489920953
-0.45456432362368776 -0.3929943918073192
-0.39603658848742984 -0.20477478096171303
-0.13085873594185812 -0.142072370522008
-0.3181156509188578 -0.06306184016174303
-0.4466318317891813 -0.4227067542877993
-0.3588607590980071 -0.40984928645269636
-0.4073380420383782 -0.20451556573419719
-0.33890650458904786 -0.20507380993988175
-0.4291498485725745 -0.20962573322600503
-0.4552980811568233 -0.44729759848790657
-0.4237026722324967 -0.4739118268089555
-0.040883692656104746 -0.30286757171245754
-0.020116053073500506 -0.07090746208281215
-0.22153474491408512 -0.3481762157672626
-0.035061188668379414 -0.4579299410028874
-0.11691992992079123 -0.32505804479421385
-0.18032179371495105 -0.32457204910551213
-0.25581746194186367 -0.037939742701421704
-0.23030140676497368 -0.0421663412275282
-0.3935007350712826 0.02603369625031754
-0.031554058749488294 -0.1606031607595046
-0.2775099155372766 -0.46977507052647355
-0.09298397609914108 -0.16881184253275597
-0.33080354998894845 -0.13099752631810113
-0.37360921713529033 -0.5203485595549516
-0.23625081429383057 -0.2692930248893941
-0.2185708531327207 -0.14337583873514792
-0.14752131988680797 -0.0984763148866245
-0.11656112462632351 -0.034689395256563796
-0.3579597174931155 -0.4616018372746619
0.40819270905650973 0.07437133899414732
0.16455741626072395 0.1011258690504078
0.27270285413351636 0.22622196412037684
0.07131939160798613 0.37898640659993715
0.33153203807207265 0.15487626845909339
0.30981005689984553 0.27552211897258316
0.03734374121434064 0.21082273365907775
-0.010200645635859408 0.4608062436071019
0.35608297447120785 0.4395993984842946
0.3831544836030192 0.4441863681156875
0.524817200915012 0.05586459003252111
0.002554552128832396 0.3561221142600842
0.4035984450305169 0.35357398749562363
0.11789562564037089 0.24560456983517362
0.09549897184995246 0.03745322240968488
0.09417094474852405 0.4110262576812411
0.32589999153213656 0.08238913633436451
0.05999728318545569 0.3796599036986163
0.3797170939994045 0.4215428988181463
0.3613320765962361 0.03287704088338922
0.42895001757564144 0.1515002117197422
0.35248872270858084 0.37243724913331794
0.14073151220560412 0.05236487721551919
0.04379132867081127 0.3780610566266979
-0.006645806128215269 0.04063126283130037
0.1310923262027916 0.22734175339111523
0.4739729588149909 0.19470520572184571
0.21477332765323054 0.3534289556930431
0.3630004916237776 0.2932962819174329
0.4783090067302249 0.4733530010207176
0.26091941511949795 0.31541293426986244
0.25557261416162314 0.29920695191021235
0.38872241087309556 0.28205516114540935
0.3684481926677972 0.24945829218739915
0.24879347648136058 0.23257413310348038
0.2020366385819883 0.4866684729742561
0.31506044289158874 0.3119054374809603
0.3337639016380551 0.20680251697585691
0.3020528672181713 0.028946928304334228
0.17683722234260907 0.3869760893263819
0.22574715085485414 0.4265507935877246
0.1751270460152481 0.4166956313383774
0.004586310877022597 0.17970568563397277
0.45345259661262033 0.4827192745799657
0.14140409820049682 0.14152359193174757
0.16308434816071854 0.44336982874346226
0.3993190271016794 0.04519738604826623
0.5276541271044322 0.0641959561460683
0.257899745605766 0.35971950262249974
0.4228440611063189 0.301008763542994
0.18872806368876663 0.4327004458852733
0.20523081922691433 0.39781449027299604
0.4749316718094917 0.254499941670162
0.4025475751775204 0.23878959312866943
0.39871181008663326 0.3976548688711998
0.37916794387372044 0.4180232630562929
0.3025046938062499 0.31925706395174985
0.3437758019177927 0.07496966513686289
0.31904831004411704 0.2253042752536498
0.022435974641352212 0.32111855397440064
0.07432215339862366 0.26924867716378736
0.16897186839326514 0.4355038658301116
0.2398316538811282 0.13329546636748477
0.20113887656230298 0.017612835796416704
0.0707493362342571 0.42127720511113287
0.08534106827064003 0.1842655171531631
0.3052025749743159 0.2175576858775206
0.096116509329113 0.3940611584571024
0.11441448880552382 -0.03934306549496317
0.2354425791576833 0.13281072804459276
0.24460680657913542 0.3201491690441474
0.13305506162959704 0.2534455918019146
0.18908181928825363 0.1305703714214126
0.26381491591103257 0.12077751367334459
0.33604042015052693 0.3482690363991933
0.24494556253881283 0.16195512766546066
0.11736386387000945 0.42046786315960416
0.4198056663845868 0.3564401386342672
0.3147631507672908 0.03248785940170743
0.33016393147467693 0.329091386570212
0.011199100599008673 0.02955129031103238
0.08096071292381343 -0.02053952271864364
0.4754283901029706 0.2598784723799216
0.25362293060448293 0.29715111036191766
0.4010792295580485 0.012063497478932324
0.15199079970400325 0.30153879759681473
0.4294101299356163 0.21314770837937255
0.03090872245693458 0.07464329596034286
0.26491935271812145 0.455149800592045
0.2853992492849929 0.08307776745351012
0.40990099501367333 0.20348819055221898
0.03406280968061155 0.4160203563770732
0.21804262787764506 0.24276488321292305
0.199818296915359 0.06868429122065893
0.05314203716641221 0.09914938603553182
0.44817647919268633 0.1726521870889328
0.08185177871219318 0.44572124774596067
0.21084890259579825 0.16718723769528235
0.0839577942038941 0.5009133499897922
0.14577327628121353 0.2882717630586592
0.23586455297186398 0.5162114648648792
0.32838158857262 0.48320699812077267
0.1296720124302962 0.0693344496828053
0.32675977432454884 0.36052899565937435
0.30096755801102687 0.10834514366647545
0.043643581958584234 0.4291205544839861
0.376718705800128 0.09804273860044949
0.024539522197379312 0.32955710882661676
0.33618335396599053 0.31141836225236114
0.05601836690620811 0.42130419412190034
0.2884168932081232 0.40588564647456504
0.07727471976652828 0.1280637221138571
0.09990519629082989 0.32800960079969277
0.3406788568607759 0.063875603420083
0.20908042022215165 0.05261088371599905
0.4346671833098051 0.48226694351006516
0.4030324817292469 0.27241306279426836
0.0808770203922702 -0.020849770756986186
0.13838470922029128 0.36098335506182483
0.22045830517600262 0.41360157739181413
0.23836778510343387 0.5007713992795519
0.040882104718237375 0.1694647620207367
0.27207965208881807 0.4227513459400193
0.48921603064774166 0.10857081473245384
0.2389777223699509 0.46148708226080043
0.3411655871168301 0.376504675952342
0.24033552780513392 0.2551363374825257
0.21788522293006468 0.24037306003560643
0.20830134241300993 0.15980730911584254
0.06707275411489363 0.035381956189758416
0.3213391044167711 0.24562960773064613
0.4420757896738145 0.4611913581071833
0.09801303355557622 0.4671909243903533
0.15820681726844754 0.07930323408593018
0.25973174919755937 0.275284428011246
0.4261031447403496 0.13782473188727212
0.2751726658237462 0.04798330708282502
0.3577580056944991 0.4017807977939334
0.031295561044366316 0.44302655742363556
0.21656184378910961 0.07553243669984597
0.20641529954084742 0.048931152774876564
0.24160404014135275 0.30495824784220815
0.12375662385201636 0.46602247781422995
0.28710859440063646 0.5243610924692346
0.12801302614067198 0.3885930554364085
0.09364364839167671 0.30983105731928573
0.40912630955375273 0.17127225519168382
0.4836910304562025 0.26902325172289115
0.23592888437535345 0.2740332555262726
0.09876880849346631 0.443280433794008
-0.0006795855989117569 0.0715930968483661
0.14604433622291427 0.14060008519739486
0.38894120222211415 0.08015836075136078
0.42134547951793644 0.14555156459753968
0.3380381631713002 0.26924395832194115
0.463882513580554 0.30065735598389126
0.1870364937125795 0.3274790888521222
0.4163167077840886 0.08694147446717145
0.4641279951887941 0.26720937524839306
0.038357711522586845 0.05408925943687189
0.06835015214409422 0.13017625811169004
0.09078726538981796 0.20864812325473486
0.17556917296217053 0.11711433490021271
0.23054927131603195 0.3638930109839378
0.32128051231433563 0.18716347865471472
0.04004199183422584 -0.007814663853235999
0.15954299886809556 0.40978793767279
0.09495443533464115 0.3503414268319792
0.16157660990829883 0.1629818288689255
0.22823023899191675 0.11245565777887861
0.46218388773386265 0.4902745375653467
0.2746497131079446 0.1733787596925265
0.2542629849945908 0.18490282625011215
0.36174112480479975 0.43573334321867735
0.4266696617764342 0.003744518467982072
0.1625330808553916 0.12657499218072027
0.390267312916003 0.21517983058518472
0.14731669603259945 0.026776317949482042
0.45406986057857524 0.31803035061871193
0.12330840396218068 0.1008895327244872
0.008344970442492244 0.3004504657584404
0.1871231451319185 0.2585275789661222
0.4027019194731576 0.04490859500827557
0.18978944476134785 0.23512796268765324
0.048051006003888716 0.2572671056500663
0.3727196827749696 0.4583951176827166
0.4159420131054786 0.17740101935639657
0.21356441446970578 0.07014623656223982
0.18443607888377994 0.048307398830782514
0.4063814216723433 0.3692940761607902
0.07819816954011902 0.34371444511357396
0.29350588978221154 0.08437120058949325
-0.016703845857556368 0.33607326708472335
0.2638112464055978 0.2720950620231269
0.1484444741337801 0.42608676928962336
0.14972969561090782 0.23370119376617957
0.07792870359119954 0.15528177191719708
0.36282225565290954 0.2575419376427233
0.4717012151994421 0.2915137477520309
0.3100699038661041 0.30324898501622033
0.004686216247109163 0.31742700482314196
0.4446306837478978 0.03447856233507136
0.19733030341114008 0.03931273026899832
0.3818590740339559 0.27393497533280525
-0.002553955468769825 0.44432024096281436
0.34674437709855227 0.2339237492965236
0.04544422631874588 0.520033944280948
0.3709231139902323 0.04777269751373562
0.46823658826988773 0.35047060322433576
0.3769032352661244 0.3521782536471719
0.21952467373570778 0.08707324985964274
0.23394607005754803 0.4970454133241918
0.06793359222064758 0.36066244288477856
0.40835348169625524 0.03965268513899224
0.35118863216695956 0.4522396988872473
0.22876093842859616 0.4794545444855048
0.053765624217825464 0.2465292896774485
0.01094621598830462 0.3931386966329351
0.2522761180652144 0.29864818857835734
0.31589628375393297 0.12943812054765086
0.024106283126642467 0.04357223133701367
0.41584310302193184 0.019208261391705523
0.4432667901254932 0.23043561331083864
0.0936786033328354 0.3007721717601809
0.015062418562283087 0.34686435541188704
0.14135076786807993 0.13710441961864914
0.446549044416539 0.266204028966509
0.25576182654320107 0.15952224037207044
0.4666841720834939 0.4349610956389869
0.1233217086529777 0.3369452974097851
0.04871983717805529 0.23816400914858327
0.4481376184562086 0.2766475487860297
0.4132952065567228 0.3134134062324695
0.3407802732295303 0.21977470553625014
0.09260901005664415 0.34695828252712574
0.18570757764550616 0.3256358142459042
0.3271026742607461 0.02312043768613467
0.011224910849293127 0.03936872592641434
0.3917782264598872 0.4916948193971011
0.07575815692951762 0.391334173988672
0.43238998425914943 0.3843359891004234
0.04260173414925993 0.36157006644394585
0.48223675474915434 0.09522341448006644
0.13102222462993024 0.08925362138909651
0.06918735632446561 0.19039800015544667
0.3876807803157026 0.19748498604278925
0.5515514619176916 0.1298652837075047
0.10799568148803937 0.3218152393810737
0.45205955052609803 0.20158052243127456
0.16731019739995384 0.11393046732995377
0.3773793005932737 0.2357230218128737
0.4617941875168347 0.3509318496239816
0.176719602606903 0.5105547521519093
0.18909486736713155 0.4728540398408833
0.2122623393883935 0.3774813075257745
0.33015164545424747 0.12588137156026863
0.17125506887665157 0.32504430975621046
0.21999464658045512 0.32870314292130004
0.4799854099015599 0.04271966786739402
0.21943384563946072 0.022744634779230506
0.4138790451736014 0.06394920046639138
-0.011872855662152943 0.49119328740691254
0.3259835639795213 0.2893425435068681
0.07249228751520526 0.4209956988148472
0.122018806691779 0.43165175358300323
0.09906967974350923 0.3614663559275114
-0.005615772098055317 0.23861179109799807
0.2164728360703609 0.29988954770771226
0.28448146034520716 0.21269379981614606
0.07793726023657949 0.48011147465034065
0.40808890011626764 0.21682313949015652
0.016466308493167256 0.11218768360997186
0.38443232413636064 0.23499959148247096
0.34141402286404354 0.4346739097729936
0.44745192922205895 0.014159968853550104
0.4533990603319118 -0.006006961974770537
0.11330334169783883 0.21543518687393765
0.31917700802131116 0.0080103938655459
0.2142793135753122 0.0044768158462476434
0.49376294717152514 0.01635295174880594
0.33692816097204337 0.10950401695670628
0.4415105956091104 0.06834576005934502
0.3083429136385911 0.24439302327878767
0.3673130356571321 0.09086833043013295
0.04755262254745197 0.06496293107211895
0.0442477345193207 0.1456081754285354
0.28246840939471907 0.2850367201276872
0.4505314513958878 0.45794292271872405
0.22431223848682777 0.4224302759431213
0.040633954271811656 0.17500629849138802
0.2582747641527905 0.30961508662181675
0.29955935341059053 0.18374309750005494
0.18420562892271158 0.19658901384609923
0.010254610338244777 0.04325629763194362
0.06095372008226552 0.5034063097713684
0.36459333434810015 0.3361406341709223
0.23890234783820186 0.30803559430856675
0.3306779631329732 0.11317686521258902
0.38605047241651735 0.13336814721407828
0.26479571879995284 0.17888936207365777
0.25631715986687215 0.39622843439348754
0.17015751945410793 0.43434779721362804
0.06321416824160925 0.47308801832917213
-0.02997904479383989 0.3228887871525484
0.08020685219282797 0.009741863832216646
0.2948961030930963 0.3337518338224539
0.08070337324936895 0.31251072266385244
0.3296899212777818 0.40530465048121
0.35550990959513157 0.22130877629808246
0.07732636163715975 0.49427609939941497
0.2683509774011191 0.47482360194464
0.3171015076172216 -0.022805198848339626
0.3196077444425994 0.2955605165346139
0.0648761280326187 0.03495868980492023
0.48007625674731896 0.17019852264711766
0.38709360642888246 0.4033172615767635
0.5400582803971025 0.07175273455260031
0.011445368840502367 0.3366065986506337
0.1854612940341004 0.07224322636515658
0.12614346649181962 0.3729170064235237
0.3018559109363456 0.26191861034756536
0.42901425209486216 0.4254351319452815
0.22183869695481057 0.43973163429772005
0.21271397010404663 0.4037013741432059
0.2962523148006133 0.1243744699326168
0.4802825940512156 0.17609534732545382
0.08415011158983404 0.2857215579711445
0.3775002040386387 0.35425211644686083
0.2007141738248158 0.3569651654731315
0.31349315649705234 0.1385870618619209
0.27899186871052567 0.3265859923268777
0.4405513198880586 0.29881865201810276
0.08010687877756173 0.25885300633453306
0.43274050034182127 0.09032783202913995
0.3793233540824293 0.345755189696487
0.07716768513837965 0.42651892542035363
0.3615288853386793 0.21059104465766365
0.15241383549198745 0.07200188062052035
0.10848069677072308 0.1277670121079699
0.500583621723781 0.013522686132712614
-0.017196571486994047 0.28236561320845904
0.3314223220131257 0.22352093389291983
0.10982647654805394 0.09959647004682576
0.4270624316533081 0.007092609198781673
0.3566037260686546 -0.012855776050963403
0.47724041009706264 0.4583802133714421
0.24361614521434397 0.25122823256648263
0.4333151514278634 0.4848474534470028
0.47033781505228794 0.2811715839354481
0.44348339657804453 -0.004329867523858992
0.4825267838607964 0.10117216868611845
0.088431623904963 0.4515329457807251
0.19370813362202585 0.18414788961122164
0.06046328239363858 0.28292764256281816
0.30788994358825705 0.4245481348114044
0.10197675867649757 0.09616534595973733
0.2914746627089944 0.11386678527478838
0.12141338544438462 0.28018391870108417
0.45088048717576984 0.24753330375413096
0.18025512873371097 0.1680717140891466
0.059312456740421675 0.08492453266166786
0.10419654132941872 0.46306724407073907
0.18966136530234132 0.3768044348420814
0.33621617421380445 0.07584828282499699
-0.007455379466618119 0.47763110251002133
0.04755127620098898 0.3781957323238969
0.3151089634292501 0.29750941254956953
0.46352128593793984 0.057752946589707435
0.4021287313852594 0.0016148049941886213
0.3694512617436697 0.12095375414282786
0.45393139612631567 0.19252022852898423
0.2717435132559117 0.5045938644992164
0.32182302711402805 0.06692813118984359
0.005612150575737301 0.2415135817347757
0.4442545439828216 0.08518831033176276
0.4737214193515745 0.16357491601102797
0.15229803191029753 0.31699376795411865
0.17570651278452987 0.13323326479498399
0.14352182521666484 0.2144225102653267
0.10736844284018318 0.12369321604430084
0.2326474276451852 0.40747278260293235
0.3258513999193991 0.1488677120911349
0.0873346072838585 0.5234865071982935
0.3769740108717068 0.23503702291688683
0.40510969841573746 0.3428015350477946
0.43792813427303845 0.14300321614740652
0.32344942908576746 0.10992260299672112
0.46332214345576256 0.11687487252613729
0.1325609799037242 0.040174822155891354
0.42705201886712435 0.36558479591037524
0.10610180197286048 0.31778742275475164
0.3927971326260931 0.015286550145798841
0.4793457422120179 0.38891863706355584
0.44213997088983564 0.13711319104477768
0.010663460246537606 0.1179863476378045
-0.010420878465641117 0.1372692204312297
0.3308280024648103 0.4855324987545025
0.05130401115014495 0.23103292259076885
0.09653823121340367 0.2597641347946996
0.01440806576597127 0.07414169788182899
0.3753640762926009 0.00288425800827383
0.2560363021652804 0.20875258508793665
0.44552172538540064 0.2134521336270957
0.36309876623021925 0.1030321125760873
0.2609511139900807 0.36431289655976673
0.1510966508335933 0.3736210659590689
0.2521455101208594 0.2308839886516548
0.36161573034796624 0.25645811074148017
0.2553248447896933 0.22280856028656193
0.36127901578301513 0.04171375278307547
0.11127624752135104 0.24826736491011395
0.4483549966478635 0.27195758976986717
0.2587682216422093 0.07685777140964858
0.2646956853756079 0.3674206510034519
0.5430072932857921 0.05779003032397991
0.363700413329062 0.003623668471172774
0.3059477786001485 0.1155561125587322
0.03807054289093807 0.25987461731807837
-0.006568935663993835 0.39425744145943165
0.21269752721025245 0.2650897335862769
0.4318501443575532 0.34083366764628786
0.16453702530098394 0.5088218591172059
0.25581990926086434 0.3625930099261634
0.3140909892220537 0.41211961591782226
0.24036837660646393 0.36652188799329055
0.16246126033516328 0.20759218240675667
0.014933209298872884 0.4744491743361085
0.2837089711468163 0.33503697298701923
0.11788324945939348 0.29123781120170333
0.5257353639973874 -0.0071969925188239935
0.32490732962785196 0.4885639621085915
0.4411517236917857 0.3484856964302607
0.06234760193983617 0.4496556752117825
0.461074033076499 0.07278212687369787
0.32374948564558054 0.3122046830795006
0.3529308037840467 0.18782849852589914
0.4708589009875138 0.21210361147609058
0.04115960905808476 0.07886562849369685
0.451976937105835 -0.041849138091953605
0.4768277770963678 0.46584841470543664
0.3719348564360254 0.1581424798348652
0.12764565380089699 0.39061462747940584
0.32201714357823963 0.28102234370215806
0.28319107028485163 0.3547920239512979
0.44787570046515224 0.05202042285574912
0.247732334604213 0.046572645016218835
0.266333964820749 0.3130857847817523
0.18100340641710086 0.11360342868229271
0.30443324690735846 0.40595438900888503
0.41426701168785013 0.034990109338196754
0.20184727878313882 0.10876997986607001
0.06658792726608177 0.13687156959180333
0.17270937957858273 0.2758899800792855
0.45643949408508583 0.2658790465815726
0.37633608397362567 0.40079661793952687
0.11581756687224118 0.5014946539376504
0.3098736965957295 0.4223769047036899
0.22133097575808808 0.09823679249256718
0.11785925496863704 -0.0019641577474288976
0.04898201306578709 0.2408674653600488
0.04890729515565391 0.05420342599531413
0.3078450791374085 0.029411752553443207
0.24063130306478267 0.06838399640617851
0.30545271056915424 0.036213705291775644
0.26363471502461977 0.4893093454490694
0.2800033308590026 0.5175491499032813
0.3730525707487073 0.43265849146041535
0.38462904053958713 0.17238111365510353
0.2642511438251834 0.1508921815467019
0.19198521677561428 0.11555093395280891
0.017903887129306188 0.1808016498639078
0.2596246442893075 0.16546281508208152
0.39863882862505995 0.23226525558857047
0.23402540727498772 0.24593240471680966
0.4972582605999062 0.1696073063884267
0.4977507609635009 0.1913794451832625
0.08850467458790043 0.4551200658198276
0.021842363505019106 0.43269091246024793
0.26414104396116256 0.4570862154841258
0.06623127143198014 0.21482875017761888
0.3132787528906091 0.4448807145135097
0.16004700950598846 0.2169901160079179
0.248563997518831 0.23291982427049016
0.05481713698885982 0.20766529548393736
0.22857558147177096 0.05336823709667299
0.12182574010596392 0.43545067356424405
0.4074730655927539 0.44855502559235916
0.054743151801903665 0.16672779998081694
0.3527399789882873 0.27076969302583764
0.15566228438595978 0.22344205077264645
0.4551735506903414 0.0789846736814116
0.24011701969911975 0.17548808987926018
0.16165260931560754 0.08203791955407101
0.34986144370753985 0.3064121308842916
0.26657832236594786 0.33254788428914317
0.24065657286454373 0.22395524097272695
0.11604416594738673 0.4252343650280159
0.37339938549323104 0.03561495248200425
0.04837287753634113 0.09481373701512842
0.2651686555505165 0.2643193500277789
