   1.9311949e-04
   1.3001819e-03
   1.6152178e-03
   2.3483086e-03
   3.0601326e-03
   1.8100360e-03
   7.6831187e-04
   5.6277774e-03
  -8.6164253e-04
  -2.0827040e-03
  -1.8720425e-03
   2.3278622e-04
  -1.0084704e-03
   5.3377167e-04
   6.4485636e-04
  -1.2666626e-03
  -8.8569948e-05
  -1.5707982e-03
   8.0972969e-03
   8.6107989e-03
   2.1378117e-02
   1.4614782e-02
   1.1238932e-02
   1.7708137e-02
   1.4155894e-02
   1.5953985e-02
   1.6859438e-02
   1.9787727e-02
   1.9576838e-02
   2.5281231e-02
   2.0186763e-02
   1.5518601e-02
   2.2221739e-02
   2.0823817e-02
   2.1169647e-02
   2.7172133e-02
   2.1617864e-02
   1.9172027e-02
   1.2873519e-02
   5.7323409e-03
   7.3578033e-02
   8.1013123e-02
   5.3706012e-02
   4.1282063e-02
   5.3613587e-02
   7.3500796e-02
   5.8492852e-02
   3.1071826e-02
   5.2639503e-02
   6.0949400e-02
   7.3166314e-02
   6.6971489e-02
   5.6973263e-02
   4.7710595e-02
   4.1228334e-02
   4.9018215e-02
   4.6448929e-02
   5.6623754e-02
   1.4861616e-02
   5.6195968e-04
   5.2179902e-02
   1.2481648e-01
   1.3496106e-01
   1.6443184e-01
   1.3886209e-01
   8.3263707e-02
   1.5148852e-01
   1.4300314e-01
   1.3258422e-01
   7.1805774e-02
   6.9902665e-02
   1.1086234e-01
   1.1013330e-01
   1.3071901e-01
   1.3967776e-01
   1.2458708e-01
   1.6591045e-01
   1.1028482e-01
   1.1107252e-02
   1.1634645e-05
   4.8022069e-03
   1.9243861e-02
   2.9806266e-02
   7.8175757e-02
   7.4356589e-02
   1.4774164e-02
   1.2148732e-01
   2.0128398e-01
   2.1833798e-01
   1.4400533e-01
   2.2339643e-01
   2.1425157e-01
   2.0318506e-01
   1.5576946e-01
   2.0124766e-01
   1.5326861e-01
   1.7447140e-01
   5.6255753e-02
   2.7223770e-03
   0.0000000e+00
   0.0000000e+00
   1.1699340e-08
   9.4477908e-04
   5.1282978e-02
   7.6638199e-02
   7.4775311e-03
   1.3199333e-02
   2.5737731e-02
   5.6791618e-02
   7.3735067e-02
   2.7101801e-01
   2.3635994e-01
   1.0119737e-01
   3.1566604e-02
   2.6142396e-02
   1.3828081e-02
   1.5064517e-02
   2.8030670e-03
   6.2922128e-06
   0.0000000e+00
   0.0000000e+00
   0.0000000e+00
   4.2636019e-03
   2.3554660e-01
   3.5389601e-01
   9.2501010e-02
   2.5217924e-01
   6.2767067e-02
   4.8415426e-05
   3.8902586e-03
   3.3690217e-02
   2.5648220e-02
   3.6002470e-03
   3.3378456e-05
   1.3383182e-08
   0.0000000e+00
   0.0000000e+00
   0.0000000e+00
   0.0000000e+00
   0.0000000e+00
   0.0000000e+00
   0.0000000e+00
   1.2602523e-03
   6.9623797e-02
   1.0460599e-01
   1.1115003e-01
   4.0825869e-01
   1.0160362e-01
   0.0000000e+00
   0.0000000e+00
   0.0000000e+00
   0.0000000e+00
   0.0000000e+00
   0.0000000e+00
   0.0000000e+00
   0.0000000e+00
   0.0000000e+00
   0.0000000e+00
   0.0000000e+00
   0.0000000e+00
   0.0000000e+00
   0.0000000e+00
   1.8818976e-07
   1.0396716e-05
   1.5620535e-05
   9.3515413e-03
   3.7232067e-02
   9.2659705e-03
   0.0000000e+00
   0.0000000e+00
   0.0000000e+00
   0.0000000e+00
   0.0000000e+00
   0.0000000e+00
   0.0000000e+00
   0.0000000e+00
   0.0000000e+00
   0.0000000e+00
   0.0000000e+00
   0.0000000e+00
   0.0000000e+00
   0.0000000e+00
   0.0000000e+00
   0.0000000e+00
   0.0000000e+00
   0.0000000e+00
   0.0000000e+00
   0.0000000e+00
   0.0000000e+00
   0.0000000e+00
   0.0000000e+00
   0.0000000e+00
   0.0000000e+00
   0.0000000e+00
   0.0000000e+00
   0.0000000e+00
   0.0000000e+00
   0.0000000e+00
   0.0000000e+00
   0.0000000e+00
   0.0000000e+00
   0.0000000e+00
   0.0000000e+00
   0.0000000e+00
   0.0000000e+00
   0.0000000e+00
   0.0000000e+00
   0.0000000e+00
   0.0000000e+00
   0.0000000e+00
   0.0000000e+00
   0.0000000e+00
   0.0000000e+00
   0.0000000e+00
   0.0000000e+00
   0.0000000e+00
   0.0000000e+00
   0.0000000e+00
   0.0000000e+00
   0.0000000e+00
   0.0000000e+00
   0.0000000e+00
   0.0000000e+00
   0.0000000e+00
   0.0000000e+00
   0.0000000e+00
   0.0000000e+00
   0.0000000e+00
   0.0000000e+00
   0.0000000e+00
   0.0000000e+00
   0.0000000e+00
   0.0000000e+00
   0.0000000e+00
   0.0000000e+00
   0.0000000e+00
   0.0000000e+00
   0.0000000e+00
   0.0000000e+00
   0.0000000e+00
   0.0000000e+00
   0.0000000e+00
   0.0000000e+00
   0.0000000e+00
   0.0000000e+00
   0.0000000e+00
   0.0000000e+00
   0.0000000e+00
   0.0000000e+00
   0.0000000e+00
   0.0000000e+00
   0.0000000e+00
   0.0000000e+00
   0.0000000e+00
   0.0000000e+00
   0.0000000e+00
   0.0000000e+00
   0.0000000e+00
   0.0000000e+00
   0.0000000e+00
   0.0000000e+00
   0.0000000e+00
   0.0000000e+00
   0.0000000e+00
   0.0000000e+00
   0.0000000e+00
   0.0000000e+00
   0.0000000e+00
   0.0000000e+00
   0.0000000e+00
   0.0000000e+00
   0.0000000e+00
   0.0000000e+00
   0.0000000e+00
   0.0000000e+00
   0.0000000e+00
   0.0000000e+00
   0.0000000e+00
   0.0000000e+00
   0.0000000e+00
   0.0000000e+00
   0.0000000e+00
   0.0000000e+00
   0.0000000e+00
   0.0000000e+00
   0.0000000e+00
   0.0000000e+00
   0.0000000e+00
   0.0000000e+00
   0.0000000e+00
   0.0000000e+00
   0.0000000e+00
   0.0000000e+00
   0.0000000e+00
   0.0000000e+00
   0.0000000e+00
   0.0000000e+00
   0.0000000e+00
   0.0000000e+00
   0.0000000e+00
   0.0000000e+00
   0.0000000e+00
   0.0000000e+00
   0.0000000e+00
   0.0000000e+00
   0.0000000e+00
   0.0000000e+00
   0.0000000e+00
   0.0000000e+00
   0.0000000e+00
   0.0000000e+00
   0.0000000e+00
   0.0000000e+00
   0.0000000e+00
   0.0000000e+00
   0.0000000e+00
   0.0000000e+00
   0.0000000e+00
   0.0000000e+00
   0.0000000e+00
   0.0000000e+00
   0.0000000e+00
   0.0000000e+00
   0.0000000e+00
   0.0000000e+00
   0.0000000e+00
   0.0000000e+00
   0.0000000e+00
   0.0000000e+00
   0.0000000e+00
   0.0000000e+00
   0.0000000e+00
   0.0000000e+00
   0.0000000e+00
   0.0000000e+00
   0.0000000e+00
   0.0000000e+00
   0.0000000e+00
   0.0000000e+00
   0.0000000e+00
   0.0000000e+00
   0.0000000e+00
   0.0000000e+00
   0.0000000e+00
   0.0000000e+00
   0.0000000e+00
   0.0000000e+00
   0.0000000e+00
   0.0000000e+00
   0.0000000e+00
   0.0000000e+00
   0.0000000e+00
   0.0000000e+00
   0.0000000e+00
   0.0000000e+00
   0.0000000e+00
   0.0000000e+00
   0.0000000e+00
   0.0000000e+00
   0.0000000e+00
   0.0000000e+00
   0.0000000e+00
   0.0000000e+00
   0.0000000e+00
   0.0000000e+00
   0.0000000e+00
   0.0000000e+00
   0.0000000e+00
   0.0000000e+00
   0.0000000e+00
   0.0000000e+00
   0.0000000e+00
   0.0000000e+00
   0.0000000e+00
   0.0000000e+00
   0.0000000e+00
   0.0000000e+00
   0.0000000e+00
   0.0000000e+00
   0.0000000e+00
   0.0000000e+00
   0.0000000e+00
   0.0000000e+00
   0.0000000e+00
   0.0000000e+00
   0.0000000e+00
   0.0000000e+00
   0.0000000e+00
   0.0000000e+00
   0.0000000e+00
   0.0000000e+00
   0.0000000e+00
   0.0000000e+00
   0.0000000e+00
   0.0000000e+00
   0.0000000e+00
   0.0000000e+00
   0.0000000e+00
   0.0000000e+00
   0.0000000e+00
