   3.5444044e-04
   8.3973718e-04
   7.2850554e-04
   1.2004004e-03
   3.0992833e-04
   2.4357103e-04
   1.9553434e-03
   2.2495484e-03
  -1.5173898e-04
   9.5133834e-04
   1.1621448e-03
   1.5532918e-03
   2.8941788e-03
   1.8556726e-03
   1.6916292e-03
   1.3127422e-03
  -3.1031111e-03
  -7.3218069e-03
  -2.8015396e-03
  -3.2685244e-04
   2.1485146e-02
   2.3122408e-02
   1.3325660e-02
   1.2452960e-02
   2.0582367e-02
   1.8454122e-02
   1.8065778e-02
   1.8021454e-02
   2.1109800e-02
   1.9340317e-02
   2.3801272e-02
   2.4303794e-02
   2.3148542e-02
   2.0982976e-02
   2.1759000e-02
   2.2956640e-02
   1.9314636e-02
   3.6753269e-02
   3.7128974e-02
   2.5326114e-03
   6.1708446e-02
   7.2301290e-02
   6.6918860e-02
   6.7170515e-02
   6.7237525e-02
   6.4045761e-02
   6.0441878e-02
   5.3535194e-02
   4.9777976e-02
   4.6089078e-02
   5.5700640e-02
   4.3834945e-02
   3.9557218e-02
   5.0935365e-02
   5.8784796e-02
   5.5691809e-02
   4.9950856e-02
   5.3717926e-02
   3.2461824e-02
   1.7101755e-03
   2.4284249e-02
   8.7930496e-02
   1.3000622e-01
   9.8370525e-02
   8.8851771e-02
   1.0591538e-01
   1.1279710e-01
   1.3191547e-01
   1.5990209e-01
   1.4677209e-01
   1.1772339e-01
   1.4776479e-01
   1.4869826e-01
   1.3264065e-01
   1.1803637e-01
   1.0747383e-01
   1.4053544e-01
   1.0343241e-01
   1.3430649e-02
   1.8814477e-04
   2.0599289e-02
   1.8737451e-01
   2.0044264e-01
   1.5336961e-01
   1.9853940e-01
   2.2256404e-01
   2.2581837e-01
   1.1371862e-01
   1.3285384e-01
   1.6699065e-01
   1.2862583e-01
   1.7822467e-01
   1.2581025e-01
   1.0587720e-01
   2.2501539e-01
   1.8543201e-01
   2.2354331e-01
   1.0083197e-01
   8.3869408e-03
   0.0000000e+00
   2.1411221e-02
   2.2273348e-01
   2.5995002e-01
   3.1149339e-01
   2.0731075e-01
   1.7301809e-01
   1.8476141e-01
   4.1557864e-02
   8.4311917e-03
   4.4394580e-02
   2.8407790e-01
   1.7454596e-01
   8.9572210e-03
   6.5115797e-02
   1.9649218e-01
   1.3835669e-01
   2.2366295e-01
   3.6206906e-02
   3.2271106e-04
   0.0000000e+00
   6.5095287e-02
   2.9706732e-01
   1.5918446e-01
   9.2467703e-02
   2.5647936e-02
   7.2862450e-03
   8.3966511e-03
   1.9452032e-03
   7.4082580e-10
   1.4537893e-02
   1.4950769e-01
   8.7940139e-02
   1.1297067e-03
   3.7157570e-03
   1.0912744e-02
   1.1136273e-02
   2.2615486e-02
   3.4318405e-03
   0.0000000e+00
   0.0000000e+00
   8.3276738e-02
   3.4763314e-01
   1.4086303e-01
   1.0735638e-02
   5.0838230e-05
   1.6844461e-02
   5.7305151e-02
   1.2175134e-02
   0.0000000e+00
   1.4014014e-04
   1.4412011e-03
   8.4771179e-04
   1.0859292e-05
   0.0000000e+00
   0.0000000e+00
   0.0000000e+00
   0.0000000e+00
   0.0000000e+00
   0.0000000e+00
   0.0000000e+00
   5.6231278e-03
   2.3473368e-02
   9.5080396e-03
   7.1133802e-04
   2.1475448e-05
   1.5841916e-01
   5.3894475e-01
   1.1450497e-01
   0.0000000e+00
   0.0000000e+00
   0.0000000e+00
   0.0000000e+00
   0.0000000e+00
   0.0000000e+00
   0.0000000e+00
   0.0000000e+00
   0.0000000e+00
   0.0000000e+00
   0.0000000e+00
   0.0000000e+00
   0.0000000e+00
   0.0000000e+00
   0.0000000e+00
   0.0000000e+00
   1.1774984e-05
   8.6861193e-02
   2.9550330e-01
   6.2783053e-02
   0.0000000e+00
   0.0000000e+00
   0.0000000e+00
   0.0000000e+00
   0.0000000e+00
   0.0000000e+00
   0.0000000e+00
   0.0000000e+00
   0.0000000e+00
   0.0000000e+00
   0.0000000e+00
   0.0000000e+00
   0.0000000e+00
   0.0000000e+00
   0.0000000e+00
   0.0000000e+00
   1.2089152e-07
   8.9178738e-04
   3.0338762e-03
   6.4458168e-04
   0.0000000e+00
   0.0000000e+00
   0.0000000e+00
   0.0000000e+00
   0.0000000e+00
   0.0000000e+00
   0.0000000e+00
   0.0000000e+00
   0.0000000e+00
   0.0000000e+00
   0.0000000e+00
   0.0000000e+00
   0.0000000e+00
   0.0000000e+00
   0.0000000e+00
   0.0000000e+00
   0.0000000e+00
   0.0000000e+00
   0.0000000e+00
   0.0000000e+00
   0.0000000e+00
   0.0000000e+00
   0.0000000e+00
   0.0000000e+00
   0.0000000e+00
   0.0000000e+00
   0.0000000e+00
   0.0000000e+00
   0.0000000e+00
   0.0000000e+00
   0.0000000e+00
   0.0000000e+00
   0.0000000e+00
   0.0000000e+00
   0.0000000e+00
   0.0000000e+00
   0.0000000e+00
   0.0000000e+00
   0.0000000e+00
   0.0000000e+00
   0.0000000e+00
   0.0000000e+00
   0.0000000e+00
   0.0000000e+00
   0.0000000e+00
   0.0000000e+00
   0.0000000e+00
   0.0000000e+00
   0.0000000e+00
   0.0000000e+00
   0.0000000e+00
   0.0000000e+00
   0.0000000e+00
   0.0000000e+00
   0.0000000e+00
   0.0000000e+00
   0.0000000e+00
   0.0000000e+00
   0.0000000e+00
   0.0000000e+00
   0.0000000e+00
   0.0000000e+00
   0.0000000e+00
   0.0000000e+00
   0.0000000e+00
   0.0000000e+00
   0.0000000e+00
   0.0000000e+00
   0.0000000e+00
   0.0000000e+00
   0.0000000e+00
   0.0000000e+00
   0.0000000e+00
   0.0000000e+00
   0.0000000e+00
   0.0000000e+00
   0.0000000e+00
   0.0000000e+00
   0.0000000e+00
   0.0000000e+00
   0.0000000e+00
   0.0000000e+00
   0.0000000e+00
   0.0000000e+00
   0.0000000e+00
   0.0000000e+00
   0.0000000e+00
   0.0000000e+00
   0.0000000e+00
   0.0000000e+00
   0.0000000e+00
   0.0000000e+00
   0.0000000e+00
   0.0000000e+00
   0.0000000e+00
   0.0000000e+00
   0.0000000e+00
   0.0000000e+00
   0.0000000e+00
   0.0000000e+00
   0.0000000e+00
   0.0000000e+00
   0.0000000e+00
   0.0000000e+00
   0.0000000e+00
   0.0000000e+00
   0.0000000e+00
   0.0000000e+00
   0.0000000e+00
   0.0000000e+00
   0.0000000e+00
   0.0000000e+00
   0.0000000e+00
   0.0000000e+00
   0.0000000e+00
   0.0000000e+00
   0.0000000e+00
   0.0000000e+00
   0.0000000e+00
   0.0000000e+00
   0.0000000e+00
   0.0000000e+00
   0.0000000e+00
   0.0000000e+00
   0.0000000e+00
   0.0000000e+00
   0.0000000e+00
   0.0000000e+00
   0.0000000e+00
   0.0000000e+00
   0.0000000e+00
   0.0000000e+00
   0.0000000e+00
   0.0000000e+00
   0.0000000e+00
   0.0000000e+00
   0.0000000e+00
   0.0000000e+00
   0.0000000e+00
   0.0000000e+00
   0.0000000e+00
   0.0000000e+00
   0.0000000e+00
   0.0000000e+00
   0.0000000e+00
   0.0000000e+00
   0.0000000e+00
   0.0000000e+00
   0.0000000e+00
   0.0000000e+00
   0.0000000e+00
   0.0000000e+00
   0.0000000e+00
   0.0000000e+00
   0.0000000e+00
   0.0000000e+00
   0.0000000e+00
   0.0000000e+00
   0.0000000e+00
   0.0000000e+00
   0.0000000e+00
   0.0000000e+00
   0.0000000e+00
   0.0000000e+00
   0.0000000e+00
   0.0000000e+00
   0.0000000e+00
   0.0000000e+00
   0.0000000e+00
   0.0000000e+00
   0.0000000e+00
   0.0000000e+00
   0.0000000e+00
   0.0000000e+00
   0.0000000e+00
   0.0000000e+00
   0.0000000e+00
   0.0000000e+00
   0.0000000e+00
   0.0000000e+00
   0.0000000e+00
   0.0000000e+00
   0.0000000e+00
   0.0000000e+00
   0.0000000e+00
   0.0000000e+00
   0.0000000e+00
   0.0000000e+00
   0.0000000e+00
   0.0000000e+00
   0.0000000e+00
   0.0000000e+00
