   1.7788316e-04
   5.6327390e-04
   5.3526775e-04
   1.1696193e-03
   2.5091959e-03
   1.7918592e-03
  -5.5730027e-04
   3.1605384e-04
  -5.2909015e-05
   1.8504950e-04
  -1.8786152e-04
  -4.3220682e-04
   8.2005515e-06
   2.2796541e-03
   2.8847022e-03
   2.6203263e-03
  -1.8939494e-04
  -1.1250176e-03
   2.0345395e-03
   9.1771828e-04
   2.6718231e-02
   2.2139337e-02
   1.7944865e-02
   1.9247326e-02
   2.0266475e-02
   2.2747826e-02
   2.2961707e-02
   2.4571563e-02
   2.2796010e-02
   2.3508415e-02
   2.3296324e-02
   2.2795456e-02
   2.3886762e-02
   2.0047062e-02
   1.9479855e-02
   1.5105918e-02
   1.6753012e-02
   2.4415683e-02
   2.7693757e-02
   7.5254253e-03
   4.4402395e-02
   5.9933317e-02
   5.8772437e-02
   5.4438312e-02
   4.8528337e-02
   5.4250264e-02
   5.9950881e-02
   5.5445090e-02
   5.2183587e-02
   4.4595751e-02
   5.6891219e-02
   5.5024103e-02
   4.9897291e-02
   5.1576729e-02
   6.2423800e-02
   5.3040193e-02
   6.8626316e-02
   7.6223063e-02
   4.3797913e-02
   4.4669009e-03
   8.1161960e-02
   1.2174807e-01
   1.3112213e-01
   1.2790619e-01
   1.4523842e-01
   1.1846507e-01
   1.0415612e-01
   1.2140018e-01
   1.2321666e-01
   1.3100185e-01
   1.1509062e-01
   1.2642747e-01
   1.1797696e-01
   1.4491336e-01
   1.0414117e-01
   1.1364144e-01
   1.1766195e-01
   5.3765662e-02
   1.4339540e-02
   5.7397346e-04
   2.2739447e-01
   1.6226781e-01
   1.7759208e-01
   1.1965526e-01
   1.0068292e-01
   1.8936888e-01
   2.0064539e-01
   2.1854461e-01
   1.2028213e-01
   2.1453292e-01
   1.5814483e-01
   1.8030540e-01
   2.0619253e-01
   1.3544396e-01
   1.2977238e-01
   2.5290225e-01
   2.0858575e-01
   2.2899131e-02
   1.2840880e-04
   9.1873411e-09
   1.2851195e-01
   9.1241198e-02
   2.3449478e-01
   1.4710665e-01
   8.6191143e-02
   3.2198767e-01
   1.6927659e-01
   9.7058406e-02
   1.7804203e-02
   4.0435254e-02
   1.0737826e-01
   2.2027397e-01
   1.8535426e-01
   1.6068418e-01
   1.6142478e-01
   1.3137666e-01
   9.8032048e-02
   7.3900677e-03
   0.0000000e+00
   0.0000000e+00
   6.1879044e-03
   2.2389116e-02
   1.2028165e-01
   7.1131661e-02
   2.5403648e-02
   1.3047880e-01
   5.0712373e-02
   3.3908876e-03
   2.2723051e-04
   2.0930531e-04
   9.5212211e-02
   2.7199473e-01
   8.0552238e-02
   1.7465033e-01
   1.2633031e-01
   6.2456469e-03
   2.6024218e-03
   1.6826965e-04
   0.0000000e+00
   0.0000000e+00
   0.0000000e+00
   4.7333522e-04
   2.8755624e-03
   1.6923805e-03
   4.9236221e-04
   3.0953122e-03
   1.2424659e-03
   3.3486117e-06
   0.0000000e+00
   2.9144149e-05
   2.7272512e-02
   7.7860446e-02
   1.4772171e-02
   1.3277950e-02
   9.6388198e-03
   2.1650782e-04
   0.0000000e+00
   0.0000000e+00
   0.0000000e+00
   0.0000000e+00
   0.0000000e+00
   0.0000000e+00
   0.0000000e+00
   0.0000000e+00
   0.0000000e+00
   0.0000000e+00
   0.0000000e+00
   0.0000000e+00
   0.0000000e+00
   8.2914538e-09
   7.7589767e-06
   2.2151146e-05
   3.9273104e-06
   0.0000000e+00
   0.0000000e+00
   0.0000000e+00
   0.0000000e+00
   0.0000000e+00
   0.0000000e+00
   0.0000000e+00
   0.0000000e+00
   0.0000000e+00
   0.0000000e+00
   0.0000000e+00
   0.0000000e+00
   0.0000000e+00
   0.0000000e+00
   0.0000000e+00
   0.0000000e+00
   0.0000000e+00
   0.0000000e+00
   0.0000000e+00
   0.0000000e+00
   0.0000000e+00
   0.0000000e+00
   0.0000000e+00
   0.0000000e+00
   0.0000000e+00
   0.0000000e+00
   0.0000000e+00
   0.0000000e+00
   0.0000000e+00
   0.0000000e+00
   0.0000000e+00
   0.0000000e+00
   0.0000000e+00
   0.0000000e+00
   0.0000000e+00
   0.0000000e+00
   0.0000000e+00
   0.0000000e+00
   0.0000000e+00
   0.0000000e+00
   0.0000000e+00
   0.0000000e+00
   0.0000000e+00
   0.0000000e+00
   0.0000000e+00
   0.0000000e+00
   0.0000000e+00
   0.0000000e+00
   0.0000000e+00
   0.0000000e+00
   0.0000000e+00
   0.0000000e+00
   0.0000000e+00
   0.0000000e+00
   0.0000000e+00
   0.0000000e+00
   0.0000000e+00
   0.0000000e+00
   0.0000000e+00
   0.0000000e+00
   0.0000000e+00
   0.0000000e+00
   0.0000000e+00
   0.0000000e+00
   0.0000000e+00
   0.0000000e+00
   0.0000000e+00
   0.0000000e+00
   0.0000000e+00
   0.0000000e+00
   0.0000000e+00
   0.0000000e+00
   0.0000000e+00
   0.0000000e+00
   0.0000000e+00
   0.0000000e+00
   0.0000000e+00
   0.0000000e+00
   0.0000000e+00
   0.0000000e+00
   0.0000000e+00
   0.0000000e+00
   0.0000000e+00
   0.0000000e+00
   0.0000000e+00
   0.0000000e+00
   0.0000000e+00
   0.0000000e+00
   0.0000000e+00
   0.0000000e+00
   0.0000000e+00
   0.0000000e+00
   0.0000000e+00
   0.0000000e+00
   0.0000000e+00
   0.0000000e+00
   0.0000000e+00
   0.0000000e+00
   0.0000000e+00
   0.0000000e+00
   0.0000000e+00
   0.0000000e+00
   0.0000000e+00
   0.0000000e+00
   0.0000000e+00
   0.0000000e+00
   0.0000000e+00
   0.0000000e+00
   0.0000000e+00
   0.0000000e+00
   0.0000000e+00
   0.0000000e+00
   0.0000000e+00
   0.0000000e+00
   0.0000000e+00
   0.0000000e+00
   0.0000000e+00
   0.0000000e+00
   0.0000000e+00
   0.0000000e+00
   0.0000000e+00
   0.0000000e+00
   0.0000000e+00
   0.0000000e+00
   0.0000000e+00
   0.0000000e+00
   0.0000000e+00
   0.0000000e+00
   0.0000000e+00
   0.0000000e+00
   0.0000000e+00
   0.0000000e+00
   0.0000000e+00
   0.0000000e+00
   0.0000000e+00
   0.0000000e+00
   0.0000000e+00
   0.0000000e+00
   0.0000000e+00
   0.0000000e+00
   0.0000000e+00
   0.0000000e+00
   0.0000000e+00
   0.0000000e+00
   0.0000000e+00
   0.0000000e+00
   0.0000000e+00
   0.0000000e+00
   0.0000000e+00
   0.0000000e+00
   0.0000000e+00
   0.0000000e+00
   0.0000000e+00
   0.0000000e+00
   0.0000000e+00
   0.0000000e+00
   0.0000000e+00
   0.0000000e+00
   0.0000000e+00
   0.0000000e+00
   0.0000000e+00
   0.0000000e+00
   0.0000000e+00
   0.0000000e+00
   0.0000000e+00
   0.0000000e+00
   0.0000000e+00
   0.0000000e+00
   0.0000000e+00
   0.0000000e+00
   0.0000000e+00
   0.0000000e+00
   0.0000000e+00
   0.0000000e+00
   0.0000000e+00
   0.0000000e+00
   0.0000000e+00
   0.0000000e+00
   0.0000000e+00
   0.0000000e+00
   0.0000000e+00
   0.0000000e+00
   0.0000000e+00
   0.0000000e+00
   0.0000000e+00
   0.0000000e+00
   0.0000000e+00
   0.0000000e+00
   0.0000000e+00
   0.0000000e+00
   0.0000000e+00
   0.0000000e+00
   0.0000000e+00
   0.0000000e+00
   0.0000000e+00
   0.0000000e+00
   0.0000000e+00
   0.0000000e+00
   0.0000000e+00
   0.0000000e+00
   0.0000000e+00
   0.0000000e+00
   0.0000000e+00
   0.0000000e+00
   0.0000000e+00
   0.0000000e+00
   0.0000000e+00
   0.0000000e+00
   0.0000000e+00
   0.0000000e+00
   0.0000000e+00
   0.0000000e+00
   0.0000000e+00
   0.0000000e+00
   0.0000000e+00
   0.0000000e+00
   0.0000000e+00
   0.0000000e+00
   0.0000000e+00
   0.0000000e+00
   0.0000000e+00
   0.0000000e+00
   0.0000000e+00
   0.0000000e+00
   0.0000000e+00
   0.0000000e+00
   0.0000000e+00
