   1.3930994e-03
   1.4094929e-03
   3.6012802e-03
   3.0055810e-03
   1.1065346e-03
   1.4610823e-03
   1.4125195e-03
   1.2703809e-03
   9.4684189e-04
   1.8678539e-03
   1.3133546e-03
  -8.0554242e-05
  -2.2134762e-04
   1.2803581e-04
  -3.4686564e-04
   2.8722741e-03
   2.7649057e-03
   1.4757217e-04
   2.5713547e-03
   9.9120274e-04
   1.7811463e-02
   1.6479550e-02
   1.9855293e-02
   2.2356992e-02
   1.4938920e-02
   1.7658345e-02
   1.5843839e-02
   1.8451460e-02
   1.9241493e-02
   1.8944530e-02
   2.0567844e-02
   2.0497556e-02
   2.1917916e-02
   2.6840589e-02
   2.6183922e-02
   1.6909548e-02
   1.2698013e-02
   2.1197455e-02
   1.7526362e-02
   1.2260394e-03
   7.1418764e-02
   4.6876708e-02
   3.9927307e-02
   4.6563401e-02
   6.8697892e-02
   5.8770078e-02
   6.0280600e-02
   6.1649379e-02
   6.0353790e-02
   5.3458832e-02
   5.2878099e-02
   5.7152264e-02
   5.2759460e-02
   4.6706064e-02
   5.2672312e-02
   4.5271784e-02
   6.6295297e-02
   8.9268866e-02
   5.5255553e-02
   1.9677071e-03
   9.4491488e-02
   1.5112507e-01
   1.4460653e-01
   1.3154699e-01
   1.1325001e-01
   1.0649335e-01
   1.2532630e-01
   1.0229711e-01
   1.1458868e-01
   1.2451645e-01
   1.3308923e-01
   1.1414380e-01
   1.3326383e-01
   1.1860962e-01
   1.0817509e-01
   1.4392036e-01
   1.2632150e-01
   5.9654320e-02
   2.4032602e-02
   6.9580933e-04
   1.6982703e-01
   1.5410786e-01
   1.4917132e-01
   1.9684872e-01
   1.7073562e-01
   2.5350155e-01
   1.5313014e-01
   2.0970763e-01
   2.3210235e-01
   1.3810677e-01
   1.9237782e-01
   1.3266795e-01
   1.8376322e-01
   2.0954722e-01
   2.0702742e-01
   1.9872849e-01
   8.5525023e-02
   4.7496638e-03
   1.8480396e-04
   1.9451562e-06
   2.0866083e-01
   6.7061197e-02
   1.3599515e-02
   3.2621937e-02
   8.1910104e-02
   2.2690842e-01
   1.0616773e-01
   1.7431474e-01
   2.1360843e-01
   4.5482646e-02
   6.5645571e-02
   4.6854863e-02
   4.3252093e-02
   6.5530639e-02
   1.0915380e-01
   4.6069869e-02
   7.9952090e-03
   1.0768277e-04
   0.0000000e+00
   0.0000000e+00
   1.8401016e-02
   5.4828714e-03
   2.5702257e-04
   1.1156966e-05
   2.6454201e-03
   1.3733631e-02
   8.3681680e-03
   1.4783127e-01
   2.5209419e-01
   2.4788928e-02
   2.7769447e-04
   1.9658590e-04
   7.9620462e-05
   6.9430211e-04
   2.4290305e-03
   5.8800747e-04
   0.0000000e+00
   0.0000000e+00
   0.0000000e+00
   0.0000000e+00
   0.0000000e+00
   0.0000000e+00
   0.0000000e+00
   0.0000000e+00
   0.0000000e+00
   0.0000000e+00
   2.2524304e-04
   1.8039570e-02
   3.0930014e-02
   3.0406658e-03
   0.0000000e+00
   0.0000000e+00
   0.0000000e+00
   0.0000000e+00
   0.0000000e+00
   0.0000000e+00
   0.0000000e+00
   0.0000000e+00
   0.0000000e+00
   0.0000000e+00
   0.0000000e+00
   0.0000000e+00
   0.0000000e+00
   0.0000000e+00
   0.0000000e+00
   0.0000000e+00
   0.0000000e+00
   0.0000000e+00
   0.0000000e+00
   0.0000000e+00
   0.0000000e+00
   0.0000000e+00
   0.0000000e+00
   0.0000000e+00
   0.0000000e+00
   0.0000000e+00
   0.0000000e+00
   0.0000000e+00
   0.0000000e+00
   0.0000000e+00
   0.0000000e+00
   0.0000000e+00
   0.0000000e+00
   0.0000000e+00
   0.0000000e+00
   0.0000000e+00
   0.0000000e+00
   0.0000000e+00
   0.0000000e+00
   0.0000000e+00
   0.0000000e+00
   0.0000000e+00
   0.0000000e+00
   0.0000000e+00
   0.0000000e+00
   0.0000000e+00
   0.0000000e+00
   0.0000000e+00
   0.0000000e+00
   0.0000000e+00
   0.0000000e+00
   0.0000000e+00
   0.0000000e+00
   0.0000000e+00
   0.0000000e+00
   0.0000000e+00
   0.0000000e+00
   0.0000000e+00
   0.0000000e+00
   0.0000000e+00
   0.0000000e+00
   0.0000000e+00
   0.0000000e+00
   0.0000000e+00
   0.0000000e+00
   0.0000000e+00
   0.0000000e+00
   0.0000000e+00
   0.0000000e+00
   0.0000000e+00
   0.0000000e+00
   0.0000000e+00
   0.0000000e+00
   0.0000000e+00
   0.0000000e+00
   0.0000000e+00
   0.0000000e+00
   0.0000000e+00
   0.0000000e+00
   0.0000000e+00
   0.0000000e+00
   0.0000000e+00
   0.0000000e+00
   0.0000000e+00
   0.0000000e+00
   0.0000000e+00
   0.0000000e+00
   0.0000000e+00
   0.0000000e+00
   0.0000000e+00
   0.0000000e+00
   0.0000000e+00
   0.0000000e+00
   0.0000000e+00
   0.0000000e+00
   0.0000000e+00
   0.0000000e+00
   0.0000000e+00
   0.0000000e+00
   0.0000000e+00
   0.0000000e+00
   0.0000000e+00
   0.0000000e+00
   0.0000000e+00
   0.0000000e+00
   0.0000000e+00
   0.0000000e+00
   0.0000000e+00
   0.0000000e+00
   0.0000000e+00
   0.0000000e+00
   0.0000000e+00
   0.0000000e+00
   0.0000000e+00
   0.0000000e+00
   0.0000000e+00
   0.0000000e+00
   0.0000000e+00
   0.0000000e+00
   0.0000000e+00
   0.0000000e+00
   0.0000000e+00
   0.0000000e+00
   0.0000000e+00
   0.0000000e+00
   0.0000000e+00
   0.0000000e+00
   0.0000000e+00
   0.0000000e+00
   0.0000000e+00
   0.0000000e+00
   0.0000000e+00
   0.0000000e+00
   0.0000000e+00
   0.0000000e+00
   0.0000000e+00
   0.0000000e+00
   0.0000000e+00
   0.0000000e+00
   0.0000000e+00
   0.0000000e+00
   0.0000000e+00
   0.0000000e+00
   0.0000000e+00
   0.0000000e+00
   0.0000000e+00
   0.0000000e+00
   0.0000000e+00
   0.0000000e+00
   0.0000000e+00
   0.0000000e+00
   0.0000000e+00
   0.0000000e+00
   0.0000000e+00
   0.0000000e+00
   0.0000000e+00
   0.0000000e+00
   0.0000000e+00
   0.0000000e+00
   0.0000000e+00
   0.0000000e+00
   0.0000000e+00
   0.0000000e+00
   0.0000000e+00
   0.0000000e+00
   0.0000000e+00
   0.0000000e+00
   0.0000000e+00
   0.0000000e+00
   0.0000000e+00
   0.0000000e+00
   0.0000000e+00
   0.0000000e+00
   0.0000000e+00
   0.0000000e+00
   0.0000000e+00
   0.0000000e+00
   0.0000000e+00
   0.0000000e+00
   0.0000000e+00
   0.0000000e+00
   0.0000000e+00
   0.0000000e+00
   0.0000000e+00
   0.0000000e+00
   0.0000000e+00
   0.0000000e+00
   0.0000000e+00
   0.0000000e+00
   0.0000000e+00
   0.0000000e+00
   0.0000000e+00
   0.0000000e+00
   0.0000000e+00
   0.0000000e+00
   0.0000000e+00
   0.0000000e+00
   0.0000000e+00
   0.0000000e+00
   0.0000000e+00
   0.0000000e+00
   0.0000000e+00
   0.0000000e+00
   0.0000000e+00
   0.0000000e+00
   0.0000000e+00
   0.0000000e+00
   0.0000000e+00
   0.0000000e+00
   0.0000000e+00
   0.0000000e+00
   0.0000000e+00
   0.0000000e+00
   0.0000000e+00
   0.0000000e+00
   0.0000000e+00
   0.0000000e+00
   0.0000000e+00
   0.0000000e+00
   0.0000000e+00
   0.0000000e+00
   0.0000000e+00
   0.0000000e+00
   0.0000000e+00
   0.0000000e+00
   0.0000000e+00
   0.0000000e+00
   0.0000000e+00
   0.0000000e+00
   0.0000000e+00
   0.0000000e+00
   0.0000000e+00
   0.0000000e+00
   0.0000000e+00
   0.0000000e+00
   0.0000000e+00
   0.0000000e+00
   0.0000000e+00
   0.0000000e+00
   0.0000000e+00
   0.0000000e+00
   0.0000000e+00
   0.0000000e+00
   0.0000000e+00
   0.0000000e+00
   0.0000000e+00
   0.0000000e+00
   0.0000000e+00
   0.0000000e+00
   0.0000000e+00
