   1.2031104e-03
   2.3144463e-03
   3.4174636e-03
   1.3748868e-04
   2.1169238e-04
   2.3664667e-03
  -6.3243381e-04
  -1.4956921e-03
   1.3719980e-03
   3.6721598e-03
   2.5939047e-03
   1.1553947e-03
   8.2842016e-04
   3.4734423e-04
   1.5011084e-03
   2.5910140e-03
   1.3299938e-03
   1.0490916e-03
   5.3509063e-04
   5.6064765e-06
   2.0755407e-02
   1.6786255e-02
   1.7268303e-02
   1.7202913e-02
   1.9741691e-02
   2.4787524e-02
   2.4859195e-02
   2.6287558e-02
   3.0082592e-02
   2.3404119e-02
   1.6141985e-02
   2.2022855e-02
   1.7175100e-02
   1.5145722e-02
   1.8324958e-02
   1.8709513e-02
   1.4602854e-02
   2.0624438e-02
   1.4218067e-02
   2.9098788e-04
   5.7680732e-02
   6.1255882e-02
   5.0105673e-02
   5.9723432e-02
   5.7659861e-02
   4.5457767e-02
   5.4748201e-02
   4.8403783e-02
   3.7488656e-02
   5.0401071e-02
   5.1361470e-02
   4.7203817e-02
   6.3861072e-02
   7.1062165e-02
   5.7556025e-02
   5.8416866e-02
   6.2843242e-02
   8.0968060e-02
   2.8067225e-02
   2.4997206e-04
   9.2725553e-02
   1.5751343e-01
   1.1911177e-01
   1.2093986e-01
   1.1388020e-01
   1.2551490e-01
   1.3049509e-01
   1.1749444e-01
   1.2732881e-01
   1.3317386e-01
   1.1484482e-01
   1.2555981e-01
   1.2758999e-01
   8.8931222e-02
   1.3075381e-01
   1.1221601e-01
   1.1406777e-01
   1.4570886e-01
   3.6445893e-02
   4.5338208e-05
   8.2584844e-02
   1.4220870e-01
   1.9849123e-01
   1.7177593e-01
   2.1183726e-01
   1.9293793e-01
   1.3805654e-01
   2.0832574e-01
   1.9100282e-01
   1.3082963e-01
   1.9100088e-01
   2.4255874e-01
   7.8675528e-02
   9.0865627e-02
   2.0856143e-01
   1.6264166e-01
   1.8794541e-01
   6.5346536e-02
   6.9608753e-03
   0.0000000e+00
   6.1676224e-03
   2.8191045e-02
   1.1181002e-01
   1.4595680e-01
   2.5119010e-01
   8.4965329e-02
   1.4494675e-02
   4.6266347e-02
   5.6083362e-02
   2.4340443e-01
   2.0015700e-01
   1.2004115e-01
   4.8349891e-02
   2.6254622e-01
   2.7667000e-01
   2.6172924e-01
   9.8557881e-02
   1.5343165e-02
   1.3986564e-06
   0.0000000e+00
   2.4648570e-04
   2.8059276e-02
   4.1336472e-02
   2.2184067e-02
   3.0943786e-02
   5.1697232e-03
   4.0485193e-05
   5.2994800e-05
   9.9339428e-03
   8.9622327e-02
   4.9478594e-02
   4.1738642e-03
   1.9862880e-02
   1.3234778e-01
   1.1455203e-01
   1.3430817e-01
   1.8874190e-02
   4.3645667e-05
   0.0000000e+00
   0.0000000e+00
   2.1996540e-03
   2.4550202e-01
   3.4291114e-01
   6.7472672e-02
   0.0000000e+00
   0.0000000e+00
   0.0000000e+00
   0.0000000e+00
   1.8644349e-05
   1.6866869e-04
   8.9633285e-05
   8.2810225e-07
   2.6146965e-04
   1.7678636e-03
   1.6906546e-03
   2.2088823e-03
   3.0829909e-04
   0.0000000e+00
   0.0000000e+00
   0.0000000e+00
   1.1560312e-03
   1.2902392e-01
   1.8021742e-01
   3.5460356e-02
   0.0000000e+00
   0.0000000e+00
   0.0000000e+00
   0.0000000e+00
   0.0000000e+00
   0.0000000e+00
   0.0000000e+00
   0.0000000e+00
   0.0000000e+00
   0.0000000e+00
   0.0000000e+00
   0.0000000e+00
   0.0000000e+00
   0.0000000e+00
   0.0000000e+00
   0.0000000e+00
   1.0276180e-05
   1.1469181e-03
   1.6019868e-03
   3.1521381e-04
   0.0000000e+00
   0.0000000e+00
   0.0000000e+00
   0.0000000e+00
   0.0000000e+00
   0.0000000e+00
   0.0000000e+00
   0.0000000e+00
   0.0000000e+00
   0.0000000e+00
   0.0000000e+00
   0.0000000e+00
   0.0000000e+00
   0.0000000e+00
   0.0000000e+00
   0.0000000e+00
   0.0000000e+00
   0.0000000e+00
   0.0000000e+00
   0.0000000e+00
   0.0000000e+00
   0.0000000e+00
   0.0000000e+00
   0.0000000e+00
   0.0000000e+00
   0.0000000e+00
   0.0000000e+00
   0.0000000e+00
   0.0000000e+00
   0.0000000e+00
   0.0000000e+00
   0.0000000e+00
   0.0000000e+00
   0.0000000e+00
   0.0000000e+00
   0.0000000e+00
   0.0000000e+00
   0.0000000e+00
   0.0000000e+00
   0.0000000e+00
   0.0000000e+00
   0.0000000e+00
   0.0000000e+00
   0.0000000e+00
   0.0000000e+00
   0.0000000e+00
   0.0000000e+00
   0.0000000e+00
   0.0000000e+00
   0.0000000e+00
   0.0000000e+00
   0.0000000e+00
   0.0000000e+00
   0.0000000e+00
   0.0000000e+00
   0.0000000e+00
   0.0000000e+00
   0.0000000e+00
   0.0000000e+00
   0.0000000e+00
   0.0000000e+00
   0.0000000e+00
   0.0000000e+00
   0.0000000e+00
   0.0000000e+00
   0.0000000e+00
   0.0000000e+00
   0.0000000e+00
   0.0000000e+00
   0.0000000e+00
   0.0000000e+00
   0.0000000e+00
   0.0000000e+00
   0.0000000e+00
   0.0000000e+00
   0.0000000e+00
   0.0000000e+00
   0.0000000e+00
   0.0000000e+00
   0.0000000e+00
   0.0000000e+00
   0.0000000e+00
   0.0000000e+00
   0.0000000e+00
   0.0000000e+00
   0.0000000e+00
   0.0000000e+00
   0.0000000e+00
   0.0000000e+00
   0.0000000e+00
   0.0000000e+00
   0.0000000e+00
   0.0000000e+00
   0.0000000e+00
   0.0000000e+00
   0.0000000e+00
   0.0000000e+00
   0.0000000e+00
   0.0000000e+00
   0.0000000e+00
   0.0000000e+00
   0.0000000e+00
   0.0000000e+00
   0.0000000e+00
   0.0000000e+00
   0.0000000e+00
   0.0000000e+00
   0.0000000e+00
   0.0000000e+00
   0.0000000e+00
   0.0000000e+00
   0.0000000e+00
   0.0000000e+00
   0.0000000e+00
   0.0000000e+00
   0.0000000e+00
   0.0000000e+00
   0.0000000e+00
   0.0000000e+00
   0.0000000e+00
   0.0000000e+00
   0.0000000e+00
   0.0000000e+00
   0.0000000e+00
   0.0000000e+00
   0.0000000e+00
   0.0000000e+00
   0.0000000e+00
   0.0000000e+00
   0.0000000e+00
   0.0000000e+00
   0.0000000e+00
   0.0000000e+00
   0.0000000e+00
   0.0000000e+00
   0.0000000e+00
   0.0000000e+00
   0.0000000e+00
   0.0000000e+00
   0.0000000e+00
   0.0000000e+00
   0.0000000e+00
   0.0000000e+00
   0.0000000e+00
   0.0000000e+00
   0.0000000e+00
   0.0000000e+00
   0.0000000e+00
   0.0000000e+00
   0.0000000e+00
   0.0000000e+00
   0.0000000e+00
   0.0000000e+00
   0.0000000e+00
   0.0000000e+00
   0.0000000e+00
   0.0000000e+00
   0.0000000e+00
   0.0000000e+00
   0.0000000e+00
   0.0000000e+00
   0.0000000e+00
   0.0000000e+00
   0.0000000e+00
   0.0000000e+00
   0.0000000e+00
   0.0000000e+00
   0.0000000e+00
   0.0000000e+00
   0.0000000e+00
   0.0000000e+00
   0.0000000e+00
   0.0000000e+00
   0.0000000e+00
   0.0000000e+00
   0.0000000e+00
   0.0000000e+00
   0.0000000e+00
   0.0000000e+00
   0.0000000e+00
   0.0000000e+00
   0.0000000e+00
   0.0000000e+00
   0.0000000e+00
   0.0000000e+00
   0.0000000e+00
   0.0000000e+00
   0.0000000e+00
   0.0000000e+00
   0.0000000e+00
   0.0000000e+00
   0.0000000e+00
   0.0000000e+00
   0.0000000e+00
   0.0000000e+00
   0.0000000e+00
   0.0000000e+00
   0.0000000e+00
   0.0000000e+00
   0.0000000e+00
   0.0000000e+00
   0.0000000e+00
   0.0000000e+00
   0.0000000e+00
   0.0000000e+00
   0.0000000e+00
   0.0000000e+00
   0.0000000e+00
   0.0000000e+00
   0.0000000e+00
   0.0000000e+00
   0.0000000e+00
   0.0000000e+00
   0.0000000e+00
   0.0000000e+00
   0.0000000e+00
