   2.4652318e-03
   1.5141278e-03
   1.1396029e-03
   3.4713535e-03
   2.5527694e-03
  -1.3841303e-05
   7.8908092e-04
   2.6538186e-04
   7.4794708e-04
   1.8003079e-03
   2.9675047e-03
   1.1592259e-03
  -5.6157179e-04
  -8.6387450e-05
   8.7835587e-04
   1.9732615e-03
   6.4958223e-04
   1.0982988e-03
   3.1587940e-03
   5.5210210e-04
   5.2533483e-03
   2.3222450e-02
   2.0508146e-02
   1.7464831e-02
   2.0469606e-02
   2.2076931e-02
   2.1551476e-02
   2.0065991e-02
   1.4084499e-02
   1.8367828e-02
   1.8755632e-02
   2.0510597e-02
   2.0032086e-02
   1.9758972e-02
   2.4113140e-02
   2.0620402e-02
   1.4953363e-02
   2.2707415e-02
   1.8657349e-02
   1.1879149e-03
   1.0105547e-02
   5.6425347e-02
   5.4681635e-02
   4.3116440e-02
   5.6345643e-02
   5.2194152e-02
   5.1428399e-02
   5.9478936e-02
   6.5792500e-02
   5.3213143e-02
   4.6956373e-02
   6.3779255e-02
   6.9675766e-02
   4.8516004e-02
   4.9656869e-02
   4.7422960e-02
   5.4090823e-02
   8.6187229e-02
   4.3519435e-02
   9.4951683e-04
   3.3125616e-03
   7.1425437e-02
   1.5209952e-01
   1.3180742e-01
   1.2609614e-01
   1.2259853e-01
   1.1561155e-01
   1.2165237e-01
   1.1213791e-01
   1.1776552e-01
   1.2763789e-01
   1.1423112e-01
   9.0419327e-02
   1.3552931e-01
   1.4353541e-01
   1.1775169e-01
   1.2702419e-01
   1.0295168e-01
   2.7137331e-02
   1.8111204e-04
   1.5050517e-02
   1.6027592e-01
   2.0217082e-01
   9.7312679e-02
   1.3012903e-01
   2.1848254e-01
   2.2011860e-01
   1.3063034e-01
   1.7772707e-01
   1.9822470e-01
   1.7137185e-01
   2.1451304e-01
   1.3797591e-01
   2.1173061e-01
   1.3794752e-01
   1.4126664e-01
   2.5123038e-01
   9.7657594e-02
   4.5456853e-03
   1.8783106e-07
   8.0458446e-02
   2.7545298e-01
   1.2909337e-01
   1.7768076e-02
   3.2992560e-02
   1.5649438e-01
   1.9746624e-01
   2.2843283e-01
   3.4076192e-01
   1.8741532e-01
   7.6860026e-02
   1.0768943e-01
   6.2851481e-02
   3.8049740e-02
   2.3004287e-02
   1.8776304e-01
   2.8076095e-01
   3.7259468e-02
   7.7690589e-04
   0.0000000e+00
   3.0381703e-02
   8.7322196e-02
   2.7981068e-02
   3.7325120e-03
   1.5496202e-01
   2.7174592e-01
   3.9886367e-02
   6.4673995e-02
   8.3317918e-02
   1.5464644e-02
   3.4284409e-02
   3.0332035e-01
   1.7074380e-01
   1.9096418e-03
   7.4106291e-04
   3.0919751e-02
   4.2630698e-02
   3.2178730e-03
   4.8178852e-08
   0.0000000e+00
   6.0893817e-05
   1.7402683e-04
   5.4882905e-05
   1.6031769e-03
   1.2526437e-01
   2.1317423e-01
   2.0759907e-02
   1.9428260e-04
   2.6292171e-04
   1.8673482e-05
   8.5333903e-03
   8.2966465e-02
   4.6707403e-02
   5.2238740e-04
   0.0000000e+00
   0.0000000e+00
   0.0000000e+00
   0.0000000e+00
   0.0000000e+00
   0.0000000e+00
   0.0000000e+00
   0.0000000e+00
   0.0000000e+00
   4.5938708e-05
   3.5968548e-03
   6.1211083e-03
   5.9597159e-04
   0.0000000e+00
   0.0000000e+00
   0.0000000e+00
   2.1172529e-07
   2.0585134e-06
   1.1588757e-06
   1.2961158e-08
   0.0000000e+00
   0.0000000e+00
   0.0000000e+00
   0.0000000e+00
   0.0000000e+00
   0.0000000e+00
   0.0000000e+00
   0.0000000e+00
   0.0000000e+00
   0.0000000e+00
   0.0000000e+00
   0.0000000e+00
   0.0000000e+00
   0.0000000e+00
   0.0000000e+00
   0.0000000e+00
   0.0000000e+00
   0.0000000e+00
   0.0000000e+00
   0.0000000e+00
   0.0000000e+00
   0.0000000e+00
   0.0000000e+00
   0.0000000e+00
   0.0000000e+00
   0.0000000e+00
   0.0000000e+00
   0.0000000e+00
   0.0000000e+00
   0.0000000e+00
   0.0000000e+00
   0.0000000e+00
   0.0000000e+00
   0.0000000e+00
   0.0000000e+00
   0.0000000e+00
   0.0000000e+00
   0.0000000e+00
   0.0000000e+00
   0.0000000e+00
   0.0000000e+00
   0.0000000e+00
   0.0000000e+00
   0.0000000e+00
   0.0000000e+00
   0.0000000e+00
   0.0000000e+00
   0.0000000e+00
   0.0000000e+00
   0.0000000e+00
   0.0000000e+00
   0.0000000e+00
   0.0000000e+00
   0.0000000e+00
   0.0000000e+00
   0.0000000e+00
   0.0000000e+00
   0.0000000e+00
   0.0000000e+00
   0.0000000e+00
   0.0000000e+00
   0.0000000e+00
   0.0000000e+00
   0.0000000e+00
   0.0000000e+00
   0.0000000e+00
   0.0000000e+00
   0.0000000e+00
   0.0000000e+00
   0.0000000e+00
   0.0000000e+00
   0.0000000e+00
   0.0000000e+00
   0.0000000e+00
   0.0000000e+00
   0.0000000e+00
   0.0000000e+00
   0.0000000e+00
   0.0000000e+00
   0.0000000e+00
   0.0000000e+00
   0.0000000e+00
   0.0000000e+00
   0.0000000e+00
   0.0000000e+00
   0.0000000e+00
   0.0000000e+00
   0.0000000e+00
   0.0000000e+00
   0.0000000e+00
   0.0000000e+00
   0.0000000e+00
   0.0000000e+00
   0.0000000e+00
   0.0000000e+00
   0.0000000e+00
   0.0000000e+00
   0.0000000e+00
   0.0000000e+00
   0.0000000e+00
   0.0000000e+00
   0.0000000e+00
   0.0000000e+00
   0.0000000e+00
   0.0000000e+00
   0.0000000e+00
   0.0000000e+00
   0.0000000e+00
   0.0000000e+00
   0.0000000e+00
   0.0000000e+00
   0.0000000e+00
   0.0000000e+00
   0.0000000e+00
   0.0000000e+00
   0.0000000e+00
   0.0000000e+00
   0.0000000e+00
   0.0000000e+00
   0.0000000e+00
   0.0000000e+00
   0.0000000e+00
   0.0000000e+00
   0.0000000e+00
   0.0000000e+00
   0.0000000e+00
   0.0000000e+00
   0.0000000e+00
   0.0000000e+00
   0.0000000e+00
   0.0000000e+00
   0.0000000e+00
   0.0000000e+00
   0.0000000e+00
   0.0000000e+00
   0.0000000e+00
   0.0000000e+00
   0.0000000e+00
   0.0000000e+00
   0.0000000e+00
   0.0000000e+00
   0.0000000e+00
   0.0000000e+00
   0.0000000e+00
   0.0000000e+00
   0.0000000e+00
   0.0000000e+00
   0.0000000e+00
   0.0000000e+00
   0.0000000e+00
   0.0000000e+00
   0.0000000e+00
   0.0000000e+00
   0.0000000e+00
   0.0000000e+00
   0.0000000e+00
   0.0000000e+00
   0.0000000e+00
   0.0000000e+00
   0.0000000e+00
   0.0000000e+00
   0.0000000e+00
   0.0000000e+00
   0.0000000e+00
   0.0000000e+00
   0.0000000e+00
   0.0000000e+00
   0.0000000e+00
   0.0000000e+00
   0.0000000e+00
   0.0000000e+00
   0.0000000e+00
   0.0000000e+00
   0.0000000e+00
   0.0000000e+00
   0.0000000e+00
   0.0000000e+00
   0.0000000e+00
   0.0000000e+00
   0.0000000e+00
   0.0000000e+00
   0.0000000e+00
   0.0000000e+00
   0.0000000e+00
   0.0000000e+00
   0.0000000e+00
   0.0000000e+00
   0.0000000e+00
   0.0000000e+00
   0.0000000e+00
   0.0000000e+00
   0.0000000e+00
   0.0000000e+00
   0.0000000e+00
   0.0000000e+00
   0.0000000e+00
   0.0000000e+00
   0.0000000e+00
   0.0000000e+00
   0.0000000e+00
   0.0000000e+00
   0.0000000e+00
   0.0000000e+00
   0.0000000e+00
   0.0000000e+00
   0.0000000e+00
   0.0000000e+00
   0.0000000e+00
   0.0000000e+00
   0.0000000e+00
   0.0000000e+00
   0.0000000e+00
   0.0000000e+00
   0.0000000e+00
   0.0000000e+00
   0.0000000e+00
   0.0000000e+00
   0.0000000e+00
   0.0000000e+00
   0.0000000e+00
   0.0000000e+00
   0.0000000e+00
   0.0000000e+00
   0.0000000e+00
   0.0000000e+00
   0.0000000e+00
