   1.8460118e-04
   7.7182281e-04
   8.1936033e-05
  -1.3644530e-04
  -1.2372810e-04
  -2.7674547e-04
   3.7441014e-04
   1.9714414e-03
   2.0133682e-03
  -9.0051773e-04
   6.8495543e-04
  -6.8739080e-04
   5.4124836e-03
   4.0751502e-03
  -2.0605647e-03
   1.9464809e-03
   4.3595051e-03
   3.0266210e-03
   7.7955545e-03
   1.0190521e-02
   8.5158229e-03
   1.4344974e-02
   1.7218957e-02
   2.3400723e-02
   2.1845579e-02
   3.0697012e-02
   1.5079670e-02
   1.3417335e-02
   2.3529933e-02
   2.0679286e-02
   2.6706498e-02
   2.4765744e-02
   1.5436108e-02
   1.7188017e-02
   2.3080954e-02
   2.1915351e-02
   1.7327323e-02
   2.6127632e-02
   1.8369583e-02
   1.3521528e-02
   8.4137901e-02
   8.7146792e-02
   5.5929670e-02
   5.0517779e-02
   5.3554944e-02
   5.4012036e-02
   5.5889554e-02
   6.1341903e-02
   4.0121638e-02
   6.5598711e-02
   5.4694291e-02
   3.4386202e-02
   4.0414174e-02
   6.2302445e-02
   5.5607580e-02
   5.1745872e-02
   3.0578358e-02
   5.8542192e-02
   1.8643298e-02
   2.3902391e-03
   9.3938845e-02
   8.5054753e-02
   9.9043516e-02
   1.3108155e-01
   1.1942230e-01
   8.9846362e-02
   1.0023694e-01
   1.6211802e-01
   1.3473570e-01
   1.1363164e-01
   9.9585374e-02
   1.3177994e-01
   1.4835330e-01
   1.3618250e-01
   8.2067287e-02
   1.5966930e-01
   1.6832173e-01
   1.4242234e-01
   2.8459919e-02
   8.5891167e-05
   6.8175445e-03
   1.5628855e-02
   1.4915093e-01
   2.1992426e-01
   1.7009756e-01
   2.4238104e-01
   4.7118601e-02
   5.7979793e-02
   1.7187778e-01
   2.2494417e-01
   2.3456934e-01
   1.8108158e-01
   1.1550433e-01
   8.4494739e-02
   1.6333112e-01
   8.1055565e-02
   9.6085324e-02
   5.5954956e-02
   6.4558015e-03
   0.0000000e+00
   0.0000000e+00
   2.6973281e-03
   1.1095143e-01
   3.0147785e-01
   1.5885497e-01
   1.9603605e-01
   2.3255954e-02
   1.3562981e-03
   3.1812273e-02
   7.0962134e-02
   8.2996062e-02
   2.6720199e-02
   6.9106865e-03
   1.0021363e-01
   2.7435892e-01
   4.7011643e-02
   1.9922452e-03
   9.2405570e-04
   8.1117166e-06
   0.0000000e+00
   0.0000000e+00
   5.0998147e-06
   2.0739473e-02
   6.9836945e-02
   2.1357934e-02
   1.3049296e-02
   1.5049548e-03
   1.9358292e-07
   1.3803588e-05
   1.6961923e-04
   4.7728992e-04
   9.5864785e-05
   1.5889406e-05
   1.1018461e-02
   3.0257415e-02
   5.1480486e-03
   0.0000000e+00
   0.0000000e+00
   0.0000000e+00
   0.0000000e+00
   0.0000000e+00
   2.6944646e-12
   1.0959591e-08
   3.6875803e-08
   7.7468507e-09
   0.0000000e+00
   0.0000000e+00
   0.0000000e+00
   0.0000000e+00
   0.0000000e+00
   0.0000000e+00
   0.0000000e+00
   0.0000000e+00
   0.0000000e+00
   0.0000000e+00
   0.0000000e+00
   0.0000000e+00
   0.0000000e+00
   0.0000000e+00
   0.0000000e+00
   0.0000000e+00
   0.0000000e+00
   0.0000000e+00
   0.0000000e+00
   0.0000000e+00
   0.0000000e+00
   0.0000000e+00
   0.0000000e+00
   0.0000000e+00
   0.0000000e+00
   0.0000000e+00
   0.0000000e+00
   0.0000000e+00
   0.0000000e+00
   0.0000000e+00
   0.0000000e+00
   0.0000000e+00
   0.0000000e+00
   0.0000000e+00
   0.0000000e+00
   0.0000000e+00
   0.0000000e+00
   0.0000000e+00
   0.0000000e+00
   0.0000000e+00
   0.0000000e+00
   0.0000000e+00
   0.0000000e+00
   0.0000000e+00
   0.0000000e+00
   0.0000000e+00
   0.0000000e+00
   0.0000000e+00
   0.0000000e+00
   0.0000000e+00
   0.0000000e+00
   0.0000000e+00
   0.0000000e+00
   0.0000000e+00
   0.0000000e+00
   0.0000000e+00
   0.0000000e+00
   0.0000000e+00
   0.0000000e+00
   0.0000000e+00
   0.0000000e+00
   0.0000000e+00
   0.0000000e+00
   0.0000000e+00
   0.0000000e+00
   0.0000000e+00
   0.0000000e+00
   0.0000000e+00
   0.0000000e+00
   0.0000000e+00
   0.0000000e+00
   0.0000000e+00
   0.0000000e+00
   0.0000000e+00
   0.0000000e+00
   0.0000000e+00
   0.0000000e+00
   0.0000000e+00
   0.0000000e+00
   0.0000000e+00
   0.0000000e+00
   0.0000000e+00
   0.0000000e+00
   0.0000000e+00
   0.0000000e+00
   0.0000000e+00
   0.0000000e+00
   0.0000000e+00
   0.0000000e+00
   0.0000000e+00
   0.0000000e+00
   0.0000000e+00
   0.0000000e+00
   0.0000000e+00
   0.0000000e+00
   0.0000000e+00
   0.0000000e+00
   0.0000000e+00
   0.0000000e+00
   0.0000000e+00
   0.0000000e+00
   0.0000000e+00
   0.0000000e+00
   0.0000000e+00
   0.0000000e+00
   0.0000000e+00
   0.0000000e+00
   0.0000000e+00
   0.0000000e+00
   0.0000000e+00
   0.0000000e+00
   0.0000000e+00
   0.0000000e+00
   0.0000000e+00
   0.0000000e+00
   0.0000000e+00
   0.0000000e+00
   0.0000000e+00
   0.0000000e+00
   0.0000000e+00
   0.0000000e+00
   0.0000000e+00
   0.0000000e+00
   0.0000000e+00
   0.0000000e+00
   0.0000000e+00
   0.0000000e+00
   0.0000000e+00
   0.0000000e+00
   0.0000000e+00
   0.0000000e+00
   0.0000000e+00
   0.0000000e+00
   0.0000000e+00
   0.0000000e+00
   0.0000000e+00
   0.0000000e+00
   0.0000000e+00
   0.0000000e+00
   0.0000000e+00
   0.0000000e+00
   0.0000000e+00
   0.0000000e+00
   0.0000000e+00
   0.0000000e+00
   0.0000000e+00
   0.0000000e+00
   0.0000000e+00
   0.0000000e+00
   0.0000000e+00
   0.0000000e+00
   0.0000000e+00
   0.0000000e+00
   0.0000000e+00
   0.0000000e+00
   0.0000000e+00
   0.0000000e+00
   0.0000000e+00
   0.0000000e+00
   0.0000000e+00
   0.0000000e+00
   0.0000000e+00
   0.0000000e+00
   0.0000000e+00
   0.0000000e+00
   0.0000000e+00
   0.0000000e+00
   0.0000000e+00
   0.0000000e+00
   0.0000000e+00
   0.0000000e+00
   0.0000000e+00
   0.0000000e+00
   0.0000000e+00
   0.0000000e+00
   0.0000000e+00
   0.0000000e+00
   0.0000000e+00
   0.0000000e+00
   0.0000000e+00
   0.0000000e+00
   0.0000000e+00
   0.0000000e+00
   0.0000000e+00
   0.0000000e+00
   0.0000000e+00
   0.0000000e+00
   0.0000000e+00
   0.0000000e+00
   0.0000000e+00
   0.0000000e+00
   0.0000000e+00
   0.0000000e+00
   0.0000000e+00
   0.0000000e+00
   0.0000000e+00
   0.0000000e+00
   0.0000000e+00
   0.0000000e+00
   0.0000000e+00
   0.0000000e+00
   0.0000000e+00
   0.0000000e+00
   0.0000000e+00
   0.0000000e+00
   0.0000000e+00
   0.0000000e+00
   0.0000000e+00
   0.0000000e+00
   0.0000000e+00
   0.0000000e+00
   0.0000000e+00
   0.0000000e+00
   0.0000000e+00
   0.0000000e+00
   0.0000000e+00
   0.0000000e+00
   0.0000000e+00
   0.0000000e+00
   0.0000000e+00
   0.0000000e+00
   0.0000000e+00
   0.0000000e+00
   0.0000000e+00
   0.0000000e+00
   0.0000000e+00
   0.0000000e+00
   0.0000000e+00
   0.0000000e+00
   0.0000000e+00
   0.0000000e+00
   0.0000000e+00
   0.0000000e+00
   0.0000000e+00
   0.0000000e+00
   0.0000000e+00
   0.0000000e+00
   0.0000000e+00
   0.0000000e+00
   0.0000000e+00
   0.0000000e+00
   0.0000000e+00
   0.0000000e+00
   0.0000000e+00
   0.0000000e+00
   0.0000000e+00
   0.0000000e+00
   0.0000000e+00
   0.0000000e+00
   0.0000000e+00
   0.0000000e+00
   0.0000000e+00
   0.0000000e+00
   0.0000000e+00
   0.0000000e+00
