   8.2379905e-04
   3.1325783e-04
   1.0750077e-03
   6.6643998e-04
   1.0160558e-03
   8.1116457e-04
   1.6543681e-03
   1.7433733e-03
   1.6297744e-03
   2.2284075e-03
   2.2587144e-03
   1.0412686e-03
  -6.3078440e-04
  -1.5949654e-04
   5.3816395e-05
   1.9483531e-03
   2.7253298e-03
  -1.9436405e-04
   4.7899814e-03
   4.9500656e-03
   2.1229410e-02
   1.6076309e-02
   1.5543064e-02
   1.1812751e-02
   1.4776919e-02
   2.2102163e-02
   2.1572361e-02
   1.5443200e-02
   1.7090301e-02
   2.1977311e-02
   2.1561815e-02
   1.7072367e-02
   2.6005847e-02
   2.3203948e-02
   1.8567711e-02
   1.8182538e-02
   1.8407260e-02
   2.1583002e-02
   3.1935602e-02
   7.9710623e-03
   5.4645593e-02
   7.6155238e-02
   6.1829731e-02
   6.9842536e-02
   5.9506177e-02
   5.0561950e-02
   5.6738691e-02
   5.8481405e-02
   6.4186094e-02
   5.1755992e-02
   5.7666847e-02
   4.2100075e-02
   5.9011026e-02
   5.6508036e-02
   6.0756824e-02
   5.7263397e-02
   3.3228575e-02
   6.1951477e-02
   5.0602729e-02
   4.7091789e-03
   1.0562160e-01
   1.3399456e-01
   1.1024568e-01
   1.1296424e-01
   1.3458645e-01
   1.1780079e-01
   1.0772775e-01
   1.1992828e-01
   1.1903840e-01
   1.0731812e-01
   1.2872225e-01
   1.3188072e-01
   1.2662577e-01
   9.0074464e-02
   1.3897854e-01
   1.2369882e-01
   1.4346760e-01
   1.4898755e-01
   3.5507885e-02
   1.0087428e-03
   1.8547472e-01
   7.5371745e-02
   1.9782823e-02
   2.1426105e-02
   1.4102937e-01
   2.0759199e-01
   2.4387476e-01
   1.4959166e-01
   1.6202031e-01
   2.4240516e-01
   1.3552022e-01
   1.6229518e-01
   1.7722257e-01
   1.3762746e-01
   1.1370435e-01
   1.7682827e-01
   1.5672455e-01
   6.3520742e-02
   6.0999532e-03
   2.7944221e-06
   1.9518819e-01
   6.5382844e-02
   3.4217769e-03
   7.7043273e-04
   3.2933823e-02
   7.5696371e-02
   2.3103357e-01
   1.3887752e-01
   2.1042062e-01
   2.4735579e-01
   4.7309581e-02
   2.0396644e-01
   3.7089409e-01
   2.1523157e-01
   2.1816724e-02
   4.8522664e-02
   3.1150311e-02
   1.6678789e-03
   6.8826078e-05
   0.0000000e+00
   1.1338741e-02
   3.7981762e-03
   1.9877556e-04
   3.1235716e-06
   4.7254538e-05
   1.8792683e-03
   1.8156002e-02
   1.3145813e-02
   2.8914595e-02
   2.9696690e-02
   3.7501664e-03
   5.0045834e-02
   1.1304706e-01
   4.1211097e-02
   2.0205432e-03
   2.0621023e-05
   1.2789874e-05
   1.9121715e-07
   0.0000000e+00
   0.0000000e+00
   0.0000000e+00
   0.0000000e+00
   0.0000000e+00
   0.0000000e+00
   0.0000000e+00
   0.0000000e+00
   0.0000000e+00
   0.0000000e+00
   0.0000000e+00
   0.0000000e+00
   1.5544870e-06
   3.5037130e-04
   7.9220532e-04
   1.0883392e-04
   0.0000000e+00
   0.0000000e+00
   0.0000000e+00
   0.0000000e+00
   0.0000000e+00
   0.0000000e+00
   0.0000000e+00
   0.0000000e+00
   0.0000000e+00
   0.0000000e+00
   0.0000000e+00
   0.0000000e+00
   0.0000000e+00
   0.0000000e+00
   0.0000000e+00
   0.0000000e+00
   0.0000000e+00
   0.0000000e+00
   0.0000000e+00
   0.0000000e+00
   0.0000000e+00
   0.0000000e+00
   0.0000000e+00
   0.0000000e+00
   0.0000000e+00
   0.0000000e+00
   0.0000000e+00
   0.0000000e+00
   0.0000000e+00
   0.0000000e+00
   0.0000000e+00
   0.0000000e+00
   0.0000000e+00
   0.0000000e+00
   0.0000000e+00
   0.0000000e+00
   0.0000000e+00
   0.0000000e+00
   0.0000000e+00
   0.0000000e+00
   0.0000000e+00
   0.0000000e+00
   0.0000000e+00
   0.0000000e+00
   0.0000000e+00
   0.0000000e+00
   0.0000000e+00
   0.0000000e+00
   0.0000000e+00
   0.0000000e+00
   0.0000000e+00
   0.0000000e+00
   0.0000000e+00
   0.0000000e+00
   0.0000000e+00
   0.0000000e+00
   0.0000000e+00
   0.0000000e+00
   0.0000000e+00
   0.0000000e+00
   0.0000000e+00
   0.0000000e+00
   0.0000000e+00
   0.0000000e+00
   0.0000000e+00
   0.0000000e+00
   0.0000000e+00
   0.0000000e+00
   0.0000000e+00
   0.0000000e+00
   0.0000000e+00
   0.0000000e+00
   0.0000000e+00
   0.0000000e+00
   0.0000000e+00
   0.0000000e+00
   0.0000000e+00
   0.0000000e+00
   0.0000000e+00
   0.0000000e+00
   0.0000000e+00
   0.0000000e+00
   0.0000000e+00
   0.0000000e+00
   0.0000000e+00
   0.0000000e+00
   0.0000000e+00
   0.0000000e+00
   0.0000000e+00
   0.0000000e+00
   0.0000000e+00
   0.0000000e+00
   0.0000000e+00
   0.0000000e+00
   0.0000000e+00
   0.0000000e+00
   0.0000000e+00
   0.0000000e+00
   0.0000000e+00
   0.0000000e+00
   0.0000000e+00
   0.0000000e+00
   0.0000000e+00
   0.0000000e+00
   0.0000000e+00
   0.0000000e+00
   0.0000000e+00
   0.0000000e+00
   0.0000000e+00
   0.0000000e+00
   0.0000000e+00
   0.0000000e+00
   0.0000000e+00
   0.0000000e+00
   0.0000000e+00
   0.0000000e+00
   0.0000000e+00
   0.0000000e+00
   0.0000000e+00
   0.0000000e+00
   0.0000000e+00
   0.0000000e+00
   0.0000000e+00
   0.0000000e+00
   0.0000000e+00
   0.0000000e+00
   0.0000000e+00
   0.0000000e+00
   0.0000000e+00
   0.0000000e+00
   0.0000000e+00
   0.0000000e+00
   0.0000000e+00
   0.0000000e+00
   0.0000000e+00
   0.0000000e+00
   0.0000000e+00
   0.0000000e+00
   0.0000000e+00
   0.0000000e+00
   0.0000000e+00
   0.0000000e+00
   0.0000000e+00
   0.0000000e+00
   0.0000000e+00
   0.0000000e+00
   0.0000000e+00
   0.0000000e+00
   0.0000000e+00
   0.0000000e+00
   0.0000000e+00
   0.0000000e+00
   0.0000000e+00
   0.0000000e+00
   0.0000000e+00
   0.0000000e+00
   0.0000000e+00
   0.0000000e+00
   0.0000000e+00
   0.0000000e+00
   0.0000000e+00
   0.0000000e+00
   0.0000000e+00
   0.0000000e+00
   0.0000000e+00
   0.0000000e+00
   0.0000000e+00
   0.0000000e+00
   0.0000000e+00
   0.0000000e+00
   0.0000000e+00
   0.0000000e+00
   0.0000000e+00
   0.0000000e+00
   0.0000000e+00
   0.0000000e+00
   0.0000000e+00
   0.0000000e+00
   0.0000000e+00
   0.0000000e+00
   0.0000000e+00
   0.0000000e+00
   0.0000000e+00
   0.0000000e+00
   0.0000000e+00
   0.0000000e+00
   0.0000000e+00
   0.0000000e+00
   0.0000000e+00
   0.0000000e+00
   0.0000000e+00
   0.0000000e+00
   0.0000000e+00
   0.0000000e+00
   0.0000000e+00
   0.0000000e+00
   0.0000000e+00
   0.0000000e+00
   0.0000000e+00
   0.0000000e+00
   0.0000000e+00
   0.0000000e+00
   0.0000000e+00
   0.0000000e+00
   0.0000000e+00
   0.0000000e+00
   0.0000000e+00
   0.0000000e+00
   0.0000000e+00
   0.0000000e+00
   0.0000000e+00
   0.0000000e+00
   0.0000000e+00
   0.0000000e+00
   0.0000000e+00
   0.0000000e+00
   0.0000000e+00
   0.0000000e+00
   0.0000000e+00
   0.0000000e+00
   0.0000000e+00
   0.0000000e+00
   0.0000000e+00
   0.0000000e+00
   0.0000000e+00
   0.0000000e+00
   0.0000000e+00
   0.0000000e+00
   0.0000000e+00
   0.0000000e+00
   0.0000000e+00
   0.0000000e+00
   0.0000000e+00
   0.0000000e+00
   0.0000000e+00
   0.0000000e+00
   0.0000000e+00
   0.0000000e+00
   0.0000000e+00
   0.0000000e+00
   0.0000000e+00
   0.0000000e+00
   0.0000000e+00
   0.0000000e+00
   0.0000000e+00
   0.0000000e+00
