   5.6025247e-04
   1.2210353e-04
   8.3869351e-04
   5.4532898e-04
  -2.4748827e-03
   1.5470572e-03
   5.9235914e-04
   1.3333913e-03
   1.5875888e-03
   1.1580001e-03
   1.1388830e-03
  -1.0176033e-04
   3.8171885e-04
   1.8580701e-03
   3.3954807e-03
   2.3994439e-03
   3.1016023e-04
   5.5337982e-04
   4.9815857e-03
   2.4960999e-03
   2.2701771e-02
   2.6438025e-02
   1.5574499e-02
   2.5091495e-02
   2.4915266e-02
   2.3251343e-02
   1.8374944e-02
   1.8891987e-02
   1.9792214e-02
   2.1551003e-02
   1.6640306e-02
   2.0157404e-02
   1.6567630e-02
   2.2623026e-02
   2.1931168e-02
   1.5929405e-02
   1.5474864e-02
   2.7918320e-02
   3.8475101e-02
   1.6042976e-02
   3.4582244e-02
   5.3980632e-02
   4.4570663e-02
   5.0893386e-02
   5.2312011e-02
   5.3257235e-02
   6.1132792e-02
   6.1640170e-02
   5.6007576e-02
   5.3761080e-02
   5.8275262e-02
   6.1275892e-02
   7.2012955e-02
   5.1891347e-02
   5.0802040e-02
   6.2857392e-02
   6.1253400e-02
   5.3923456e-02
   2.9280382e-02
   1.0426297e-02
   1.0612903e-01
   1.3411278e-01
   1.3976059e-01
   1.2713470e-01
   1.2207892e-01
   1.1226055e-01
   1.1144758e-01
   1.1310872e-01
   1.1404975e-01
   1.1206402e-01
   1.3713542e-01
   9.3729735e-02
   1.0796891e-01
   1.1144034e-01
   1.2098771e-01
   9.8974522e-02
   1.5814493e-01
   7.8996079e-02
   6.6170307e-03
   1.2602260e-03
   2.1558166e-01
   2.0243948e-01
   1.5064937e-01
   1.5324976e-01
   1.8972272e-01
   2.1575044e-01
   1.8571086e-01
   2.1735035e-01
   2.3652140e-01
   1.7946880e-01
   1.2850285e-01
   1.8565537e-01
   1.8307138e-01
   2.0499829e-01
   2.0726277e-01
   9.1143678e-02
   2.1665933e-01
   8.6206022e-02
   1.8436263e-03
   0.0000000e+00
   7.7045106e-02
   7.6350605e-02
   2.4292774e-02
   3.1136249e-02
   9.5438925e-02
   2.3851859e-01
   1.0968309e-01
   7.4238779e-02
   1.0760762e-01
   1.7384172e-01
   2.6691634e-01
   3.2166048e-01
   1.7763115e-01
   2.6929616e-01
   1.8689199e-01
   5.4441789e-02
   6.9821565e-02
   2.1654621e-02
   9.0450004e-05
   0.0000000e+00
   1.0155148e-03
   1.3444830e-03
   2.3802066e-04
   6.8629608e-05
   6.8884236e-02
   2.2392374e-01
   4.5952522e-02
   2.5768096e-04
   3.7341655e-03
   4.5511074e-02
   2.0097354e-01
   1.7052483e-01
   4.3406584e-02
   6.3879296e-02
   2.3285340e-02
   2.5932371e-03
   3.6306443e-04
   1.0607608e-04
   2.0807245e-08
   0.0000000e+00
   0.0000000e+00
   0.0000000e+00
   0.0000000e+00
   1.4571246e-06
   5.1576814e-03
   1.6730399e-02
   3.3863246e-03
   0.0000000e+00
   0.0000000e+00
   1.9190404e-03
   9.7660787e-03
   5.7051440e-03
   7.1839487e-04
   6.7946857e-05
   1.7111583e-05
   2.4718611e-13
   0.0000000e+00
   0.0000000e+00
   0.0000000e+00
   0.0000000e+00
   0.0000000e+00
   0.0000000e+00
   0.0000000e+00
   0.0000000e+00
   0.0000000e+00
   0.0000000e+00
   0.0000000e+00
   0.0000000e+00
   0.0000000e+00
   0.0000000e+00
   0.0000000e+00
   0.0000000e+00
   0.0000000e+00
   0.0000000e+00
   0.0000000e+00
   0.0000000e+00
   0.0000000e+00
   0.0000000e+00
   0.0000000e+00
   0.0000000e+00
   0.0000000e+00
   0.0000000e+00
   0.0000000e+00
   0.0000000e+00
   0.0000000e+00
   0.0000000e+00
   0.0000000e+00
   0.0000000e+00
   0.0000000e+00
   0.0000000e+00
   0.0000000e+00
   0.0000000e+00
   0.0000000e+00
   0.0000000e+00
   0.0000000e+00
   0.0000000e+00
   0.0000000e+00
   0.0000000e+00
   0.0000000e+00
   0.0000000e+00
   0.0000000e+00
   0.0000000e+00
   0.0000000e+00
   0.0000000e+00
   0.0000000e+00
   0.0000000e+00
   0.0000000e+00
   0.0000000e+00
   0.0000000e+00
   0.0000000e+00
   0.0000000e+00
   0.0000000e+00
   0.0000000e+00
   0.0000000e+00
   0.0000000e+00
   0.0000000e+00
   0.0000000e+00
   0.0000000e+00
   0.0000000e+00
   0.0000000e+00
   0.0000000e+00
   0.0000000e+00
   0.0000000e+00
   0.0000000e+00
   0.0000000e+00
   0.0000000e+00
   0.0000000e+00
   0.0000000e+00
   0.0000000e+00
   0.0000000e+00
   0.0000000e+00
   0.0000000e+00
   0.0000000e+00
   0.0000000e+00
   0.0000000e+00
   0.0000000e+00
   0.0000000e+00
   0.0000000e+00
   0.0000000e+00
   0.0000000e+00
   0.0000000e+00
   0.0000000e+00
   0.0000000e+00
   0.0000000e+00
   0.0000000e+00
   0.0000000e+00
   0.0000000e+00
   0.0000000e+00
   0.0000000e+00
   0.0000000e+00
   0.0000000e+00
   0.0000000e+00
   0.0000000e+00
   0.0000000e+00
   0.0000000e+00
   0.0000000e+00
   0.0000000e+00
   0.0000000e+00
   0.0000000e+00
   0.0000000e+00
   0.0000000e+00
   0.0000000e+00
   0.0000000e+00
   0.0000000e+00
   0.0000000e+00
   0.0000000e+00
   0.0000000e+00
   0.0000000e+00
   0.0000000e+00
   0.0000000e+00
   0.0000000e+00
   0.0000000e+00
   0.0000000e+00
   0.0000000e+00
   0.0000000e+00
   0.0000000e+00
   0.0000000e+00
   0.0000000e+00
   0.0000000e+00
   0.0000000e+00
   0.0000000e+00
   0.0000000e+00
   0.0000000e+00
   0.0000000e+00
   0.0000000e+00
   0.0000000e+00
   0.0000000e+00
   0.0000000e+00
   0.0000000e+00
   0.0000000e+00
   0.0000000e+00
   0.0000000e+00
   0.0000000e+00
   0.0000000e+00
   0.0000000e+00
   0.0000000e+00
   0.0000000e+00
   0.0000000e+00
   0.0000000e+00
   0.0000000e+00
   0.0000000e+00
   0.0000000e+00
   0.0000000e+00
   0.0000000e+00
   0.0000000e+00
   0.0000000e+00
   0.0000000e+00
   0.0000000e+00
   0.0000000e+00
   0.0000000e+00
   0.0000000e+00
   0.0000000e+00
   0.0000000e+00
   0.0000000e+00
   0.0000000e+00
   0.0000000e+00
   0.0000000e+00
   0.0000000e+00
   0.0000000e+00
   0.0000000e+00
   0.0000000e+00
   0.0000000e+00
   0.0000000e+00
   0.0000000e+00
   0.0000000e+00
   0.0000000e+00
   0.0000000e+00
   0.0000000e+00
   0.0000000e+00
   0.0000000e+00
   0.0000000e+00
   0.0000000e+00
   0.0000000e+00
   0.0000000e+00
   0.0000000e+00
   0.0000000e+00
   0.0000000e+00
   0.0000000e+00
   0.0000000e+00
   0.0000000e+00
   0.0000000e+00
   0.0000000e+00
   0.0000000e+00
   0.0000000e+00
   0.0000000e+00
   0.0000000e+00
   0.0000000e+00
   0.0000000e+00
   0.0000000e+00
   0.0000000e+00
   0.0000000e+00
   0.0000000e+00
   0.0000000e+00
   0.0000000e+00
   0.0000000e+00
   0.0000000e+00
   0.0000000e+00
   0.0000000e+00
   0.0000000e+00
   0.0000000e+00
   0.0000000e+00
   0.0000000e+00
   0.0000000e+00
   0.0000000e+00
   0.0000000e+00
   0.0000000e+00
   0.0000000e+00
   0.0000000e+00
   0.0000000e+00
   0.0000000e+00
   0.0000000e+00
   0.0000000e+00
   0.0000000e+00
   0.0000000e+00
   0.0000000e+00
   0.0000000e+00
   0.0000000e+00
   0.0000000e+00
   0.0000000e+00
   0.0000000e+00
   0.0000000e+00
   0.0000000e+00
   0.0000000e+00
   0.0000000e+00
   0.0000000e+00
   0.0000000e+00
   0.0000000e+00
   0.0000000e+00
   0.0000000e+00
   0.0000000e+00
   0.0000000e+00
   0.0000000e+00
   0.0000000e+00
   0.0000000e+00
   0.0000000e+00
   0.0000000e+00
   0.0000000e+00
   0.0000000e+00
   0.0000000e+00
   0.0000000e+00
