   2.6312868e-03
   2.3182101e-03
   6.4819129e-04
   2.6721300e-03
   2.1337811e-03
   6.5057561e-04
   6.7046190e-04
   2.2073872e-03
   2.1866223e-03
   8.6261700e-04
  -8.4249436e-04
  -1.5920444e-03
   8.7552107e-05
   2.8262456e-04
   7.7878384e-05
   5.8666939e-04
   2.3235692e-03
   2.8201020e-03
   4.6946960e-03
   1.2368557e-03
   2.2741963e-02
   2.2140382e-02
   1.2717479e-02
   1.6426683e-02
   1.7299733e-02
   1.7153059e-02
   1.8523183e-02
   2.3371014e-02
   2.1080549e-02
   1.9903316e-02
   2.0482319e-02
   2.1846521e-02
   2.2002437e-02
   1.8919795e-02
   2.0633741e-02
   1.6953664e-02
   1.8420596e-02
   2.9144904e-02
   3.6730957e-02
   7.7821104e-03
   5.2969352e-02
   5.3598063e-02
   5.1307691e-02
   6.2794127e-02
   6.0628055e-02
   6.3559281e-02
   5.8540496e-02
   5.5152722e-02
   5.0764516e-02
   5.9290565e-02
   6.1105684e-02
   6.0116530e-02
   4.6417509e-02
   5.7704277e-02
   6.5631760e-02
   5.7433523e-02
   4.8760626e-02
   5.6426378e-02
   3.6109620e-02
   5.6640179e-03
   1.3486947e-01
   1.2294423e-01
   9.9331774e-02
   1.3751957e-01
   1.0451747e-01
   1.2295495e-01
   1.1186941e-01
   1.1725398e-01
   1.3201155e-01
   1.1768093e-01
   9.9216288e-02
   1.1259745e-01
   1.3078097e-01
   1.1796002e-01
   1.0665444e-01
   9.2775402e-02
   1.4258967e-01
   1.3279133e-01
   2.9343691e-02
   7.6236134e-04
   1.0802277e-01
   1.6060489e-01
   1.2245184e-01
   1.7962473e-01
   1.3418721e-01
   1.8826121e-01
   1.8331484e-01
   1.6766069e-01
   1.5228019e-01
   1.8494426e-01
   2.0962467e-01
   2.0392951e-01
   1.7002413e-01
   1.3661377e-01
   2.5883455e-01
   2.0175248e-01
   2.0626029e-01
   6.5500501e-02
   7.6621270e-03
   0.0000000e+00
   1.5545832e-01
   3.4755213e-01
   2.3426127e-01
   1.3706500e-01
   2.0639927e-01
   2.6787809e-01
   2.5979986e-01
   2.8188831e-01
   3.2497735e-01
   2.3600323e-01
   2.0207274e-01
   2.4810296e-01
   1.9372703e-01
   1.0798004e-01
   2.5663059e-01
   1.8209503e-01
   1.4473749e-01
   2.0213746e-02
   6.3817297e-06
   0.0000000e+00
   2.2567893e-02
   1.3970852e-01
   3.3354185e-01
   1.3792585e-01
   2.5260849e-02
   3.4888338e-02
   8.1507328e-02
   1.2683188e-01
   2.4369182e-01
   6.4141426e-02
   2.2387713e-02
   2.2910033e-01
   2.0502015e-01
   1.2638567e-02
   1.5583101e-02
   1.1608480e-02
   6.4846176e-03
   8.6430175e-04
   0.0000000e+00
   0.0000000e+00
   2.7199435e-06
   1.9107521e-02
   7.7983339e-02
   3.4315884e-02
   9.9848050e-05
   4.1954983e-05
   4.7417692e-04
   2.8073008e-03
   8.1016473e-03
   1.6593250e-03
   1.3128487e-03
   2.5267408e-02
   2.2799500e-02
   8.1763205e-04
   0.0000000e+00
   0.0000000e+00
   0.0000000e+00
   0.0000000e+00
   0.0000000e+00
   0.0000000e+00
   0.0000000e+00
   2.8516605e-08
   1.1653412e-07
   5.1289555e-08
   1.4924585e-10
   0.0000000e+00
   0.0000000e+00
   0.0000000e+00
   0.0000000e+00
   0.0000000e+00
   0.0000000e+00
   0.0000000e+00
   0.0000000e+00
   0.0000000e+00
   0.0000000e+00
   0.0000000e+00
   0.0000000e+00
   0.0000000e+00
   0.0000000e+00
   0.0000000e+00
   0.0000000e+00
   0.0000000e+00
   0.0000000e+00
   0.0000000e+00
   0.0000000e+00
   0.0000000e+00
   0.0000000e+00
   0.0000000e+00
   0.0000000e+00
   0.0000000e+00
   0.0000000e+00
   0.0000000e+00
   0.0000000e+00
   0.0000000e+00
   0.0000000e+00
   0.0000000e+00
   0.0000000e+00
   0.0000000e+00
   0.0000000e+00
   0.0000000e+00
   0.0000000e+00
   0.0000000e+00
   0.0000000e+00
   0.0000000e+00
   0.0000000e+00
   0.0000000e+00
   0.0000000e+00
   0.0000000e+00
   0.0000000e+00
   0.0000000e+00
   0.0000000e+00
   0.0000000e+00
   0.0000000e+00
   0.0000000e+00
   0.0000000e+00
   0.0000000e+00
   0.0000000e+00
   0.0000000e+00
   0.0000000e+00
   0.0000000e+00
   0.0000000e+00
   0.0000000e+00
   0.0000000e+00
   0.0000000e+00
   0.0000000e+00
   0.0000000e+00
   0.0000000e+00
   0.0000000e+00
   0.0000000e+00
   0.0000000e+00
   0.0000000e+00
   0.0000000e+00
   0.0000000e+00
   0.0000000e+00
   0.0000000e+00
   0.0000000e+00
   0.0000000e+00
   0.0000000e+00
   0.0000000e+00
   0.0000000e+00
   0.0000000e+00
   0.0000000e+00
   0.0000000e+00
   0.0000000e+00
   0.0000000e+00
   0.0000000e+00
   0.0000000e+00
   0.0000000e+00
   0.0000000e+00
   0.0000000e+00
   0.0000000e+00
   0.0000000e+00
   0.0000000e+00
   0.0000000e+00
   0.0000000e+00
   0.0000000e+00
   0.0000000e+00
   0.0000000e+00
   0.0000000e+00
   0.0000000e+00
   0.0000000e+00
   0.0000000e+00
   0.0000000e+00
   0.0000000e+00
   0.0000000e+00
   0.0000000e+00
   0.0000000e+00
   0.0000000e+00
   0.0000000e+00
   0.0000000e+00
   0.0000000e+00
   0.0000000e+00
   0.0000000e+00
   0.0000000e+00
   0.0000000e+00
   0.0000000e+00
   0.0000000e+00
   0.0000000e+00
   0.0000000e+00
   0.0000000e+00
   0.0000000e+00
   0.0000000e+00
   0.0000000e+00
   0.0000000e+00
   0.0000000e+00
   0.0000000e+00
   0.0000000e+00
   0.0000000e+00
   0.0000000e+00
   0.0000000e+00
   0.0000000e+00
   0.0000000e+00
   0.0000000e+00
   0.0000000e+00
   0.0000000e+00
   0.0000000e+00
   0.0000000e+00
   0.0000000e+00
   0.0000000e+00
   0.0000000e+00
   0.0000000e+00
   0.0000000e+00
   0.0000000e+00
   0.0000000e+00
   0.0000000e+00
   0.0000000e+00
   0.0000000e+00
   0.0000000e+00
   0.0000000e+00
   0.0000000e+00
   0.0000000e+00
   0.0000000e+00
   0.0000000e+00
   0.0000000e+00
   0.0000000e+00
   0.0000000e+00
   0.0000000e+00
   0.0000000e+00
   0.0000000e+00
   0.0000000e+00
   0.0000000e+00
   0.0000000e+00
   0.0000000e+00
   0.0000000e+00
   0.0000000e+00
   0.0000000e+00
   0.0000000e+00
   0.0000000e+00
   0.0000000e+00
   0.0000000e+00
   0.0000000e+00
   0.0000000e+00
   0.0000000e+00
   0.0000000e+00
   0.0000000e+00
   0.0000000e+00
   0.0000000e+00
   0.0000000e+00
   0.0000000e+00
   0.0000000e+00
   0.0000000e+00
   0.0000000e+00
   0.0000000e+00
   0.0000000e+00
   0.0000000e+00
   0.0000000e+00
   0.0000000e+00
   0.0000000e+00
   0.0000000e+00
   0.0000000e+00
   0.0000000e+00
   0.0000000e+00
   0.0000000e+00
   0.0000000e+00
   0.0000000e+00
   0.0000000e+00
   0.0000000e+00
   0.0000000e+00
   0.0000000e+00
   0.0000000e+00
   0.0000000e+00
   0.0000000e+00
   0.0000000e+00
   0.0000000e+00
   0.0000000e+00
   0.0000000e+00
   0.0000000e+00
   0.0000000e+00
   0.0000000e+00
   0.0000000e+00
   0.0000000e+00
   0.0000000e+00
   0.0000000e+00
   0.0000000e+00
   0.0000000e+00
   0.0000000e+00
   0.0000000e+00
   0.0000000e+00
   0.0000000e+00
   0.0000000e+00
   0.0000000e+00
   0.0000000e+00
   0.0000000e+00
   0.0000000e+00
   0.0000000e+00
   0.0000000e+00
   0.0000000e+00
   0.0000000e+00
   0.0000000e+00
   0.0000000e+00
   0.0000000e+00
   0.0000000e+00
   0.0000000e+00
   0.0000000e+00
   0.0000000e+00
   0.0000000e+00
   0.0000000e+00
   0.0000000e+00
   0.0000000e+00
   0.0000000e+00
