   7.8170853e-05
   1.6669320e-03
   2.7711765e-03
   5.1638729e-03
   1.7719467e-04
  -1.5932356e-03
  -4.9608822e-04
  -1.3345294e-04
   3.1015438e-03
   4.3509850e-03
   1.3551297e-03
   1.6892115e-03
   2.4078824e-04
   8.7112380e-04
   6.6893337e-04
   1.7990539e-03
  -6.0432301e-04
   5.7035297e-04
   3.7257774e-03
   1.5406737e-03
   3.5618123e-03
   1.6747040e-02
   1.4410170e-02
   2.2362117e-02
   2.6477246e-02
   2.5205754e-02
   2.0998405e-02
   2.2760241e-02
   1.5146197e-02
   1.7147930e-02
   1.6886107e-02
   2.0089122e-02
   2.0078067e-02
   1.9606977e-02
   2.0473640e-02
   2.1053232e-02
   1.5305145e-02
   2.5643357e-02
   3.9968619e-02
   1.2161149e-02
   3.9242515e-02
   7.3756117e-02
   5.5226193e-02
   4.2423916e-02
   5.0464935e-02
   4.5311875e-02
   4.6917304e-02
   6.8836272e-02
   5.2911959e-02
   5.6671029e-02
   5.7686757e-02
   4.8466458e-02
   5.6226841e-02
   6.2600128e-02
   7.0450047e-02
   4.6363208e-02
   5.8425434e-02
   7.2006573e-02
   4.5274503e-02
   8.8822925e-03
   8.8082130e-02
   1.1357224e-01
   1.2904717e-01
   1.4836491e-01
   1.1569789e-01
   1.4652712e-01
   1.3560566e-01
   8.5336537e-02
   1.3305003e-01
   1.2831248e-01
   1.4645275e-01
   1.4664601e-01
   1.2021751e-01
   9.6137590e-02
   1.0386840e-01
   1.1321641e-01
   1.5690282e-01
   8.5561124e-02
   1.5753541e-02
   1.1895494e-03
   7.3830890e-02
   1.0605617e-01
   1.0295059e-01
   1.7138076e-01
   1.4008559e-01
   1.3754954e-01
   1.6665450e-01
   2.0918301e-01
   1.9393390e-01
   4.7053505e-02
   4.7548939e-02
   1.1302024e-01
   2.4139845e-01
   1.9247553e-01
   1.7339975e-01
   2.1347297e-01
   1.3867635e-01
   2.0377219e-02
   8.1411548e-04
   0.0000000e+00
   2.6507473e-01
   2.7650879e-01
   1.6719000e-01
   4.6671222e-02
   2.2692554e-02
   1.4870093e-02
   3.1959679e-02
   2.7651477e-01
   2.5383814e-01
   1.2570911e-02
   4.0982417e-04
   1.5245519e-02
   8.0290413e-02
   1.5583764e-01
   3.1439228e-01
   1.7883992e-01
   2.4260380e-02
   8.1514450e-04
   7.7614747e-11
   0.0000000e+00
   7.4494748e-02
   5.9568948e-02
   3.0700808e-02
   4.0424449e-03
   5.3445331e-02
   2.1440456e-01
   5.6090355e-02
   4.2274902e-02
   3.8119413e-02
   1.5055150e-03
   3.6424437e-09
   1.8968767e-05
   1.2779198e-03
   2.8063359e-02
   1.9655602e-01
   9.7486462e-02
   7.4303365e-04
   5.8321722e-07
   0.0000000e+00
   0.0000000e+00
   5.2937496e-06
   1.8599104e-06
   1.0178886e-07
   1.2019463e-09
   9.4340304e-02
   3.7846133e-01
   9.4891164e-02
   8.6446181e-11
   0.0000000e+00
   0.0000000e+00
   0.0000000e+00
   0.0000000e+00
   0.0000000e+00
   1.0264360e-03
   8.5734252e-03
   4.2661713e-03
   3.1065546e-05
   0.0000000e+00
   0.0000000e+00
   0.0000000e+00
   0.0000000e+00
   0.0000000e+00
   0.0000000e+00
   0.0000000e+00
   9.6261742e-03
   3.8616949e-02
   9.6823821e-03
   8.8206838e-12
   0.0000000e+00
   0.0000000e+00
   0.0000000e+00
   0.0000000e+00
   0.0000000e+00
   0.0000000e+00
   0.0000000e+00
   0.0000000e+00
   0.0000000e+00
   0.0000000e+00
   0.0000000e+00
   0.0000000e+00
   0.0000000e+00
   0.0000000e+00
   0.0000000e+00
   0.0000000e+00
   0.0000000e+00
   0.0000000e+00
   0.0000000e+00
   0.0000000e+00
   0.0000000e+00
   0.0000000e+00
   0.0000000e+00
   0.0000000e+00
   0.0000000e+00
   0.0000000e+00
   0.0000000e+00
   0.0000000e+00
   0.0000000e+00
   0.0000000e+00
   0.0000000e+00
   0.0000000e+00
   0.0000000e+00
   0.0000000e+00
   0.0000000e+00
   0.0000000e+00
   0.0000000e+00
   0.0000000e+00
   0.0000000e+00
   0.0000000e+00
   0.0000000e+00
   0.0000000e+00
   0.0000000e+00
   0.0000000e+00
   0.0000000e+00
   0.0000000e+00
   0.0000000e+00
   0.0000000e+00
   0.0000000e+00
   0.0000000e+00
   0.0000000e+00
   0.0000000e+00
   0.0000000e+00
   0.0000000e+00
   0.0000000e+00
   0.0000000e+00
   0.0000000e+00
   0.0000000e+00
   0.0000000e+00
   0.0000000e+00
   0.0000000e+00
   0.0000000e+00
   0.0000000e+00
   0.0000000e+00
   0.0000000e+00
   0.0000000e+00
   0.0000000e+00
   0.0000000e+00
   0.0000000e+00
   0.0000000e+00
   0.0000000e+00
   0.0000000e+00
   0.0000000e+00
   0.0000000e+00
   0.0000000e+00
   0.0000000e+00
   0.0000000e+00
   0.0000000e+00
   0.0000000e+00
   0.0000000e+00
   0.0000000e+00
   0.0000000e+00
   0.0000000e+00
   0.0000000e+00
   0.0000000e+00
   0.0000000e+00
   0.0000000e+00
   0.0000000e+00
   0.0000000e+00
   0.0000000e+00
   0.0000000e+00
   0.0000000e+00
   0.0000000e+00
   0.0000000e+00
   0.0000000e+00
   0.0000000e+00
   0.0000000e+00
   0.0000000e+00
   0.0000000e+00
   0.0000000e+00
   0.0000000e+00
   0.0000000e+00
   0.0000000e+00
   0.0000000e+00
   0.0000000e+00
   0.0000000e+00
   0.0000000e+00
   0.0000000e+00
   0.0000000e+00
   0.0000000e+00
   0.0000000e+00
   0.0000000e+00
   0.0000000e+00
   0.0000000e+00
   0.0000000e+00
   0.0000000e+00
   0.0000000e+00
   0.0000000e+00
   0.0000000e+00
   0.0000000e+00
   0.0000000e+00
   0.0000000e+00
   0.0000000e+00
   0.0000000e+00
   0.0000000e+00
   0.0000000e+00
   0.0000000e+00
   0.0000000e+00
   0.0000000e+00
   0.0000000e+00
   0.0000000e+00
   0.0000000e+00
   0.0000000e+00
   0.0000000e+00
   0.0000000e+00
   0.0000000e+00
   0.0000000e+00
   0.0000000e+00
   0.0000000e+00
   0.0000000e+00
   0.0000000e+00
   0.0000000e+00
   0.0000000e+00
   0.0000000e+00
   0.0000000e+00
   0.0000000e+00
   0.0000000e+00
   0.0000000e+00
   0.0000000e+00
   0.0000000e+00
   0.0000000e+00
   0.0000000e+00
   0.0000000e+00
   0.0000000e+00
   0.0000000e+00
   0.0000000e+00
   0.0000000e+00
   0.0000000e+00
   0.0000000e+00
   0.0000000e+00
   0.0000000e+00
   0.0000000e+00
   0.0000000e+00
   0.0000000e+00
   0.0000000e+00
   0.0000000e+00
   0.0000000e+00
   0.0000000e+00
   0.0000000e+00
   0.0000000e+00
   0.0000000e+00
   0.0000000e+00
   0.0000000e+00
   0.0000000e+00
   0.0000000e+00
   0.0000000e+00
   0.0000000e+00
   0.0000000e+00
   0.0000000e+00
   0.0000000e+00
   0.0000000e+00
   0.0000000e+00
   0.0000000e+00
   0.0000000e+00
   0.0000000e+00
   0.0000000e+00
   0.0000000e+00
   0.0000000e+00
   0.0000000e+00
   0.0000000e+00
   0.0000000e+00
   0.0000000e+00
   0.0000000e+00
   0.0000000e+00
   0.0000000e+00
   0.0000000e+00
   0.0000000e+00
   0.0000000e+00
   0.0000000e+00
   0.0000000e+00
   0.0000000e+00
   0.0000000e+00
   0.0000000e+00
   0.0000000e+00
   0.0000000e+00
   0.0000000e+00
   0.0000000e+00
   0.0000000e+00
   0.0000000e+00
   0.0000000e+00
   0.0000000e+00
   0.0000000e+00
   0.0000000e+00
   0.0000000e+00
   0.0000000e+00
   0.0000000e+00
   0.0000000e+00
   0.0000000e+00
   0.0000000e+00
   0.0000000e+00
   0.0000000e+00
   0.0000000e+00
   0.0000000e+00
   0.0000000e+00
   0.0000000e+00
   0.0000000e+00
   0.0000000e+00
   0.0000000e+00
   0.0000000e+00
   0.0000000e+00
   0.0000000e+00
   0.0000000e+00
