   1.4752729e-03
   3.9024190e-03
   2.6820021e-03
   1.0859900e-03
   1.3729359e-03
   1.4187841e-03
  -2.9889186e-04
  -1.6791181e-04
   2.5649521e-03
   7.8748686e-04
   1.3712537e-03
   2.7260974e-03
   1.0700561e-03
   7.5480756e-04
   3.1347723e-03
   1.9303612e-03
  -1.2479354e-03
  -3.8032041e-03
   1.5429167e-03
   2.0780079e-03
   1.6094944e-02
   1.8613503e-02
   2.3947680e-02
   1.9711398e-02
   1.6469906e-02
   1.7218192e-02
   2.2573098e-02
   1.8458880e-02
   2.4306732e-02
   2.3712326e-02
   2.2999679e-02
   2.1418990e-02
   1.7878585e-02
   1.9601447e-02
   2.7186421e-02
   2.2167436e-02
   1.6747235e-02
   2.3471297e-02
   2.7244289e-02
   6.9461745e-03
   6.5960775e-02
   5.2802596e-02
   4.6008618e-02
   4.4278676e-02
   5.6490127e-02
   6.3787652e-02
   5.7320783e-02
   5.5977205e-02
   4.4774101e-02
   3.6512722e-02
   4.9715314e-02
   5.4604274e-02
   5.2556338e-02
   5.4573397e-02
   5.2731056e-02
   4.3990846e-02
   5.2978948e-02
   7.4723812e-02
   6.4319966e-02
   6.0982587e-03
   4.9258938e-02
   1.3493373e-01
   1.4329796e-01
   1.4078211e-01
   1.2809399e-01
   1.1337856e-01
   1.0300531e-01
   1.3016249e-01
   1.3279452e-01
   1.5370024e-01
   1.2251664e-01
   1.4473494e-01
   1.4545550e-01
   1.2097509e-01
   1.0931428e-01
   1.2189870e-01
   1.4803988e-01
   9.0082312e-02
   3.2102160e-02
   1.9831919e-03
   4.2516291e-03
   8.8527112e-02
   1.9422323e-01
   1.3960218e-01
   1.2161913e-01
   1.9193509e-01
   2.6256773e-01
   1.6873310e-01
   1.5365406e-01
   1.7270757e-01
   1.3890149e-01
   7.4259933e-02
   1.1045961e-01
   2.0966558e-01
   2.0803183e-01
   1.8095870e-01
   1.4267932e-01
   9.1471613e-02
   7.0866921e-03
   1.8015652e-05
   1.2975049e-04
   1.1547319e-01
   2.2609228e-01
   1.4971098e-01
   2.1502124e-01
   1.0798955e-01
   1.3279486e-01
   4.9208946e-02
   1.4403527e-02
   1.4656409e-02
   1.6547319e-02
   3.6601051e-03
   2.3819745e-02
   1.8362836e-01
   2.0072634e-01
   1.2716958e-01
   2.1992481e-02
   1.0545750e-02
   8.2008332e-04
   0.0000000e+00
   6.1398134e-05
   4.8366657e-02
   8.7871700e-02
   5.4828510e-02
   7.8095201e-02
   1.2168236e-02
   1.9005527e-03
   5.2790165e-04
   5.7044958e-06
   0.0000000e+00
   0.0000000e+00
   0.0000000e+00
   2.7749813e-03
   3.5854450e-02
   3.1547457e-02
   1.0992553e-02
   9.1219608e-04
   0.0000000e+00
   0.0000000e+00
   0.0000000e+00
   3.8515507e-07
   3.0311030e-04
   5.4974601e-04
   1.9450914e-04
   1.4692957e-04
   2.0536247e-05
   0.0000000e+00
   0.0000000e+00
   0.0000000e+00
   0.0000000e+00
   0.0000000e+00
   0.0000000e+00
   0.0000000e+00
   0.0000000e+00
   0.0000000e+00
   0.0000000e+00
   0.0000000e+00
   0.0000000e+00
   0.0000000e+00
   0.0000000e+00
   0.0000000e+00
   0.0000000e+00
   0.0000000e+00
   0.0000000e+00
   0.0000000e+00
   0.0000000e+00
   0.0000000e+00
   0.0000000e+00
   0.0000000e+00
   0.0000000e+00
   0.0000000e+00
   0.0000000e+00
   0.0000000e+00
   0.0000000e+00
   0.0000000e+00
   0.0000000e+00
   0.0000000e+00
   0.0000000e+00
   0.0000000e+00
   0.0000000e+00
   0.0000000e+00
   0.0000000e+00
   0.0000000e+00
   0.0000000e+00
   0.0000000e+00
   0.0000000e+00
   0.0000000e+00
   0.0000000e+00
   0.0000000e+00
   0.0000000e+00
   0.0000000e+00
   0.0000000e+00
   0.0000000e+00
   0.0000000e+00
   0.0000000e+00
   0.0000000e+00
   0.0000000e+00
   0.0000000e+00
   0.0000000e+00
   0.0000000e+00
   0.0000000e+00
   0.0000000e+00
   0.0000000e+00
   0.0000000e+00
   0.0000000e+00
   0.0000000e+00
   0.0000000e+00
   0.0000000e+00
   0.0000000e+00
   0.0000000e+00
   0.0000000e+00
   0.0000000e+00
   0.0000000e+00
   0.0000000e+00
   0.0000000e+00
   0.0000000e+00
   0.0000000e+00
   0.0000000e+00
   0.0000000e+00
   0.0000000e+00
   0.0000000e+00
   0.0000000e+00
   0.0000000e+00
   0.0000000e+00
   0.0000000e+00
   0.0000000e+00
   0.0000000e+00
   0.0000000e+00
   0.0000000e+00
   0.0000000e+00
   0.0000000e+00
   0.0000000e+00
   0.0000000e+00
   0.0000000e+00
   0.0000000e+00
   0.0000000e+00
   0.0000000e+00
   0.0000000e+00
   0.0000000e+00
   0.0000000e+00
   0.0000000e+00
   0.0000000e+00
   0.0000000e+00
   0.0000000e+00
   0.0000000e+00
   0.0000000e+00
   0.0000000e+00
   0.0000000e+00
   0.0000000e+00
   0.0000000e+00
   0.0000000e+00
   0.0000000e+00
   0.0000000e+00
   0.0000000e+00
   0.0000000e+00
   0.0000000e+00
   0.0000000e+00
   0.0000000e+00
   0.0000000e+00
   0.0000000e+00
   0.0000000e+00
   0.0000000e+00
   0.0000000e+00
   0.0000000e+00
   0.0000000e+00
   0.0000000e+00
   0.0000000e+00
   0.0000000e+00
   0.0000000e+00
   0.0000000e+00
   0.0000000e+00
   0.0000000e+00
   0.0000000e+00
   0.0000000e+00
   0.0000000e+00
   0.0000000e+00
   0.0000000e+00
   0.0000000e+00
   0.0000000e+00
   0.0000000e+00
   0.0000000e+00
   0.0000000e+00
   0.0000000e+00
   0.0000000e+00
   0.0000000e+00
   0.0000000e+00
   0.0000000e+00
   0.0000000e+00
   0.0000000e+00
   0.0000000e+00
   0.0000000e+00
   0.0000000e+00
   0.0000000e+00
   0.0000000e+00
   0.0000000e+00
   0.0000000e+00
   0.0000000e+00
   0.0000000e+00
   0.0000000e+00
   0.0000000e+00
   0.0000000e+00
   0.0000000e+00
   0.0000000e+00
   0.0000000e+00
   0.0000000e+00
   0.0000000e+00
   0.0000000e+00
   0.0000000e+00
   0.0000000e+00
   0.0000000e+00
   0.0000000e+00
   0.0000000e+00
   0.0000000e+00
   0.0000000e+00
   0.0000000e+00
   0.0000000e+00
   0.0000000e+00
   0.0000000e+00
   0.0000000e+00
   0.0000000e+00
   0.0000000e+00
   0.0000000e+00
   0.0000000e+00
   0.0000000e+00
   0.0000000e+00
   0.0000000e+00
   0.0000000e+00
   0.0000000e+00
   0.0000000e+00
   0.0000000e+00
   0.0000000e+00
   0.0000000e+00
   0.0000000e+00
   0.0000000e+00
   0.0000000e+00
   0.0000000e+00
   0.0000000e+00
   0.0000000e+00
   0.0000000e+00
   0.0000000e+00
   0.0000000e+00
   0.0000000e+00
   0.0000000e+00
   0.0000000e+00
   0.0000000e+00
   0.0000000e+00
   0.0000000e+00
   0.0000000e+00
   0.0000000e+00
   0.0000000e+00
   0.0000000e+00
   0.0000000e+00
   0.0000000e+00
   0.0000000e+00
   0.0000000e+00
   0.0000000e+00
   0.0000000e+00
   0.0000000e+00
   0.0000000e+00
   0.0000000e+00
   0.0000000e+00
   0.0000000e+00
   0.0000000e+00
   0.0000000e+00
   0.0000000e+00
   0.0000000e+00
   0.0000000e+00
   0.0000000e+00
   0.0000000e+00
   0.0000000e+00
   0.0000000e+00
   0.0000000e+00
   0.0000000e+00
   0.0000000e+00
   0.0000000e+00
   0.0000000e+00
   0.0000000e+00
   0.0000000e+00
   0.0000000e+00
   0.0000000e+00
   0.0000000e+00
   0.0000000e+00
   0.0000000e+00
   0.0000000e+00
   0.0000000e+00
   0.0000000e+00
   0.0000000e+00
   0.0000000e+00
   0.0000000e+00
   0.0000000e+00
   0.0000000e+00
   0.0000000e+00
   0.0000000e+00
   0.0000000e+00
   0.0000000e+00
   0.0000000e+00
   0.0000000e+00
   0.0000000e+00
   0.0000000e+00
   0.0000000e+00
