   2.1261006e-03
   1.8623605e-03
   1.4789952e-03
   5.5915275e-04
   2.1567638e-03
   4.5136665e-03
   2.2384215e-03
   2.0251697e-03
   4.1528675e-03
   1.0984058e-03
   2.8953652e-04
  -6.1342840e-04
  -9.6834268e-04
   9.5551785e-04
  -4.6449896e-05
   7.5998215e-04
  -6.5109224e-04
   9.3885293e-04
   6.9928575e-04
   1.7388111e-08
   3.6094568e-02
   2.2062618e-02
   2.0941639e-02
   1.5437651e-02
   1.5963833e-02
   2.0731206e-02
   1.9650505e-02
   1.7459151e-02
   1.2057571e-02
   1.8685770e-02
   1.6908729e-02
   2.3874282e-02
   2.3386881e-02
   2.5167999e-02
   2.4207244e-02
   2.1305966e-02
   1.6527723e-02
   2.4738995e-02
   1.3041804e-02
   1.9303211e-04
   3.6279005e-02
   5.1182042e-02
   4.6766394e-02
   7.0426134e-02
   5.9584728e-02
   4.0004873e-02
   4.0991115e-02
   4.9369271e-02
   5.0791972e-02
   7.0774404e-02
   6.2908486e-02
   4.1006965e-02
   5.0157043e-02
   6.0041087e-02
   4.3274629e-02
   4.5721965e-02
   6.7883972e-02
   9.0857756e-02
   3.4510220e-02
   4.3540288e-04
   2.2537246e-02
   1.0999192e-01
   1.2034378e-01
   1.1666713e-01
   1.2168511e-01
   1.6789333e-01
   1.2191036e-01
   1.5625187e-01
   1.5926970e-01
   7.0411217e-02
   1.3527976e-01
   1.5731642e-01
   1.1309204e-01
   1.1367877e-01
   1.2764628e-01
   1.2989106e-01
   1.1244796e-01
   7.3206889e-02
   1.6872578e-02
   1.2131251e-04
   1.2810951e-01
   2.7580866e-01
   1.9439780e-01
   5.2018023e-02
   4.6490290e-02
   1.9106701e-01
   1.2843835e-01
   6.4123178e-02
   5.5562535e-02
   9.7965462e-03
   7.7405625e-02
   1.8092927e-01
   1.9236814e-01
   2.2077188e-01
   1.4834954e-01
   1.9262440e-01
   2.5396155e-01
   6.9008296e-02
   1.0287051e-03
   0.0000000e+00
   1.0450695e-01
   1.7174745e-01
   9.9638524e-02
   1.5650613e-01
   3.9856667e-02
   2.0895908e-02
   1.6555682e-02
   1.0175460e-03
   3.4109675e-04
   5.5656145e-05
   5.0142082e-03
   2.0183272e-02
   1.0991561e-01
   2.4846450e-01
   6.1047857e-02
   5.9550352e-02
   1.0862362e-01
   2.4743928e-02
   2.0203155e-04
   0.0000000e+00
   4.0462407e-03
   7.0918153e-03
   7.0606836e-02
   2.8411931e-01
   7.3108997e-02
   6.4985156e-08
   0.0000000e+00
   0.0000000e+00
   0.0000000e+00
   0.0000000e+00
   0.0000000e+00
   7.1757922e-03
   2.0363560e-01
   2.4331704e-01
   1.8243307e-02
   8.7005429e-04
   1.2201685e-03
   1.0325393e-04
   1.8148008e-07
   0.0000000e+00
   0.0000000e+00
   0.0000000e+00
   7.8653967e-03
   3.2391428e-02
   8.3371468e-03
   7.4107265e-09
   0.0000000e+00
   0.0000000e+00
   0.0000000e+00
   0.0000000e+00
   0.0000000e+00
   5.7981408e-03
   1.5930335e-01
   1.7520846e-01
   8.9881967e-03
   0.0000000e+00
   0.0000000e+00
   0.0000000e+00
   0.0000000e+00
   0.0000000e+00
   0.0000000e+00
   0.0000000e+00
   0.0000000e+00
   0.0000000e+00
   0.0000000e+00
   0.0000000e+00
   0.0000000e+00
   0.0000000e+00
   0.0000000e+00
   0.0000000e+00
   0.0000000e+00
   1.6748274e-04
   4.6015720e-03
   5.0610005e-03
   2.5962940e-04
   0.0000000e+00
   0.0000000e+00
   0.0000000e+00
   0.0000000e+00
   0.0000000e+00
   0.0000000e+00
   0.0000000e+00
   0.0000000e+00
   0.0000000e+00
   0.0000000e+00
   0.0000000e+00
   0.0000000e+00
   0.0000000e+00
   0.0000000e+00
   0.0000000e+00
   0.0000000e+00
   0.0000000e+00
   0.0000000e+00
   0.0000000e+00
   0.0000000e+00
   0.0000000e+00
   0.0000000e+00
   0.0000000e+00
   0.0000000e+00
   0.0000000e+00
   0.0000000e+00
   0.0000000e+00
   0.0000000e+00
   0.0000000e+00
   0.0000000e+00
   0.0000000e+00
   0.0000000e+00
   0.0000000e+00
   0.0000000e+00
   0.0000000e+00
   0.0000000e+00
   0.0000000e+00
   0.0000000e+00
   0.0000000e+00
   0.0000000e+00
   0.0000000e+00
   0.0000000e+00
   0.0000000e+00
   0.0000000e+00
   0.0000000e+00
   0.0000000e+00
   0.0000000e+00
   0.0000000e+00
   0.0000000e+00
   0.0000000e+00
   0.0000000e+00
   0.0000000e+00
   0.0000000e+00
   0.0000000e+00
   0.0000000e+00
   0.0000000e+00
   0.0000000e+00
   0.0000000e+00
   0.0000000e+00
   0.0000000e+00
   0.0000000e+00
   0.0000000e+00
   0.0000000e+00
   0.0000000e+00
   0.0000000e+00
   0.0000000e+00
   0.0000000e+00
   0.0000000e+00
   0.0000000e+00
   0.0000000e+00
   0.0000000e+00
   0.0000000e+00
   0.0000000e+00
   0.0000000e+00
   0.0000000e+00
   0.0000000e+00
   0.0000000e+00
   0.0000000e+00
   0.0000000e+00
   0.0000000e+00
   0.0000000e+00
   0.0000000e+00
   0.0000000e+00
   0.0000000e+00
   0.0000000e+00
   0.0000000e+00
   0.0000000e+00
   0.0000000e+00
   0.0000000e+00
   0.0000000e+00
   0.0000000e+00
   0.0000000e+00
   0.0000000e+00
   0.0000000e+00
   0.0000000e+00
   0.0000000e+00
   0.0000000e+00
   0.0000000e+00
   0.0000000e+00
   0.0000000e+00
   0.0000000e+00
   0.0000000e+00
   0.0000000e+00
   0.0000000e+00
   0.0000000e+00
   0.0000000e+00
   0.0000000e+00
   0.0000000e+00
   0.0000000e+00
   0.0000000e+00
   0.0000000e+00
   0.0000000e+00
   0.0000000e+00
   0.0000000e+00
   0.0000000e+00
   0.0000000e+00
   0.0000000e+00
   0.0000000e+00
   0.0000000e+00
   0.0000000e+00
   0.0000000e+00
   0.0000000e+00
   0.0000000e+00
   0.0000000e+00
   0.0000000e+00
   0.0000000e+00
   0.0000000e+00
   0.0000000e+00
   0.0000000e+00
   0.0000000e+00
   0.0000000e+00
   0.0000000e+00
   0.0000000e+00
   0.0000000e+00
   0.0000000e+00
   0.0000000e+00
   0.0000000e+00
   0.0000000e+00
   0.0000000e+00
   0.0000000e+00
   0.0000000e+00
   0.0000000e+00
   0.0000000e+00
   0.0000000e+00
   0.0000000e+00
   0.0000000e+00
   0.0000000e+00
   0.0000000e+00
   0.0000000e+00
   0.0000000e+00
   0.0000000e+00
   0.0000000e+00
   0.0000000e+00
   0.0000000e+00
   0.0000000e+00
   0.0000000e+00
   0.0000000e+00
   0.0000000e+00
   0.0000000e+00
   0.0000000e+00
   0.0000000e+00
   0.0000000e+00
   0.0000000e+00
   0.0000000e+00
   0.0000000e+00
   0.0000000e+00
   0.0000000e+00
   0.0000000e+00
   0.0000000e+00
   0.0000000e+00
   0.0000000e+00
   0.0000000e+00
   0.0000000e+00
   0.0000000e+00
   0.0000000e+00
   0.0000000e+00
   0.0000000e+00
   0.0000000e+00
   0.0000000e+00
   0.0000000e+00
   0.0000000e+00
   0.0000000e+00
   0.0000000e+00
   0.0000000e+00
   0.0000000e+00
   0.0000000e+00
   0.0000000e+00
   0.0000000e+00
   0.0000000e+00
   0.0000000e+00
   0.0000000e+00
   0.0000000e+00
   0.0000000e+00
   0.0000000e+00
   0.0000000e+00
   0.0000000e+00
   0.0000000e+00
   0.0000000e+00
   0.0000000e+00
   0.0000000e+00
   0.0000000e+00
   0.0000000e+00
   0.0000000e+00
   0.0000000e+00
   0.0000000e+00
   0.0000000e+00
   0.0000000e+00
   0.0000000e+00
   0.0000000e+00
   0.0000000e+00
   0.0000000e+00
   0.0000000e+00
   0.0000000e+00
   0.0000000e+00
   0.0000000e+00
   0.0000000e+00
   0.0000000e+00
   0.0000000e+00
   0.0000000e+00
   0.0000000e+00
   0.0000000e+00
   0.0000000e+00
   0.0000000e+00
   0.0000000e+00
   0.0000000e+00
