   2.2725014e-03
  -2.2559769e-03
   1.5551511e-03
   3.1293977e-03
  -2.8104305e-03
   2.1977619e-03
   4.2413439e-06
  -4.0099889e-03
   5.1193577e-03
  -1.4460151e-02
   1.5117139e-03
  -9.4558607e-04
   4.0688976e-04
  -3.8031532e-04
   3.3069781e-04
  -3.5104312e-04
  -4.3743579e-04
   4.2109864e-03
  -9.3042255e-03
   4.5382354e-03
   1.5442442e-02
   2.7645487e-02
   1.3491432e-02
   1.7814182e-02
   2.2246383e-02
   1.4827828e-02
   2.1849266e-02
   1.9253656e-02
   1.7582159e-02
   2.8113734e-02
   1.7617489e-02
   2.2683034e-02
   1.8476189e-02
   2.1223072e-02
   1.7505876e-02
   2.2143940e-02
   2.0679176e-02
   4.6749669e-03
   4.5336230e-02
   1.0049522e-02
   6.4578313e-02
   4.6321628e-02
   6.6786133e-02
   6.3172911e-02
   5.2874852e-02
   6.8209516e-02
   5.4316393e-02
   6.0751840e-02
   6.0713130e-02
   4.6708744e-02
   6.2555502e-02
   5.1871937e-02
   6.1589176e-02
   5.5007226e-02
   6.4687274e-02
   5.1454173e-02
   6.1262601e-02
   6.6534809e-02
   5.5128349e-02
   9.4195144e-03
   1.1917311e-01
   1.2500616e-01
   1.1518333e-01
   1.0618073e-01
   1.3004011e-01
   1.0102612e-01
   1.2609144e-01
   1.1229604e-01
   1.1867124e-01
   1.3000451e-01
   1.1485481e-01
   1.2624644e-01
   1.1355562e-01
   1.2367064e-01
   1.0719018e-01
   1.3017205e-01
   1.1165460e-01
   1.2180403e-01
   1.1292947e-02
   1.0288725e-03
   7.8316997e-02
   2.0875167e-01
   1.3405977e-01
   2.4073717e-01
   1.2289171e-01
   2.2375131e-01
   1.5027615e-01
   1.9668361e-01
   1.4915046e-01
   1.5961587e-01
   1.8033210e-01
   1.5867280e-01
   1.8511238e-01
   1.6232908e-01
   2.0235490e-01
   1.4933608e-01
   1.7689740e-01
   2.0380679e-01
   1.9090379e-03
   0.0000000e+00
   3.8509505e-02
   3.0846465e-01
   2.2829420e-01
   7.3919829e-02
   2.6074197e-02
   2.4872665e-01
   2.4746583e-01
   2.8278578e-01
   1.0286940e-01
   4.0493594e-03
   1.9221800e-01
   3.2286561e-01
   2.2132125e-01
   2.7340279e-01
   1.7808943e-01
   3.5575047e-01
   2.3234728e-01
   6.4548330e-02
   2.5848123e-04
   0.0000000e+00
   2.1196437e-03
   1.7362795e-02
   1.1776174e-02
   1.4648173e-03
   7.2739670e-04
   1.3930078e-02
   1.4648555e-02
   8.4103802e-03
   2.7569220e-03
   4.7340926e-04
   2.8951458e-02
   4.4960065e-02
   1.2280128e-02
   1.3039020e-02
   1.2135483e-01
   3.0302724e-01
   5.8205165e-02
   2.0993074e-03
   0.0000000e+00
   0.0000000e+00
   0.0000000e+00
   0.0000000e+00
   0.0000000e+00
   0.0000000e+00
   0.0000000e+00
   0.0000000e+00
   0.0000000e+00
   0.0000000e+00
   0.0000000e+00
   0.0000000e+00
   0.0000000e+00
   0.0000000e+00
   0.0000000e+00
   1.0313217e-05
   3.7710991e-03
   9.3706424e-03
   1.4308268e-03
   0.0000000e+00
   0.0000000e+00
   0.0000000e+00
   0.0000000e+00
   0.0000000e+00
   0.0000000e+00
   0.0000000e+00
   0.0000000e+00
   0.0000000e+00
   0.0000000e+00
   0.0000000e+00
   0.0000000e+00
   0.0000000e+00
   0.0000000e+00
   0.0000000e+00
   0.0000000e+00
   0.0000000e+00
   0.0000000e+00
   0.0000000e+00
   0.0000000e+00
   0.0000000e+00
   0.0000000e+00
   0.0000000e+00
   0.0000000e+00
   0.0000000e+00
   0.0000000e+00
   0.0000000e+00
   0.0000000e+00
   0.0000000e+00
   0.0000000e+00
   0.0000000e+00
   0.0000000e+00
   0.0000000e+00
   0.0000000e+00
   0.0000000e+00
   0.0000000e+00
   0.0000000e+00
   0.0000000e+00
   0.0000000e+00
   0.0000000e+00
   0.0000000e+00
   0.0000000e+00
   0.0000000e+00
   0.0000000e+00
   0.0000000e+00
   0.0000000e+00
   0.0000000e+00
   0.0000000e+00
   0.0000000e+00
   0.0000000e+00
   0.0000000e+00
   0.0000000e+00
   0.0000000e+00
   0.0000000e+00
   0.0000000e+00
   0.0000000e+00
   0.0000000e+00
   0.0000000e+00
   0.0000000e+00
   0.0000000e+00
   0.0000000e+00
   0.0000000e+00
   0.0000000e+00
   0.0000000e+00
   0.0000000e+00
   0.0000000e+00
   0.0000000e+00
   0.0000000e+00
   0.0000000e+00
   0.0000000e+00
   0.0000000e+00
   0.0000000e+00
   0.0000000e+00
   0.0000000e+00
   0.0000000e+00
   0.0000000e+00
   0.0000000e+00
   0.0000000e+00
   0.0000000e+00
   0.0000000e+00
   0.0000000e+00
   0.0000000e+00
   0.0000000e+00
   0.0000000e+00
   0.0000000e+00
   0.0000000e+00
   0.0000000e+00
   0.0000000e+00
   0.0000000e+00
   0.0000000e+00
   0.0000000e+00
   0.0000000e+00
   0.0000000e+00
   0.0000000e+00
   0.0000000e+00
   0.0000000e+00
   0.0000000e+00
   0.0000000e+00
   0.0000000e+00
   0.0000000e+00
   0.0000000e+00
   0.0000000e+00
   0.0000000e+00
   0.0000000e+00
   0.0000000e+00
   0.0000000e+00
   0.0000000e+00
   0.0000000e+00
   0.0000000e+00
   0.0000000e+00
   0.0000000e+00
   0.0000000e+00
   0.0000000e+00
   0.0000000e+00
   0.0000000e+00
   0.0000000e+00
   0.0000000e+00
   0.0000000e+00
   0.0000000e+00
   0.0000000e+00
   0.0000000e+00
   0.0000000e+00
   0.0000000e+00
   0.0000000e+00
   0.0000000e+00
   0.0000000e+00
   0.0000000e+00
   0.0000000e+00
   0.0000000e+00
   0.0000000e+00
   0.0000000e+00
   0.0000000e+00
   0.0000000e+00
   0.0000000e+00
   0.0000000e+00
   0.0000000e+00
   0.0000000e+00
   0.0000000e+00
   0.0000000e+00
   0.0000000e+00
   0.0000000e+00
   0.0000000e+00
   0.0000000e+00
   0.0000000e+00
   0.0000000e+00
   0.0000000e+00
   0.0000000e+00
   0.0000000e+00
   0.0000000e+00
   0.0000000e+00
   0.0000000e+00
   0.0000000e+00
   0.0000000e+00
   0.0000000e+00
   0.0000000e+00
   0.0000000e+00
   0.0000000e+00
   0.0000000e+00
   0.0000000e+00
   0.0000000e+00
   0.0000000e+00
   0.0000000e+00
   0.0000000e+00
   0.0000000e+00
   0.0000000e+00
   0.0000000e+00
   0.0000000e+00
   0.0000000e+00
   0.0000000e+00
   0.0000000e+00
   0.0000000e+00
   0.0000000e+00
   0.0000000e+00
   0.0000000e+00
   0.0000000e+00
   0.0000000e+00
   0.0000000e+00
   0.0000000e+00
   0.0000000e+00
   0.0000000e+00
   0.0000000e+00
   0.0000000e+00
   0.0000000e+00
   0.0000000e+00
   0.0000000e+00
   0.0000000e+00
   0.0000000e+00
   0.0000000e+00
   0.0000000e+00
   0.0000000e+00
   0.0000000e+00
   0.0000000e+00
   0.0000000e+00
   0.0000000e+00
   0.0000000e+00
   0.0000000e+00
   0.0000000e+00
   0.0000000e+00
   0.0000000e+00
   0.0000000e+00
   0.0000000e+00
   0.0000000e+00
   0.0000000e+00
   0.0000000e+00
   0.0000000e+00
   0.0000000e+00
   0.0000000e+00
   0.0000000e+00
   0.0000000e+00
   0.0000000e+00
   0.0000000e+00
   0.0000000e+00
   0.0000000e+00
   0.0000000e+00
   0.0000000e+00
   0.0000000e+00
   0.0000000e+00
   0.0000000e+00
   0.0000000e+00
   0.0000000e+00
   0.0000000e+00
   0.0000000e+00
   0.0000000e+00
   0.0000000e+00
   0.0000000e+00
   0.0000000e+00
   0.0000000e+00
   0.0000000e+00
   0.0000000e+00
   0.0000000e+00
   0.0000000e+00
   0.0000000e+00
   0.0000000e+00
   0.0000000e+00
   0.0000000e+00
   0.0000000e+00
   0.0000000e+00
   0.0000000e+00
   0.0000000e+00
   0.0000000e+00
   0.0000000e+00
   0.0000000e+00
   0.0000000e+00
