  -1.2010610e-03
   4.6580459e-03
  -3.9108383e-03
   4.5723922e-03
  -9.6999949e-03
   3.2821345e-03
  -1.7728901e-03
  -2.5782225e-03
   1.5177211e-03
  -2.8762131e-03
   2.8395185e-03
  -3.0810921e-03
  -3.3567040e-03
   2.3722528e-04
  -1.5089319e-02
   1.6101968e-03
   1.7348783e-04
   6.7661040e-04
  -2.7065158e-03
   9.7179976e-03
   1.8769384e-02
   1.5179422e-02
   1.7392317e-02
   1.6196094e-02
   2.5546815e-02
   1.7934846e-02
   2.0332952e-02
   2.4388106e-02
   1.6132280e-02
   2.5558786e-02
   1.3963070e-02
   2.7278080e-02
   1.9800234e-02
   2.3318739e-02
   2.6948637e-02
   2.0092489e-02
   1.5289093e-02
   2.2447417e-02
   1.9218821e-02
   2.2508570e-02
   6.3493867e-02
   6.5793495e-02
   7.9118487e-02
   5.6653755e-02
   5.5765769e-02
   5.9768042e-02
   5.8449487e-02
   5.0816304e-02
   6.4901275e-02
   4.7903256e-02
   7.0043638e-02
   4.2124978e-02
   6.8252971e-02
   4.0284069e-02
   6.3159672e-02
   5.3748304e-02
   7.0986825e-02
   4.8921984e-02
   6.9409273e-02
   6.5435514e-03
   9.4364899e-02
   1.0908895e-01
   9.8029913e-02
   1.2138216e-01
   1.1846403e-01
   1.1721907e-01
   1.1805594e-01
   1.2482791e-01
   1.1066752e-01
   1.3231108e-01
   1.0294136e-01
   1.3943520e-01
   1.0536190e-01
   1.4129752e-01
   1.1107150e-01
   1.2300188e-01
   1.0350239e-01
   1.2523436e-01
   1.2932911e-01
   1.2274877e-03
   2.6907842e-01
   1.8936522e-01
   2.4359916e-01
   1.4932083e-01
   1.8846961e-01
   1.7646349e-01
   1.7291099e-01
   1.6995801e-01
   1.7757690e-01
   1.6081010e-01
   1.9175829e-01
   1.5766266e-01
   1.7123134e-01
   1.4890075e-01
   1.8357798e-01
   1.6835005e-01
   2.2235463e-01
   1.5921128e-01
   1.8905328e-02
   9.2859576e-05
   8.7065704e-02
   7.2134999e-02
   1.3841824e-01
   1.0865080e-01
   9.2684913e-03
   8.9318783e-03
   2.8857814e-01
   2.3318020e-01
   2.9039564e-01
   2.3607950e-01
   2.7324453e-01
   2.4197076e-01
   3.2590696e-01
   1.8781760e-01
   3.8068804e-01
   1.7281742e-01
   4.6363176e-02
   2.4304111e-02
   7.6355736e-04
   0.0000000e+00
   6.0640286e-05
   1.0481568e-02
   3.2711490e-01
   4.6819313e-01
   3.5518933e-02
   3.9598213e-04
   2.4823408e-02
   3.8346785e-02
   2.4544848e-01
   2.6217102e-01
   8.8374830e-02
   1.2834132e-01
   8.9342888e-02
   2.1120320e-01
   2.9632998e-01
   3.3546500e-02
   9.6748475e-04
   0.0000000e+00
   0.0000000e+00
   0.0000000e+00
   0.0000000e+00
   5.1363698e-03
   1.6129140e-01
   2.3086861e-01
   1.7514879e-02
   0.0000000e+00
   0.0000000e+00
   1.1208182e-04
   2.4893556e-03
   2.4068781e-03
   9.4005258e-05
   0.0000000e+00
   2.1286536e-04
   9.1390244e-03
   1.2397365e-02
   8.8358749e-04
   0.0000000e+00
   0.0000000e+00
   0.0000000e+00
   0.0000000e+00
   0.0000000e+00
   3.6125490e-05
   1.1344064e-03
   1.6237619e-03
   1.2318693e-04
   0.0000000e+00
   0.0000000e+00
   0.0000000e+00
   0.0000000e+00
   0.0000000e+00
   0.0000000e+00
   0.0000000e+00
   0.0000000e+00
   0.0000000e+00
   0.0000000e+00
   0.0000000e+00
   0.0000000e+00
   0.0000000e+00
   0.0000000e+00
   0.0000000e+00
   0.0000000e+00
   0.0000000e+00
   0.0000000e+00
   0.0000000e+00
   0.0000000e+00
   0.0000000e+00
   0.0000000e+00
   0.0000000e+00
   0.0000000e+00
   0.0000000e+00
   0.0000000e+00
   0.0000000e+00
   0.0000000e+00
   0.0000000e+00
   0.0000000e+00
   0.0000000e+00
   0.0000000e+00
   0.0000000e+00
   0.0000000e+00
   0.0000000e+00
   0.0000000e+00
   0.0000000e+00
   0.0000000e+00
   0.0000000e+00
   0.0000000e+00
   0.0000000e+00
   0.0000000e+00
   0.0000000e+00
   0.0000000e+00
   0.0000000e+00
   0.0000000e+00
   0.0000000e+00
   0.0000000e+00
   0.0000000e+00
   0.0000000e+00
   0.0000000e+00
   0.0000000e+00
   0.0000000e+00
   0.0000000e+00
   0.0000000e+00
   0.0000000e+00
   0.0000000e+00
   0.0000000e+00
   0.0000000e+00
   0.0000000e+00
   0.0000000e+00
   0.0000000e+00
   0.0000000e+00
   0.0000000e+00
   0.0000000e+00
   0.0000000e+00
   0.0000000e+00
   0.0000000e+00
   0.0000000e+00
   0.0000000e+00
   0.0000000e+00
   0.0000000e+00
   0.0000000e+00
   0.0000000e+00
   0.0000000e+00
   0.0000000e+00
   0.0000000e+00
   0.0000000e+00
   0.0000000e+00
   0.0000000e+00
   0.0000000e+00
   0.0000000e+00
   0.0000000e+00
   0.0000000e+00
   0.0000000e+00
   0.0000000e+00
   0.0000000e+00
   0.0000000e+00
   0.0000000e+00
   0.0000000e+00
   0.0000000e+00
   0.0000000e+00
   0.0000000e+00
   0.0000000e+00
   0.0000000e+00
   0.0000000e+00
   0.0000000e+00
   0.0000000e+00
   0.0000000e+00
   0.0000000e+00
   0.0000000e+00
   0.0000000e+00
   0.0000000e+00
   0.0000000e+00
   0.0000000e+00
   0.0000000e+00
   0.0000000e+00
   0.0000000e+00
   0.0000000e+00
   0.0000000e+00
   0.0000000e+00
   0.0000000e+00
   0.0000000e+00
   0.0000000e+00
   0.0000000e+00
   0.0000000e+00
   0.0000000e+00
   0.0000000e+00
   0.0000000e+00
   0.0000000e+00
   0.0000000e+00
   0.0000000e+00
   0.0000000e+00
   0.0000000e+00
   0.0000000e+00
   0.0000000e+00
   0.0000000e+00
   0.0000000e+00
   0.0000000e+00
   0.0000000e+00
   0.0000000e+00
   0.0000000e+00
   0.0000000e+00
   0.0000000e+00
   0.0000000e+00
   0.0000000e+00
   0.0000000e+00
   0.0000000e+00
   0.0000000e+00
   0.0000000e+00
   0.0000000e+00
   0.0000000e+00
   0.0000000e+00
   0.0000000e+00
   0.0000000e+00
   0.0000000e+00
   0.0000000e+00
   0.0000000e+00
   0.0000000e+00
   0.0000000e+00
   0.0000000e+00
   0.0000000e+00
   0.0000000e+00
   0.0000000e+00
   0.0000000e+00
   0.0000000e+00
   0.0000000e+00
   0.0000000e+00
   0.0000000e+00
   0.0000000e+00
   0.0000000e+00
   0.0000000e+00
   0.0000000e+00
   0.0000000e+00
   0.0000000e+00
   0.0000000e+00
   0.0000000e+00
   0.0000000e+00
   0.0000000e+00
   0.0000000e+00
   0.0000000e+00
   0.0000000e+00
   0.0000000e+00
   0.0000000e+00
   0.0000000e+00
   0.0000000e+00
   0.0000000e+00
   0.0000000e+00
   0.0000000e+00
   0.0000000e+00
   0.0000000e+00
   0.0000000e+00
   0.0000000e+00
   0.0000000e+00
   0.0000000e+00
   0.0000000e+00
   0.0000000e+00
   0.0000000e+00
   0.0000000e+00
   0.0000000e+00
   0.0000000e+00
   0.0000000e+00
   0.0000000e+00
   0.0000000e+00
   0.0000000e+00
   0.0000000e+00
   0.0000000e+00
   0.0000000e+00
   0.0000000e+00
   0.0000000e+00
   0.0000000e+00
   0.0000000e+00
   0.0000000e+00
   0.0000000e+00
   0.0000000e+00
   0.0000000e+00
   0.0000000e+00
   0.0000000e+00
   0.0000000e+00
   0.0000000e+00
   0.0000000e+00
   0.0000000e+00
   0.0000000e+00
   0.0000000e+00
   0.0000000e+00
   0.0000000e+00
   0.0000000e+00
   0.0000000e+00
   0.0000000e+00
   0.0000000e+00
   0.0000000e+00
   0.0000000e+00
   0.0000000e+00
   0.0000000e+00
   0.0000000e+00
   0.0000000e+00
   0.0000000e+00
   0.0000000e+00
   0.0000000e+00
   0.0000000e+00
   0.0000000e+00
   0.0000000e+00
   0.0000000e+00
   0.0000000e+00
   0.0000000e+00
