   3.0054675e-03
  -2.5626375e-03
   4.6988253e-03
  -4.0339815e-03
   3.8189065e-03
  -2.3005588e-03
   2.0848654e-03
   1.0951912e-03
  -3.1946078e-03
   3.8624264e-03
   8.9800314e-04
  -1.0125087e-03
   1.6406269e-03
   2.7524270e-03
   2.7869433e-03
  -2.3788034e-03
  -5.4380396e-03
   1.9188212e-03
  -1.0600139e-03
   5.5088799e-03
   4.1423959e-02
   1.5199738e-02
   1.6595874e-02
   2.6376301e-02
   1.0927511e-02
   2.7141697e-02
   8.9353782e-03
   1.8606183e-02
   2.3599297e-02
   1.4138693e-02
   1.8152248e-02
   2.1502424e-02
   1.5795124e-02
   1.6570720e-02
   1.6076214e-02
   2.4563115e-02
   2.9853948e-02
   1.7726093e-02
   1.7813505e-02
   1.1186159e-02
   2.8851846e-02
   6.9067846e-02
   6.0649735e-02
   5.0623857e-02
   6.6052632e-02
   5.1428015e-02
   6.5812611e-02
   6.4418666e-02
   4.9942727e-02
   7.0288783e-02
   5.7968442e-02
   5.6627728e-02
   6.6003376e-02
   6.1889516e-02
   6.5291900e-02
   4.7696964e-02
   5.8579926e-02
   4.2112963e-02
   9.4373844e-02
   2.6078942e-02
   1.3698624e-02
   1.0415314e-01
   1.1669827e-01
   1.2656037e-01
   1.1018303e-01
   1.2455639e-01
   1.1698746e-01
   9.9983921e-02
   1.3650109e-01
   9.3523280e-02
   1.2252529e-01
   1.2002542e-01
   1.0455155e-01
   1.1114358e-01
   1.1078430e-01
   1.2899605e-01
   1.1278577e-01
   1.4882767e-01
   5.7721933e-02
   8.4378037e-03
   3.5440691e-02
   2.4383849e-01
   1.6266682e-01
   1.6422770e-01
   1.8792048e-01
   1.6242810e-01
   1.7757722e-01
   2.2674077e-01
   1.1969030e-01
   2.3211013e-01
   1.6019919e-01
   1.8101367e-01
   1.8011473e-01
   2.2234615e-01
   1.8100156e-01
   1.6180797e-01
   1.7557676e-01
   1.4590667e-01
   6.2144867e-03
   1.2445562e-06
   1.7305450e-02
   1.5102946e-01
   1.9664496e-01
   3.2315770e-01
   1.6682312e-01
   3.4361736e-01
   1.9226707e-01
   1.1628298e-01
   2.7517274e-02
   1.0939495e-01
   2.9694188e-01
   2.2144267e-01
   2.1638128e-01
   2.1146386e-01
   1.7990613e-01
   3.3965235e-01
   2.3478368e-01
   1.3215885e-02
   2.5894387e-05
   0.0000000e+00
   8.6509450e-07
   1.2875084e-03
   1.6680924e-01
   3.3163930e-01
   5.9904828e-02
   6.8079102e-02
   1.4373930e-02
   1.6256807e-04
   2.3318470e-06
   2.3763254e-03
   1.8507606e-02
   1.0369536e-02
   6.0942261e-03
   5.6433805e-03
   1.4431907e-02
   2.6140992e-01
   2.6948025e-01
   1.2560791e-02
   0.0000000e+00
   0.0000000e+00
   0.0000000e+00
   6.7868780e-05
   5.0521367e-03
   9.6478091e-03
   1.0799667e-03
   0.0000000e+00
   0.0000000e+00
   0.0000000e+00
   0.0000000e+00
   0.0000000e+00
   0.0000000e+00
   0.0000000e+00
   0.0000000e+00
   0.0000000e+00
   3.3664855e-04
   8.3198740e-03
   8.6536187e-03
   4.0342985e-04
   0.0000000e+00
   0.0000000e+00
   0.0000000e+00
   0.0000000e+00
   0.0000000e+00
   0.0000000e+00
   0.0000000e+00
   0.0000000e+00
   0.0000000e+00
   0.0000000e+00
   0.0000000e+00
   0.0000000e+00
   0.0000000e+00
   0.0000000e+00
   0.0000000e+00
   0.0000000e+00
   0.0000000e+00
   0.0000000e+00
   0.0000000e+00
   0.0000000e+00
   0.0000000e+00
   0.0000000e+00
   0.0000000e+00
   0.0000000e+00
   0.0000000e+00
   0.0000000e+00
   0.0000000e+00
   0.0000000e+00
   0.0000000e+00
   0.0000000e+00
   0.0000000e+00
   0.0000000e+00
   0.0000000e+00
   0.0000000e+00
   0.0000000e+00
   0.0000000e+00
   0.0000000e+00
   0.0000000e+00
   0.0000000e+00
   0.0000000e+00
   0.0000000e+00
   0.0000000e+00
   0.0000000e+00
   0.0000000e+00
   0.0000000e+00
   0.0000000e+00
   0.0000000e+00
   0.0000000e+00
   0.0000000e+00
   0.0000000e+00
   0.0000000e+00
   0.0000000e+00
   0.0000000e+00
   0.0000000e+00
   0.0000000e+00
   0.0000000e+00
   0.0000000e+00
   0.0000000e+00
   0.0000000e+00
   0.0000000e+00
   0.0000000e+00
   0.0000000e+00
   0.0000000e+00
   0.0000000e+00
   0.0000000e+00
   0.0000000e+00
   0.0000000e+00
   0.0000000e+00
   0.0000000e+00
   0.0000000e+00
   0.0000000e+00
   0.0000000e+00
   0.0000000e+00
   0.0000000e+00
   0.0000000e+00
   0.0000000e+00
   0.0000000e+00
   0.0000000e+00
   0.0000000e+00
   0.0000000e+00
   0.0000000e+00
   0.0000000e+00
   0.0000000e+00
   0.0000000e+00
   0.0000000e+00
   0.0000000e+00
   0.0000000e+00
   0.0000000e+00
   0.0000000e+00
   0.0000000e+00
   0.0000000e+00
   0.0000000e+00
   0.0000000e+00
   0.0000000e+00
   0.0000000e+00
   0.0000000e+00
   0.0000000e+00
   0.0000000e+00
   0.0000000e+00
   0.0000000e+00
   0.0000000e+00
   0.0000000e+00
   0.0000000e+00
   0.0000000e+00
   0.0000000e+00
   0.0000000e+00
   0.0000000e+00
   0.0000000e+00
   0.0000000e+00
   0.0000000e+00
   0.0000000e+00
   0.0000000e+00
   0.0000000e+00
   0.0000000e+00
   0.0000000e+00
   0.0000000e+00
   0.0000000e+00
   0.0000000e+00
   0.0000000e+00
   0.0000000e+00
   0.0000000e+00
   0.0000000e+00
   0.0000000e+00
   0.0000000e+00
   0.0000000e+00
   0.0000000e+00
   0.0000000e+00
   0.0000000e+00
   0.0000000e+00
   0.0000000e+00
   0.0000000e+00
   0.0000000e+00
   0.0000000e+00
   0.0000000e+00
   0.0000000e+00
   0.0000000e+00
   0.0000000e+00
   0.0000000e+00
   0.0000000e+00
   0.0000000e+00
   0.0000000e+00
   0.0000000e+00
   0.0000000e+00
   0.0000000e+00
   0.0000000e+00
   0.0000000e+00
   0.0000000e+00
   0.0000000e+00
   0.0000000e+00
   0.0000000e+00
   0.0000000e+00
   0.0000000e+00
   0.0000000e+00
   0.0000000e+00
   0.0000000e+00
   0.0000000e+00
   0.0000000e+00
   0.0000000e+00
   0.0000000e+00
   0.0000000e+00
   0.0000000e+00
   0.0000000e+00
   0.0000000e+00
   0.0000000e+00
   0.0000000e+00
   0.0000000e+00
   0.0000000e+00
   0.0000000e+00
   0.0000000e+00
   0.0000000e+00
   0.0000000e+00
   0.0000000e+00
   0.0000000e+00
   0.0000000e+00
   0.0000000e+00
   0.0000000e+00
   0.0000000e+00
   0.0000000e+00
   0.0000000e+00
   0.0000000e+00
   0.0000000e+00
   0.0000000e+00
   0.0000000e+00
   0.0000000e+00
   0.0000000e+00
   0.0000000e+00
   0.0000000e+00
   0.0000000e+00
   0.0000000e+00
   0.0000000e+00
   0.0000000e+00
   0.0000000e+00
   0.0000000e+00
   0.0000000e+00
   0.0000000e+00
   0.0000000e+00
   0.0000000e+00
   0.0000000e+00
   0.0000000e+00
   0.0000000e+00
   0.0000000e+00
   0.0000000e+00
   0.0000000e+00
   0.0000000e+00
   0.0000000e+00
   0.0000000e+00
   0.0000000e+00
   0.0000000e+00
   0.0000000e+00
   0.0000000e+00
   0.0000000e+00
   0.0000000e+00
   0.0000000e+00
   0.0000000e+00
   0.0000000e+00
   0.0000000e+00
   0.0000000e+00
   0.0000000e+00
   0.0000000e+00
   0.0000000e+00
   0.0000000e+00
   0.0000000e+00
   0.0000000e+00
   0.0000000e+00
   0.0000000e+00
   0.0000000e+00
   0.0000000e+00
   0.0000000e+00
   0.0000000e+00
   0.0000000e+00
   0.0000000e+00
   0.0000000e+00
   0.0000000e+00
   0.0000000e+00
   0.0000000e+00
   0.0000000e+00
   0.0000000e+00
   0.0000000e+00
   0.0000000e+00
   0.0000000e+00
   0.0000000e+00
   0.0000000e+00
