   6.9304558e-03
   8.4042747e-03
   1.2244893e-03
   4.4654616e-04
  -1.2707807e-03
   4.9027045e-03
  -4.0193150e-03
   2.1724702e-03
  -3.0467943e-03
   5.3510695e-03
  -8.9473597e-04
   4.9604201e-04
  -6.3972109e-04
   4.6427771e-03
  -1.7875514e-03
   5.6719510e-03
  -1.0279653e-02
   4.6555103e-03
  -9.0718557e-04
   1.4367179e-04
   9.2611533e-03
   2.1869043e-02
   1.8845913e-02
   1.9727027e-02
   2.1622975e-02
   1.6027338e-02
   2.3812498e-02
   1.7217037e-02
   2.3767647e-02
   1.3159647e-02
   2.0092614e-02
   1.8850897e-02
   1.9914397e-02
   1.5103820e-02
   2.1868679e-02
   9.7790608e-03
   3.2022128e-02
   1.5929033e-02
   1.7321939e-02
   1.7062614e-03
   4.0570426e-02
   5.2058423e-02
   6.0545312e-02
   5.7563104e-02
   5.6143828e-02
   6.2646094e-02
   5.3151771e-02
   6.1280135e-02
   5.3583184e-02
   6.3386638e-02
   5.9480193e-02
   5.9817486e-02
   5.8534598e-02
   6.4392319e-02
   5.6645223e-02
   7.4712518e-02
   4.2866707e-02
   5.5751947e-02
   8.4259113e-02
   5.1798638e-03
   1.4123136e-01
   1.3563545e-01
   1.1331035e-01
   1.2173375e-01
   1.2218258e-01
   1.1295517e-01
   1.2488311e-01
   1.1446061e-01
   1.2480748e-01
   1.1426753e-01
   1.1590603e-01
   1.1611936e-01
   1.1788030e-01
   1.1265360e-01
   1.1683118e-01
   1.0855921e-01
   1.2200800e-01
   1.4549310e-01
   3.9432348e-02
   1.4658581e-03
   3.3024139e-02
   1.5120546e-01
   1.7755770e-01
   1.6841585e-01
   1.6902903e-01
   1.8170204e-01
   1.6558808e-01
   1.8032681e-01
   1.6356939e-01
   1.7937269e-01
   1.8211670e-01
   1.8256536e-01
   1.7328173e-01
   1.9112559e-01
   1.8885551e-01
   1.7899215e-01
   1.8920245e-01
   6.3578617e-02
   3.5109153e-03
   1.0108663e-09
   2.6343406e-04
   1.5160737e-01
   3.3490306e-01
   2.7781448e-01
   2.2512287e-01
   2.8220608e-01
   2.2191189e-01
   2.6911813e-01
   2.5658179e-01
   2.6483299e-01
   1.5123560e-01
   1.5899637e-01
   2.9916673e-01
   1.0562356e-01
   1.2549258e-01
   3.0607362e-01
   2.0022114e-01
   9.7076688e-03
   0.0000000e+00
   0.0000000e+00
  -6.4442571e-08
   1.5917785e-01
   3.8060139e-01
   1.2041519e-01
   2.1068111e-02
   8.3174663e-02
   3.5487841e-01
   2.1323521e-01
   6.2475846e-02
   6.0600617e-03
   7.4886315e-03
   2.7296032e-01
   4.0694101e-01
   5.1477725e-02
   3.2058387e-01
   4.4642394e-01
   7.6727835e-02
   2.3421863e-03
   0.0000000e+00
   0.0000000e+00
   0.0000000e+00
   1.0707827e-02
   2.5577061e-02
   7.4376738e-03
   2.3334839e-09
   7.4827106e-04
   5.9382987e-03
   2.8300901e-03
   1.7386228e-05
   0.0000000e+00
   7.8101967e-04
   3.5340726e-02
   4.9055098e-02
   1.0184002e-02
   2.3080568e-01
   2.8663629e-01
   1.7886321e-02
   6.4720572e-08
   0.0000000e+00
   0.0000000e+00
   0.0000000e+00
   0.0000000e+00
   0.0000000e+00
   0.0000000e+00
   0.0000000e+00
   0.0000000e+00
   0.0000000e+00
   0.0000000e+00
   0.0000000e+00
   0.0000000e+00
   0.0000000e+00
   0.0000000e+00
   0.0000000e+00
   1.4708044e-04
   5.1791933e-03
   6.4319834e-03
   4.0133033e-04
   0.0000000e+00
   0.0000000e+00
   0.0000000e+00
   0.0000000e+00
   0.0000000e+00
   0.0000000e+00
   0.0000000e+00
   0.0000000e+00
   0.0000000e+00
   0.0000000e+00
   0.0000000e+00
   0.0000000e+00
   0.0000000e+00
   0.0000000e+00
   0.0000000e+00
   0.0000000e+00
   0.0000000e+00
   0.0000000e+00
   0.0000000e+00
   0.0000000e+00
   0.0000000e+00
   0.0000000e+00
   0.0000000e+00
   0.0000000e+00
   0.0000000e+00
   0.0000000e+00
   0.0000000e+00
   0.0000000e+00
   0.0000000e+00
   0.0000000e+00
   0.0000000e+00
   0.0000000e+00
   0.0000000e+00
   0.0000000e+00
   0.0000000e+00
   0.0000000e+00
   0.0000000e+00
   0.0000000e+00
   0.0000000e+00
   0.0000000e+00
   0.0000000e+00
   0.0000000e+00
   0.0000000e+00
   0.0000000e+00
   0.0000000e+00
   0.0000000e+00
   0.0000000e+00
   0.0000000e+00
   0.0000000e+00
   0.0000000e+00
   0.0000000e+00
   0.0000000e+00
   0.0000000e+00
   0.0000000e+00
   0.0000000e+00
   0.0000000e+00
   0.0000000e+00
   0.0000000e+00
   0.0000000e+00
   0.0000000e+00
   0.0000000e+00
   0.0000000e+00
   0.0000000e+00
   0.0000000e+00
   0.0000000e+00
   0.0000000e+00
   0.0000000e+00
   0.0000000e+00
   0.0000000e+00
   0.0000000e+00
   0.0000000e+00
   0.0000000e+00
   0.0000000e+00
   0.0000000e+00
   0.0000000e+00
   0.0000000e+00
   0.0000000e+00
   0.0000000e+00
   0.0000000e+00
   0.0000000e+00
   0.0000000e+00
   0.0000000e+00
   0.0000000e+00
   0.0000000e+00
   0.0000000e+00
   0.0000000e+00
   0.0000000e+00
   0.0000000e+00
   0.0000000e+00
   0.0000000e+00
   0.0000000e+00
   0.0000000e+00
   0.0000000e+00
   0.0000000e+00
   0.0000000e+00
   0.0000000e+00
   0.0000000e+00
   0.0000000e+00
   0.0000000e+00
   0.0000000e+00
   0.0000000e+00
   0.0000000e+00
   0.0000000e+00
   0.0000000e+00
   0.0000000e+00
   0.0000000e+00
   0.0000000e+00
   0.0000000e+00
   0.0000000e+00
   0.0000000e+00
   0.0000000e+00
   0.0000000e+00
   0.0000000e+00
   0.0000000e+00
   0.0000000e+00
   0.0000000e+00
   0.0000000e+00
   0.0000000e+00
   0.0000000e+00
   0.0000000e+00
   0.0000000e+00
   0.0000000e+00
   0.0000000e+00
   0.0000000e+00
   0.0000000e+00
   0.0000000e+00
   0.0000000e+00
   0.0000000e+00
   0.0000000e+00
   0.0000000e+00
   0.0000000e+00
   0.0000000e+00
   0.0000000e+00
   0.0000000e+00
   0.0000000e+00
   0.0000000e+00
   0.0000000e+00
   0.0000000e+00
   0.0000000e+00
   0.0000000e+00
   0.0000000e+00
   0.0000000e+00
   0.0000000e+00
   0.0000000e+00
   0.0000000e+00
   0.0000000e+00
   0.0000000e+00
   0.0000000e+00
   0.0000000e+00
   0.0000000e+00
   0.0000000e+00
   0.0000000e+00
   0.0000000e+00
   0.0000000e+00
   0.0000000e+00
   0.0000000e+00
   0.0000000e+00
   0.0000000e+00
   0.0000000e+00
   0.0000000e+00
   0.0000000e+00
   0.0000000e+00
   0.0000000e+00
   0.0000000e+00
   0.0000000e+00
   0.0000000e+00
   0.0000000e+00
   0.0000000e+00
   0.0000000e+00
   0.0000000e+00
   0.0000000e+00
   0.0000000e+00
   0.0000000e+00
   0.0000000e+00
   0.0000000e+00
   0.0000000e+00
   0.0000000e+00
   0.0000000e+00
   0.0000000e+00
   0.0000000e+00
   0.0000000e+00
   0.0000000e+00
   0.0000000e+00
   0.0000000e+00
   0.0000000e+00
   0.0000000e+00
   0.0000000e+00
   0.0000000e+00
   0.0000000e+00
   0.0000000e+00
   0.0000000e+00
   0.0000000e+00
   0.0000000e+00
   0.0000000e+00
   0.0000000e+00
   0.0000000e+00
   0.0000000e+00
   0.0000000e+00
   0.0000000e+00
   0.0000000e+00
   0.0000000e+00
   0.0000000e+00
   0.0000000e+00
   0.0000000e+00
   0.0000000e+00
   0.0000000e+00
   0.0000000e+00
   0.0000000e+00
   0.0000000e+00
   0.0000000e+00
   0.0000000e+00
   0.0000000e+00
   0.0000000e+00
   0.0000000e+00
   0.0000000e+00
   0.0000000e+00
   0.0000000e+00
   0.0000000e+00
   0.0000000e+00
   0.0000000e+00
   0.0000000e+00
   0.0000000e+00
   0.0000000e+00
