   1.3332420e-03
  -1.3302816e-04
   2.7928679e-03
  -3.0293600e-03
   1.7018318e-03
  -1.5753045e-03
   7.7086778e-03
  -1.3398473e-03
  -7.9186067e-03
  -1.6415403e-03
   1.7954320e-03
   1.2212866e-04
  -7.3994128e-03
   2.9933319e-03
  -2.5845555e-03
   7.9654996e-03
  -3.0661820e-03
   3.9770114e-03
   3.3535435e-03
  -6.3973954e-04
   2.0039745e-02
   1.8563048e-02
   1.6970735e-02
   2.1720718e-02
   1.8687360e-02
   1.9669439e-02
   1.0910097e-02
   2.8875880e-02
   1.3126546e-02
   2.8194388e-02
   1.1399178e-02
   2.1223920e-02
   2.7696635e-02
   1.8099467e-02
   2.1274467e-02
   1.5963455e-02
   2.0074164e-02
   1.9807801e-02
   1.8978381e-02
  -5.5350772e-04
   5.2758115e-02
   6.4124425e-02
   6.1657355e-02
   5.6358782e-02
   5.9380924e-02
   6.1618111e-02
   6.3091936e-02
   5.1866007e-02
   6.7082685e-02
   4.3607676e-02
   7.4391939e-02
   5.6743852e-02
   4.6357399e-02
   6.3795609e-02
   5.3322065e-02
   6.5669495e-02
   5.5470797e-02
   6.6021902e-02
   2.5747355e-02
  -6.6709206e-05
   1.3693300e-01
   1.0130706e-01
   1.1452336e-01
   1.2075667e-01
   1.1731529e-01
   1.1091576e-01
   1.1520391e-01
   1.2377277e-01
   1.0786362e-01
   1.3345235e-01
   9.5653214e-02
   1.1905685e-01
   1.3641194e-01
   1.1103987e-01
   1.2315290e-01
   1.1416374e-01
   1.1150162e-01
   1.5786174e-01
   2.3613746e-02
  -1.6044261e-06
   7.4013442e-02
   2.5790095e-01
   1.8343978e-01
   1.6843442e-01
   1.7979787e-01
   1.9791228e-01
   1.7172935e-01
   1.7694806e-01
   1.8179173e-01
   1.6310757e-01
   2.0959845e-01
   1.8319977e-01
   1.2551880e-01
   1.9269321e-01
   1.6545142e-01
   1.7565444e-01
   2.3014409e-01
   6.7038603e-02
   3.8591166e-03
   0.0000000e+00
   1.3101126e-02
   6.1725655e-02
   1.5551127e-01
   3.3439684e-01
   8.6871167e-02
   2.0889728e-01
   2.3556321e-01
   1.9981116e-01
   2.8072474e-01
   5.4038123e-02
   1.0574524e-01
   2.2704621e-01
   3.1753149e-01
   1.8816346e-01
   2.6512385e-01
   2.3253611e-01
   7.6984920e-02
   2.8101468e-04
   3.2394703e-05
   0.0000000e+00
   0.0000000e+00
   4.3157979e-05
   1.3286295e-02
   3.4384597e-02
   5.4943119e-03
   5.8431725e-04
   9.8010651e-04
   1.2415585e-01
   4.5369048e-01
   1.0457237e-01
   6.1358893e-03
   2.2788537e-01
   3.2922412e-01
   5.3237401e-02
   6.7656263e-03
   3.1914268e-03
   8.3804199e-05
   7.9634665e-07
   0.0000000e+00
   0.0000000e+00
   0.0000000e+00
   0.0000000e+00
   0.0000000e+00
   0.0000000e+00
   0.0000000e+00
   0.0000000e+00
   3.0355277e-07
   1.8126418e-02
   6.7017963e-02
   1.5484947e-02
   2.7692939e-04
   1.0162596e-02
   1.2862931e-02
   8.2641396e-04
   0.0000000e+00
   0.0000000e+00
   0.0000000e+00
   0.0000000e+00
   0.0000000e+00
   0.0000000e+00
   0.0000000e+00
   0.0000000e+00
   0.0000000e+00
   0.0000000e+00
   0.0000000e+00
   0.0000000e+00
   0.0000000e+00
   0.0000000e+00
   0.0000000e+00
   0.0000000e+00
   0.0000000e+00
   0.0000000e+00
   0.0000000e+00
   0.0000000e+00
   0.0000000e+00
   0.0000000e+00
   0.0000000e+00
   0.0000000e+00
   0.0000000e+00
   0.0000000e+00
   0.0000000e+00
   0.0000000e+00
   0.0000000e+00
   0.0000000e+00
   0.0000000e+00
   0.0000000e+00
   0.0000000e+00
   0.0000000e+00
   0.0000000e+00
   0.0000000e+00
   0.0000000e+00
   0.0000000e+00
   0.0000000e+00
   0.0000000e+00
   0.0000000e+00
   0.0000000e+00
   0.0000000e+00
   0.0000000e+00
   0.0000000e+00
   0.0000000e+00
   0.0000000e+00
   0.0000000e+00
   0.0000000e+00
   0.0000000e+00
   0.0000000e+00
   0.0000000e+00
   0.0000000e+00
   0.0000000e+00
   0.0000000e+00
   0.0000000e+00
   0.0000000e+00
   0.0000000e+00
   0.0000000e+00
   0.0000000e+00
   0.0000000e+00
   0.0000000e+00
   0.0000000e+00
   0.0000000e+00
   0.0000000e+00
   0.0000000e+00
   0.0000000e+00
   0.0000000e+00
   0.0000000e+00
   0.0000000e+00
   0.0000000e+00
   0.0000000e+00
   0.0000000e+00
   0.0000000e+00
   0.0000000e+00
   0.0000000e+00
   0.0000000e+00
   0.0000000e+00
   0.0000000e+00
   0.0000000e+00
   0.0000000e+00
   0.0000000e+00
   0.0000000e+00
   0.0000000e+00
   0.0000000e+00
   0.0000000e+00
   0.0000000e+00
   0.0000000e+00
   0.0000000e+00
   0.0000000e+00
   0.0000000e+00
   0.0000000e+00
   0.0000000e+00
   0.0000000e+00
   0.0000000e+00
   0.0000000e+00
   0.0000000e+00
   0.0000000e+00
   0.0000000e+00
   0.0000000e+00
   0.0000000e+00
   0.0000000e+00
   0.0000000e+00
   0.0000000e+00
   0.0000000e+00
   0.0000000e+00
   0.0000000e+00
   0.0000000e+00
   0.0000000e+00
   0.0000000e+00
   0.0000000e+00
   0.0000000e+00
   0.0000000e+00
   0.0000000e+00
   0.0000000e+00
   0.0000000e+00
   0.0000000e+00
   0.0000000e+00
   0.0000000e+00
   0.0000000e+00
   0.0000000e+00
   0.0000000e+00
   0.0000000e+00
   0.0000000e+00
   0.0000000e+00
   0.0000000e+00
   0.0000000e+00
   0.0000000e+00
   0.0000000e+00
   0.0000000e+00
   0.0000000e+00
   0.0000000e+00
   0.0000000e+00
   0.0000000e+00
   0.0000000e+00
   0.0000000e+00
   0.0000000e+00
   0.0000000e+00
   0.0000000e+00
   0.0000000e+00
   0.0000000e+00
   0.0000000e+00
   0.0000000e+00
   0.0000000e+00
   0.0000000e+00
   0.0000000e+00
   0.0000000e+00
   0.0000000e+00
   0.0000000e+00
   0.0000000e+00
   0.0000000e+00
   0.0000000e+00
   0.0000000e+00
   0.0000000e+00
   0.0000000e+00
   0.0000000e+00
   0.0000000e+00
   0.0000000e+00
   0.0000000e+00
   0.0000000e+00
   0.0000000e+00
   0.0000000e+00
   0.0000000e+00
   0.0000000e+00
   0.0000000e+00
   0.0000000e+00
   0.0000000e+00
   0.0000000e+00
   0.0000000e+00
   0.0000000e+00
   0.0000000e+00
   0.0000000e+00
   0.0000000e+00
   0.0000000e+00
   0.0000000e+00
   0.0000000e+00
   0.0000000e+00
   0.0000000e+00
   0.0000000e+00
   0.0000000e+00
   0.0000000e+00
   0.0000000e+00
   0.0000000e+00
   0.0000000e+00
   0.0000000e+00
   0.0000000e+00
   0.0000000e+00
   0.0000000e+00
   0.0000000e+00
   0.0000000e+00
   0.0000000e+00
   0.0000000e+00
   0.0000000e+00
   0.0000000e+00
   0.0000000e+00
   0.0000000e+00
   0.0000000e+00
   0.0000000e+00
   0.0000000e+00
   0.0000000e+00
   0.0000000e+00
   0.0000000e+00
   0.0000000e+00
   0.0000000e+00
   0.0000000e+00
   0.0000000e+00
   0.0000000e+00
   0.0000000e+00
   0.0000000e+00
   0.0000000e+00
   0.0000000e+00
   0.0000000e+00
   0.0000000e+00
   0.0000000e+00
   0.0000000e+00
   0.0000000e+00
   0.0000000e+00
   0.0000000e+00
   0.0000000e+00
   0.0000000e+00
   0.0000000e+00
   0.0000000e+00
   0.0000000e+00
   0.0000000e+00
   0.0000000e+00
   0.0000000e+00
   0.0000000e+00
   0.0000000e+00
   0.0000000e+00
   0.0000000e+00
   0.0000000e+00
   0.0000000e+00
   0.0000000e+00
   0.0000000e+00
   0.0000000e+00
   0.0000000e+00
   0.0000000e+00
   0.0000000e+00
   0.0000000e+00
   0.0000000e+00
   0.0000000e+00
   0.0000000e+00
   0.0000000e+00
   0.0000000e+00
   0.0000000e+00
   0.0000000e+00
