  -9.3356934e-04
   1.5114165e-03
  -1.0758992e-03
   1.1106560e-03
   1.0000559e-03
  -1.3835032e-03
   3.1042260e-03
  -5.9154093e-05
  -1.4882925e-03
   6.6292522e-04
  -4.4522344e-04
   2.7616912e-04
  -2.6388834e-04
  -1.6142236e-03
   1.2436407e-03
  -2.0899151e-03
   3.7452380e-03
  -2.9670542e-03
  -1.2047490e-02
   1.0884028e-02
   1.5200283e-02
   1.9179216e-02
   1.9186013e-02
   1.9652466e-02
   1.5998980e-02
   2.4324598e-02
   1.1230822e-02
   1.9448326e-02
   2.2855257e-02
   1.8195282e-02
   2.0289811e-02
   1.9061611e-02
   2.1224162e-02
   2.0429555e-02
   1.8711968e-02
   2.2125546e-02
   1.5153067e-02
   2.5617633e-02
   2.4835977e-02
   2.1154364e-02
   6.7982704e-02
   5.9692547e-02
   5.9553444e-02
   5.9309839e-02
   6.4297136e-02
   5.2031161e-02
   7.0904859e-02
   5.9268853e-02
   5.2273272e-02
   6.1885278e-02
   5.7557926e-02
   5.9674059e-02
   5.6542130e-02
   5.7642517e-02
   6.1163501e-02
   5.3249067e-02
   6.7667865e-02
   4.2335068e-02
   7.1527441e-02
   9.2279344e-03
   8.8131106e-02
   1.1995931e-01
   1.1642774e-01
   1.1556744e-01
   1.1278501e-01
   1.2524580e-01
   1.0350507e-01
   1.1453119e-01
   1.3144524e-01
   1.1029126e-01
   1.2077497e-01
   1.1568372e-01
   1.2144723e-01
   1.2031203e-01
   1.1185825e-01
   1.2937363e-01
   9.9568825e-02
   1.5708991e-01
   3.8801544e-02
   7.1395092e-04
   2.5304746e-01
   1.8602752e-01
   1.7328130e-01
   1.8384874e-01
   1.8506179e-01
   1.6091007e-01
   2.0792232e-01
   1.8433914e-01
   1.4627749e-01
   1.9578654e-01
   1.6947035e-01
   1.7958236e-01
   1.6964194e-01
   1.6384944e-01
   2.0630586e-01
   1.4262396e-01
   2.1794176e-01
   1.1090034e-01
   6.5662328e-03
   0.0000000e+00
   1.0266994e-01
   9.2822704e-02
   2.7649656e-01
   1.8380281e-01
   2.5311933e-01
   2.4461312e-01
   1.6315610e-01
   1.9193480e-01
   3.4622236e-01
   1.6271134e-01
   2.7893455e-01
   2.1049751e-01
   2.9985781e-01
   1.3311381e-01
   2.7203941e-01
   3.7204118e-01
   1.6831432e-01
   1.9112664e-02
   5.5982972e-09
   0.0000000e+00
   4.3725954e-04
   3.6017010e-02
   4.4364621e-01
   2.7498739e-01
   2.8931231e-01
   2.3816572e-01
   6.3172311e-03
   4.0755369e-02
   1.3990128e-01
   2.1218787e-01
   3.9796398e-01
   1.5251843e-01
   3.6439542e-01
   9.2085484e-02
   4.5180245e-02
   1.4642513e-01
   4.3235382e-02
   8.0904867e-06
   0.0000000e+00
   0.0000000e+00
   0.0000000e+00
   1.1906590e-02
   2.1277599e-01
   2.3470030e-01
   4.6559842e-01
   3.4007664e-01
   7.8323237e-03
   1.9169763e-05
   1.6496453e-04
   1.8210939e-02
   3.9284192e-02
   8.9671726e-03
   1.4683721e-02
   3.5002639e-03
   1.3103986e-04
   6.2900407e-04
   1.8850239e-04
   3.5273797e-08
   0.0000000e+00
   0.0000000e+00
   0.0000000e+00
   2.6066661e-05
   6.0681492e-04
   3.2662408e-03
   3.4871759e-02
   2.5546012e-02
   5.8822838e-04
   0.0000000e+00
   0.0000000e+00
   0.0000000e+00
   0.0000000e+00
   0.0000000e+00
   0.0000000e+00
   0.0000000e+00
   0.0000000e+00
   0.0000000e+00
   0.0000000e+00
   0.0000000e+00
   0.0000000e+00
   0.0000000e+00
   0.0000000e+00
   0.0000000e+00
   0.0000000e+00
   0.0000000e+00
   0.0000000e+00
   0.0000000e+00
   0.0000000e+00
   0.0000000e+00
   0.0000000e+00
   0.0000000e+00
   0.0000000e+00
   0.0000000e+00
   0.0000000e+00
   0.0000000e+00
   0.0000000e+00
   0.0000000e+00
   0.0000000e+00
   0.0000000e+00
   0.0000000e+00
   0.0000000e+00
   0.0000000e+00
   0.0000000e+00
   0.0000000e+00
   0.0000000e+00
   0.0000000e+00
   0.0000000e+00
   0.0000000e+00
   0.0000000e+00
   0.0000000e+00
   0.0000000e+00
   0.0000000e+00
   0.0000000e+00
   0.0000000e+00
   0.0000000e+00
   0.0000000e+00
   0.0000000e+00
   0.0000000e+00
   0.0000000e+00
   0.0000000e+00
   0.0000000e+00
   0.0000000e+00
   0.0000000e+00
   0.0000000e+00
   0.0000000e+00
   0.0000000e+00
   0.0000000e+00
   0.0000000e+00
   0.0000000e+00
   0.0000000e+00
   0.0000000e+00
   0.0000000e+00
   0.0000000e+00
   0.0000000e+00
   0.0000000e+00
   0.0000000e+00
   0.0000000e+00
   0.0000000e+00
   0.0000000e+00
   0.0000000e+00
   0.0000000e+00
   0.0000000e+00
   0.0000000e+00
   0.0000000e+00
   0.0000000e+00
   0.0000000e+00
   0.0000000e+00
   0.0000000e+00
   0.0000000e+00
   0.0000000e+00
   0.0000000e+00
   0.0000000e+00
   0.0000000e+00
   0.0000000e+00
   0.0000000e+00
   0.0000000e+00
   0.0000000e+00
   0.0000000e+00
   0.0000000e+00
   0.0000000e+00
   0.0000000e+00
   0.0000000e+00
   0.0000000e+00
   0.0000000e+00
   0.0000000e+00
   0.0000000e+00
   0.0000000e+00
   0.0000000e+00
   0.0000000e+00
   0.0000000e+00
   0.0000000e+00
   0.0000000e+00
   0.0000000e+00
   0.0000000e+00
   0.0000000e+00
   0.0000000e+00
   0.0000000e+00
   0.0000000e+00
   0.0000000e+00
   0.0000000e+00
   0.0000000e+00
   0.0000000e+00
   0.0000000e+00
   0.0000000e+00
   0.0000000e+00
   0.0000000e+00
   0.0000000e+00
   0.0000000e+00
   0.0000000e+00
   0.0000000e+00
   0.0000000e+00
   0.0000000e+00
   0.0000000e+00
   0.0000000e+00
   0.0000000e+00
   0.0000000e+00
   0.0000000e+00
   0.0000000e+00
   0.0000000e+00
   0.0000000e+00
   0.0000000e+00
   0.0000000e+00
   0.0000000e+00
   0.0000000e+00
   0.0000000e+00
   0.0000000e+00
   0.0000000e+00
   0.0000000e+00
   0.0000000e+00
   0.0000000e+00
   0.0000000e+00
   0.0000000e+00
   0.0000000e+00
   0.0000000e+00
   0.0000000e+00
   0.0000000e+00
   0.0000000e+00
   0.0000000e+00
   0.0000000e+00
   0.0000000e+00
   0.0000000e+00
   0.0000000e+00
   0.0000000e+00
   0.0000000e+00
   0.0000000e+00
   0.0000000e+00
   0.0000000e+00
   0.0000000e+00
   0.0000000e+00
   0.0000000e+00
   0.0000000e+00
   0.0000000e+00
   0.0000000e+00
   0.0000000e+00
   0.0000000e+00
   0.0000000e+00
   0.0000000e+00
   0.0000000e+00
   0.0000000e+00
   0.0000000e+00
   0.0000000e+00
   0.0000000e+00
   0.0000000e+00
   0.0000000e+00
   0.0000000e+00
   0.0000000e+00
   0.0000000e+00
   0.0000000e+00
   0.0000000e+00
   0.0000000e+00
   0.0000000e+00
   0.0000000e+00
   0.0000000e+00
   0.0000000e+00
   0.0000000e+00
   0.0000000e+00
   0.0000000e+00
   0.0000000e+00
   0.0000000e+00
   0.0000000e+00
   0.0000000e+00
   0.0000000e+00
   0.0000000e+00
   0.0000000e+00
   0.0000000e+00
   0.0000000e+00
   0.0000000e+00
   0.0000000e+00
   0.0000000e+00
   0.0000000e+00
   0.0000000e+00
   0.0000000e+00
   0.0000000e+00
   0.0000000e+00
   0.0000000e+00
   0.0000000e+00
   0.0000000e+00
   0.0000000e+00
   0.0000000e+00
   0.0000000e+00
   0.0000000e+00
   0.0000000e+00
   0.0000000e+00
   0.0000000e+00
   0.0000000e+00
   0.0000000e+00
   0.0000000e+00
   0.0000000e+00
   0.0000000e+00
   0.0000000e+00
   0.0000000e+00
   0.0000000e+00
   0.0000000e+00
   0.0000000e+00
   0.0000000e+00
   0.0000000e+00
   0.0000000e+00
   0.0000000e+00
   0.0000000e+00
   0.0000000e+00
   0.0000000e+00
