  -2.3849479e-03
  -3.5279448e-04
   2.5385448e-04
  -2.1497124e-03
  -8.1594226e-05
   2.9096113e-03
  -6.7540368e-03
  -1.7299301e-03
   2.6007260e-03
  -4.4141047e-03
   2.5321469e-03
  -2.1061548e-03
   5.0623080e-03
   5.3525763e-04
  -2.3772778e-03
   1.8082958e-05
   9.8567651e-04
  -4.1256175e-04
  -8.5892672e-04
  -5.7814952e-06
   2.7707534e-02
   1.9625109e-02
   2.0078976e-02
   2.1272959e-02
   1.8680632e-02
   1.7287271e-02
   2.4058342e-02
   1.9635280e-02
   1.6917893e-02
   2.6629144e-02
   1.5727116e-02
   2.2658623e-02
   1.3750338e-02
   1.9087574e-02
   2.1452432e-02
   2.0328369e-02
   1.7089405e-02
   2.3422217e-02
   3.3727261e-03
   2.9617876e-03
   2.8544473e-02
   5.8791545e-02
   5.7212522e-02
   5.7069586e-02
   6.0606317e-02
   6.1671110e-02
   5.3759814e-02
   5.8173637e-02
   6.3975502e-02
   4.6478704e-02
   6.4994775e-02
   5.4751188e-02
   6.5192154e-02
   6.0545248e-02
   5.5855726e-02
   5.7885871e-02
   6.2860598e-02
   5.3408590e-02
   7.6729499e-02
   1.0285679e-02
   1.4575612e-01
   1.1564522e-01
   1.2117746e-01
   1.1960069e-01
   1.1536945e-01
   1.1370416e-01
   1.2281198e-01
   1.2124759e-01
   1.0635472e-01
   1.4189589e-01
   1.0668533e-01
   1.2369267e-01
   1.0961590e-01
   1.1513075e-01
   1.2312744e-01
   1.1701511e-01
   1.1508087e-01
   1.1977586e-01
   1.0845709e-01
   3.8787160e-03
   8.8118067e-02
   1.8006756e-01
   1.7059707e-01
   1.6828573e-01
   1.8171057e-01
   1.8798931e-01
   1.6812944e-01
   1.6529356e-01
   2.1259514e-01
   9.1248638e-02
   2.1267149e-01
   1.5993223e-01
   1.9143319e-01
   1.8734149e-01
   1.5067511e-01
   1.9322307e-01
   1.6545937e-01
   2.1649652e-01
   5.6909166e-02
   2.7420685e-06
   2.1075658e-01
   3.6039539e-01
   1.9251949e-01
   3.0761172e-01
   1.9173385e-01
   1.3264693e-01
   2.9929513e-01
   2.6854259e-01
   8.8436185e-02
   4.6474909e-03
   1.4592095e-01
   2.7916502e-01
   2.0490405e-01
   1.7514649e-01
   3.5681740e-01
   1.4476039e-01
   8.3617059e-03
   1.2354954e-02
   2.1483083e-03
   0.0000000e+00
   6.4995912e-02
   1.5849219e-01
   3.0333250e-01
   3.5083396e-01
   1.3132521e-01
   1.1710613e-01
   3.0724462e-01
   5.8216284e-02
   2.2014013e-03
   2.7188563e-06
   1.2314355e-03
   4.3673216e-03
   2.0430851e-03
   1.1616062e-02
   7.0060806e-02
   2.6453228e-02
   4.9023806e-05
   0.0000000e+00
   0.0000000e+00
   0.0000000e+00
   1.8648480e-05
   2.5515638e-03
   1.1293724e-02
   1.1781403e-02
   3.9546817e-03
   8.1261824e-04
   2.0628483e-03
   3.4194994e-04
   0.0000000e+00
   0.0000000e+00
   0.0000000e+00
   0.0000000e+00
   0.0000000e+00
   0.0000000e+00
   0.0000000e+00
   0.0000000e+00
   0.0000000e+00
   0.0000000e+00
   0.0000000e+00
   0.0000000e+00
   0.0000000e+00
   0.0000000e+00
   0.0000000e+00
   0.0000000e+00
   0.0000000e+00
   0.0000000e+00
   0.0000000e+00
   0.0000000e+00
   0.0000000e+00
   0.0000000e+00
   0.0000000e+00
   0.0000000e+00
   0.0000000e+00
   0.0000000e+00
   0.0000000e+00
   0.0000000e+00
   0.0000000e+00
   0.0000000e+00
   0.0000000e+00
   0.0000000e+00
   0.0000000e+00
   0.0000000e+00
   0.0000000e+00
   0.0000000e+00
   0.0000000e+00
   0.0000000e+00
   0.0000000e+00
   0.0000000e+00
   0.0000000e+00
   0.0000000e+00
   0.0000000e+00
   0.0000000e+00
   0.0000000e+00
   0.0000000e+00
   0.0000000e+00
   0.0000000e+00
   0.0000000e+00
   0.0000000e+00
   0.0000000e+00
   0.0000000e+00
   0.0000000e+00
   0.0000000e+00
   0.0000000e+00
   0.0000000e+00
   0.0000000e+00
   0.0000000e+00
   0.0000000e+00
   0.0000000e+00
   0.0000000e+00
   0.0000000e+00
   0.0000000e+00
   0.0000000e+00
   0.0000000e+00
   0.0000000e+00
   0.0000000e+00
   0.0000000e+00
   0.0000000e+00
   0.0000000e+00
   0.0000000e+00
   0.0000000e+00
   0.0000000e+00
   0.0000000e+00
   0.0000000e+00
   0.0000000e+00
   0.0000000e+00
   0.0000000e+00
   0.0000000e+00
   0.0000000e+00
   0.0000000e+00
   0.0000000e+00
   0.0000000e+00
   0.0000000e+00
   0.0000000e+00
   0.0000000e+00
   0.0000000e+00
   0.0000000e+00
   0.0000000e+00
   0.0000000e+00
   0.0000000e+00
   0.0000000e+00
   0.0000000e+00
   0.0000000e+00
   0.0000000e+00
   0.0000000e+00
   0.0000000e+00
   0.0000000e+00
   0.0000000e+00
   0.0000000e+00
   0.0000000e+00
   0.0000000e+00
   0.0000000e+00
   0.0000000e+00
   0.0000000e+00
   0.0000000e+00
   0.0000000e+00
   0.0000000e+00
   0.0000000e+00
   0.0000000e+00
   0.0000000e+00
   0.0000000e+00
   0.0000000e+00
   0.0000000e+00
   0.0000000e+00
   0.0000000e+00
   0.0000000e+00
   0.0000000e+00
   0.0000000e+00
   0.0000000e+00
   0.0000000e+00
   0.0000000e+00
   0.0000000e+00
   0.0000000e+00
   0.0000000e+00
   0.0000000e+00
   0.0000000e+00
   0.0000000e+00
   0.0000000e+00
   0.0000000e+00
   0.0000000e+00
   0.0000000e+00
   0.0000000e+00
   0.0000000e+00
   0.0000000e+00
   0.0000000e+00
   0.0000000e+00
   0.0000000e+00
   0.0000000e+00
   0.0000000e+00
   0.0000000e+00
   0.0000000e+00
   0.0000000e+00
   0.0000000e+00
   0.0000000e+00
   0.0000000e+00
   0.0000000e+00
   0.0000000e+00
   0.0000000e+00
   0.0000000e+00
   0.0000000e+00
   0.0000000e+00
   0.0000000e+00
   0.0000000e+00
   0.0000000e+00
   0.0000000e+00
   0.0000000e+00
   0.0000000e+00
   0.0000000e+00
   0.0000000e+00
   0.0000000e+00
   0.0000000e+00
   0.0000000e+00
   0.0000000e+00
   0.0000000e+00
   0.0000000e+00
   0.0000000e+00
   0.0000000e+00
   0.0000000e+00
   0.0000000e+00
   0.0000000e+00
   0.0000000e+00
   0.0000000e+00
   0.0000000e+00
   0.0000000e+00
   0.0000000e+00
   0.0000000e+00
   0.0000000e+00
   0.0000000e+00
   0.0000000e+00
   0.0000000e+00
   0.0000000e+00
   0.0000000e+00
   0.0000000e+00
   0.0000000e+00
   0.0000000e+00
   0.0000000e+00
   0.0000000e+00
   0.0000000e+00
   0.0000000e+00
   0.0000000e+00
   0.0000000e+00
   0.0000000e+00
   0.0000000e+00
   0.0000000e+00
   0.0000000e+00
   0.0000000e+00
   0.0000000e+00
   0.0000000e+00
   0.0000000e+00
   0.0000000e+00
   0.0000000e+00
   0.0000000e+00
   0.0000000e+00
   0.0000000e+00
   0.0000000e+00
   0.0000000e+00
   0.0000000e+00
   0.0000000e+00
   0.0000000e+00
   0.0000000e+00
   0.0000000e+00
   0.0000000e+00
   0.0000000e+00
   0.0000000e+00
   0.0000000e+00
   0.0000000e+00
   0.0000000e+00
   0.0000000e+00
   0.0000000e+00
   0.0000000e+00
   0.0000000e+00
   0.0000000e+00
   0.0000000e+00
   0.0000000e+00
   0.0000000e+00
   0.0000000e+00
   0.0000000e+00
   0.0000000e+00
   0.0000000e+00
   0.0000000e+00
   0.0000000e+00
   0.0000000e+00
   0.0000000e+00
   0.0000000e+00
   0.0000000e+00
   0.0000000e+00
   0.0000000e+00
   0.0000000e+00
   0.0000000e+00
   0.0000000e+00
   0.0000000e+00
   0.0000000e+00
   0.0000000e+00
   0.0000000e+00
   0.0000000e+00
   0.0000000e+00
   0.0000000e+00
   0.0000000e+00
   0.0000000e+00
   0.0000000e+00
   0.0000000e+00
