  -1.5239324e-02
  -1.0462220e-02
   3.2207570e-03
  -1.5814320e-03
   2.2376639e-03
  -2.4014304e-03
   7.0273606e-04
  -6.8703033e-04
   2.3166244e-03
  -2.7519820e-03
  -1.3670512e-03
   3.9886071e-03
  -1.9477103e-03
   3.2012955e-03
  -2.7884303e-03
   2.4085713e-03
  -4.3744033e-03
   9.1291722e-04
  -1.3411920e-03
  -8.1210417e-04
   2.2164586e-02
   3.9610966e-02
   1.3125468e-02
   2.1476869e-02
   1.6090133e-02
   2.2933975e-02
   1.8573856e-02
   2.1165149e-02
   1.1841422e-02
   3.0157817e-02
   2.7501546e-02
   1.3453524e-02
   2.0784489e-02
   1.5669584e-02
   2.1906028e-02
   2.3990546e-02
   1.5606439e-02
   2.4658536e-02
   2.4511301e-02
  -1.6828089e-03
   5.5547615e-02
   3.1444331e-02
   7.4048156e-02
   5.3887667e-02
   6.5587087e-02
   5.4180662e-02
   5.8093143e-02
   6.0019288e-02
   6.2132566e-02
   5.4757485e-02
   4.2961915e-02
   6.6529360e-02
   5.9888372e-02
   6.6046570e-02
   5.6348630e-02
   5.1083782e-02
   6.8006381e-02
   4.5893908e-02
   5.7616962e-02
  -2.4560728e-04
   1.2781093e-01
   1.4153572e-01
   1.0641676e-01
   1.2481451e-01
   1.0568628e-01
   1.2274285e-01
   1.1947698e-01
   1.1257286e-01
   1.1956609e-01
   1.1449665e-01
   1.5460599e-01
   1.0268850e-01
   1.1843152e-01
   9.8798689e-02
   1.1775039e-01
   1.3408791e-01
   9.4076266e-02
   1.6207436e-01
   6.3645242e-02
  -6.4106211e-06
   4.7418369e-02
   1.5196012e-01
   1.9767384e-01
   1.5294420e-01
   2.2419201e-01
   1.5423938e-01
   1.7676687e-01
   1.8981651e-01
   1.7194959e-01
   1.8124564e-01
   1.1947766e-01
   1.9405622e-01
   1.8393823e-01
   2.2185223e-01
   1.7200662e-01
   1.5504693e-01
   2.1514350e-01
   1.9614487e-02
   4.9021343e-03
   0.0000000e+00
   4.4710802e-06
   2.4170456e-02
   2.9137822e-01
   3.3537214e-01
   6.4430798e-02
   7.0970621e-03
   1.0902918e-03
   6.0480969e-02
   2.7215405e-01
   2.6761259e-01
   2.9848302e-01
   2.6893728e-01
   1.0046463e-01
   1.8672445e-01
   2.5960349e-01
   2.4619246e-01
   2.0623710e-01
   2.6640180e-03
   0.0000000e+00
   0.0000000e+00
   0.0000000e+00
   4.6052781e-03
   8.8589530e-02
   1.0251486e-01
   5.5611291e-03
   0.0000000e+00
   0.0000000e+00
   2.2468566e-03
   1.1720187e-02
   3.8787539e-02
   6.1983685e-02
   1.8213695e-02
   4.2125224e-03
   8.9203513e-03
   1.3743480e-01
   3.6968997e-01
   7.5776349e-02
   4.6756898e-05
   0.0000000e+00
   0.0000000e+00
   0.0000000e+00
   2.3830346e-06
   4.5841295e-05
   5.3047056e-05
   2.8776466e-06
   0.0000000e+00
   0.0000000e+00
   0.0000000e+00
   0.0000000e+00
   0.0000000e+00
   0.0000000e+00
   0.0000000e+00
   0.0000000e+00
   7.8398670e-07
   1.4585347e-03
   4.4833805e-03
   8.5863007e-04
   0.0000000e+00
   0.0000000e+00
   0.0000000e+00
   0.0000000e+00
   0.0000000e+00
   0.0000000e+00
   0.0000000e+00
   0.0000000e+00
   0.0000000e+00
   0.0000000e+00
   0.0000000e+00
   0.0000000e+00
   0.0000000e+00
   0.0000000e+00
   0.0000000e+00
   0.0000000e+00
   0.0000000e+00
   0.0000000e+00
   0.0000000e+00
   0.0000000e+00
   0.0000000e+00
   0.0000000e+00
   0.0000000e+00
   0.0000000e+00
   0.0000000e+00
   0.0000000e+00
   0.0000000e+00
   0.0000000e+00
   0.0000000e+00
   0.0000000e+00
   0.0000000e+00
   0.0000000e+00
   0.0000000e+00
   0.0000000e+00
   0.0000000e+00
   0.0000000e+00
   0.0000000e+00
   0.0000000e+00
   0.0000000e+00
   0.0000000e+00
   0.0000000e+00
   0.0000000e+00
   0.0000000e+00
   0.0000000e+00
   0.0000000e+00
   0.0000000e+00
   0.0000000e+00
   0.0000000e+00
   0.0000000e+00
   0.0000000e+00
   0.0000000e+00
   0.0000000e+00
   0.0000000e+00
   0.0000000e+00
   0.0000000e+00
   0.0000000e+00
   0.0000000e+00
   0.0000000e+00
   0.0000000e+00
   0.0000000e+00
   0.0000000e+00
   0.0000000e+00
   0.0000000e+00
   0.0000000e+00
   0.0000000e+00
   0.0000000e+00
   0.0000000e+00
   0.0000000e+00
   0.0000000e+00
   0.0000000e+00
   0.0000000e+00
   0.0000000e+00
   0.0000000e+00
   0.0000000e+00
   0.0000000e+00
   0.0000000e+00
   0.0000000e+00
   0.0000000e+00
   0.0000000e+00
   0.0000000e+00
   0.0000000e+00
   0.0000000e+00
   0.0000000e+00
   0.0000000e+00
   0.0000000e+00
   0.0000000e+00
   0.0000000e+00
   0.0000000e+00
   0.0000000e+00
   0.0000000e+00
   0.0000000e+00
   0.0000000e+00
   0.0000000e+00
   0.0000000e+00
   0.0000000e+00
   0.0000000e+00
   0.0000000e+00
   0.0000000e+00
   0.0000000e+00
   0.0000000e+00
   0.0000000e+00
   0.0000000e+00
   0.0000000e+00
   0.0000000e+00
   0.0000000e+00
   0.0000000e+00
   0.0000000e+00
   0.0000000e+00
   0.0000000e+00
   0.0000000e+00
   0.0000000e+00
   0.0000000e+00
   0.0000000e+00
   0.0000000e+00
   0.0000000e+00
   0.0000000e+00
   0.0000000e+00
   0.0000000e+00
   0.0000000e+00
   0.0000000e+00
   0.0000000e+00
   0.0000000e+00
   0.0000000e+00
   0.0000000e+00
   0.0000000e+00
   0.0000000e+00
   0.0000000e+00
   0.0000000e+00
   0.0000000e+00
   0.0000000e+00
   0.0000000e+00
   0.0000000e+00
   0.0000000e+00
   0.0000000e+00
   0.0000000e+00
   0.0000000e+00
   0.0000000e+00
   0.0000000e+00
   0.0000000e+00
   0.0000000e+00
   0.0000000e+00
   0.0000000e+00
   0.0000000e+00
   0.0000000e+00
   0.0000000e+00
   0.0000000e+00
   0.0000000e+00
   0.0000000e+00
   0.0000000e+00
   0.0000000e+00
   0.0000000e+00
   0.0000000e+00
   0.0000000e+00
   0.0000000e+00
   0.0000000e+00
   0.0000000e+00
   0.0000000e+00
   0.0000000e+00
   0.0000000e+00
   0.0000000e+00
   0.0000000e+00
   0.0000000e+00
   0.0000000e+00
   0.0000000e+00
   0.0000000e+00
   0.0000000e+00
   0.0000000e+00
   0.0000000e+00
   0.0000000e+00
   0.0000000e+00
   0.0000000e+00
   0.0000000e+00
   0.0000000e+00
   0.0000000e+00
   0.0000000e+00
   0.0000000e+00
   0.0000000e+00
   0.0000000e+00
   0.0000000e+00
   0.0000000e+00
   0.0000000e+00
   0.0000000e+00
   0.0000000e+00
   0.0000000e+00
   0.0000000e+00
   0.0000000e+00
   0.0000000e+00
   0.0000000e+00
   0.0000000e+00
   0.0000000e+00
   0.0000000e+00
   0.0000000e+00
   0.0000000e+00
   0.0000000e+00
   0.0000000e+00
   0.0000000e+00
   0.0000000e+00
   0.0000000e+00
   0.0000000e+00
   0.0000000e+00
   0.0000000e+00
   0.0000000e+00
   0.0000000e+00
   0.0000000e+00
   0.0000000e+00
   0.0000000e+00
   0.0000000e+00
   0.0000000e+00
   0.0000000e+00
   0.0000000e+00
   0.0000000e+00
   0.0000000e+00
   0.0000000e+00
   0.0000000e+00
   0.0000000e+00
   0.0000000e+00
   0.0000000e+00
   0.0000000e+00
   0.0000000e+00
   0.0000000e+00
   0.0000000e+00
   0.0000000e+00
   0.0000000e+00
   0.0000000e+00
   0.0000000e+00
   0.0000000e+00
   0.0000000e+00
   0.0000000e+00
   0.0000000e+00
   0.0000000e+00
   0.0000000e+00
   0.0000000e+00
   0.0000000e+00
   0.0000000e+00
   0.0000000e+00
   0.0000000e+00
   0.0000000e+00
   0.0000000e+00
   0.0000000e+00
   0.0000000e+00
   0.0000000e+00
   0.0000000e+00
   0.0000000e+00
