  -1.5339548e-02
   1.2272552e-02
   2.4198311e-02
  -2.0452594e-03
  -1.5722847e-03
   4.6168068e-03
  -7.1509782e-04
   2.7239366e-03
  -1.3201838e-03
  -1.6865250e-03
  -2.5280653e-03
   2.2881167e-03
   1.1706294e-02
  -2.7695359e-03
   4.5657067e-03
  -4.4609216e-03
   4.6298995e-03
   1.0573545e-04
  -4.1533310e-03
   2.4678063e-03
   2.0816903e-02
   1.0745793e-02
   7.9237779e-03
   1.9634913e-02
   2.3191963e-02
   1.4765798e-02
   2.0116503e-02
   1.6508784e-02
   2.0886331e-02
   1.9684600e-02
   2.3006012e-02
   1.6230868e-02
   2.8186901e-03
   2.1163146e-02
   1.4924806e-02
   2.3802705e-02
   1.6160364e-02
   1.6165799e-02
   3.0838064e-02
   1.2198315e-02
   6.2259550e-02
   6.9228049e-02
   7.0250912e-02
   6.0031119e-02
   5.1287680e-02
   6.6838777e-02
   5.7440249e-02
   6.4792890e-02
   5.6214712e-02
   6.0370083e-02
   5.2489639e-02
   6.7331274e-02
   6.9818086e-02
   6.3176455e-02
   6.2082036e-02
   5.4568997e-02
   6.3477190e-02
   6.0392670e-02
   6.5739727e-02
   7.4808893e-03
   9.4182297e-02
   1.0892812e-01
   1.0144140e-01
   1.1431596e-01
   1.3557187e-01
   1.0245803e-01
   1.2220182e-01
   1.0868418e-01
   1.2152647e-01
   1.1568898e-01
   1.2561202e-01
   1.1025733e-01
   1.0633160e-01
   1.1141901e-01
   1.1412269e-01
   1.2352626e-01
   1.0915462e-01
   1.2216987e-01
   7.8197028e-02
   9.1860815e-04
   2.0535398e-01
   2.3380564e-01
   1.6509142e-01
   2.2525246e-01
   7.1051824e-02
   2.4865037e-01
   1.4508684e-01
   2.0461634e-01
   1.6411329e-01
   1.8295451e-01
   1.5335876e-01
   1.9296465e-01
   2.0239297e-01
   1.9200023e-01
   1.8570430e-01
   1.6689836e-01
   1.8043304e-01
   2.1782433e-01
   5.0357761e-02
   0.0000000e+00
   7.4276735e-02
   1.4819514e-01
   2.2669367e-01
   1.7188088e-01
   1.5363448e-02
   1.0369861e-01
   1.6590828e-01
   2.5410483e-01
   2.9924964e-01
   2.1290575e-01
   3.5316260e-01
   1.8527970e-01
   5.9985411e-02
   9.4745260e-02
   2.4751486e-01
   2.8240197e-01
   6.5262654e-02
   1.0562441e-02
   1.3396328e-03
   0.0000000e+00
   1.4146576e-04
   3.4872753e-04
   8.4910442e-02
   3.0938859e-01
   7.0933185e-02
   1.3591913e-05
   2.9785628e-03
   8.8900223e-03
   2.9443696e-02
   8.7325464e-02
   2.8865254e-01
   7.0245807e-02
   2.0789039e-05
   5.0229467e-04
   3.0912979e-03
   4.6893729e-03
   8.8164113e-04
   0.0000000e+00
   0.0000000e+00
   0.0000000e+00
   0.0000000e+00
   4.7629613e-06
   1.5456209e-01
   5.6821608e-01
   1.3054179e-01
   0.0000000e+00
   0.0000000e+00
   0.0000000e+00
   5.8085287e-09
   2.0336516e-03
   7.7909339e-03
   1.8654156e-03
   0.0000000e+00
   0.0000000e+00
   0.0000000e+00
   0.0000000e+00
   0.0000000e+00
   0.0000000e+00
   0.0000000e+00
   0.0000000e+00
   0.0000000e+00
   5.1233921e-07
   1.6625837e-02
   6.1121508e-02
   1.4042037e-02
   0.0000000e+00
   0.0000000e+00
   0.0000000e+00
   0.0000000e+00
   0.0000000e+00
   0.0000000e+00
   0.0000000e+00
   0.0000000e+00
   0.0000000e+00
   0.0000000e+00
   0.0000000e+00
   0.0000000e+00
   0.0000000e+00
   0.0000000e+00
   0.0000000e+00
   0.0000000e+00
   0.0000000e+00
   0.0000000e+00
   0.0000000e+00
   0.0000000e+00
   0.0000000e+00
   0.0000000e+00
   0.0000000e+00
   0.0000000e+00
   0.0000000e+00
   0.0000000e+00
   0.0000000e+00
   0.0000000e+00
   0.0000000e+00
   0.0000000e+00
   0.0000000e+00
   0.0000000e+00
   0.0000000e+00
   0.0000000e+00
   0.0000000e+00
   0.0000000e+00
   0.0000000e+00
   0.0000000e+00
   0.0000000e+00
   0.0000000e+00
   0.0000000e+00
   0.0000000e+00
   0.0000000e+00
   0.0000000e+00
   0.0000000e+00
   0.0000000e+00
   0.0000000e+00
   0.0000000e+00
   0.0000000e+00
   0.0000000e+00
   0.0000000e+00
   0.0000000e+00
   0.0000000e+00
   0.0000000e+00
   0.0000000e+00
   0.0000000e+00
   0.0000000e+00
   0.0000000e+00
   0.0000000e+00
   0.0000000e+00
   0.0000000e+00
   0.0000000e+00
   0.0000000e+00
   0.0000000e+00
   0.0000000e+00
   0.0000000e+00
   0.0000000e+00
   0.0000000e+00
   0.0000000e+00
   0.0000000e+00
   0.0000000e+00
   0.0000000e+00
   0.0000000e+00
   0.0000000e+00
   0.0000000e+00
   0.0000000e+00
   0.0000000e+00
   0.0000000e+00
   0.0000000e+00
   0.0000000e+00
   0.0000000e+00
   0.0000000e+00
   0.0000000e+00
   0.0000000e+00
   0.0000000e+00
   0.0000000e+00
   0.0000000e+00
   0.0000000e+00
   0.0000000e+00
   0.0000000e+00
   0.0000000e+00
   0.0000000e+00
   0.0000000e+00
   0.0000000e+00
   0.0000000e+00
   0.0000000e+00
   0.0000000e+00
   0.0000000e+00
   0.0000000e+00
   0.0000000e+00
   0.0000000e+00
   0.0000000e+00
   0.0000000e+00
   0.0000000e+00
   0.0000000e+00
   0.0000000e+00
   0.0000000e+00
   0.0000000e+00
   0.0000000e+00
   0.0000000e+00
   0.0000000e+00
   0.0000000e+00
   0.0000000e+00
   0.0000000e+00
   0.0000000e+00
   0.0000000e+00
   0.0000000e+00
   0.0000000e+00
   0.0000000e+00
   0.0000000e+00
   0.0000000e+00
   0.0000000e+00
   0.0000000e+00
   0.0000000e+00
   0.0000000e+00
   0.0000000e+00
   0.0000000e+00
   0.0000000e+00
   0.0000000e+00
   0.0000000e+00
   0.0000000e+00
   0.0000000e+00
   0.0000000e+00
   0.0000000e+00
   0.0000000e+00
   0.0000000e+00
   0.0000000e+00
   0.0000000e+00
   0.0000000e+00
   0.0000000e+00
   0.0000000e+00
   0.0000000e+00
   0.0000000e+00
   0.0000000e+00
   0.0000000e+00
   0.0000000e+00
   0.0000000e+00
   0.0000000e+00
   0.0000000e+00
   0.0000000e+00
   0.0000000e+00
   0.0000000e+00
   0.0000000e+00
   0.0000000e+00
   0.0000000e+00
   0.0000000e+00
   0.0000000e+00
   0.0000000e+00
   0.0000000e+00
   0.0000000e+00
   0.0000000e+00
   0.0000000e+00
   0.0000000e+00
   0.0000000e+00
   0.0000000e+00
   0.0000000e+00
   0.0000000e+00
   0.0000000e+00
   0.0000000e+00
   0.0000000e+00
   0.0000000e+00
   0.0000000e+00
   0.0000000e+00
   0.0000000e+00
   0.0000000e+00
   0.0000000e+00
   0.0000000e+00
   0.0000000e+00
   0.0000000e+00
   0.0000000e+00
   0.0000000e+00
   0.0000000e+00
   0.0000000e+00
   0.0000000e+00
   0.0000000e+00
   0.0000000e+00
   0.0000000e+00
   0.0000000e+00
   0.0000000e+00
   0.0000000e+00
   0.0000000e+00
   0.0000000e+00
   0.0000000e+00
   0.0000000e+00
   0.0000000e+00
   0.0000000e+00
   0.0000000e+00
   0.0000000e+00
   0.0000000e+00
   0.0000000e+00
   0.0000000e+00
   0.0000000e+00
   0.0000000e+00
   0.0000000e+00
   0.0000000e+00
   0.0000000e+00
   0.0000000e+00
   0.0000000e+00
   0.0000000e+00
   0.0000000e+00
   0.0000000e+00
   0.0000000e+00
   0.0000000e+00
   0.0000000e+00
   0.0000000e+00
   0.0000000e+00
   0.0000000e+00
   0.0000000e+00
   0.0000000e+00
   0.0000000e+00
   0.0000000e+00
   0.0000000e+00
   0.0000000e+00
   0.0000000e+00
   0.0000000e+00
   0.0000000e+00
   0.0000000e+00
   0.0000000e+00
   0.0000000e+00
   0.0000000e+00
   0.0000000e+00
   0.0000000e+00
   0.0000000e+00
   0.0000000e+00
   0.0000000e+00
