   4.2871581e-04
  -1.4926224e-03
   1.2796563e-03
  -2.0799136e-03
   3.9958243e-03
  -5.7198053e-04
  -9.3174462e-04
   2.5762967e-05
  -2.5107599e-04
   5.1399625e-04
  -6.9727954e-04
   5.1331827e-03
  -4.8098708e-03
   3.8570218e-03
  -7.6873168e-03
   2.4647783e-03
  -1.1224604e-03
  -5.5249812e-03
   2.7993861e-03
   2.7925265e-03
   1.9678552e-02
   2.1510545e-02
   1.8122082e-02
   2.2138945e-02
   1.6425145e-02
   2.0760639e-02
   2.1101812e-02
   1.9960720e-02
   1.9665791e-02
   1.9096680e-02
   1.9927904e-02
   1.6644652e-02
   2.0575037e-02
   1.6550127e-02
   2.4970481e-02
   1.9812012e-02
   1.5813069e-02
   3.0300562e-02
   1.5958340e-02
   6.3751728e-03
   5.7097030e-02
   5.7060612e-02
   5.9718339e-02
   5.5954889e-02
   6.2353231e-02
   5.6973868e-02
   5.7297904e-02
   5.6634925e-02
   5.9644087e-02
   5.8692096e-02
   5.9619490e-02
   6.0428032e-02
   5.8931791e-02
   6.3896661e-02
   5.2359230e-02
   5.5498298e-02
   7.0005664e-02
   3.5878127e-02
   7.5088172e-02
   2.1959166e-03
   1.2273625e-01
   1.2080858e-01
   1.1674085e-01
   1.2173314e-01
   1.1287092e-01
   1.2179688e-01
   1.1843393e-01
   1.2478582e-01
   1.1488835e-01
   1.1944847e-01
   1.1428730e-01
   1.1827041e-01
   1.1562677e-01
   1.1248984e-01
   1.2448578e-01
   1.2814731e-01
   9.5304914e-02
   1.6066205e-01
   8.1323114e-02
   3.6489881e-04
   3.5909765e-02
   1.8614703e-01
   1.7623243e-01
   1.6781507e-01
   1.8918882e-01
   1.5510345e-01
   1.7314245e-01
   1.6004729e-01
   1.8850090e-01
   1.6686562e-01
   1.9230248e-01
   1.6364563e-01
   1.9505463e-01
   1.8462037e-01
   1.6493304e-01
   1.5682552e-01
   2.2280954e-01
   8.5493323e-02
   7.3743971e-03
   8.8810361e-06
   4.2702258e-02
   2.9752733e-01
   2.0217089e-01
   2.7749432e-01
   1.9343523e-01
   2.7800520e-01
   3.6393259e-01
   1.5468037e-01
   1.8348718e-01
   2.7274872e-01
   1.7321530e-01
   2.8498691e-01
   2.1266944e-01
   5.7212164e-02
   3.0435388e-01
   2.3977515e-01
   1.5320985e-01
   1.0842674e-02
   1.7608561e-05
   0.0000000e+00
   3.6439109e-03
   3.1499258e-02
   2.0935591e-01
   3.4031350e-01
   3.5937469e-02
   3.9065298e-02
   2.0889495e-01
   1.6858496e-01
   4.7406825e-01
   1.5808896e-01
   2.0569639e-03
   7.1538280e-03
   6.1018831e-03
   4.7077887e-03
   3.8284411e-02
   1.9561095e-02
   1.5615516e-04
   3.6383970e-06
   0.0000000e+00
   0.0000000e+00
   0.0000000e+00
   4.5788658e-05
   2.0058420e-03
   3.2468616e-03
   2.9308098e-04
   4.0827076e-04
   2.5037689e-03
   6.8687283e-02
   3.5715547e-01
   1.1728463e-01
   6.9523536e-05
   0.0000000e+00
   0.0000000e+00
   0.0000000e+00
   0.0000000e+00
   0.0000000e+00
   0.0000000e+00
   0.0000000e+00
   0.0000000e+00
   0.0000000e+00
   0.0000000e+00
   0.0000000e+00
   0.0000000e+00
   0.0000000e+00
   0.0000000e+00
   0.0000000e+00
   0.0000000e+00
   1.6732610e-03
   8.8223095e-03
   2.8971319e-03
   1.7173508e-06
   0.0000000e+00
   0.0000000e+00
   0.0000000e+00
   0.0000000e+00
   0.0000000e+00
   0.0000000e+00
   0.0000000e+00
   0.0000000e+00
   0.0000000e+00
   0.0000000e+00
   0.0000000e+00
   0.0000000e+00
   0.0000000e+00
   0.0000000e+00
   0.0000000e+00
   0.0000000e+00
   0.0000000e+00
   0.0000000e+00
   0.0000000e+00
   0.0000000e+00
   0.0000000e+00
   0.0000000e+00
   0.0000000e+00
   0.0000000e+00
   0.0000000e+00
   0.0000000e+00
   0.0000000e+00
   0.0000000e+00
   0.0000000e+00
   0.0000000e+00
   0.0000000e+00
   0.0000000e+00
   0.0000000e+00
   0.0000000e+00
   0.0000000e+00
   0.0000000e+00
   0.0000000e+00
   0.0000000e+00
   0.0000000e+00
   0.0000000e+00
   0.0000000e+00
   0.0000000e+00
   0.0000000e+00
   0.0000000e+00
   0.0000000e+00
   0.0000000e+00
   0.0000000e+00
   0.0000000e+00
   0.0000000e+00
   0.0000000e+00
   0.0000000e+00
   0.0000000e+00
   0.0000000e+00
   0.0000000e+00
   0.0000000e+00
   0.0000000e+00
   0.0000000e+00
   0.0000000e+00
   0.0000000e+00
   0.0000000e+00
   0.0000000e+00
   0.0000000e+00
   0.0000000e+00
   0.0000000e+00
   0.0000000e+00
   0.0000000e+00
   0.0000000e+00
   0.0000000e+00
   0.0000000e+00
   0.0000000e+00
   0.0000000e+00
   0.0000000e+00
   0.0000000e+00
   0.0000000e+00
   0.0000000e+00
   0.0000000e+00
   0.0000000e+00
   0.0000000e+00
   0.0000000e+00
   0.0000000e+00
   0.0000000e+00
   0.0000000e+00
   0.0000000e+00
   0.0000000e+00
   0.0000000e+00
   0.0000000e+00
   0.0000000e+00
   0.0000000e+00
   0.0000000e+00
   0.0000000e+00
   0.0000000e+00
   0.0000000e+00
   0.0000000e+00
   0.0000000e+00
   0.0000000e+00
   0.0000000e+00
   0.0000000e+00
   0.0000000e+00
   0.0000000e+00
   0.0000000e+00
   0.0000000e+00
   0.0000000e+00
   0.0000000e+00
   0.0000000e+00
   0.0000000e+00
   0.0000000e+00
   0.0000000e+00
   0.0000000e+00
   0.0000000e+00
   0.0000000e+00
   0.0000000e+00
   0.0000000e+00
   0.0000000e+00
   0.0000000e+00
   0.0000000e+00
   0.0000000e+00
   0.0000000e+00
   0.0000000e+00
   0.0000000e+00
   0.0000000e+00
   0.0000000e+00
   0.0000000e+00
   0.0000000e+00
   0.0000000e+00
   0.0000000e+00
   0.0000000e+00
   0.0000000e+00
   0.0000000e+00
   0.0000000e+00
   0.0000000e+00
   0.0000000e+00
   0.0000000e+00
   0.0000000e+00
   0.0000000e+00
   0.0000000e+00
   0.0000000e+00
   0.0000000e+00
   0.0000000e+00
   0.0000000e+00
   0.0000000e+00
   0.0000000e+00
   0.0000000e+00
   0.0000000e+00
   0.0000000e+00
   0.0000000e+00
   0.0000000e+00
   0.0000000e+00
   0.0000000e+00
   0.0000000e+00
   0.0000000e+00
   0.0000000e+00
   0.0000000e+00
   0.0000000e+00
   0.0000000e+00
   0.0000000e+00
   0.0000000e+00
   0.0000000e+00
   0.0000000e+00
   0.0000000e+00
   0.0000000e+00
   0.0000000e+00
   0.0000000e+00
   0.0000000e+00
   0.0000000e+00
   0.0000000e+00
   0.0000000e+00
   0.0000000e+00
   0.0000000e+00
   0.0000000e+00
   0.0000000e+00
   0.0000000e+00
   0.0000000e+00
   0.0000000e+00
   0.0000000e+00
   0.0000000e+00
   0.0000000e+00
   0.0000000e+00
   0.0000000e+00
   0.0000000e+00
   0.0000000e+00
   0.0000000e+00
   0.0000000e+00
   0.0000000e+00
   0.0000000e+00
   0.0000000e+00
   0.0000000e+00
   0.0000000e+00
   0.0000000e+00
   0.0000000e+00
   0.0000000e+00
   0.0000000e+00
   0.0000000e+00
   0.0000000e+00
   0.0000000e+00
   0.0000000e+00
   0.0000000e+00
   0.0000000e+00
   0.0000000e+00
   0.0000000e+00
   0.0000000e+00
   0.0000000e+00
   0.0000000e+00
   0.0000000e+00
   0.0000000e+00
   0.0000000e+00
   0.0000000e+00
   0.0000000e+00
   0.0000000e+00
   0.0000000e+00
   0.0000000e+00
   0.0000000e+00
   0.0000000e+00
   0.0000000e+00
   0.0000000e+00
   0.0000000e+00
   0.0000000e+00
   0.0000000e+00
   0.0000000e+00
   0.0000000e+00
   0.0000000e+00
   0.0000000e+00
   0.0000000e+00
   0.0000000e+00
   0.0000000e+00
   0.0000000e+00
   0.0000000e+00
   0.0000000e+00
   0.0000000e+00
   0.0000000e+00
