   4.9120985e-06
  -1.5273783e-03
   2.1536887e-03
  -1.3749045e-03
  -5.5667959e-03
   1.2305808e-03
  -1.5417493e-03
  -1.3761382e-03
   2.2100268e-03
  -1.6114821e-03
   6.6520446e-03
  -3.5630627e-03
   3.9841377e-03
  -6.3548931e-03
  -4.3478782e-03
   1.6371069e-03
  -7.5336649e-03
   9.1183158e-03
  -7.2047936e-03
   0.0000000e+00
   5.2739526e-03
   1.2563628e-02
   2.0058395e-02
   2.3049191e-02
   1.7100109e-02
   1.8955359e-02
   2.2453821e-02
   1.9128748e-02
   1.8015909e-02
   1.8866513e-02
   1.7173670e-02
   1.2742851e-02
   2.3069376e-02
   1.6046865e-02
   2.6616486e-02
   2.2195407e-02
   2.8867017e-02
   8.0395654e-03
   6.2342928e-04
   0.0000000e+00
   6.2606769e-02
   6.3301728e-02
   5.6864782e-02
   5.4312011e-02
   6.2545720e-02
   5.7945978e-02
   5.6530251e-02
   5.9990045e-02
   6.1517147e-02
   6.1998389e-02
   6.0288417e-02
   7.0038414e-02
   5.5422788e-02
   6.0075341e-02
   5.3183695e-02
   5.0983021e-02
   4.9490554e-02
   6.1303491e-02
   2.7314629e-03
   0.0000000e+00
   1.2387411e-01
   1.1690199e-01
   1.2000961e-01
   1.2732082e-01
   1.1086989e-01
   1.2064915e-01
   1.2183626e-01
   1.1076786e-01
   1.1702310e-01
   1.1086695e-01
   1.1644599e-01
   1.0057626e-01
   1.1908600e-01
   1.2149228e-01
   1.2275070e-01
   1.2491107e-01
   1.3885670e-01
   1.1223410e-01
   2.9276644e-03
   0.0000000e+00
   6.9378293e-02
   1.7936806e-01
   1.4969820e-01
   1.7092559e-01
   1.8456981e-01
   1.7238105e-01
   1.5594701e-01
   2.0136008e-01
   1.7793781e-01
   2.0017794e-01
   1.8652965e-01
   1.9709120e-01
   2.0042771e-01
   1.7286037e-01
   1.6295875e-01
   1.6687211e-01
   9.3453091e-02
   2.5612168e-02
   1.5145109e-04
   0.0000000e+00
   3.5101536e-02
   3.5651458e-01
   3.0604907e-01
   6.0291966e-02
   1.8529789e-01
   3.6944867e-01
   9.7074461e-02
   1.7992881e-01
   1.4221475e-01
   1.7391355e-01
   8.0369991e-02
   3.1345082e-02
   4.1454145e-02
   3.2330174e-01
   2.2771979e-01
   3.2402186e-01
   3.0637741e-01
   3.2458886e-02
   0.0000000e+00
   0.0000000e+00
   3.1574883e-03
   9.8453320e-02
   1.0170269e-01
   1.6119277e-02
   1.0254596e-01
   3.1768847e-01
   1.1455320e-01
   4.1689058e-01
   3.3665149e-01
   4.4424490e-01
   8.7374412e-02
   0.0000000e+00
   3.8261846e-03
   5.3258149e-02
   8.1753134e-02
   1.4846500e-01
   6.4333220e-02
   4.5811565e-03
   0.0000000e+00
   0.0000000e+00
   2.6770565e-06
   8.7982801e-05
   9.1250811e-05
   1.6483314e-05
   4.1867431e-03
   1.2977485e-02
   1.1101347e-02
   6.7363603e-02
   6.0100715e-02
   8.9820199e-02
   1.7675152e-02
   0.0000000e+00
   0.0000000e+00
   5.7844298e-08
   6.3920961e-05
   1.8611901e-04
   3.3688542e-05
   0.0000000e+00
   0.0000000e+00
   0.0000000e+00
   0.0000000e+00
   0.0000000e+00
   0.0000000e+00
   0.0000000e+00
   0.0000000e+00
   0.0000000e+00
   0.0000000e+00
   0.0000000e+00
   0.0000000e+00
   0.0000000e+00
   0.0000000e+00
   0.0000000e+00
   0.0000000e+00
   0.0000000e+00
   0.0000000e+00
   0.0000000e+00
   0.0000000e+00
   0.0000000e+00
   0.0000000e+00
   0.0000000e+00
   0.0000000e+00
   0.0000000e+00
   0.0000000e+00
   0.0000000e+00
   0.0000000e+00
   0.0000000e+00
   0.0000000e+00
   0.0000000e+00
   0.0000000e+00
   0.0000000e+00
   0.0000000e+00
   0.0000000e+00
   0.0000000e+00
   0.0000000e+00
   0.0000000e+00
   0.0000000e+00
   0.0000000e+00
   0.0000000e+00
   0.0000000e+00
   0.0000000e+00
   0.0000000e+00
   0.0000000e+00
   0.0000000e+00
   0.0000000e+00
   0.0000000e+00
   0.0000000e+00
   0.0000000e+00
   0.0000000e+00
   0.0000000e+00
   0.0000000e+00
   0.0000000e+00
   0.0000000e+00
   0.0000000e+00
   0.0000000e+00
   0.0000000e+00
   0.0000000e+00
   0.0000000e+00
   0.0000000e+00
   0.0000000e+00
   0.0000000e+00
   0.0000000e+00
   0.0000000e+00
   0.0000000e+00
   0.0000000e+00
   0.0000000e+00
   0.0000000e+00
   0.0000000e+00
   0.0000000e+00
   0.0000000e+00
   0.0000000e+00
   0.0000000e+00
   0.0000000e+00
   0.0000000e+00
   0.0000000e+00
   0.0000000e+00
   0.0000000e+00
   0.0000000e+00
   0.0000000e+00
   0.0000000e+00
   0.0000000e+00
   0.0000000e+00
   0.0000000e+00
   0.0000000e+00
   0.0000000e+00
   0.0000000e+00
   0.0000000e+00
   0.0000000e+00
   0.0000000e+00
   0.0000000e+00
   0.0000000e+00
   0.0000000e+00
   0.0000000e+00
   0.0000000e+00
   0.0000000e+00
   0.0000000e+00
   0.0000000e+00
   0.0000000e+00
   0.0000000e+00
   0.0000000e+00
   0.0000000e+00
   0.0000000e+00
   0.0000000e+00
   0.0000000e+00
   0.0000000e+00
   0.0000000e+00
   0.0000000e+00
   0.0000000e+00
   0.0000000e+00
   0.0000000e+00
   0.0000000e+00
   0.0000000e+00
   0.0000000e+00
   0.0000000e+00
   0.0000000e+00
   0.0000000e+00
   0.0000000e+00
   0.0000000e+00
   0.0000000e+00
   0.0000000e+00
   0.0000000e+00
   0.0000000e+00
   0.0000000e+00
   0.0000000e+00
   0.0000000e+00
   0.0000000e+00
   0.0000000e+00
   0.0000000e+00
   0.0000000e+00
   0.0000000e+00
   0.0000000e+00
   0.0000000e+00
   0.0000000e+00
   0.0000000e+00
   0.0000000e+00
   0.0000000e+00
   0.0000000e+00
   0.0000000e+00
   0.0000000e+00
   0.0000000e+00
   0.0000000e+00
   0.0000000e+00
   0.0000000e+00
   0.0000000e+00
   0.0000000e+00
   0.0000000e+00
   0.0000000e+00
   0.0000000e+00
   0.0000000e+00
   0.0000000e+00
   0.0000000e+00
   0.0000000e+00
   0.0000000e+00
   0.0000000e+00
   0.0000000e+00
   0.0000000e+00
   0.0000000e+00
   0.0000000e+00
   0.0000000e+00
   0.0000000e+00
   0.0000000e+00
   0.0000000e+00
   0.0000000e+00
   0.0000000e+00
   0.0000000e+00
   0.0000000e+00
   0.0000000e+00
   0.0000000e+00
   0.0000000e+00
   0.0000000e+00
   0.0000000e+00
   0.0000000e+00
   0.0000000e+00
   0.0000000e+00
   0.0000000e+00
   0.0000000e+00
   0.0000000e+00
   0.0000000e+00
   0.0000000e+00
   0.0000000e+00
   0.0000000e+00
   0.0000000e+00
   0.0000000e+00
   0.0000000e+00
   0.0000000e+00
   0.0000000e+00
   0.0000000e+00
   0.0000000e+00
   0.0000000e+00
   0.0000000e+00
   0.0000000e+00
   0.0000000e+00
   0.0000000e+00
   0.0000000e+00
   0.0000000e+00
   0.0000000e+00
   0.0000000e+00
   0.0000000e+00
   0.0000000e+00
   0.0000000e+00
   0.0000000e+00
   0.0000000e+00
   0.0000000e+00
   0.0000000e+00
   0.0000000e+00
   0.0000000e+00
   0.0000000e+00
   0.0000000e+00
   0.0000000e+00
   0.0000000e+00
   0.0000000e+00
   0.0000000e+00
   0.0000000e+00
   0.0000000e+00
   0.0000000e+00
   0.0000000e+00
   0.0000000e+00
   0.0000000e+00
   0.0000000e+00
   0.0000000e+00
   0.0000000e+00
   0.0000000e+00
   0.0000000e+00
   0.0000000e+00
   0.0000000e+00
   0.0000000e+00
   0.0000000e+00
   0.0000000e+00
   0.0000000e+00
   0.0000000e+00
   0.0000000e+00
   0.0000000e+00
   0.0000000e+00
   0.0000000e+00
   0.0000000e+00
   0.0000000e+00
   0.0000000e+00
   0.0000000e+00
   0.0000000e+00
   0.0000000e+00
   0.0000000e+00
