   4.2157438e-06
   8.2150466e-05
  -7.2764815e-04
   5.3405674e-04
  -6.2363469e-04
   4.6056727e-05
   1.6200936e-04
   2.5720985e-04
  -1.4524254e-03
   6.1346246e-03
  -3.3903644e-03
   2.2474976e-03
  -7.4083503e-03
   6.4100715e-03
  -1.3238637e-03
  -1.2115276e-03
  -1.1517612e-03
   2.2985192e-04
   3.5594650e-03
   7.1090493e-04
   2.9327058e-02
   1.7384369e-02
   1.9054767e-02
   1.9322416e-02
   2.1720159e-02
   1.9708744e-02
   1.6892008e-02
   2.0930473e-02
   2.1764078e-02
   1.1402394e-02
   2.1123188e-02
   2.5151892e-02
   1.4962538e-02
   1.8371406e-02
   1.8364343e-02
   2.2672058e-02
   9.5783652e-03
   2.7631251e-02
   5.0462498e-02
   9.5064125e-03
   8.3406568e-02
   5.6475713e-02
   6.2059361e-02
   5.8962811e-02
   5.3711182e-02
   5.9644326e-02
   6.5834923e-02
   5.4790592e-02
   5.6517887e-02
   7.1334623e-02
   5.8893964e-02
   4.6358148e-02
   7.3773833e-02
   5.7833439e-02
   6.1325393e-02
   5.5186285e-02
   6.8735287e-02
   5.7725005e-02
   4.0646495e-02
   7.1030042e-03
   2.8482107e-02
   1.3687462e-01
   1.0458441e-01
   1.1823019e-01
   1.2666817e-01
   1.1482636e-01
   1.0557221e-01
   1.2716838e-01
   1.2021031e-01
   1.0050816e-01
   1.1252702e-01
   1.5006129e-01
   7.9064404e-02
   1.2718988e-01
   1.0981252e-01
   1.2552938e-01
   1.0039248e-01
   1.2955321e-01
   1.2651216e-02
   8.7448277e-04
   2.1408528e-02
   1.5446849e-01
   1.9435495e-01
   1.9451931e-01
   1.1592287e-01
   2.2803980e-01
   2.0875226e-01
   1.5516026e-01
   1.6812648e-01
   2.1290784e-01
   1.7784098e-01
   1.2242581e-01
   2.4671426e-01
   1.6119398e-01
   1.8848345e-01
   1.6950128e-01
   2.0486410e-01
   1.9630584e-01
   1.0871791e-02
   0.0000000e+00
   3.3544650e-01
   2.7779865e-01
   4.1389465e-02
   9.1607896e-03
   7.1244115e-03
   4.0642836e-02
   8.7213629e-02
   3.5091706e-01
   1.8493354e-01
   1.2420185e-01
   6.0934816e-02
   6.1243637e-03
   1.0210161e-01
   2.5538342e-01
   2.3430305e-01
   2.3632300e-02
   2.1229905e-02
   1.7105129e-02
   8.5086824e-04
   0.0000000e+00
   2.6954811e-01
   2.1840139e-01
   2.5485768e-02
   6.2185217e-04
   0.0000000e+00
  -1.8128139e-12
   4.3179711e-02
   3.1546578e-01
   1.3997239e-01
   6.3035264e-04
   0.0000000e+00
   1.0425798e-05
   3.4622289e-04
   9.8336828e-02
   3.1563605e-01
   6.4026637e-02
   0.0000000e+00
   0.0000000e+00
   0.0000000e+00
   0.0000000e+00
   7.6217769e-03
   6.1755456e-03
   7.2063884e-04
   1.7583572e-05
   0.0000000e+00
   0.0000000e+00
   1.0616228e-03
   7.7559349e-03
   3.4412789e-03
   1.5497289e-05
   0.0000000e+00
   0.0000000e+00
   4.2908431e-05
   1.7188509e-01
   5.6257152e-01
   1.1491369e-01
   0.0000000e+00
   0.0000000e+00
   0.0000000e+00
   0.0000000e+00
   0.0000000e+00
   0.0000000e+00
   0.0000000e+00
   0.0000000e+00
   0.0000000e+00
   0.0000000e+00
   0.0000000e+00
   0.0000000e+00
   0.0000000e+00
   0.0000000e+00
   0.0000000e+00
   0.0000000e+00
   4.4862816e-06
   1.7971408e-02
   5.8819542e-02
   1.2014775e-02
   0.0000000e+00
   0.0000000e+00
   0.0000000e+00
   0.0000000e+00
   0.0000000e+00
   0.0000000e+00
   0.0000000e+00
   0.0000000e+00
   0.0000000e+00
   0.0000000e+00
   0.0000000e+00
   0.0000000e+00
   0.0000000e+00
   0.0000000e+00
   0.0000000e+00
   0.0000000e+00
   0.0000000e+00
   0.0000000e+00
   0.0000000e+00
   0.0000000e+00
   0.0000000e+00
   0.0000000e+00
   0.0000000e+00
   0.0000000e+00
   0.0000000e+00
   0.0000000e+00
   0.0000000e+00
   0.0000000e+00
   0.0000000e+00
   0.0000000e+00
   0.0000000e+00
   0.0000000e+00
   0.0000000e+00
   0.0000000e+00
   0.0000000e+00
   0.0000000e+00
   0.0000000e+00
   0.0000000e+00
   0.0000000e+00
   0.0000000e+00
   0.0000000e+00
   0.0000000e+00
   0.0000000e+00
   0.0000000e+00
   0.0000000e+00
   0.0000000e+00
   0.0000000e+00
   0.0000000e+00
   0.0000000e+00
   0.0000000e+00
   0.0000000e+00
   0.0000000e+00
   0.0000000e+00
   0.0000000e+00
   0.0000000e+00
   0.0000000e+00
   0.0000000e+00
   0.0000000e+00
   0.0000000e+00
   0.0000000e+00
   0.0000000e+00
   0.0000000e+00
   0.0000000e+00
   0.0000000e+00
   0.0000000e+00
   0.0000000e+00
   0.0000000e+00
   0.0000000e+00
   0.0000000e+00
   0.0000000e+00
   0.0000000e+00
   0.0000000e+00
   0.0000000e+00
   0.0000000e+00
   0.0000000e+00
   0.0000000e+00
   0.0000000e+00
   0.0000000e+00
   0.0000000e+00
   0.0000000e+00
   0.0000000e+00
   0.0000000e+00
   0.0000000e+00
   0.0000000e+00
   0.0000000e+00
   0.0000000e+00
   0.0000000e+00
   0.0000000e+00
   0.0000000e+00
   0.0000000e+00
   0.0000000e+00
   0.0000000e+00
   0.0000000e+00
   0.0000000e+00
   0.0000000e+00
   0.0000000e+00
   0.0000000e+00
   0.0000000e+00
   0.0000000e+00
   0.0000000e+00
   0.0000000e+00
   0.0000000e+00
   0.0000000e+00
   0.0000000e+00
   0.0000000e+00
   0.0000000e+00
   0.0000000e+00
   0.0000000e+00
   0.0000000e+00
   0.0000000e+00
   0.0000000e+00
   0.0000000e+00
   0.0000000e+00
   0.0000000e+00
   0.0000000e+00
   0.0000000e+00
   0.0000000e+00
   0.0000000e+00
   0.0000000e+00
   0.0000000e+00
   0.0000000e+00
   0.0000000e+00
   0.0000000e+00
   0.0000000e+00
   0.0000000e+00
   0.0000000e+00
   0.0000000e+00
   0.0000000e+00
   0.0000000e+00
   0.0000000e+00
   0.0000000e+00
   0.0000000e+00
   0.0000000e+00
   0.0000000e+00
   0.0000000e+00
   0.0000000e+00
   0.0000000e+00
   0.0000000e+00
   0.0000000e+00
   0.0000000e+00
   0.0000000e+00
   0.0000000e+00
   0.0000000e+00
   0.0000000e+00
   0.0000000e+00
   0.0000000e+00
   0.0000000e+00
   0.0000000e+00
   0.0000000e+00
   0.0000000e+00
   0.0000000e+00
   0.0000000e+00
   0.0000000e+00
   0.0000000e+00
   0.0000000e+00
   0.0000000e+00
   0.0000000e+00
   0.0000000e+00
   0.0000000e+00
   0.0000000e+00
   0.0000000e+00
   0.0000000e+00
   0.0000000e+00
   0.0000000e+00
   0.0000000e+00
   0.0000000e+00
   0.0000000e+00
   0.0000000e+00
   0.0000000e+00
   0.0000000e+00
   0.0000000e+00
   0.0000000e+00
   0.0000000e+00
   0.0000000e+00
   0.0000000e+00
   0.0000000e+00
   0.0000000e+00
   0.0000000e+00
   0.0000000e+00
   0.0000000e+00
   0.0000000e+00
   0.0000000e+00
   0.0000000e+00
   0.0000000e+00
   0.0000000e+00
   0.0000000e+00
   0.0000000e+00
   0.0000000e+00
   0.0000000e+00
   0.0000000e+00
   0.0000000e+00
   0.0000000e+00
   0.0000000e+00
   0.0000000e+00
   0.0000000e+00
   0.0000000e+00
   0.0000000e+00
   0.0000000e+00
   0.0000000e+00
   0.0000000e+00
   0.0000000e+00
   0.0000000e+00
   0.0000000e+00
   0.0000000e+00
   0.0000000e+00
   0.0000000e+00
   0.0000000e+00
   0.0000000e+00
   0.0000000e+00
   0.0000000e+00
   0.0000000e+00
   0.0000000e+00
   0.0000000e+00
   0.0000000e+00
   0.0000000e+00
   0.0000000e+00
   0.0000000e+00
   0.0000000e+00
   0.0000000e+00
   0.0000000e+00
   0.0000000e+00
   0.0000000e+00
   0.0000000e+00
   0.0000000e+00
