  -1.2806356e-03
  -3.1349221e-03
   1.8830005e-03
  -1.5768350e-03
  -7.5365793e-04
   2.0262382e-03
  -1.2168758e-02
   3.4083543e-03
  -2.5786946e-03
   4.7697284e-03
  -1.7189139e-03
   1.9353027e-03
  -6.3617645e-03
   1.7195869e-03
  -1.9690347e-03
   4.7824174e-03
   6.0509483e-04
  -2.7046605e-03
   4.5944141e-03
   1.3193556e-04
   3.0968587e-03
   2.1772028e-02
   1.6536984e-02
   2.2833444e-02
   2.0517846e-02
   1.1208165e-02
   4.0903503e-02
   1.7886729e-02
   2.0263471e-02
   1.7598134e-02
   1.9695144e-02
   1.8209579e-02
   2.5829444e-02
   1.8420648e-02
   2.0517161e-02
   1.8092569e-02
   1.6986792e-02
   2.4113663e-02
   4.5928363e-02
   1.2439802e-03
   7.6456537e-03
   8.1600210e-02
   6.5165634e-02
   4.9790370e-02
   6.4655726e-02
   7.3052234e-02
   3.0145837e-02
   5.7224384e-02
   6.0525352e-02
   6.0777036e-02
   5.9247975e-02
   6.0436374e-02
   5.0151011e-02
   6.0172897e-02
   5.8735137e-02
   5.9061938e-02
   6.5411336e-02
   4.8124565e-02
   3.1090930e-02
   7.9236518e-04
   2.2101394e-03
   3.7560230e-02
   1.0986937e-01
   1.3483032e-01
   1.0572647e-01
   1.1200982e-01
   1.3730449e-01
   1.2448142e-01
   1.1422585e-01
   1.1439667e-01
   1.1627679e-01
   1.1586938e-01
   1.2935603e-01
   1.1718377e-01
   1.1574827e-01
   1.2091710e-01
   9.9801573e-02
   1.4563051e-01
   1.5309122e-02
   8.6014349e-05
   1.1589819e-02
   2.2391237e-01
   2.3345768e-01
   8.1549871e-02
   2.3497914e-01
   1.5466248e-01
   1.4857588e-01
   2.0504233e-01
   1.4143143e-01
   2.2620082e-01
   1.7500539e-01
   1.8581925e-01
   1.3576180e-01
   1.7379010e-01
   1.8418992e-01
   1.6598956e-01
   1.9588606e-01
   1.7808775e-01
   8.2374680e-03
   0.0000000e+00
   1.3499232e-02
   2.5213392e-01
   2.2068215e-01
   3.5996313e-02
   1.1089657e-01
   2.8420104e-01
   3.5448401e-01
   4.3011719e-02
   1.0012586e-02
   3.2879772e-02
   1.1786333e-01
   3.1588207e-01
   2.7579144e-01
   3.1415095e-01
   1.5195239e-01
   3.2468853e-01
   2.1834493e-01
   2.9336892e-02
   4.8703716e-04
   0.0000000e+00
   7.6108509e-04
   1.4107671e-02
   1.2028783e-02
   1.6526182e-03
   2.2225682e-03
   1.3124623e-01
   2.1878478e-01
   2.0849285e-02
   0.0000000e+00
   1.0760083e-05
   1.2647752e-02
   3.9752148e-02
   4.8953805e-02
   4.0653838e-02
   1.1299979e-02
   5.1881018e-02
   3.0620807e-02
   3.9883019e-04
   0.0000000e+00
   0.0000000e+00
   0.0000000e+00
   0.0000000e+00
   0.0000000e+00
   0.0000000e+00
   2.3837315e-05
   1.7772355e-03
   2.9752666e-03
   2.8357136e-04
   0.0000000e+00
   0.0000000e+00
   0.0000000e+00
   0.0000000e+00
   0.0000000e+00
   0.0000000e+00
   0.0000000e+00
   0.0000000e+00
   0.0000000e+00
   0.0000000e+00
   0.0000000e+00
   0.0000000e+00
   0.0000000e+00
   0.0000000e+00
   0.0000000e+00
   0.0000000e+00
   0.0000000e+00
   0.0000000e+00
   0.0000000e+00
   0.0000000e+00
   0.0000000e+00
   0.0000000e+00
   0.0000000e+00
   0.0000000e+00
   0.0000000e+00
   0.0000000e+00
   0.0000000e+00
   0.0000000e+00
   0.0000000e+00
   0.0000000e+00
   0.0000000e+00
   0.0000000e+00
   0.0000000e+00
   0.0000000e+00
   0.0000000e+00
   0.0000000e+00
   0.0000000e+00
   0.0000000e+00
   0.0000000e+00
   0.0000000e+00
   0.0000000e+00
   0.0000000e+00
   0.0000000e+00
   0.0000000e+00
   0.0000000e+00
   0.0000000e+00
   0.0000000e+00
   0.0000000e+00
   0.0000000e+00
   0.0000000e+00
   0.0000000e+00
   0.0000000e+00
   0.0000000e+00
   0.0000000e+00
   0.0000000e+00
   0.0000000e+00
   0.0000000e+00
   0.0000000e+00
   0.0000000e+00
   0.0000000e+00
   0.0000000e+00
   0.0000000e+00
   0.0000000e+00
   0.0000000e+00
   0.0000000e+00
   0.0000000e+00
   0.0000000e+00
   0.0000000e+00
   0.0000000e+00
   0.0000000e+00
   0.0000000e+00
   0.0000000e+00
   0.0000000e+00
   0.0000000e+00
   0.0000000e+00
   0.0000000e+00
   0.0000000e+00
   0.0000000e+00
   0.0000000e+00
   0.0000000e+00
   0.0000000e+00
   0.0000000e+00
   0.0000000e+00
   0.0000000e+00
   0.0000000e+00
   0.0000000e+00
   0.0000000e+00
   0.0000000e+00
   0.0000000e+00
   0.0000000e+00
   0.0000000e+00
   0.0000000e+00
   0.0000000e+00
   0.0000000e+00
   0.0000000e+00
   0.0000000e+00
   0.0000000e+00
   0.0000000e+00
   0.0000000e+00
   0.0000000e+00
   0.0000000e+00
   0.0000000e+00
   0.0000000e+00
   0.0000000e+00
   0.0000000e+00
   0.0000000e+00
   0.0000000e+00
   0.0000000e+00
   0.0000000e+00
   0.0000000e+00
   0.0000000e+00
   0.0000000e+00
   0.0000000e+00
   0.0000000e+00
   0.0000000e+00
   0.0000000e+00
   0.0000000e+00
   0.0000000e+00
   0.0000000e+00
   0.0000000e+00
   0.0000000e+00
   0.0000000e+00
   0.0000000e+00
   0.0000000e+00
   0.0000000e+00
   0.0000000e+00
   0.0000000e+00
   0.0000000e+00
   0.0000000e+00
   0.0000000e+00
   0.0000000e+00
   0.0000000e+00
   0.0000000e+00
   0.0000000e+00
   0.0000000e+00
   0.0000000e+00
   0.0000000e+00
   0.0000000e+00
   0.0000000e+00
   0.0000000e+00
   0.0000000e+00
   0.0000000e+00
   0.0000000e+00
   0.0000000e+00
   0.0000000e+00
   0.0000000e+00
   0.0000000e+00
   0.0000000e+00
   0.0000000e+00
   0.0000000e+00
   0.0000000e+00
   0.0000000e+00
   0.0000000e+00
   0.0000000e+00
   0.0000000e+00
   0.0000000e+00
   0.0000000e+00
   0.0000000e+00
   0.0000000e+00
   0.0000000e+00
   0.0000000e+00
   0.0000000e+00
   0.0000000e+00
   0.0000000e+00
   0.0000000e+00
   0.0000000e+00
   0.0000000e+00
   0.0000000e+00
   0.0000000e+00
   0.0000000e+00
   0.0000000e+00
   0.0000000e+00
   0.0000000e+00
   0.0000000e+00
   0.0000000e+00
   0.0000000e+00
   0.0000000e+00
   0.0000000e+00
   0.0000000e+00
   0.0000000e+00
   0.0000000e+00
   0.0000000e+00
   0.0000000e+00
   0.0000000e+00
   0.0000000e+00
   0.0000000e+00
   0.0000000e+00
   0.0000000e+00
   0.0000000e+00
   0.0000000e+00
   0.0000000e+00
   0.0000000e+00
   0.0000000e+00
   0.0000000e+00
   0.0000000e+00
   0.0000000e+00
   0.0000000e+00
   0.0000000e+00
   0.0000000e+00
   0.0000000e+00
   0.0000000e+00
   0.0000000e+00
   0.0000000e+00
   0.0000000e+00
   0.0000000e+00
   0.0000000e+00
   0.0000000e+00
   0.0000000e+00
   0.0000000e+00
   0.0000000e+00
   0.0000000e+00
   0.0000000e+00
   0.0000000e+00
   0.0000000e+00
   0.0000000e+00
   0.0000000e+00
   0.0000000e+00
   0.0000000e+00
   0.0000000e+00
   0.0000000e+00
   0.0000000e+00
   0.0000000e+00
   0.0000000e+00
   0.0000000e+00
   0.0000000e+00
   0.0000000e+00
   0.0000000e+00
   0.0000000e+00
   0.0000000e+00
   0.0000000e+00
   0.0000000e+00
   0.0000000e+00
   0.0000000e+00
   0.0000000e+00
   0.0000000e+00
   0.0000000e+00
   0.0000000e+00
   0.0000000e+00
   0.0000000e+00
   0.0000000e+00
   0.0000000e+00
   0.0000000e+00
   0.0000000e+00
   0.0000000e+00
   0.0000000e+00
   0.0000000e+00
   0.0000000e+00
   0.0000000e+00
   0.0000000e+00
   0.0000000e+00
   0.0000000e+00
   0.0000000e+00
