  -2.2634010e-02
  -1.2451880e-02
  -4.7524373e-03
  -1.1693146e-03
   3.3122999e-03
   2.4126219e-03
   1.5343164e-02
   6.1731157e-03
  -4.1007204e-03
   8.9339546e-03
  -1.3290262e-04
  -1.0548501e-03
   1.2506833e-03
  -2.2944262e-03
   5.3158055e-03
   1.0519701e-02
  -6.8712859e-04
  -2.2950636e-03
  -1.9484691e-02
  -1.1128676e-03
   3.2928556e-02
   2.6732575e-02
   2.6435839e-02
   1.8534497e-02
   1.5721376e-02
   2.0664720e-02
   8.0245328e-03
   1.5714602e-02
   2.4408729e-02
  -4.0129066e-03
   3.7779118e-02
   1.5244748e-02
   1.9575975e-02
   2.1028807e-02
   1.6779433e-02
   3.3264235e-03
   2.2239439e-02
   2.2030673e-02
   1.7507547e-02
   4.5764488e-02
   6.0950922e-02
   4.7167356e-02
   5.2776297e-02
   6.7281990e-02
   6.1494463e-02
   5.9203945e-02
   6.8306871e-02
   6.0536263e-02
   5.5654538e-02
   7.8151999e-02
   4.2591832e-02
   6.2402879e-02
   6.0459930e-02
   5.5726970e-02
   6.4528912e-02
   7.5886759e-02
   5.4100747e-02
   6.0698226e-02
   6.5853456e-02
   3.9539526e-02
   1.0877362e-02
   1.2959632e-01
   1.1968177e-01
   1.0918518e-01
   1.1307502e-01
   1.1663104e-01
   1.0810408e-01
   1.1623517e-01
   1.2148202e-01
   9.8379840e-02
   1.3175216e-01
   1.1447775e-01
   1.1515255e-01
   1.2216916e-01
   1.1031371e-01
   8.1138916e-02
   1.3637094e-01
   1.0472451e-01
   5.9171522e-02
   4.8957590e-03
   1.5862906e-01
   1.8144451e-01
   1.5660697e-01
   1.9441550e-01
   1.9952295e-01
   1.7901380e-01
   1.9796106e-01
   1.7554364e-01
   1.7210532e-01
   2.0255802e-01
   1.5599459e-01
   1.7760298e-01
   1.8665596e-01
   1.5927237e-01
   2.1039308e-01
   2.2172118e-01
   1.4860610e-01
   2.3007610e-01
   4.2715615e-02
   0.0000000e+00
   2.4609003e-01
   3.6157691e-01
   1.9949196e-01
   1.2357443e-01
   1.1689354e-01
   2.0360892e-02
   1.4216338e-01
   3.1459781e-01
   1.6957928e-01
   2.1400920e-01
   2.0995400e-01
   2.7788192e-01
   1.8619627e-01
   3.0211846e-01
   1.1893961e-01
   2.4535331e-01
   1.2584733e-01
   6.6020366e-03
   8.5293689e-04
   0.0000000e+00
   2.1717022e-02
   8.3471466e-02
   4.7271495e-02
   4.7586611e-03
   0.0000000e+00
   3.4237315e-05
   1.0750064e-02
   2.5981795e-02
   3.9256915e-03
   1.9618863e-04
   7.0859378e-03
   1.3542234e-02
   1.8219487e-01
   3.9487511e-01
   5.2258360e-02
   1.9950680e-03
   1.0249081e-03
   8.4912274e-06
   0.0000000e+00
   0.0000000e+00
   0.0000000e+00
   0.0000000e+00
   0.0000000e+00
   0.0000000e+00
   0.0000000e+00
   0.0000000e+00
   0.0000000e+00
   0.0000000e+00
   0.0000000e+00
   0.0000000e+00
   0.0000000e+00
   6.9622785e-05
   1.3098016e-02
   2.8446541e-02
   3.7314124e-03
   0.0000000e+00
   0.0000000e+00
   0.0000000e+00
   0.0000000e+00
   0.0000000e+00
   0.0000000e+00
   0.0000000e+00
   0.0000000e+00
   0.0000000e+00
   0.0000000e+00
   0.0000000e+00
   0.0000000e+00
   0.0000000e+00
   0.0000000e+00
   0.0000000e+00
   0.0000000e+00
   0.0000000e+00
   0.0000000e+00
   0.0000000e+00
   0.0000000e+00
   0.0000000e+00
   0.0000000e+00
   0.0000000e+00
   0.0000000e+00
   0.0000000e+00
   0.0000000e+00
   0.0000000e+00
   0.0000000e+00
   0.0000000e+00
   0.0000000e+00
   0.0000000e+00
   0.0000000e+00
   0.0000000e+00
   0.0000000e+00
   0.0000000e+00
   0.0000000e+00
   0.0000000e+00
   0.0000000e+00
   0.0000000e+00
   0.0000000e+00
   0.0000000e+00
   0.0000000e+00
   0.0000000e+00
   0.0000000e+00
   0.0000000e+00
   0.0000000e+00
   0.0000000e+00
   0.0000000e+00
   0.0000000e+00
   0.0000000e+00
   0.0000000e+00
   0.0000000e+00
   0.0000000e+00
   0.0000000e+00
   0.0000000e+00
   0.0000000e+00
   0.0000000e+00
   0.0000000e+00
   0.0000000e+00
   0.0000000e+00
   0.0000000e+00
   0.0000000e+00
   0.0000000e+00
   0.0000000e+00
   0.0000000e+00
   0.0000000e+00
   0.0000000e+00
   0.0000000e+00
   0.0000000e+00
   0.0000000e+00
   0.0000000e+00
   0.0000000e+00
   0.0000000e+00
   0.0000000e+00
   0.0000000e+00
   0.0000000e+00
   0.0000000e+00
   0.0000000e+00
   0.0000000e+00
   0.0000000e+00
   0.0000000e+00
   0.0000000e+00
   0.0000000e+00
   0.0000000e+00
   0.0000000e+00
   0.0000000e+00
   0.0000000e+00
   0.0000000e+00
   0.0000000e+00
   0.0000000e+00
   0.0000000e+00
   0.0000000e+00
   0.0000000e+00
   0.0000000e+00
   0.0000000e+00
   0.0000000e+00
   0.0000000e+00
   0.0000000e+00
   0.0000000e+00
   0.0000000e+00
   0.0000000e+00
   0.0000000e+00
   0.0000000e+00
   0.0000000e+00
   0.0000000e+00
   0.0000000e+00
   0.0000000e+00
   0.0000000e+00
   0.0000000e+00
   0.0000000e+00
   0.0000000e+00
   0.0000000e+00
   0.0000000e+00
   0.0000000e+00
   0.0000000e+00
   0.0000000e+00
   0.0000000e+00
   0.0000000e+00
   0.0000000e+00
   0.0000000e+00
   0.0000000e+00
   0.0000000e+00
   0.0000000e+00
   0.0000000e+00
   0.0000000e+00
   0.0000000e+00
   0.0000000e+00
   0.0000000e+00
   0.0000000e+00
   0.0000000e+00
   0.0000000e+00
   0.0000000e+00
   0.0000000e+00
   0.0000000e+00
   0.0000000e+00
   0.0000000e+00
   0.0000000e+00
   0.0000000e+00
   0.0000000e+00
   0.0000000e+00
   0.0000000e+00
   0.0000000e+00
   0.0000000e+00
   0.0000000e+00
   0.0000000e+00
   0.0000000e+00
   0.0000000e+00
   0.0000000e+00
   0.0000000e+00
   0.0000000e+00
   0.0000000e+00
   0.0000000e+00
   0.0000000e+00
   0.0000000e+00
   0.0000000e+00
   0.0000000e+00
   0.0000000e+00
   0.0000000e+00
   0.0000000e+00
   0.0000000e+00
   0.0000000e+00
   0.0000000e+00
   0.0000000e+00
   0.0000000e+00
   0.0000000e+00
   0.0000000e+00
   0.0000000e+00
   0.0000000e+00
   0.0000000e+00
   0.0000000e+00
   0.0000000e+00
   0.0000000e+00
   0.0000000e+00
   0.0000000e+00
   0.0000000e+00
   0.0000000e+00
   0.0000000e+00
   0.0000000e+00
   0.0000000e+00
   0.0000000e+00
   0.0000000e+00
   0.0000000e+00
   0.0000000e+00
   0.0000000e+00
   0.0000000e+00
   0.0000000e+00
   0.0000000e+00
   0.0000000e+00
   0.0000000e+00
   0.0000000e+00
   0.0000000e+00
   0.0000000e+00
   0.0000000e+00
   0.0000000e+00
   0.0000000e+00
   0.0000000e+00
   0.0000000e+00
   0.0000000e+00
   0.0000000e+00
   0.0000000e+00
   0.0000000e+00
   0.0000000e+00
   0.0000000e+00
   0.0000000e+00
   0.0000000e+00
   0.0000000e+00
   0.0000000e+00
   0.0000000e+00
   0.0000000e+00
   0.0000000e+00
   0.0000000e+00
   0.0000000e+00
   0.0000000e+00
   0.0000000e+00
   0.0000000e+00
   0.0000000e+00
   0.0000000e+00
   0.0000000e+00
   0.0000000e+00
   0.0000000e+00
   0.0000000e+00
   0.0000000e+00
   0.0000000e+00
   0.0000000e+00
   0.0000000e+00
   0.0000000e+00
   0.0000000e+00
   0.0000000e+00
   0.0000000e+00
   0.0000000e+00
   0.0000000e+00
   0.0000000e+00
   0.0000000e+00
   0.0000000e+00
   0.0000000e+00
   0.0000000e+00
   0.0000000e+00
   0.0000000e+00
   0.0000000e+00
   0.0000000e+00
   0.0000000e+00
   0.0000000e+00
   0.0000000e+00
   0.0000000e+00
   0.0000000e+00
