  -3.4073729e-03
   7.6085700e-03
   5.8766436e-03
   4.5158871e-03
  -2.0430086e-03
  -8.3135747e-03
   6.1954044e-03
   8.7535687e-04
  -2.2095159e-03
   2.8286299e-03
  -2.1445440e-03
  -1.0426544e-03
   1.6586260e-03
   2.0731619e-03
  -3.6125970e-03
   5.1563087e-03
  -1.6256928e-03
   1.3061337e-03
   2.4152966e-03
   9.4659330e-04
   2.1027912e-02
   1.2402928e-02
   1.5107795e-02
   1.5304389e-02
   2.6527627e-02
   2.0910238e-02
   1.4427321e-02
   1.5261470e-02
   2.3870596e-02
   1.5613882e-02
   2.2939182e-02
   1.8798915e-02
   2.1825539e-02
   1.5388847e-02
   2.5906733e-02
   1.1082865e-02
   2.5889820e-02
   1.3468460e-02
   1.0959134e-02
   1.5046151e-02
   5.8150354e-02
   6.6409875e-02
   7.0126955e-02
   6.3885329e-02
   5.0574669e-02
   5.4433901e-02
   7.3827312e-02
   6.1794551e-02
   5.4121316e-02
   6.4481247e-02
   5.2940378e-02
   6.0909365e-02
   5.4490704e-02
   6.5314173e-02
   5.1485169e-02
   7.1182906e-02
   5.0368796e-02
   6.0729454e-02
   9.4926587e-02
   2.7299149e-02
   1.1164808e-01
   1.1737045e-01
   8.2672087e-02
   1.1082615e-01
   1.3047060e-01
   1.2595081e-01
   9.3534023e-02
   1.1702244e-01
   1.2408695e-01
   1.0919462e-01
   1.2807420e-01
   1.1418478e-01
   1.2331080e-01
   1.1220527e-01
   1.2281316e-01
   1.0710267e-01
   1.2213578e-01
   1.2702249e-01
   4.4500975e-02
   5.2441674e-03
   1.9564964e-01
   2.1523317e-01
   2.2253142e-01
   2.3398860e-01
   1.0100722e-01
   1.6544282e-01
   2.2640997e-01
   1.7848502e-01
   1.6072058e-01
   1.9585907e-01
   1.6089507e-01
   1.8098274e-01
   1.6366513e-01
   1.7672035e-01
   1.7977650e-01
   1.8026502e-01
   1.9988015e-01
   1.9802416e-01
   1.8252453e-02
   0.0000000e+00
   2.2795228e-01
   2.3951718e-01
   1.9513363e-01
   1.6111197e-01
   2.0050417e-01
   2.1433510e-01
   1.5328362e-01
   2.1383306e-01
   3.4336564e-01
   1.3903312e-01
   2.8616393e-01
   2.2136280e-01
   2.9687152e-01
   2.5950271e-01
   1.0706794e-01
   2.9246491e-01
   1.2861802e-01
   2.1503158e-02
   1.8464264e-03
   0.0000000e+00
   1.4450445e-02
   1.4021578e-02
   7.8430266e-03
   1.5927699e-02
   3.4163717e-01
   3.7492942e-01
   2.0096594e-02
   1.2807590e-02
   6.3350510e-02
   5.4163399e-02
   3.4027975e-01
   1.9850554e-01
   5.5717938e-02
   4.3682150e-02
   1.7419687e-03
   2.0180920e-03
   7.6142371e-04
   1.6852987e-05
   0.0000000e+00
   0.0000000e+00
   0.0000000e+00
   0.0000000e+00
   0.0000000e+00
   1.3552587e-03
   3.7131149e-02
   4.0779251e-02
   2.0868884e-03
   0.0000000e+00
   0.0000000e+00
   8.0475198e-04
   7.8509202e-03
   4.4316901e-03
   4.9989935e-05
   0.0000000e+00
   0.0000000e+00
   0.0000000e+00
   0.0000000e+00
   0.0000000e+00
   0.0000000e+00
   0.0000000e+00
   0.0000000e+00
   0.0000000e+00
   0.0000000e+00
   0.0000000e+00
   0.0000000e+00
   0.0000000e+00
   0.0000000e+00
   0.0000000e+00
   0.0000000e+00
   0.0000000e+00
   0.0000000e+00
   0.0000000e+00
   0.0000000e+00
   0.0000000e+00
   0.0000000e+00
   0.0000000e+00
   0.0000000e+00
   0.0000000e+00
   0.0000000e+00
   0.0000000e+00
   0.0000000e+00
   0.0000000e+00
   0.0000000e+00
   0.0000000e+00
   0.0000000e+00
   0.0000000e+00
   0.0000000e+00
   0.0000000e+00
   0.0000000e+00
   0.0000000e+00
   0.0000000e+00
   0.0000000e+00
   0.0000000e+00
   0.0000000e+00
   0.0000000e+00
   0.0000000e+00
   0.0000000e+00
   0.0000000e+00
   0.0000000e+00
   0.0000000e+00
   0.0000000e+00
   0.0000000e+00
   0.0000000e+00
   0.0000000e+00
   0.0000000e+00
   0.0000000e+00
   0.0000000e+00
   0.0000000e+00
   0.0000000e+00
   0.0000000e+00
   0.0000000e+00
   0.0000000e+00
   0.0000000e+00
   0.0000000e+00
   0.0000000e+00
   0.0000000e+00
   0.0000000e+00
   0.0000000e+00
   0.0000000e+00
   0.0000000e+00
   0.0000000e+00
   0.0000000e+00
   0.0000000e+00
   0.0000000e+00
   0.0000000e+00
   0.0000000e+00
   0.0000000e+00
   0.0000000e+00
   0.0000000e+00
   0.0000000e+00
   0.0000000e+00
   0.0000000e+00
   0.0000000e+00
   0.0000000e+00
   0.0000000e+00
   0.0000000e+00
   0.0000000e+00
   0.0000000e+00
   0.0000000e+00
   0.0000000e+00
   0.0000000e+00
   0.0000000e+00
   0.0000000e+00
   0.0000000e+00
   0.0000000e+00
   0.0000000e+00
   0.0000000e+00
   0.0000000e+00
   0.0000000e+00
   0.0000000e+00
   0.0000000e+00
   0.0000000e+00
   0.0000000e+00
   0.0000000e+00
   0.0000000e+00
   0.0000000e+00
   0.0000000e+00
   0.0000000e+00
   0.0000000e+00
   0.0000000e+00
   0.0000000e+00
   0.0000000e+00
   0.0000000e+00
   0.0000000e+00
   0.0000000e+00
   0.0000000e+00
   0.0000000e+00
   0.0000000e+00
   0.0000000e+00
   0.0000000e+00
   0.0000000e+00
   0.0000000e+00
   0.0000000e+00
   0.0000000e+00
   0.0000000e+00
   0.0000000e+00
   0.0000000e+00
   0.0000000e+00
   0.0000000e+00
   0.0000000e+00
   0.0000000e+00
   0.0000000e+00
   0.0000000e+00
   0.0000000e+00
   0.0000000e+00
   0.0000000e+00
   0.0000000e+00
   0.0000000e+00
   0.0000000e+00
   0.0000000e+00
   0.0000000e+00
   0.0000000e+00
   0.0000000e+00
   0.0000000e+00
   0.0000000e+00
   0.0000000e+00
   0.0000000e+00
   0.0000000e+00
   0.0000000e+00
   0.0000000e+00
   0.0000000e+00
   0.0000000e+00
   0.0000000e+00
   0.0000000e+00
   0.0000000e+00
   0.0000000e+00
   0.0000000e+00
   0.0000000e+00
   0.0000000e+00
   0.0000000e+00
   0.0000000e+00
   0.0000000e+00
   0.0000000e+00
   0.0000000e+00
   0.0000000e+00
   0.0000000e+00
   0.0000000e+00
   0.0000000e+00
   0.0000000e+00
   0.0000000e+00
   0.0000000e+00
   0.0000000e+00
   0.0000000e+00
   0.0000000e+00
   0.0000000e+00
   0.0000000e+00
   0.0000000e+00
   0.0000000e+00
   0.0000000e+00
   0.0000000e+00
   0.0000000e+00
   0.0000000e+00
   0.0000000e+00
   0.0000000e+00
   0.0000000e+00
   0.0000000e+00
   0.0000000e+00
   0.0000000e+00
   0.0000000e+00
   0.0000000e+00
   0.0000000e+00
   0.0000000e+00
   0.0000000e+00
   0.0000000e+00
   0.0000000e+00
   0.0000000e+00
   0.0000000e+00
   0.0000000e+00
   0.0000000e+00
   0.0000000e+00
   0.0000000e+00
   0.0000000e+00
   0.0000000e+00
   0.0000000e+00
   0.0000000e+00
   0.0000000e+00
   0.0000000e+00
   0.0000000e+00
   0.0000000e+00
   0.0000000e+00
   0.0000000e+00
   0.0000000e+00
   0.0000000e+00
   0.0000000e+00
   0.0000000e+00
   0.0000000e+00
   0.0000000e+00
   0.0000000e+00
   0.0000000e+00
   0.0000000e+00
   0.0000000e+00
   0.0000000e+00
   0.0000000e+00
   0.0000000e+00
   0.0000000e+00
   0.0000000e+00
   0.0000000e+00
   0.0000000e+00
   0.0000000e+00
   0.0000000e+00
   0.0000000e+00
   0.0000000e+00
   0.0000000e+00
   0.0000000e+00
   0.0000000e+00
   0.0000000e+00
   0.0000000e+00
   0.0000000e+00
   0.0000000e+00
   0.0000000e+00
   0.0000000e+00
   0.0000000e+00
   0.0000000e+00
   0.0000000e+00
   0.0000000e+00
   0.0000000e+00
   0.0000000e+00
   0.0000000e+00
   0.0000000e+00
   0.0000000e+00
