   1.1842909e-02
   9.1391007e-03
   9.2210286e-03
   5.5796893e-03
  -3.2190445e-04
  -3.5227798e-04
   3.5868222e-04
   2.5884583e-04
  -2.5352280e-04
   4.9350619e-04
   1.4268819e-03
  -2.2288102e-03
   2.3464304e-02
  -6.4767094e-03
   5.9304097e-03
  -8.7267871e-03
   4.8552664e-03
   3.6944742e-03
  -3.9623195e-03
   3.6982115e-04
  -3.9971852e-03
  -2.2015305e-03
   3.3561146e-02
   1.2544387e-02
   2.0683069e-02
   2.1055226e-02
   1.8038984e-02
   1.9266150e-02
   2.0164136e-02
   1.8404752e-02
   1.9467556e-02
   1.6394717e-02
   2.8299337e-03
   2.5622667e-02
   1.3231462e-02
   3.1952440e-02
   1.1943607e-02
   1.9441846e-02
   3.2757535e-02
  -1.1235528e-03
   4.7279728e-02
   9.2970147e-02
   3.6375043e-02
   7.2295552e-02
   5.5828592e-02
   5.6625446e-02
   6.1690399e-02
   5.9303795e-02
   5.8245424e-02
   5.9256096e-02
   6.0603497e-02
   6.6582516e-02
   7.0462012e-02
   5.3473545e-02
   6.5792335e-02
   3.8748976e-02
   7.4622797e-02
   5.2413786e-02
   5.6274443e-02
   7.6255952e-04
   1.3098992e-01
   8.2604803e-02
   1.4177933e-01
   9.3397286e-02
   1.2479672e-01
   1.1968810e-01
   1.1314762e-01
   1.1662514e-01
   1.1912856e-01
   1.1488555e-01
   1.1714048e-01
   9.5823646e-02
   1.1096253e-01
   1.2197891e-01
   1.1046125e-01
   1.4596329e-01
   9.0752659e-02
   1.3978177e-01
   2.1417799e-02
   2.1604764e-04
   1.9132972e-01
   2.2838417e-01
   1.4559881e-01
   2.2264162e-01
   1.5568482e-01
   1.7469927e-01
   1.9061458e-01
   1.7698063e-01
   1.6634981e-01
   2.0332283e-01
   1.9020326e-01
   2.0808716e-01
   1.9038963e-01
   1.6197488e-01
   1.9752816e-01
   9.6237333e-02
   2.4191058e-01
   1.8718387e-01
   3.4794524e-03
   0.0000000e+00
   8.6143747e-02
   1.6304502e-01
   8.1004473e-02
   2.1651717e-01
   2.4555492e-01
   2.9151529e-01
   2.2019927e-02
   2.7573091e-01
   3.3254431e-01
   4.0637913e-02
   3.8078307e-02
   2.0447872e-01
   2.6868771e-01
   1.9618992e-01
   2.2937164e-01
   3.6266106e-01
   1.4173397e-01
   6.1552582e-02
   6.2524315e-04
   0.0000000e+00
   1.5973237e-06
   9.9794922e-04
   1.7061283e-01
   3.6593865e-01
   2.6235718e-01
   2.2148758e-01
   8.1793020e-03
   2.1367666e-01
   2.6399811e-01
   1.6341253e-02
   6.0126098e-04
   7.9073795e-03
   5.7402992e-03
   3.4047675e-04
   6.6152643e-02
   2.1090373e-01
   4.1740620e-02
   4.9330425e-05
   7.3601143e-07
   0.0000000e+00
   0.0000000e+00
   1.2386284e-03
   2.0855654e-01
   4.8467350e-01
   7.5132507e-02
   3.7338223e-03
   2.0680177e-04
   6.2170929e-03
   7.6812358e-03
   4.7546179e-04
   0.0000000e+00
   0.0000000e+00
   0.0000000e+00
   1.3963104e-07
   4.1611365e-04
   1.3321483e-03
   2.6602823e-04
   0.0000000e+00
   0.0000000e+00
   0.0000000e+00
   0.0000000e+00
   7.7576055e-05
   1.3062031e-02
   3.0319908e-02
   4.2817215e-03
   0.0000000e+00
   0.0000000e+00
   0.0000000e+00
   0.0000000e+00
   0.0000000e+00
   0.0000000e+00
   0.0000000e+00
   0.0000000e+00
   0.0000000e+00
   0.0000000e+00
   0.0000000e+00
   0.0000000e+00
   0.0000000e+00
   0.0000000e+00
   0.0000000e+00
   0.0000000e+00
   0.0000000e+00
   0.0000000e+00
   0.0000000e+00
   0.0000000e+00
   0.0000000e+00
   0.0000000e+00
   0.0000000e+00
   0.0000000e+00
   0.0000000e+00
   0.0000000e+00
   0.0000000e+00
   0.0000000e+00
   0.0000000e+00
   0.0000000e+00
   0.0000000e+00
   0.0000000e+00
   0.0000000e+00
   0.0000000e+00
   0.0000000e+00
   0.0000000e+00
   0.0000000e+00
   0.0000000e+00
   0.0000000e+00
   0.0000000e+00
   0.0000000e+00
   0.0000000e+00
   0.0000000e+00
   0.0000000e+00
   0.0000000e+00
   0.0000000e+00
   0.0000000e+00
   0.0000000e+00
   0.0000000e+00
   0.0000000e+00
   0.0000000e+00
   0.0000000e+00
   0.0000000e+00
   0.0000000e+00
   0.0000000e+00
   0.0000000e+00
   0.0000000e+00
   0.0000000e+00
   0.0000000e+00
   0.0000000e+00
   0.0000000e+00
   0.0000000e+00
   0.0000000e+00
   0.0000000e+00
   0.0000000e+00
   0.0000000e+00
   0.0000000e+00
   0.0000000e+00
   0.0000000e+00
   0.0000000e+00
   0.0000000e+00
   0.0000000e+00
   0.0000000e+00
   0.0000000e+00
   0.0000000e+00
   0.0000000e+00
   0.0000000e+00
   0.0000000e+00
   0.0000000e+00
   0.0000000e+00
   0.0000000e+00
   0.0000000e+00
   0.0000000e+00
   0.0000000e+00
   0.0000000e+00
   0.0000000e+00
   0.0000000e+00
   0.0000000e+00
   0.0000000e+00
   0.0000000e+00
   0.0000000e+00
   0.0000000e+00
   0.0000000e+00
   0.0000000e+00
   0.0000000e+00
   0.0000000e+00
   0.0000000e+00
   0.0000000e+00
   0.0000000e+00
   0.0000000e+00
   0.0000000e+00
   0.0000000e+00
   0.0000000e+00
   0.0000000e+00
   0.0000000e+00
   0.0000000e+00
   0.0000000e+00
   0.0000000e+00
   0.0000000e+00
   0.0000000e+00
   0.0000000e+00
   0.0000000e+00
   0.0000000e+00
   0.0000000e+00
   0.0000000e+00
   0.0000000e+00
   0.0000000e+00
   0.0000000e+00
   0.0000000e+00
   0.0000000e+00
   0.0000000e+00
   0.0000000e+00
   0.0000000e+00
   0.0000000e+00
   0.0000000e+00
   0.0000000e+00
   0.0000000e+00
   0.0000000e+00
   0.0000000e+00
   0.0000000e+00
   0.0000000e+00
   0.0000000e+00
   0.0000000e+00
   0.0000000e+00
   0.0000000e+00
   0.0000000e+00
   0.0000000e+00
   0.0000000e+00
   0.0000000e+00
   0.0000000e+00
   0.0000000e+00
   0.0000000e+00
   0.0000000e+00
   0.0000000e+00
   0.0000000e+00
   0.0000000e+00
   0.0000000e+00
   0.0000000e+00
   0.0000000e+00
   0.0000000e+00
   0.0000000e+00
   0.0000000e+00
   0.0000000e+00
   0.0000000e+00
   0.0000000e+00
   0.0000000e+00
   0.0000000e+00
   0.0000000e+00
   0.0000000e+00
   0.0000000e+00
   0.0000000e+00
   0.0000000e+00
   0.0000000e+00
   0.0000000e+00
   0.0000000e+00
   0.0000000e+00
   0.0000000e+00
   0.0000000e+00
   0.0000000e+00
   0.0000000e+00
   0.0000000e+00
   0.0000000e+00
   0.0000000e+00
   0.0000000e+00
   0.0000000e+00
   0.0000000e+00
   0.0000000e+00
   0.0000000e+00
   0.0000000e+00
   0.0000000e+00
   0.0000000e+00
   0.0000000e+00
   0.0000000e+00
   0.0000000e+00
   0.0000000e+00
   0.0000000e+00
   0.0000000e+00
   0.0000000e+00
   0.0000000e+00
   0.0000000e+00
   0.0000000e+00
   0.0000000e+00
   0.0000000e+00
   0.0000000e+00
   0.0000000e+00
   0.0000000e+00
   0.0000000e+00
   0.0000000e+00
   0.0000000e+00
   0.0000000e+00
   0.0000000e+00
   0.0000000e+00
   0.0000000e+00
   0.0000000e+00
   0.0000000e+00
   0.0000000e+00
   0.0000000e+00
   0.0000000e+00
   0.0000000e+00
   0.0000000e+00
   0.0000000e+00
   0.0000000e+00
   0.0000000e+00
   0.0000000e+00
   0.0000000e+00
   0.0000000e+00
   0.0000000e+00
   0.0000000e+00
   0.0000000e+00
   0.0000000e+00
   0.0000000e+00
   0.0000000e+00
   0.0000000e+00
   0.0000000e+00
   0.0000000e+00
   0.0000000e+00
   0.0000000e+00
   0.0000000e+00
   0.0000000e+00
   0.0000000e+00
   0.0000000e+00
   0.0000000e+00
   0.0000000e+00
   0.0000000e+00
   0.0000000e+00
