   3.6564210e-03
  -4.8854810e-03
   4.5807524e-03
   2.3396447e-04
  -8.3748129e-04
  -8.0222973e-05
   2.4138955e-03
  -5.3972672e-04
   1.0345939e-03
   7.8558787e-03
   2.7032660e-03
   9.3824592e-03
  -3.1360160e-03
  -1.1308602e-03
   1.2193786e-03
  -2.0397658e-03
   1.0142326e-03
  -2.1559249e-04
   9.2393533e-05
   1.5036966e-03
   1.4489980e-02
   2.9755016e-02
   7.0795303e-03
   2.1902890e-02
   1.8523570e-02
   2.2215195e-02
   1.4504282e-02
   2.0670025e-02
   1.3585054e-02
   2.6622194e-03
   2.3944310e-02
   1.1653821e-02
   2.0925818e-02
   2.3752903e-02
   1.6686384e-02
   2.4435863e-02
   1.7420439e-02
   2.0226227e-02
   1.9601512e-02
   9.6920944e-05
   5.4545304e-02
   5.2481422e-02
   7.2165304e-02
   5.6223692e-02
   6.0337206e-02
   5.4571608e-02
   6.7167416e-02
   6.0723930e-02
   6.4414344e-02
   6.8476172e-02
   5.9462788e-02
   6.4539407e-02
   6.1321049e-02
   5.0183387e-02
   6.3904049e-02
   5.0725951e-02
   6.3016684e-02
   5.5517048e-02
   6.6339304e-02
  -8.8866390e-07
   1.3720640e-01
   1.2181802e-01
   9.9316894e-02
   1.2008085e-01
   1.1671454e-01
   1.2289511e-01
   1.1013962e-01
   1.0824770e-01
   1.1367850e-01
   1.0768546e-01
   1.1389798e-01
   1.1053328e-01
   1.1334036e-01
   1.2909146e-01
   1.1018235e-01
   1.3101655e-01
   1.0785324e-01
   1.3540585e-01
   6.4887563e-02
  -4.3535536e-08
   6.3904487e-02
   2.0133067e-01
   1.8554772e-01
   1.8626484e-01
   1.5888322e-01
   1.6915651e-01
   1.8810879e-01
   2.3334029e-01
   1.8089496e-01
   2.0234934e-01
   1.9342917e-01
   1.9568760e-01
   1.7562234e-01
   1.6039345e-01
   1.8513795e-01
   1.5438373e-01
   1.7983915e-01
   2.3418987e-01
   6.6648934e-03
   0.0000000e+00
   2.6134343e-03
   9.6118805e-02
   2.4824580e-01
   1.8352613e-01
   3.1213416e-01
   2.6916458e-01
   5.3293708e-02
   1.0174328e-01
   2.2831937e-01
   2.1726390e-01
   7.6257703e-02
   1.0763680e-01
   2.9241449e-01
   2.6195997e-01
   2.2934221e-01
   2.9093254e-01
   2.2529280e-01
   1.4785219e-01
   2.4406439e-03
   0.0000000e+00
   1.9106672e-08
   6.5876386e-05
   8.3202136e-04
   1.0650263e-03
   6.9933364e-02
   5.5965456e-02
   9.6738399e-04
   3.8242069e-04
   2.1875588e-03
   2.2902032e-03
   2.9453313e-04
   2.9920571e-03
   1.9896467e-01
   3.1742895e-01
   6.4702439e-02
   4.0424296e-02
   6.5569628e-03
   1.5548104e-03
   2.4641874e-05
   0.0000000e+00
   0.0000000e+00
   0.0000000e+00
   0.0000000e+00
   0.0000000e+00
   0.0000000e+00
   0.0000000e+00
   0.0000000e+00
   0.0000000e+00
   0.0000000e+00
   0.0000000e+00
   0.0000000e+00
   8.2946893e-05
   5.5214284e-03
   8.8869863e-03
   8.0423258e-04
   0.0000000e+00
   0.0000000e+00
   0.0000000e+00
   0.0000000e+00
   0.0000000e+00
   0.0000000e+00
   0.0000000e+00
   0.0000000e+00
   0.0000000e+00
   0.0000000e+00
   0.0000000e+00
   0.0000000e+00
   0.0000000e+00
   0.0000000e+00
   0.0000000e+00
   0.0000000e+00
   0.0000000e+00
   0.0000000e+00
   0.0000000e+00
   0.0000000e+00
   0.0000000e+00
   0.0000000e+00
   0.0000000e+00
   0.0000000e+00
   0.0000000e+00
   0.0000000e+00
   0.0000000e+00
   0.0000000e+00
   0.0000000e+00
   0.0000000e+00
   0.0000000e+00
   0.0000000e+00
   0.0000000e+00
   0.0000000e+00
   0.0000000e+00
   0.0000000e+00
   0.0000000e+00
   0.0000000e+00
   0.0000000e+00
   0.0000000e+00
   0.0000000e+00
   0.0000000e+00
   0.0000000e+00
   0.0000000e+00
   0.0000000e+00
   0.0000000e+00
   0.0000000e+00
   0.0000000e+00
   0.0000000e+00
   0.0000000e+00
   0.0000000e+00
   0.0000000e+00
   0.0000000e+00
   0.0000000e+00
   0.0000000e+00
   0.0000000e+00
   0.0000000e+00
   0.0000000e+00
   0.0000000e+00
   0.0000000e+00
   0.0000000e+00
   0.0000000e+00
   0.0000000e+00
   0.0000000e+00
   0.0000000e+00
   0.0000000e+00
   0.0000000e+00
   0.0000000e+00
   0.0000000e+00
   0.0000000e+00
   0.0000000e+00
   0.0000000e+00
   0.0000000e+00
   0.0000000e+00
   0.0000000e+00
   0.0000000e+00
   0.0000000e+00
   0.0000000e+00
   0.0000000e+00
   0.0000000e+00
   0.0000000e+00
   0.0000000e+00
   0.0000000e+00
   0.0000000e+00
   0.0000000e+00
   0.0000000e+00
   0.0000000e+00
   0.0000000e+00
   0.0000000e+00
   0.0000000e+00
   0.0000000e+00
   0.0000000e+00
   0.0000000e+00
   0.0000000e+00
   0.0000000e+00
   0.0000000e+00
   0.0000000e+00
   0.0000000e+00
   0.0000000e+00
   0.0000000e+00
   0.0000000e+00
   0.0000000e+00
   0.0000000e+00
   0.0000000e+00
   0.0000000e+00
   0.0000000e+00
   0.0000000e+00
   0.0000000e+00
   0.0000000e+00
   0.0000000e+00
   0.0000000e+00
   0.0000000e+00
   0.0000000e+00
   0.0000000e+00
   0.0000000e+00
   0.0000000e+00
   0.0000000e+00
   0.0000000e+00
   0.0000000e+00
   0.0000000e+00
   0.0000000e+00
   0.0000000e+00
   0.0000000e+00
   0.0000000e+00
   0.0000000e+00
   0.0000000e+00
   0.0000000e+00
   0.0000000e+00
   0.0000000e+00
   0.0000000e+00
   0.0000000e+00
   0.0000000e+00
   0.0000000e+00
   0.0000000e+00
   0.0000000e+00
   0.0000000e+00
   0.0000000e+00
   0.0000000e+00
   0.0000000e+00
   0.0000000e+00
   0.0000000e+00
   0.0000000e+00
   0.0000000e+00
   0.0000000e+00
   0.0000000e+00
   0.0000000e+00
   0.0000000e+00
   0.0000000e+00
   0.0000000e+00
   0.0000000e+00
   0.0000000e+00
   0.0000000e+00
   0.0000000e+00
   0.0000000e+00
   0.0000000e+00
   0.0000000e+00
   0.0000000e+00
   0.0000000e+00
   0.0000000e+00
   0.0000000e+00
   0.0000000e+00
   0.0000000e+00
   0.0000000e+00
   0.0000000e+00
   0.0000000e+00
   0.0000000e+00
   0.0000000e+00
   0.0000000e+00
   0.0000000e+00
   0.0000000e+00
   0.0000000e+00
   0.0000000e+00
   0.0000000e+00
   0.0000000e+00
   0.0000000e+00
   0.0000000e+00
   0.0000000e+00
   0.0000000e+00
   0.0000000e+00
   0.0000000e+00
   0.0000000e+00
   0.0000000e+00
   0.0000000e+00
   0.0000000e+00
   0.0000000e+00
   0.0000000e+00
   0.0000000e+00
   0.0000000e+00
   0.0000000e+00
   0.0000000e+00
   0.0000000e+00
   0.0000000e+00
   0.0000000e+00
   0.0000000e+00
   0.0000000e+00
   0.0000000e+00
   0.0000000e+00
   0.0000000e+00
   0.0000000e+00
   0.0000000e+00
   0.0000000e+00
   0.0000000e+00
   0.0000000e+00
   0.0000000e+00
   0.0000000e+00
   0.0000000e+00
   0.0000000e+00
   0.0000000e+00
   0.0000000e+00
   0.0000000e+00
   0.0000000e+00
   0.0000000e+00
   0.0000000e+00
   0.0000000e+00
   0.0000000e+00
   0.0000000e+00
   0.0000000e+00
   0.0000000e+00
   0.0000000e+00
   0.0000000e+00
   0.0000000e+00
   0.0000000e+00
   0.0000000e+00
   0.0000000e+00
   0.0000000e+00
   0.0000000e+00
   0.0000000e+00
   0.0000000e+00
   0.0000000e+00
   0.0000000e+00
   0.0000000e+00
   0.0000000e+00
   0.0000000e+00
   0.0000000e+00
   0.0000000e+00
   0.0000000e+00
   0.0000000e+00
   0.0000000e+00
   0.0000000e+00
   0.0000000e+00
   0.0000000e+00
   0.0000000e+00
   0.0000000e+00
   0.0000000e+00
   0.0000000e+00
