  -4.0397036e-04
  -1.0422418e-02
   7.7621624e-03
   1.4972360e-02
  -5.0606401e-03
   7.1282172e-03
   2.9412371e-03
  -1.0155038e-03
  -4.0916891e-04
   8.1324891e-04
  -6.6949894e-04
   1.3317088e-03
   2.7485153e-03
  -3.0770534e-03
   8.7704587e-03
   4.5059463e-04
  -7.2966450e-04
  -7.4114047e-03
  -9.1309535e-03
  -1.4646271e-05
   5.6125617e-04
   2.2592395e-02
   1.1459340e-02
   1.9272019e-02
   1.4583349e-02
   2.0249972e-02
   1.7791043e-02
   2.1360005e-02
   1.8663584e-02
   1.8566484e-02
   1.9949409e-02
   1.8376993e-02
   1.6743699e-02
   2.1867706e-02
   1.4373411e-02
   1.5655024e-02
   2.1364292e-02
   3.6954165e-02
   1.0601416e-02
   1.1362821e-04
   1.6049796e-03
   7.0909958e-02
   6.4878680e-02
   5.8937280e-02
   6.7213193e-02
   5.6100267e-02
   6.2306906e-02
   5.4928209e-02
   6.1960348e-02
   5.9147099e-02
   5.8096045e-02
   6.2016723e-02
   6.2015382e-02
   5.7632421e-02
   6.2138613e-02
   7.1976610e-02
   4.9663465e-02
   4.2070788e-02
   5.6661296e-02
  -1.3689231e-04
   4.7305795e-04
   6.4082298e-02
   1.1806802e-01
   1.1427583e-01
   1.0679660e-01
   1.2247752e-01
   1.0976888e-01
   1.2714733e-01
   1.0913543e-01
   1.2032755e-01
   1.1722291e-01
   1.1582785e-01
   1.1056411e-01
   1.2104892e-01
   1.1518389e-01
   9.7745341e-02
   1.3397786e-01
   1.3864871e-01
   1.3547224e-01
   2.6271053e-04
   5.6059139e-05
   1.6120062e-01
   2.4381872e-01
   1.6862500e-01
   2.0696542e-01
   1.4992020e-01
   2.1968719e-01
   9.9285773e-02
   2.4335326e-01
   1.5347469e-01
   1.8421859e-01
   1.7496026e-01
   2.1339913e-01
   1.5269405e-01
   1.6515759e-01
   2.3257337e-01
   1.2812573e-01
   5.5270172e-02
   2.1623127e-02
   8.3247455e-05
   4.8994380e-05
   1.3870047e-01
   2.6518701e-01
   1.2028363e-01
   1.7152371e-01
   2.8953610e-01
   1.7972787e-01
   2.4445810e-02
   2.3847209e-01
   2.5757147e-01
   2.5873012e-01
   9.9027342e-02
   3.6820859e-02
   3.5717778e-01
   2.3213660e-01
   7.0613451e-02
   4.3990226e-03
   5.3763530e-06
   0.0000000e+00
   0.0000000e+00
   1.6495194e-06
   4.6700576e-03
   9.2792828e-03
   2.3576759e-03
   6.4174931e-04
   7.4694628e-03
   5.1614763e-03
   1.1384685e-03
   3.9922357e-02
   1.4394497e-01
   3.9006281e-01
   2.2335375e-01
   1.8535763e-02
   1.1760976e-01
   5.0456677e-02
   1.6086166e-04
   0.0000000e+00
   0.0000000e+00
   0.0000000e+00
   0.0000000e+00
   0.0000000e+00
   0.0000000e+00
   0.0000000e+00
   0.0000000e+00
   0.0000000e+00
   0.0000000e+00
   0.0000000e+00
   0.0000000e+00
   1.0667183e-01
   5.5449088e-01
   4.2805128e-01
   1.6410637e-01
   2.4848385e-03
   1.8332790e-06
   7.5648611e-07
   2.3744452e-09
   0.0000000e+00
   0.0000000e+00
   0.0000000e+00
   0.0000000e+00
   0.0000000e+00
   0.0000000e+00
   0.0000000e+00
   0.0000000e+00
   0.0000000e+00
   0.0000000e+00
   0.0000000e+00
   0.0000000e+00
   3.8917492e-02
   1.9419667e-01
   6.6312602e-02
   3.8844054e-03
   5.8546218e-05
   0.0000000e+00
   0.0000000e+00
   0.0000000e+00
   0.0000000e+00
   0.0000000e+00
   0.0000000e+00
   0.0000000e+00
   0.0000000e+00
   0.0000000e+00
   0.0000000e+00
   0.0000000e+00
   0.0000000e+00
   0.0000000e+00
   0.0000000e+00
   0.0000000e+00
   5.6883042e-05
   2.8302650e-04
   8.7856207e-05
   2.7203506e-08
   0.0000000e+00
   0.0000000e+00
   0.0000000e+00
   0.0000000e+00
   0.0000000e+00
   0.0000000e+00
   0.0000000e+00
   0.0000000e+00
   0.0000000e+00
   0.0000000e+00
   0.0000000e+00
   0.0000000e+00
   0.0000000e+00
   0.0000000e+00
   0.0000000e+00
   0.0000000e+00
   0.0000000e+00
   0.0000000e+00
   0.0000000e+00
   0.0000000e+00
   0.0000000e+00
   0.0000000e+00
   0.0000000e+00
   0.0000000e+00
   0.0000000e+00
   0.0000000e+00
   0.0000000e+00
   0.0000000e+00
   0.0000000e+00
   0.0000000e+00
   0.0000000e+00
   0.0000000e+00
   0.0000000e+00
   0.0000000e+00
   0.0000000e+00
   0.0000000e+00
   0.0000000e+00
   0.0000000e+00
   0.0000000e+00
   0.0000000e+00
   0.0000000e+00
   0.0000000e+00
   0.0000000e+00
   0.0000000e+00
   0.0000000e+00
   0.0000000e+00
   0.0000000e+00
   0.0000000e+00
   0.0000000e+00
   0.0000000e+00
   0.0000000e+00
   0.0000000e+00
   0.0000000e+00
   0.0000000e+00
   0.0000000e+00
   0.0000000e+00
   0.0000000e+00
   0.0000000e+00
   0.0000000e+00
   0.0000000e+00
   0.0000000e+00
   0.0000000e+00
   0.0000000e+00
   0.0000000e+00
   0.0000000e+00
   0.0000000e+00
   0.0000000e+00
   0.0000000e+00
   0.0000000e+00
   0.0000000e+00
   0.0000000e+00
   0.0000000e+00
   0.0000000e+00
   0.0000000e+00
   0.0000000e+00
   0.0000000e+00
   0.0000000e+00
   0.0000000e+00
   0.0000000e+00
   0.0000000e+00
   0.0000000e+00
   0.0000000e+00
   0.0000000e+00
   0.0000000e+00
   0.0000000e+00
   0.0000000e+00
   0.0000000e+00
   0.0000000e+00
   0.0000000e+00
   0.0000000e+00
   0.0000000e+00
   0.0000000e+00
   0.0000000e+00
   0.0000000e+00
   0.0000000e+00
   0.0000000e+00
   0.0000000e+00
   0.0000000e+00
   0.0000000e+00
   0.0000000e+00
   0.0000000e+00
   0.0000000e+00
   0.0000000e+00
   0.0000000e+00
   0.0000000e+00
   0.0000000e+00
   0.0000000e+00
   0.0000000e+00
   0.0000000e+00
   0.0000000e+00
   0.0000000e+00
   0.0000000e+00
   0.0000000e+00
   0.0000000e+00
   0.0000000e+00
   0.0000000e+00
   0.0000000e+00
   0.0000000e+00
   0.0000000e+00
   0.0000000e+00
   0.0000000e+00
   0.0000000e+00
   0.0000000e+00
   0.0000000e+00
   0.0000000e+00
   0.0000000e+00
   0.0000000e+00
   0.0000000e+00
   0.0000000e+00
   0.0000000e+00
   0.0000000e+00
   0.0000000e+00
   0.0000000e+00
   0.0000000e+00
   0.0000000e+00
   0.0000000e+00
   0.0000000e+00
   0.0000000e+00
   0.0000000e+00
   0.0000000e+00
   0.0000000e+00
   0.0000000e+00
   0.0000000e+00
   0.0000000e+00
   0.0000000e+00
   0.0000000e+00
   0.0000000e+00
   0.0000000e+00
   0.0000000e+00
   0.0000000e+00
   0.0000000e+00
   0.0000000e+00
   0.0000000e+00
   0.0000000e+00
   0.0000000e+00
   0.0000000e+00
   0.0000000e+00
   0.0000000e+00
   0.0000000e+00
   0.0000000e+00
   0.0000000e+00
   0.0000000e+00
   0.0000000e+00
   0.0000000e+00
   0.0000000e+00
   0.0000000e+00
   0.0000000e+00
   0.0000000e+00
   0.0000000e+00
   0.0000000e+00
   0.0000000e+00
   0.0000000e+00
   0.0000000e+00
   0.0000000e+00
   0.0000000e+00
   0.0000000e+00
   0.0000000e+00
   0.0000000e+00
   0.0000000e+00
   0.0000000e+00
   0.0000000e+00
   0.0000000e+00
   0.0000000e+00
   0.0000000e+00
   0.0000000e+00
   0.0000000e+00
   0.0000000e+00
   0.0000000e+00
   0.0000000e+00
   0.0000000e+00
   0.0000000e+00
   0.0000000e+00
   0.0000000e+00
   0.0000000e+00
   0.0000000e+00
   0.0000000e+00
   0.0000000e+00
   0.0000000e+00
   0.0000000e+00
   0.0000000e+00
   0.0000000e+00
   0.0000000e+00
   0.0000000e+00
   0.0000000e+00
   0.0000000e+00
   0.0000000e+00
   0.0000000e+00
   0.0000000e+00
