   7.7652361e-03
  -2.3379033e-03
  -5.4707369e-03
   2.4987740e-03
  -5.9000759e-04
  -4.2720658e-04
   1.2233511e-03
  -5.6757318e-04
  -2.0185471e-04
   9.0742071e-05
  -1.7507563e-03
   2.5763634e-03
   2.0251647e-03
   7.7129107e-04
  -2.7618943e-03
   1.4961453e-02
  -4.8289272e-03
  -9.1347342e-03
   2.8088460e-03
   3.1377545e-03
   1.5659480e-02
   2.4704373e-02
   1.9298246e-02
   2.0324921e-02
   1.9397744e-02
   2.0587859e-02
   1.7918288e-02
   2.0511858e-02
   2.0259473e-02
   1.9891022e-02
   1.9993928e-02
   1.9958353e-02
   1.4733215e-02
   1.9176941e-02
   2.2300734e-02
   9.3653645e-03
   2.5507149e-02
   2.6128953e-02
   1.8829927e-02
   1.2010402e-02
   5.9504883e-02
   5.3263828e-02
   6.0578439e-02
   5.6645447e-02
   5.8793498e-02
   5.7299285e-02
   6.1221853e-02
   5.7642746e-02
   5.6371939e-02
   5.8904285e-02
   6.0705408e-02
   5.1169893e-02
   6.5279996e-02
   6.1037429e-02
   5.6223320e-02
   6.7389318e-02
   5.4040911e-02
   4.1554451e-02
   7.1123621e-02
   5.6922880e-03
   1.2605353e-01
   1.2404813e-01
   1.1415581e-01
   1.2289548e-01
   1.1767002e-01
   1.1960761e-01
   1.1484388e-01
   1.1796221e-01
   1.2593536e-01
   1.1567535e-01
   1.1612535e-01
   1.2493433e-01
   1.1288473e-01
   1.1294241e-01
   1.2135186e-01
   1.0926886e-01
   1.1984219e-01
   1.4770743e-01
   1.0785059e-01
   7.5496549e-04
   1.2982711e-02
   1.6795811e-01
   1.8109198e-01
   1.6880619e-01
   1.7435118e-01
   1.6887182e-01
   1.8716318e-01
   1.7791662e-01
   1.3442826e-01
   1.8837968e-01
   1.7756843e-01
   1.6179937e-01
   1.8071723e-01
   2.0048471e-01
   1.6371985e-01
   1.9413621e-01
   1.8677315e-01
   2.7677109e-02
   1.0383972e-02
   1.5225512e-06
   5.5245412e-03
   2.2269732e-01
   2.2316646e-01
   2.6437065e-01
   2.7990351e-01
   2.1164697e-01
   2.2431423e-01
   2.3404750e-01
   3.8122555e-01
   1.2364460e-01
   1.4559063e-01
   3.6045739e-01
   2.2112545e-01
   1.6972555e-01
   2.6284488e-01
   2.8181695e-01
   1.4001350e-01
   1.7470445e-03
   0.0000000e+00
   0.0000000e+00
   8.0063034e-03
   3.3015080e-01
   3.6968966e-01
   1.0298389e-01
   5.3650122e-02
   4.1465181e-01
   3.3483376e-01
   3.9798669e-02
   1.3414425e-01
   4.2775701e-02
   2.9324615e-02
   6.7519076e-02
   1.3184502e-02
   3.0815889e-03
   6.7238002e-03
   9.4564859e-03
   4.8486003e-03
   5.8149129e-05
   0.0000000e+00
   0.0000000e+00
   6.2640760e-04
   2.5969833e-02
   2.8828715e-02
   4.7941794e-03
   1.9384888e-02
   3.1116253e-01
   2.5080963e-01
   7.1705522e-03
   1.6565255e-04
   5.2744271e-05
   2.2329260e-08
   0.0000000e+00
   0.0000000e+00
   0.0000000e+00
   0.0000000e+00
   0.0000000e+00
   0.0000000e+00
   0.0000000e+00
   0.0000000e+00
   0.0000000e+00
   0.0000000e+00
   0.0000000e+00
   0.0000000e+00
   0.0000000e+00
   4.8322139e-04
   7.7565776e-03
   6.2521166e-03
   1.7793708e-04
   0.0000000e+00
   0.0000000e+00
   0.0000000e+00
   0.0000000e+00
   0.0000000e+00
   0.0000000e+00
   0.0000000e+00
   0.0000000e+00
   0.0000000e+00
   0.0000000e+00
   0.0000000e+00
   0.0000000e+00
   0.0000000e+00
   0.0000000e+00
   0.0000000e+00
   0.0000000e+00
   0.0000000e+00
   0.0000000e+00
   0.0000000e+00
   0.0000000e+00
   0.0000000e+00
   0.0000000e+00
   0.0000000e+00
   0.0000000e+00
   0.0000000e+00
   0.0000000e+00
   0.0000000e+00
   0.0000000e+00
   0.0000000e+00
   0.0000000e+00
   0.0000000e+00
   0.0000000e+00
   0.0000000e+00
   0.0000000e+00
   0.0000000e+00
   0.0000000e+00
   0.0000000e+00
   0.0000000e+00
   0.0000000e+00
   0.0000000e+00
   0.0000000e+00
   0.0000000e+00
   0.0000000e+00
   0.0000000e+00
   0.0000000e+00
   0.0000000e+00
   0.0000000e+00
   0.0000000e+00
   0.0000000e+00
   0.0000000e+00
   0.0000000e+00
   0.0000000e+00
   0.0000000e+00
   0.0000000e+00
   0.0000000e+00
   0.0000000e+00
   0.0000000e+00
   0.0000000e+00
   0.0000000e+00
   0.0000000e+00
   0.0000000e+00
   0.0000000e+00
   0.0000000e+00
   0.0000000e+00
   0.0000000e+00
   0.0000000e+00
   0.0000000e+00
   0.0000000e+00
   0.0000000e+00
   0.0000000e+00
   0.0000000e+00
   0.0000000e+00
   0.0000000e+00
   0.0000000e+00
   0.0000000e+00
   0.0000000e+00
   0.0000000e+00
   0.0000000e+00
   0.0000000e+00
   0.0000000e+00
   0.0000000e+00
   0.0000000e+00
   0.0000000e+00
   0.0000000e+00
   0.0000000e+00
   0.0000000e+00
   0.0000000e+00
   0.0000000e+00
   0.0000000e+00
   0.0000000e+00
   0.0000000e+00
   0.0000000e+00
   0.0000000e+00
   0.0000000e+00
   0.0000000e+00
   0.0000000e+00
   0.0000000e+00
   0.0000000e+00
   0.0000000e+00
   0.0000000e+00
   0.0000000e+00
   0.0000000e+00
   0.0000000e+00
   0.0000000e+00
   0.0000000e+00
   0.0000000e+00
   0.0000000e+00
   0.0000000e+00
   0.0000000e+00
   0.0000000e+00
   0.0000000e+00
   0.0000000e+00
   0.0000000e+00
   0.0000000e+00
   0.0000000e+00
   0.0000000e+00
   0.0000000e+00
   0.0000000e+00
   0.0000000e+00
   0.0000000e+00
   0.0000000e+00
   0.0000000e+00
   0.0000000e+00
   0.0000000e+00
   0.0000000e+00
   0.0000000e+00
   0.0000000e+00
   0.0000000e+00
   0.0000000e+00
   0.0000000e+00
   0.0000000e+00
   0.0000000e+00
   0.0000000e+00
   0.0000000e+00
   0.0000000e+00
   0.0000000e+00
   0.0000000e+00
   0.0000000e+00
   0.0000000e+00
   0.0000000e+00
   0.0000000e+00
   0.0000000e+00
   0.0000000e+00
   0.0000000e+00
   0.0000000e+00
   0.0000000e+00
   0.0000000e+00
   0.0000000e+00
   0.0000000e+00
   0.0000000e+00
   0.0000000e+00
   0.0000000e+00
   0.0000000e+00
   0.0000000e+00
   0.0000000e+00
   0.0000000e+00
   0.0000000e+00
   0.0000000e+00
   0.0000000e+00
   0.0000000e+00
   0.0000000e+00
   0.0000000e+00
   0.0000000e+00
   0.0000000e+00
   0.0000000e+00
   0.0000000e+00
   0.0000000e+00
   0.0000000e+00
   0.0000000e+00
   0.0000000e+00
   0.0000000e+00
   0.0000000e+00
   0.0000000e+00
   0.0000000e+00
   0.0000000e+00
   0.0000000e+00
   0.0000000e+00
   0.0000000e+00
   0.0000000e+00
   0.0000000e+00
   0.0000000e+00
   0.0000000e+00
   0.0000000e+00
   0.0000000e+00
   0.0000000e+00
   0.0000000e+00
   0.0000000e+00
   0.0000000e+00
   0.0000000e+00
   0.0000000e+00
   0.0000000e+00
   0.0000000e+00
   0.0000000e+00
   0.0000000e+00
   0.0000000e+00
   0.0000000e+00
   0.0000000e+00
   0.0000000e+00
   0.0000000e+00
   0.0000000e+00
   0.0000000e+00
   0.0000000e+00
   0.0000000e+00
   0.0000000e+00
   0.0000000e+00
   0.0000000e+00
   0.0000000e+00
   0.0000000e+00
   0.0000000e+00
   0.0000000e+00
   0.0000000e+00
   0.0000000e+00
   0.0000000e+00
   0.0000000e+00
   0.0000000e+00
   0.0000000e+00
   0.0000000e+00
   0.0000000e+00
   0.0000000e+00
   0.0000000e+00
   0.0000000e+00
   0.0000000e+00
   0.0000000e+00
   0.0000000e+00
   0.0000000e+00
   0.0000000e+00
   0.0000000e+00
   0.0000000e+00
   0.0000000e+00
   0.0000000e+00
   0.0000000e+00
   0.0000000e+00
