   9.6451744e-03
   9.3637245e-03
  -5.4728160e-03
   4.0122495e-03
  -4.8704039e-03
  -9.7928383e-04
   1.2917878e-03
  -3.3134334e-04
  -1.7855196e-03
   4.1671884e-03
   4.1551863e-04
  -1.2740960e-03
   1.0697185e-03
  -1.0849269e-03
   7.3602153e-05
   4.0330996e-05
  -5.7658296e-03
   5.5911974e-03
   6.2825905e-03
   3.1789969e-03
   8.0698647e-03
   1.1211214e-02
   2.6012615e-02
   1.6373796e-02
   2.2650763e-02
   2.4482889e-02
   1.3847773e-02
   2.4478714e-02
   1.5507599e-02
   2.0821495e-02
   1.8011551e-02
   2.2104641e-02
   1.7575272e-02
   2.0825044e-02
   2.0674359e-02
   2.0040933e-02
   2.4014115e-02
   1.2833671e-02
   2.6252074e-02
   3.4873031e-02
   6.3543828e-02
   7.3667150e-02
   4.7684449e-02
   6.2705112e-02
   5.6072832e-02
   5.3001794e-02
   6.5989305e-02
   5.2080870e-02
   6.7742514e-02
   5.4296953e-02
   6.2316804e-02
   5.3291867e-02
   6.3936399e-02
   5.4916056e-02
   6.0846329e-02
   5.3457863e-02
   6.3214388e-02
   5.5877839e-02
   6.8720627e-02
   2.6028959e-02
   1.1177568e-01
   9.5361159e-02
   1.3376009e-01
   1.1266332e-01
   1.2065248e-01
   1.2310787e-01
   1.0959344e-01
   1.2326740e-01
   1.0213837e-01
   1.2611756e-01
   1.1240322e-01
   1.2587671e-01
   1.0876369e-01
   1.2485970e-01
   1.1132091e-01
   1.3335598e-01
   6.8178127e-02
   1.5583728e-01
   6.3562540e-02
   4.0283123e-03
   1.9084835e-01
   2.2826207e-01
   1.4424522e-01
   1.8742831e-01
   1.7131627e-01
   1.6067727e-01
   1.9787754e-01
   1.7459426e-01
   1.9437337e-01
   1.6919801e-01
   1.5530569e-01
   1.6937384e-01
   1.8578529e-01
   1.6908965e-01
   1.7883772e-01
   1.6597552e-01
   1.9005909e-01
   1.9488903e-01
   1.6390419e-02
   1.7634763e-06
   3.8509626e-02
   1.1225195e-01
   1.8794189e-01
   2.5538053e-01
   1.8335810e-01
   2.3990146e-01
   2.6740846e-01
   6.9507057e-02
   2.7247240e-01
   1.3356558e-01
   2.9166275e-01
   2.6360662e-01
   2.9718396e-01
   2.0320799e-01
   3.0106560e-01
   2.2482398e-01
   2.6393638e-01
   1.1902188e-01
   4.3804697e-04
   0.0000000e+00
   0.0000000e+00
   1.6012633e-01
   4.6852483e-01
   2.6359410e-01
   4.1159202e-01
   3.5417083e-01
   2.6272510e-01
   1.6268786e-02
   1.8741666e-03
   3.1610953e-03
   3.6235777e-02
   3.2754139e-02
   3.7966598e-02
   2.6227024e-02
   3.3885039e-02
   1.0610674e-02
   5.9313907e-03
   2.1376767e-03
   7.2290625e-06
   0.0000000e+00
   0.0000000e+00
   3.0261940e-02
   8.7671506e-02
   5.0456639e-02
   1.2277122e-01
   5.4278089e-02
   1.2009789e-02
   7.2720753e-04
   0.0000000e+00
   0.0000000e+00
   0.0000000e+00
   0.0000000e+00
   0.0000000e+00
   0.0000000e+00
   0.0000000e+00
   0.0000000e+00
   0.0000000e+00
   0.0000000e+00
   0.0000000e+00
   0.0000000e+00
   0.0000000e+00
   0.0000000e+00
   0.0000000e+00
   9.2824275e-06
   5.4430742e-05
   1.9778283e-05
   2.8072241e-08
   0.0000000e+00
   0.0000000e+00
   0.0000000e+00
   0.0000000e+00
   0.0000000e+00
   0.0000000e+00
   0.0000000e+00
   0.0000000e+00
   0.0000000e+00
   0.0000000e+00
   0.0000000e+00
   0.0000000e+00
   0.0000000e+00
   0.0000000e+00
   0.0000000e+00
   0.0000000e+00
   0.0000000e+00
   0.0000000e+00
   0.0000000e+00
   0.0000000e+00
   0.0000000e+00
   0.0000000e+00
   0.0000000e+00
   0.0000000e+00
   0.0000000e+00
   0.0000000e+00
   0.0000000e+00
   0.0000000e+00
   0.0000000e+00
   0.0000000e+00
   0.0000000e+00
   0.0000000e+00
   0.0000000e+00
   0.0000000e+00
   0.0000000e+00
   0.0000000e+00
   0.0000000e+00
   0.0000000e+00
   0.0000000e+00
   0.0000000e+00
   0.0000000e+00
   0.0000000e+00
   0.0000000e+00
   0.0000000e+00
   0.0000000e+00
   0.0000000e+00
   0.0000000e+00
   0.0000000e+00
   0.0000000e+00
   0.0000000e+00
   0.0000000e+00
   0.0000000e+00
   0.0000000e+00
   0.0000000e+00
   0.0000000e+00
   0.0000000e+00
   0.0000000e+00
   0.0000000e+00
   0.0000000e+00
   0.0000000e+00
   0.0000000e+00
   0.0000000e+00
   0.0000000e+00
   0.0000000e+00
   0.0000000e+00
   0.0000000e+00
   0.0000000e+00
   0.0000000e+00
   0.0000000e+00
   0.0000000e+00
   0.0000000e+00
   0.0000000e+00
   0.0000000e+00
   0.0000000e+00
   0.0000000e+00
   0.0000000e+00
   0.0000000e+00
   0.0000000e+00
   0.0000000e+00
   0.0000000e+00
   0.0000000e+00
   0.0000000e+00
   0.0000000e+00
   0.0000000e+00
   0.0000000e+00
   0.0000000e+00
   0.0000000e+00
   0.0000000e+00
   0.0000000e+00
   0.0000000e+00
   0.0000000e+00
   0.0000000e+00
   0.0000000e+00
   0.0000000e+00
   0.0000000e+00
   0.0000000e+00
   0.0000000e+00
   0.0000000e+00
   0.0000000e+00
   0.0000000e+00
   0.0000000e+00
   0.0000000e+00
   0.0000000e+00
   0.0000000e+00
   0.0000000e+00
   0.0000000e+00
   0.0000000e+00
   0.0000000e+00
   0.0000000e+00
   0.0000000e+00
   0.0000000e+00
   0.0000000e+00
   0.0000000e+00
   0.0000000e+00
   0.0000000e+00
   0.0000000e+00
   0.0000000e+00
   0.0000000e+00
   0.0000000e+00
   0.0000000e+00
   0.0000000e+00
   0.0000000e+00
   0.0000000e+00
   0.0000000e+00
   0.0000000e+00
   0.0000000e+00
   0.0000000e+00
   0.0000000e+00
   0.0000000e+00
   0.0000000e+00
   0.0000000e+00
   0.0000000e+00
   0.0000000e+00
   0.0000000e+00
   0.0000000e+00
   0.0000000e+00
   0.0000000e+00
   0.0000000e+00
   0.0000000e+00
   0.0000000e+00
   0.0000000e+00
   0.0000000e+00
   0.0000000e+00
   0.0000000e+00
   0.0000000e+00
   0.0000000e+00
   0.0000000e+00
   0.0000000e+00
   0.0000000e+00
   0.0000000e+00
   0.0000000e+00
   0.0000000e+00
   0.0000000e+00
   0.0000000e+00
   0.0000000e+00
   0.0000000e+00
   0.0000000e+00
   0.0000000e+00
   0.0000000e+00
   0.0000000e+00
   0.0000000e+00
   0.0000000e+00
   0.0000000e+00
   0.0000000e+00
   0.0000000e+00
   0.0000000e+00
   0.0000000e+00
   0.0000000e+00
   0.0000000e+00
   0.0000000e+00
   0.0000000e+00
   0.0000000e+00
   0.0000000e+00
   0.0000000e+00
   0.0000000e+00
   0.0000000e+00
   0.0000000e+00
   0.0000000e+00
   0.0000000e+00
   0.0000000e+00
   0.0000000e+00
   0.0000000e+00
   0.0000000e+00
   0.0000000e+00
   0.0000000e+00
   0.0000000e+00
   0.0000000e+00
   0.0000000e+00
   0.0000000e+00
   0.0000000e+00
   0.0000000e+00
   0.0000000e+00
   0.0000000e+00
   0.0000000e+00
   0.0000000e+00
   0.0000000e+00
   0.0000000e+00
   0.0000000e+00
   0.0000000e+00
   0.0000000e+00
   0.0000000e+00
   0.0000000e+00
   0.0000000e+00
   0.0000000e+00
   0.0000000e+00
   0.0000000e+00
   0.0000000e+00
   0.0000000e+00
   0.0000000e+00
   0.0000000e+00
   0.0000000e+00
   0.0000000e+00
   0.0000000e+00
   0.0000000e+00
   0.0000000e+00
   0.0000000e+00
   0.0000000e+00
   0.0000000e+00
   0.0000000e+00
   0.0000000e+00
   0.0000000e+00
   0.0000000e+00
   0.0000000e+00
   0.0000000e+00
   0.0000000e+00
   0.0000000e+00
   0.0000000e+00
   0.0000000e+00
   0.0000000e+00
   0.0000000e+00
   0.0000000e+00
   0.0000000e+00
   0.0000000e+00
