   4.2587078e-03
  -6.2921154e-03
  -8.3788455e-04
  -9.6603255e-04
  -2.6688542e-03
  -2.9865851e-03
  -3.6319908e-03
   1.5076750e-03
   9.5614852e-03
  -3.1673471e-03
   3.5221124e-03
  -6.5347526e-04
   2.7988123e-03
  -1.7812693e-03
   1.4070318e-03
   5.6574182e-03
  -2.2982177e-03
   3.3666772e-04
  -1.1632030e-03
   3.2409011e-03
   1.4811656e-02
   2.7251250e-02
   1.9112569e-02
   2.1010517e-02
   2.2085129e-02
   2.1189478e-02
   2.3562627e-02
   1.6840720e-02
   1.2196534e-02
   1.9984695e-02
   1.8573085e-02
   1.3645619e-02
   1.9952722e-02
   1.7051947e-02
   2.6114807e-02
   7.2558022e-03
   2.4579493e-02
   2.0883106e-02
   2.1185259e-02
   1.6596838e-02
   6.3181972e-02
   4.6890743e-02
   6.0290903e-02
   5.6439182e-02
   5.4007556e-02
   5.8005272e-02
   5.4535535e-02
   6.2463342e-02
   7.0342027e-02
   5.8759239e-02
   6.0399641e-02
   6.8223908e-02
   5.8454598e-02
   6.2917886e-02
   5.1289637e-02
   7.5058210e-02
   5.9566772e-02
   3.7764851e-02
   7.5979705e-02
   6.3180301e-03
   1.1744023e-01
   1.3287915e-01
   1.1421725e-01
   1.2182888e-01
   1.3014361e-01
   1.1581593e-01
   1.2508687e-01
   1.1140617e-01
   9.7223675e-02
   1.1630831e-01
   1.1694564e-01
   9.9471714e-02
   1.1940295e-01
   1.1065494e-01
   1.2819898e-01
   8.9287317e-02
   1.1270994e-01
   1.5867486e-01
   9.0169339e-02
   6.3247242e-04
   7.7033515e-03
   1.8327023e-01
   1.5719762e-01
   1.8276835e-01
   1.4454971e-01
   1.8023802e-01
   1.5775894e-01
   1.9526138e-01
   2.0721980e-01
   2.0324058e-01
   1.5527433e-01
   3.1211468e-01
   1.5553725e-01
   2.0768733e-01
   1.5700997e-01
   2.0525817e-01
   2.0410929e-01
   5.2282002e-02
   1.3973841e-02
   3.3600859e-06
   5.8629356e-04
   8.9374019e-02
   3.6259809e-01
   1.8387111e-01
   3.0743276e-01
   3.1274586e-01
   2.4151637e-01
   1.1340954e-01
   1.7992816e-01
   8.5206405e-02
   7.3704079e-02
   1.9528090e-01
   1.2204074e-01
   1.7823330e-01
   2.6863158e-01
   1.9512322e-01
   5.8503593e-02
   3.1931271e-05
   0.0000000e+00
   0.0000000e+00
  -1.0198866e-07
   3.2248042e-02
   2.1365431e-01
   1.4963114e-01
   9.4965319e-02
   5.9523173e-02
   3.5156651e-02
   1.9419481e-03
   7.0533243e-05
   4.4931467e-05
   1.6961420e-03
   4.1291540e-03
   1.2203862e-03
   7.0092844e-03
   2.9121571e-01
   3.9112884e-01
   2.0214935e-02
   1.5034018e-08
   0.0000000e+00
   0.0000000e+00
   0.0000000e+00
   7.2867818e-05
   4.8879267e-04
   3.0811701e-04
   4.7054331e-06
   1.6165532e-07
   5.7935605e-11
   0.0000000e+00
   0.0000000e+00
   0.0000000e+00
   0.0000000e+00
   0.0000000e+00
   0.0000000e+00
   4.1385350e-03
   2.5098010e-01
   3.8469642e-01
   3.1622237e-02
   0.0000000e+00
   0.0000000e+00
   0.0000000e+00
   0.0000000e+00
   0.0000000e+00
   0.0000000e+00
   0.0000000e+00
   0.0000000e+00
   0.0000000e+00
   0.0000000e+00
   0.0000000e+00
   0.0000000e+00
   0.0000000e+00
   0.0000000e+00
   0.0000000e+00
   0.0000000e+00
   1.1365020e-04
   7.0234801e-03
   1.1005620e-02
   9.6079314e-04
   0.0000000e+00
   0.0000000e+00
   0.0000000e+00
   0.0000000e+00
   0.0000000e+00
   0.0000000e+00
   0.0000000e+00
   0.0000000e+00
   0.0000000e+00
   0.0000000e+00
   0.0000000e+00
   0.0000000e+00
   0.0000000e+00
   0.0000000e+00
   0.0000000e+00
   0.0000000e+00
   0.0000000e+00
   0.0000000e+00
   0.0000000e+00
   0.0000000e+00
   0.0000000e+00
   0.0000000e+00
   0.0000000e+00
   0.0000000e+00
   0.0000000e+00
   0.0000000e+00
   0.0000000e+00
   0.0000000e+00
   0.0000000e+00
   0.0000000e+00
   0.0000000e+00
   0.0000000e+00
   0.0000000e+00
   0.0000000e+00
   0.0000000e+00
   0.0000000e+00
   0.0000000e+00
   0.0000000e+00
   0.0000000e+00
   0.0000000e+00
   0.0000000e+00
   0.0000000e+00
   0.0000000e+00
   0.0000000e+00
   0.0000000e+00
   0.0000000e+00
   0.0000000e+00
   0.0000000e+00
   0.0000000e+00
   0.0000000e+00
   0.0000000e+00
   0.0000000e+00
   0.0000000e+00
   0.0000000e+00
   0.0000000e+00
   0.0000000e+00
   0.0000000e+00
   0.0000000e+00
   0.0000000e+00
   0.0000000e+00
   0.0000000e+00
   0.0000000e+00
   0.0000000e+00
   0.0000000e+00
   0.0000000e+00
   0.0000000e+00
   0.0000000e+00
   0.0000000e+00
   0.0000000e+00
   0.0000000e+00
   0.0000000e+00
   0.0000000e+00
   0.0000000e+00
   0.0000000e+00
   0.0000000e+00
   0.0000000e+00
   0.0000000e+00
   0.0000000e+00
   0.0000000e+00
   0.0000000e+00
   0.0000000e+00
   0.0000000e+00
   0.0000000e+00
   0.0000000e+00
   0.0000000e+00
   0.0000000e+00
   0.0000000e+00
   0.0000000e+00
   0.0000000e+00
   0.0000000e+00
   0.0000000e+00
   0.0000000e+00
   0.0000000e+00
   0.0000000e+00
   0.0000000e+00
   0.0000000e+00
   0.0000000e+00
   0.0000000e+00
   0.0000000e+00
   0.0000000e+00
   0.0000000e+00
   0.0000000e+00
   0.0000000e+00
   0.0000000e+00
   0.0000000e+00
   0.0000000e+00
   0.0000000e+00
   0.0000000e+00
   0.0000000e+00
   0.0000000e+00
   0.0000000e+00
   0.0000000e+00
   0.0000000e+00
   0.0000000e+00
   0.0000000e+00
   0.0000000e+00
   0.0000000e+00
   0.0000000e+00
   0.0000000e+00
   0.0000000e+00
   0.0000000e+00
   0.0000000e+00
   0.0000000e+00
   0.0000000e+00
   0.0000000e+00
   0.0000000e+00
   0.0000000e+00
   0.0000000e+00
   0.0000000e+00
   0.0000000e+00
   0.0000000e+00
   0.0000000e+00
   0.0000000e+00
   0.0000000e+00
   0.0000000e+00
   0.0000000e+00
   0.0000000e+00
   0.0000000e+00
   0.0000000e+00
   0.0000000e+00
   0.0000000e+00
   0.0000000e+00
   0.0000000e+00
   0.0000000e+00
   0.0000000e+00
   0.0000000e+00
   0.0000000e+00
   0.0000000e+00
   0.0000000e+00
   0.0000000e+00
   0.0000000e+00
   0.0000000e+00
   0.0000000e+00
   0.0000000e+00
   0.0000000e+00
   0.0000000e+00
   0.0000000e+00
   0.0000000e+00
   0.0000000e+00
   0.0000000e+00
   0.0000000e+00
   0.0000000e+00
   0.0000000e+00
   0.0000000e+00
   0.0000000e+00
   0.0000000e+00
   0.0000000e+00
   0.0000000e+00
   0.0000000e+00
   0.0000000e+00
   0.0000000e+00
   0.0000000e+00
   0.0000000e+00
   0.0000000e+00
   0.0000000e+00
   0.0000000e+00
   0.0000000e+00
   0.0000000e+00
   0.0000000e+00
   0.0000000e+00
   0.0000000e+00
   0.0000000e+00
   0.0000000e+00
   0.0000000e+00
   0.0000000e+00
   0.0000000e+00
   0.0000000e+00
   0.0000000e+00
   0.0000000e+00
   0.0000000e+00
   0.0000000e+00
   0.0000000e+00
   0.0000000e+00
   0.0000000e+00
   0.0000000e+00
   0.0000000e+00
   0.0000000e+00
   0.0000000e+00
   0.0000000e+00
   0.0000000e+00
   0.0000000e+00
   0.0000000e+00
   0.0000000e+00
   0.0000000e+00
   0.0000000e+00
   0.0000000e+00
   0.0000000e+00
   0.0000000e+00
   0.0000000e+00
   0.0000000e+00
   0.0000000e+00
   0.0000000e+00
   0.0000000e+00
   0.0000000e+00
   0.0000000e+00
   0.0000000e+00
   0.0000000e+00
   0.0000000e+00
   0.0000000e+00
   0.0000000e+00
   0.0000000e+00
   0.0000000e+00
   0.0000000e+00
