  -1.1213890e-03
  -3.7562261e-03
  -6.7293500e-03
   1.5922881e-03
  -1.7073436e-03
   1.3018417e-04
   1.6994806e-03
  -1.1970934e-03
   2.0145958e-03
  -2.5222855e-03
   2.8574685e-03
  -5.2586243e-03
   1.8057216e-03
   2.0756145e-03
   2.4796250e-03
   1.4160359e-02
   1.0508742e-02
   4.6025848e-03
   1.2434921e-02
   7.4205153e-03
   1.1807117e-02
   2.2333096e-02
   2.6642095e-02
   1.8786821e-02
   2.2131927e-02
   1.9936585e-02
   1.5195160e-02
   2.1652082e-02
   1.5796218e-02
   2.2626749e-02
   1.7025299e-02
   2.3978308e-02
   1.5330591e-02
   1.5740865e-02
   1.5723200e-02
   7.9207110e-03
   1.5950531e-02
   1.5115017e-02
   7.9922973e-03
   6.1660397e-03
   6.8827938e-02
   6.2412091e-02
   4.6662255e-02
   5.9525509e-02
   5.5541620e-02
   5.6580417e-02
   7.1499141e-02
   5.3845714e-02
   6.7267105e-02
   5.2838177e-02
   6.2849648e-02
   5.2792748e-02
   6.6421335e-02
   6.5078227e-02
   6.6092607e-02
   6.9767886e-02
   6.1502959e-02
   6.3569745e-02
   8.7401371e-02
   7.8343126e-04
   9.6612732e-02
   1.1586212e-01
   1.2803307e-01
   1.1978844e-01
   1.2143538e-01
   1.2168188e-01
   9.9767742e-02
   1.2117494e-01
   1.0601102e-01
   1.2518282e-01
   1.1247491e-01
   1.2547317e-01
   1.0876864e-01
   1.0807386e-01
   1.0356339e-01
   1.0115267e-01
   1.1990251e-01
   9.9217589e-02
   1.1763285e-01
   1.5977590e-04
   9.8466769e-02
   2.2845406e-01
   1.3605982e-01
   1.6455995e-01
   1.6688800e-01
   1.6313453e-01
   2.2112843e-01
   1.6961828e-01
   2.1302050e-01
   1.5987811e-01
   1.8645158e-01
   1.6009224e-01
   1.8985762e-01
   2.2695194e-01
   1.9393438e-01
   2.3164684e-01
   1.5790468e-01
   2.5092108e-01
   3.0162270e-02
   8.7303864e-06
   1.4523588e-01
   3.2633164e-01
   1.3098498e-01
   2.6319158e-01
   3.5777614e-01
   1.4882337e-01
   4.9120985e-02
   2.3207927e-02
   2.1266860e-02
   7.9907272e-02
   3.2040441e-01
   1.2052312e-01
   2.8929806e-02
   5.8917056e-02
   5.8923675e-02
   7.1039877e-02
   4.6309383e-02
   4.3754239e-02
   3.3715541e-03
   0.0000000e+00
   1.3368947e-02
   2.8869752e-02
   1.0947560e-02
   2.7162149e-02
   6.9073357e-02
   2.9062031e-02
   1.5602752e-04
   0.0000000e+00
   2.1648362e-06
   1.4638074e-03
   6.9761149e-03
   2.6540483e-03
   1.5238762e-05
   0.0000000e+00
   0.0000000e+00
   0.0000000e+00
   0.0000000e+00
   0.0000000e+00
   0.0000000e+00
   0.0000000e+00
   0.0000000e+00
   0.0000000e+00
   0.0000000e+00
   0.0000000e+00
   0.0000000e+00
   0.0000000e+00
   0.0000000e+00
   0.0000000e+00
   0.0000000e+00
   0.0000000e+00
   0.0000000e+00
   0.0000000e+00
   0.0000000e+00
   0.0000000e+00
   0.0000000e+00
   0.0000000e+00
   0.0000000e+00
   0.0000000e+00
   0.0000000e+00
   0.0000000e+00
   0.0000000e+00
   0.0000000e+00
   0.0000000e+00
   0.0000000e+00
   0.0000000e+00
   0.0000000e+00
   0.0000000e+00
   0.0000000e+00
   0.0000000e+00
   0.0000000e+00
   0.0000000e+00
   0.0000000e+00
   0.0000000e+00
   0.0000000e+00
   0.0000000e+00
   0.0000000e+00
   0.0000000e+00
   0.0000000e+00
   0.0000000e+00
   0.0000000e+00
   0.0000000e+00
   0.0000000e+00
   0.0000000e+00
   0.0000000e+00
   0.0000000e+00
   0.0000000e+00
   0.0000000e+00
   0.0000000e+00
   0.0000000e+00
   0.0000000e+00
   0.0000000e+00
   0.0000000e+00
   0.0000000e+00
   0.0000000e+00
   0.0000000e+00
   0.0000000e+00
   0.0000000e+00
   0.0000000e+00
   0.0000000e+00
   0.0000000e+00
   0.0000000e+00
   0.0000000e+00
   0.0000000e+00
   0.0000000e+00
   0.0000000e+00
   0.0000000e+00
   0.0000000e+00
   0.0000000e+00
   0.0000000e+00
   0.0000000e+00
   0.0000000e+00
   0.0000000e+00
   0.0000000e+00
   0.0000000e+00
   0.0000000e+00
   0.0000000e+00
   0.0000000e+00
   0.0000000e+00
   0.0000000e+00
   0.0000000e+00
   0.0000000e+00
   0.0000000e+00
   0.0000000e+00
   0.0000000e+00
   0.0000000e+00
   0.0000000e+00
   0.0000000e+00
   0.0000000e+00
   0.0000000e+00
   0.0000000e+00
   0.0000000e+00
   0.0000000e+00
   0.0000000e+00
   0.0000000e+00
   0.0000000e+00
   0.0000000e+00
   0.0000000e+00
   0.0000000e+00
   0.0000000e+00
   0.0000000e+00
   0.0000000e+00
   0.0000000e+00
   0.0000000e+00
   0.0000000e+00
   0.0000000e+00
   0.0000000e+00
   0.0000000e+00
   0.0000000e+00
   0.0000000e+00
   0.0000000e+00
   0.0000000e+00
   0.0000000e+00
   0.0000000e+00
   0.0000000e+00
   0.0000000e+00
   0.0000000e+00
   0.0000000e+00
   0.0000000e+00
   0.0000000e+00
   0.0000000e+00
   0.0000000e+00
   0.0000000e+00
   0.0000000e+00
   0.0000000e+00
   0.0000000e+00
   0.0000000e+00
   0.0000000e+00
   0.0000000e+00
   0.0000000e+00
   0.0000000e+00
   0.0000000e+00
   0.0000000e+00
   0.0000000e+00
   0.0000000e+00
   0.0000000e+00
   0.0000000e+00
   0.0000000e+00
   0.0000000e+00
   0.0000000e+00
   0.0000000e+00
   0.0000000e+00
   0.0000000e+00
   0.0000000e+00
   0.0000000e+00
   0.0000000e+00
   0.0000000e+00
   0.0000000e+00
   0.0000000e+00
   0.0000000e+00
   0.0000000e+00
   0.0000000e+00
   0.0000000e+00
   0.0000000e+00
   0.0000000e+00
   0.0000000e+00
   0.0000000e+00
   0.0000000e+00
   0.0000000e+00
   0.0000000e+00
   0.0000000e+00
   0.0000000e+00
   0.0000000e+00
   0.0000000e+00
   0.0000000e+00
   0.0000000e+00
   0.0000000e+00
   0.0000000e+00
   0.0000000e+00
   0.0000000e+00
   0.0000000e+00
   0.0000000e+00
   0.0000000e+00
   0.0000000e+00
   0.0000000e+00
   0.0000000e+00
   0.0000000e+00
   0.0000000e+00
   0.0000000e+00
   0.0000000e+00
   0.0000000e+00
   0.0000000e+00
   0.0000000e+00
   0.0000000e+00
   0.0000000e+00
   0.0000000e+00
   0.0000000e+00
   0.0000000e+00
   0.0000000e+00
   0.0000000e+00
   0.0000000e+00
   0.0000000e+00
   0.0000000e+00
   0.0000000e+00
   0.0000000e+00
   0.0000000e+00
   0.0000000e+00
   0.0000000e+00
   0.0000000e+00
   0.0000000e+00
   0.0000000e+00
   0.0000000e+00
   0.0000000e+00
   0.0000000e+00
   0.0000000e+00
   0.0000000e+00
   0.0000000e+00
   0.0000000e+00
   0.0000000e+00
   0.0000000e+00
   0.0000000e+00
   0.0000000e+00
   0.0000000e+00
   0.0000000e+00
   0.0000000e+00
   0.0000000e+00
   0.0000000e+00
   0.0000000e+00
   0.0000000e+00
   0.0000000e+00
   0.0000000e+00
   0.0000000e+00
   0.0000000e+00
   0.0000000e+00
   0.0000000e+00
   0.0000000e+00
   0.0000000e+00
   0.0000000e+00
   0.0000000e+00
   0.0000000e+00
   0.0000000e+00
   0.0000000e+00
   0.0000000e+00
   0.0000000e+00
   0.0000000e+00
   0.0000000e+00
   0.0000000e+00
   0.0000000e+00
   0.0000000e+00
   0.0000000e+00
   0.0000000e+00
   0.0000000e+00
   0.0000000e+00
   0.0000000e+00
   0.0000000e+00
   0.0000000e+00
   0.0000000e+00
   0.0000000e+00
   0.0000000e+00
   0.0000000e+00
   0.0000000e+00
   0.0000000e+00
   0.0000000e+00
   0.0000000e+00
   0.0000000e+00
   0.0000000e+00
   0.0000000e+00
   0.0000000e+00
   0.0000000e+00
   0.0000000e+00
   0.0000000e+00
