  -5.8919825e-03
   7.8766035e-04
  -1.4073147e-03
   2.4561222e-03
  -3.0190057e-03
   1.2342949e-03
   3.3812340e-04
   1.3328969e-03
  -9.2157472e-04
  -3.1051854e-04
   1.1739219e-03
  -7.5333695e-03
  -7.1080870e-03
   4.2691542e-03
  -9.2656423e-03
   1.0632687e-04
  -1.6157033e-04
   2.1350878e-03
   7.1110880e-03
   7.0088160e-03
   2.4680504e-02
   2.1173965e-02
   2.1198812e-02
   1.4228585e-02
   2.3933601e-02
   2.2267263e-02
   1.5947322e-02
   1.7368647e-02
   2.0379217e-02
   2.0792859e-02
   1.5351424e-02
   2.3845161e-02
   2.2007886e-02
   1.7663759e-02
   2.2879329e-02
   2.5128344e-02
   1.9194622e-02
   3.6913906e-03
   2.2027931e-02
   5.4664246e-03
   6.3244768e-02
   4.5316489e-02
   5.8386668e-02
   7.0048496e-02
   5.1305001e-02
   5.6035278e-02
   6.5231306e-02
   6.5819800e-02
   5.6911234e-02
   5.7540329e-02
   6.5781167e-02
   5.3197191e-02
   5.6387574e-02
   6.1641317e-02
   5.5108202e-02
   4.9837855e-02
   6.3489608e-02
   5.9596858e-02
   8.0309317e-02
   1.2691464e-03
   1.0254252e-01
   1.4857816e-01
   1.1702975e-01
   9.8304355e-02
   1.3179079e-01
   1.1679421e-01
   1.1347996e-01
   1.0537538e-01
   1.2134754e-01
   1.1939134e-01
   1.0318010e-01
   1.2929755e-01
   1.1602579e-01
   1.1745140e-01
   1.1715340e-01
   1.3417208e-01
   1.0458613e-01
   1.4490944e-01
   4.3848880e-02
   3.4550262e-04
   1.9246747e-01
   1.3172774e-01
   1.8330765e-01
   2.0146230e-01
   1.5820623e-01
   1.7913574e-01
   1.8265453e-01
   2.4248846e-01
   1.4965656e-01
   1.8810273e-01
   1.8324979e-01
   1.5851660e-01
   1.7421124e-01
   1.8690360e-01
   1.6472825e-01
   1.3236873e-01
   2.1511272e-01
   1.3061792e-01
   4.5928475e-03
   1.6550947e-06
   1.7644889e-01
   3.5999044e-01
   1.6442316e-01
   1.8922274e-01
   2.5864386e-01
   2.5835759e-01
   9.2358830e-02
   1.3199539e-01
   3.9336247e-01
   1.4780665e-01
   2.4687718e-01
   2.4794743e-01
   2.9828648e-01
   1.5505258e-01
   3.3300151e-01
   2.8165146e-01
   2.9042999e-01
   5.2860737e-02
   1.7869529e-04
   0.0000000e+00
   3.0013042e-02
   7.5909504e-02
   2.1586854e-02
   1.7755708e-03
   8.2817691e-03
   7.7556780e-03
   4.9417249e-04
   5.0046862e-02
   2.5219915e-01
   8.0595859e-02
   9.9236099e-02
   3.4852994e-01
   3.2933485e-01
   1.1500702e-01
   1.3080880e-01
   8.2330534e-02
   3.8196880e-02
   6.2858297e-03
   0.0000000e+00
   0.0000000e+00
   0.0000000e+00
   0.0000000e+00
   0.0000000e+00
   0.0000000e+00
   0.0000000e+00
   0.0000000e+00
   0.0000000e+00
   8.6995796e-04
   4.3839444e-03
   1.3778354e-03
   1.2081809e-01
   5.1484814e-01
   1.4420168e-01
   3.1555164e-03
   2.0357697e-04
   9.7861433e-05
   7.4263623e-07
   0.0000000e+00
   0.0000000e+00
   0.0000000e+00
   0.0000000e+00
   0.0000000e+00
   0.0000000e+00
   0.0000000e+00
   0.0000000e+00
   0.0000000e+00
   0.0000000e+00
   0.0000000e+00
   0.0000000e+00
   0.0000000e+00
   1.3404549e-02
   5.6992602e-02
   1.5144174e-02
   1.1996149e-07
   0.0000000e+00
   0.0000000e+00
   0.0000000e+00
   0.0000000e+00
   0.0000000e+00
   0.0000000e+00
   0.0000000e+00
   0.0000000e+00
   0.0000000e+00
   0.0000000e+00
   0.0000000e+00
   0.0000000e+00
   0.0000000e+00
   0.0000000e+00
   0.0000000e+00
   0.0000000e+00
   0.0000000e+00
   0.0000000e+00
   0.0000000e+00
   0.0000000e+00
   0.0000000e+00
   0.0000000e+00
   0.0000000e+00
   0.0000000e+00
   0.0000000e+00
   0.0000000e+00
   0.0000000e+00
   0.0000000e+00
   0.0000000e+00
   0.0000000e+00
   0.0000000e+00
   0.0000000e+00
   0.0000000e+00
   0.0000000e+00
   0.0000000e+00
   0.0000000e+00
   0.0000000e+00
   0.0000000e+00
   0.0000000e+00
   0.0000000e+00
   0.0000000e+00
   0.0000000e+00
   0.0000000e+00
   0.0000000e+00
   0.0000000e+00
   0.0000000e+00
   0.0000000e+00
   0.0000000e+00
   0.0000000e+00
   0.0000000e+00
   0.0000000e+00
   0.0000000e+00
   0.0000000e+00
   0.0000000e+00
   0.0000000e+00
   0.0000000e+00
   0.0000000e+00
   0.0000000e+00
   0.0000000e+00
   0.0000000e+00
   0.0000000e+00
   0.0000000e+00
   0.0000000e+00
   0.0000000e+00
   0.0000000e+00
   0.0000000e+00
   0.0000000e+00
   0.0000000e+00
   0.0000000e+00
   0.0000000e+00
   0.0000000e+00
   0.0000000e+00
   0.0000000e+00
   0.0000000e+00
   0.0000000e+00
   0.0000000e+00
   0.0000000e+00
   0.0000000e+00
   0.0000000e+00
   0.0000000e+00
   0.0000000e+00
   0.0000000e+00
   0.0000000e+00
   0.0000000e+00
   0.0000000e+00
   0.0000000e+00
   0.0000000e+00
   0.0000000e+00
   0.0000000e+00
   0.0000000e+00
   0.0000000e+00
   0.0000000e+00
   0.0000000e+00
   0.0000000e+00
   0.0000000e+00
   0.0000000e+00
   0.0000000e+00
   0.0000000e+00
   0.0000000e+00
   0.0000000e+00
   0.0000000e+00
   0.0000000e+00
   0.0000000e+00
   0.0000000e+00
   0.0000000e+00
   0.0000000e+00
   0.0000000e+00
   0.0000000e+00
   0.0000000e+00
   0.0000000e+00
   0.0000000e+00
   0.0000000e+00
   0.0000000e+00
   0.0000000e+00
   0.0000000e+00
   0.0000000e+00
   0.0000000e+00
   0.0000000e+00
   0.0000000e+00
   0.0000000e+00
   0.0000000e+00
   0.0000000e+00
   0.0000000e+00
   0.0000000e+00
   0.0000000e+00
   0.0000000e+00
   0.0000000e+00
   0.0000000e+00
   0.0000000e+00
   0.0000000e+00
   0.0000000e+00
   0.0000000e+00
   0.0000000e+00
   0.0000000e+00
   0.0000000e+00
   0.0000000e+00
   0.0000000e+00
   0.0000000e+00
   0.0000000e+00
   0.0000000e+00
   0.0000000e+00
   0.0000000e+00
   0.0000000e+00
   0.0000000e+00
   0.0000000e+00
   0.0000000e+00
   0.0000000e+00
   0.0000000e+00
   0.0000000e+00
   0.0000000e+00
   0.0000000e+00
   0.0000000e+00
   0.0000000e+00
   0.0000000e+00
   0.0000000e+00
   0.0000000e+00
   0.0000000e+00
   0.0000000e+00
   0.0000000e+00
   0.0000000e+00
   0.0000000e+00
   0.0000000e+00
   0.0000000e+00
   0.0000000e+00
   0.0000000e+00
   0.0000000e+00
   0.0000000e+00
   0.0000000e+00
   0.0000000e+00
   0.0000000e+00
   0.0000000e+00
   0.0000000e+00
   0.0000000e+00
   0.0000000e+00
   0.0000000e+00
   0.0000000e+00
   0.0000000e+00
   0.0000000e+00
   0.0000000e+00
   0.0000000e+00
   0.0000000e+00
   0.0000000e+00
   0.0000000e+00
   0.0000000e+00
   0.0000000e+00
   0.0000000e+00
   0.0000000e+00
   0.0000000e+00
   0.0000000e+00
   0.0000000e+00
   0.0000000e+00
   0.0000000e+00
   0.0000000e+00
   0.0000000e+00
   0.0000000e+00
   0.0000000e+00
   0.0000000e+00
   0.0000000e+00
   0.0000000e+00
   0.0000000e+00
   0.0000000e+00
   0.0000000e+00
   0.0000000e+00
   0.0000000e+00
   0.0000000e+00
   0.0000000e+00
   0.0000000e+00
   0.0000000e+00
   0.0000000e+00
   0.0000000e+00
   0.0000000e+00
   0.0000000e+00
   0.0000000e+00
   0.0000000e+00
   0.0000000e+00
   0.0000000e+00
   0.0000000e+00
   0.0000000e+00
   0.0000000e+00
   0.0000000e+00
   0.0000000e+00
   0.0000000e+00
   0.0000000e+00
   0.0000000e+00
   0.0000000e+00
   0.0000000e+00
