  -1.9548465e-03
  -2.8517201e-03
   5.3857832e-03
  -1.0014210e-02
   2.3623272e-03
   3.6935068e-04
  -7.6537426e-04
   5.4307832e-03
  -2.9707963e-03
  -1.9988884e-04
   1.3726011e-03
  -1.0192803e-03
   1.5675435e-03
  -8.3950654e-04
   1.0720647e-04
   2.0450841e-03
  -1.3190298e-02
   4.4992679e-03
   3.1548752e-03
   7.7377322e-04
   3.4058586e-02
   1.2994647e-02
   2.0671738e-02
   2.3686045e-02
   1.8669129e-02
   1.7364380e-02
   1.9789015e-02
   1.1940094e-02
   2.5996023e-02
   1.9621297e-02
   1.7933626e-02
   2.0429460e-02
   1.6835003e-02
   2.2567956e-02
   1.7536495e-02
   1.8687758e-02
   3.1880742e-02
   1.8016689e-02
   1.1427191e-02
   1.3195238e-02
   2.8012537e-02
   7.6860139e-02
   5.3552491e-02
   5.5437473e-02
   5.9931864e-02
   6.2355587e-02
   5.9578501e-02
   7.1386223e-02
   4.6045985e-02
   5.9232175e-02
   6.1947582e-02
   5.7689743e-02
   6.3096255e-02
   5.3433307e-02
   6.4039635e-02
   5.7574100e-02
   4.5816241e-02
   4.8865165e-02
   9.2223315e-02
   2.0429244e-02
   9.2677038e-03
   1.1687687e-01
   1.1402538e-01
   1.2613543e-01
   1.1497055e-01
   1.1378616e-01
   1.1269209e-01
   1.0137503e-01
   1.3644463e-01
   1.1753532e-01
   1.1273735e-01
   1.2022375e-01
   1.1057405e-01
   1.2733195e-01
   1.0806613e-01
   1.2174074e-01
   1.2943910e-01
   1.4602729e-01
   6.2563375e-02
   6.7455105e-03
   5.8196696e-02
   1.5721180e-01
   2.0046132e-01
   1.4854378e-01
   1.8771156e-01
   1.7978423e-01
   2.3358431e-01
   2.1392560e-01
   1.0023402e-01
   1.7716363e-01
   1.9147741e-01
   1.7913253e-01
   1.8670739e-01
   1.4949334e-01
   2.0155124e-01
   1.6872567e-01
   1.2822212e-01
   3.0969688e-02
   2.9805207e-03
   4.0142382e-05
   2.5812108e-01
   3.6208711e-01
   1.5569230e-01
   2.4304800e-01
   2.5781907e-01
   9.6717175e-02
   1.3511708e-01
   2.0834543e-01
   3.3915098e-01
   3.1125174e-01
   4.8680145e-02
   2.5286147e-01
   2.0655087e-01
   2.6026842e-01
   2.8979647e-01
   5.3638092e-02
   3.3879947e-04
   5.5228163e-06
   0.0000000e+00
   0.0000000e+00
   7.1959570e-02
   9.8508701e-02
   1.4464935e-01
   4.2839069e-01
   9.5399419e-02
   9.5814913e-04
   2.2705721e-03
   1.2176985e-02
   1.5302460e-01
   1.4781475e-01
   6.2019845e-03
   1.4439062e-01
   4.1162230e-01
   2.4349464e-01
   6.6970531e-02
   1.7664111e-03
   2.6768610e-06
   0.0000000e+00
   0.0000000e+00
   0.0000000e+00
   3.0309787e-06
   7.4159984e-06
   1.0848954e-02
   3.6105233e-02
   7.5012518e-03
   0.0000000e+00
   0.0000000e+00
   5.5510551e-05
   1.2252183e-03
   1.1972594e-03
   4.9917836e-05
   1.8101598e-02
   7.3370147e-02
   1.9556437e-02
   2.5887821e-04
   0.0000000e+00
   0.0000000e+00
   0.0000000e+00
   0.0000000e+00
   0.0000000e+00
   0.0000000e+00
   0.0000000e+00
   0.0000000e+00
   0.0000000e+00
   0.0000000e+00
   0.0000000e+00
   0.0000000e+00
   0.0000000e+00
   0.0000000e+00
   0.0000000e+00
   0.0000000e+00
   0.0000000e+00
   0.0000000e+00
   0.0000000e+00
   0.0000000e+00
   0.0000000e+00
   0.0000000e+00
   0.0000000e+00
   0.0000000e+00
   0.0000000e+00
   0.0000000e+00
   0.0000000e+00
   0.0000000e+00
   0.0000000e+00
   0.0000000e+00
   0.0000000e+00
   0.0000000e+00
   0.0000000e+00
   0.0000000e+00
   0.0000000e+00
   0.0000000e+00
   0.0000000e+00
   0.0000000e+00
   0.0000000e+00
   0.0000000e+00
   0.0000000e+00
   0.0000000e+00
   0.0000000e+00
   0.0000000e+00
   0.0000000e+00
   0.0000000e+00
   0.0000000e+00
   0.0000000e+00
   0.0000000e+00
   0.0000000e+00
   0.0000000e+00
   0.0000000e+00
   0.0000000e+00
   0.0000000e+00
   0.0000000e+00
   0.0000000e+00
   0.0000000e+00
   0.0000000e+00
   0.0000000e+00
   0.0000000e+00
   0.0000000e+00
   0.0000000e+00
   0.0000000e+00
   0.0000000e+00
   0.0000000e+00
   0.0000000e+00
   0.0000000e+00
   0.0000000e+00
   0.0000000e+00
   0.0000000e+00
   0.0000000e+00
   0.0000000e+00
   0.0000000e+00
   0.0000000e+00
   0.0000000e+00
   0.0000000e+00
   0.0000000e+00
   0.0000000e+00
   0.0000000e+00
   0.0000000e+00
   0.0000000e+00
   0.0000000e+00
   0.0000000e+00
   0.0000000e+00
   0.0000000e+00
   0.0000000e+00
   0.0000000e+00
   0.0000000e+00
   0.0000000e+00
   0.0000000e+00
   0.0000000e+00
   0.0000000e+00
   0.0000000e+00
   0.0000000e+00
   0.0000000e+00
   0.0000000e+00
   0.0000000e+00
   0.0000000e+00
   0.0000000e+00
   0.0000000e+00
   0.0000000e+00
   0.0000000e+00
   0.0000000e+00
   0.0000000e+00
   0.0000000e+00
   0.0000000e+00
   0.0000000e+00
   0.0000000e+00
   0.0000000e+00
   0.0000000e+00
   0.0000000e+00
   0.0000000e+00
   0.0000000e+00
   0.0000000e+00
   0.0000000e+00
   0.0000000e+00
   0.0000000e+00
   0.0000000e+00
   0.0000000e+00
   0.0000000e+00
   0.0000000e+00
   0.0000000e+00
   0.0000000e+00
   0.0000000e+00
   0.0000000e+00
   0.0000000e+00
   0.0000000e+00
   0.0000000e+00
   0.0000000e+00
   0.0000000e+00
   0.0000000e+00
   0.0000000e+00
   0.0000000e+00
   0.0000000e+00
   0.0000000e+00
   0.0000000e+00
   0.0000000e+00
   0.0000000e+00
   0.0000000e+00
   0.0000000e+00
   0.0000000e+00
   0.0000000e+00
   0.0000000e+00
   0.0000000e+00
   0.0000000e+00
   0.0000000e+00
   0.0000000e+00
   0.0000000e+00
   0.0000000e+00
   0.0000000e+00
   0.0000000e+00
   0.0000000e+00
   0.0000000e+00
   0.0000000e+00
   0.0000000e+00
   0.0000000e+00
   0.0000000e+00
   0.0000000e+00
   0.0000000e+00
   0.0000000e+00
   0.0000000e+00
   0.0000000e+00
   0.0000000e+00
   0.0000000e+00
   0.0000000e+00
   0.0000000e+00
   0.0000000e+00
   0.0000000e+00
   0.0000000e+00
   0.0000000e+00
   0.0000000e+00
   0.0000000e+00
   0.0000000e+00
   0.0000000e+00
   0.0000000e+00
   0.0000000e+00
   0.0000000e+00
   0.0000000e+00
   0.0000000e+00
   0.0000000e+00
   0.0000000e+00
   0.0000000e+00
   0.0000000e+00
   0.0000000e+00
   0.0000000e+00
   0.0000000e+00
   0.0000000e+00
   0.0000000e+00
   0.0000000e+00
   0.0000000e+00
   0.0000000e+00
   0.0000000e+00
   0.0000000e+00
   0.0000000e+00
   0.0000000e+00
   0.0000000e+00
   0.0000000e+00
   0.0000000e+00
   0.0000000e+00
   0.0000000e+00
   0.0000000e+00
   0.0000000e+00
   0.0000000e+00
   0.0000000e+00
   0.0000000e+00
   0.0000000e+00
   0.0000000e+00
   0.0000000e+00
   0.0000000e+00
   0.0000000e+00
   0.0000000e+00
   0.0000000e+00
   0.0000000e+00
   0.0000000e+00
   0.0000000e+00
   0.0000000e+00
   0.0000000e+00
   0.0000000e+00
   0.0000000e+00
   0.0000000e+00
   0.0000000e+00
   0.0000000e+00
   0.0000000e+00
   0.0000000e+00
   0.0000000e+00
   0.0000000e+00
   0.0000000e+00
   0.0000000e+00
   0.0000000e+00
   0.0000000e+00
   0.0000000e+00
   0.0000000e+00
   0.0000000e+00
   0.0000000e+00
   0.0000000e+00
   0.0000000e+00
   0.0000000e+00
   0.0000000e+00
   0.0000000e+00
   0.0000000e+00
   0.0000000e+00
   0.0000000e+00
   0.0000000e+00
   0.0000000e+00
   0.0000000e+00
