   1.2398425e-03
   2.1155220e-03
   2.8308512e-03
  -1.2080920e-03
   2.2002042e-04
  -1.7631541e-04
  -2.9439262e-04
   4.5133426e-04
   7.7107207e-04
   2.8919381e-04
  -1.0435478e-03
   4.7802105e-04
  -1.2243779e-03
   3.3768371e-03
  -3.1168135e-03
   4.6857404e-03
  -2.1471839e-03
   1.0336923e-03
  -7.2115013e-04
   3.1891936e-04
   1.3826855e-02
   1.2540767e-02
   2.1090502e-02
   2.0810742e-02
   1.8660397e-02
   2.0498652e-02
   2.0195591e-02
   1.8525961e-02
   1.9080573e-02
   1.8132075e-02
   2.0981829e-02
   1.9796155e-02
   1.9804547e-02
   1.0557856e-02
   2.6141370e-02
   1.2118327e-02
   2.2585239e-02
   2.1140027e-02
   1.7765719e-02
   1.8294136e-02
   4.3577881e-02
   8.3275267e-02
   4.9380692e-02
   5.8369328e-02
   6.0897835e-02
   5.6456125e-02
   5.7367988e-02
   6.1470999e-02
   5.9508287e-02
   6.1725873e-02
   5.5977549e-02
   5.8293261e-02
   6.0144410e-02
   7.4278182e-02
   5.1517332e-02
   6.5381733e-02
   6.4034400e-02
   3.7677550e-02
   8.6132658e-02
   2.8394083e-02
   1.2949590e-01
   9.2093359e-02
   1.2959261e-01
   1.1921892e-01
   1.1390067e-01
   1.2244183e-01
   1.2077942e-01
   1.1204266e-01
   1.1832913e-01
   1.1078887e-01
   1.2606788e-01
   1.1448256e-01
   1.2483378e-01
   8.2046637e-02
   1.2710576e-01
   1.1227103e-01
   1.0325069e-01
   1.5757204e-01
   7.3877491e-02
   5.1053443e-03
   1.7179243e-01
   2.0792682e-01
   1.6197924e-01
   1.6667923e-01
   1.8766451e-01
   1.6735252e-01
   1.6525638e-01
   1.9363289e-01
   1.8247940e-01
   1.8315724e-01
   1.7216565e-01
   7.1766459e-02
   2.0785094e-01
   2.1970430e-01
   1.6262326e-01
   1.8542376e-01
   2.1220546e-01
   9.8694225e-02
   1.8211647e-02
   3.7172544e-09
   8.0050309e-02
   2.7005516e-01
   2.1273567e-01
   3.4221395e-01
   1.5114561e-01
   2.9758463e-01
   2.6895860e-01
   2.0920534e-01
   2.3696424e-01
   1.5876422e-01
   3.1266217e-01
   1.5771401e-01
   1.0498320e-01
   1.9080738e-01
   2.1422975e-01
   2.5587402e-01
   3.3075656e-02
   3.4538221e-03
   9.4960559e-07
   0.0000000e+00
   2.9820374e-03
   1.2379625e-02
   1.7407551e-01
   3.7639294e-01
   6.8898030e-02
   7.0098374e-02
   5.8085916e-02
   2.5581904e-01
   4.5251282e-01
   2.5297382e-01
   4.2905217e-01
   1.0620292e-01
   2.7706625e-03
   1.3688300e-02
   3.5830895e-01
   4.2868570e-01
   2.5312750e-02
  -7.4466567e-10
   0.0000000e+00
   0.0000000e+00
   0.0000000e+00
   1.4611069e-04
   1.5360854e-02
   3.2106690e-02
   4.0123385e-03
   0.0000000e+00
   9.7944266e-04
   8.7729988e-02
   1.5912052e-01
   2.5878272e-01
   4.0953128e-01
   3.9851999e-02
   1.3009743e-05
   5.5239560e-03
   1.7957261e-01
   2.1474746e-01
   1.2629570e-02
   0.0000000e+00
   0.0000000e+00
   0.0000000e+00
   0.0000000e+00
   0.0000000e+00
   0.0000000e+00
   0.0000000e+00
   0.0000000e+00
   0.0000000e+00
   1.2781915e-06
   1.1448917e-04
   4.1110784e-04
   1.5779268e-02
   2.6540101e-02
   2.5494191e-03
   0.0000000e+00
   4.5771594e-05
   1.4879417e-03
   1.7794012e-03
   1.0464883e-04
   0.0000000e+00
   0.0000000e+00
   0.0000000e+00
   0.0000000e+00
   0.0000000e+00
   0.0000000e+00
   0.0000000e+00
   0.0000000e+00
   0.0000000e+00
   0.0000000e+00
   0.0000000e+00
   0.0000000e+00
   0.0000000e+00
   0.0000000e+00
   0.0000000e+00
   0.0000000e+00
   0.0000000e+00
   0.0000000e+00
   0.0000000e+00
   0.0000000e+00
   0.0000000e+00
   0.0000000e+00
   0.0000000e+00
   0.0000000e+00
   0.0000000e+00
   0.0000000e+00
   0.0000000e+00
   0.0000000e+00
   0.0000000e+00
   0.0000000e+00
   0.0000000e+00
   0.0000000e+00
   0.0000000e+00
   0.0000000e+00
   0.0000000e+00
   0.0000000e+00
   0.0000000e+00
   0.0000000e+00
   0.0000000e+00
   0.0000000e+00
   0.0000000e+00
   0.0000000e+00
   0.0000000e+00
   0.0000000e+00
   0.0000000e+00
   0.0000000e+00
   0.0000000e+00
   0.0000000e+00
   0.0000000e+00
   0.0000000e+00
   0.0000000e+00
   0.0000000e+00
   0.0000000e+00
   0.0000000e+00
   0.0000000e+00
   0.0000000e+00
   0.0000000e+00
   0.0000000e+00
   0.0000000e+00
   0.0000000e+00
   0.0000000e+00
   0.0000000e+00
   0.0000000e+00
   0.0000000e+00
   0.0000000e+00
   0.0000000e+00
   0.0000000e+00
   0.0000000e+00
   0.0000000e+00
   0.0000000e+00
   0.0000000e+00
   0.0000000e+00
   0.0000000e+00
   0.0000000e+00
   0.0000000e+00
   0.0000000e+00
   0.0000000e+00
   0.0000000e+00
   0.0000000e+00
   0.0000000e+00
   0.0000000e+00
   0.0000000e+00
   0.0000000e+00
   0.0000000e+00
   0.0000000e+00
   0.0000000e+00
   0.0000000e+00
   0.0000000e+00
   0.0000000e+00
   0.0000000e+00
   0.0000000e+00
   0.0000000e+00
   0.0000000e+00
   0.0000000e+00
   0.0000000e+00
   0.0000000e+00
   0.0000000e+00
   0.0000000e+00
   0.0000000e+00
   0.0000000e+00
   0.0000000e+00
   0.0000000e+00
   0.0000000e+00
   0.0000000e+00
   0.0000000e+00
   0.0000000e+00
   0.0000000e+00
   0.0000000e+00
   0.0000000e+00
   0.0000000e+00
   0.0000000e+00
   0.0000000e+00
   0.0000000e+00
   0.0000000e+00
   0.0000000e+00
   0.0000000e+00
   0.0000000e+00
   0.0000000e+00
   0.0000000e+00
   0.0000000e+00
   0.0000000e+00
   0.0000000e+00
   0.0000000e+00
   0.0000000e+00
   0.0000000e+00
   0.0000000e+00
   0.0000000e+00
   0.0000000e+00
   0.0000000e+00
   0.0000000e+00
   0.0000000e+00
   0.0000000e+00
   0.0000000e+00
   0.0000000e+00
   0.0000000e+00
   0.0000000e+00
   0.0000000e+00
   0.0000000e+00
   0.0000000e+00
   0.0000000e+00
   0.0000000e+00
   0.0000000e+00
   0.0000000e+00
   0.0000000e+00
   0.0000000e+00
   0.0000000e+00
   0.0000000e+00
   0.0000000e+00
   0.0000000e+00
   0.0000000e+00
   0.0000000e+00
   0.0000000e+00
   0.0000000e+00
   0.0000000e+00
   0.0000000e+00
   0.0000000e+00
   0.0000000e+00
   0.0000000e+00
   0.0000000e+00
   0.0000000e+00
   0.0000000e+00
   0.0000000e+00
   0.0000000e+00
   0.0000000e+00
   0.0000000e+00
   0.0000000e+00
   0.0000000e+00
   0.0000000e+00
   0.0000000e+00
   0.0000000e+00
   0.0000000e+00
   0.0000000e+00
   0.0000000e+00
   0.0000000e+00
   0.0000000e+00
   0.0000000e+00
   0.0000000e+00
   0.0000000e+00
   0.0000000e+00
   0.0000000e+00
   0.0000000e+00
   0.0000000e+00
   0.0000000e+00
   0.0000000e+00
   0.0000000e+00
   0.0000000e+00
   0.0000000e+00
   0.0000000e+00
   0.0000000e+00
   0.0000000e+00
   0.0000000e+00
   0.0000000e+00
   0.0000000e+00
   0.0000000e+00
   0.0000000e+00
   0.0000000e+00
   0.0000000e+00
   0.0000000e+00
   0.0000000e+00
   0.0000000e+00
   0.0000000e+00
   0.0000000e+00
   0.0000000e+00
   0.0000000e+00
   0.0000000e+00
   0.0000000e+00
   0.0000000e+00
   0.0000000e+00
   0.0000000e+00
   0.0000000e+00
   0.0000000e+00
   0.0000000e+00
   0.0000000e+00
   0.0000000e+00
   0.0000000e+00
   0.0000000e+00
   0.0000000e+00
   0.0000000e+00
   0.0000000e+00
   0.0000000e+00
   0.0000000e+00
   0.0000000e+00
   0.0000000e+00
