  -3.5188095e-04
   7.4015488e-03
  -1.1051694e-03
   1.1814431e-03
  -7.4291308e-03
   7.9352606e-05
   1.3770399e-03
  -1.1435042e-03
  -6.9791182e-03
   3.8864681e-03
   3.0092365e-03
   2.3649049e-03
   3.8728814e-03
  -5.7084982e-03
  -1.4244554e-03
   3.5599401e-03
  -7.6900847e-03
   4.3187851e-03
  -5.9565728e-03
  -2.5932771e-04
   9.9057859e-03
   1.6785476e-02
   1.8107004e-02
   1.9550912e-02
   3.0098247e-02
   1.7472238e-02
   1.8555986e-02
   1.9749689e-02
   2.7041047e-02
   1.7413885e-02
   1.6127069e-02
   1.7706258e-02
   1.4464962e-02
   2.7061430e-02
   2.0390557e-02
   1.6427518e-02
   2.7924901e-02
   1.2837401e-02
   2.8404852e-02
   8.2990654e-04
   8.6723835e-02
   6.1953547e-02
   6.2756850e-02
   5.7099977e-02
   4.3766186e-02
   6.2452878e-02
   6.1195685e-02
   5.8759118e-02
   4.8211107e-02
   6.0908687e-02
   6.1262623e-02
   6.4873945e-02
   6.4036028e-02
   4.9983029e-02
   5.8318094e-02
   6.2958059e-02
   4.6997892e-02
   6.5611952e-02
   6.2291800e-02
   1.0804627e-03
   2.8617470e-02
   9.0143067e-02
   1.1603897e-01
   1.1669220e-01
   1.4366006e-01
   1.0606938e-01
   1.1748337e-01
   1.1585740e-01
   1.3201376e-01
   1.1378670e-01
   1.1810440e-01
   1.0307604e-01
   1.1348681e-01
   1.2865291e-01
   1.1102528e-01
   1.2114966e-01
   1.1895493e-01
   1.3946034e-01
   2.5118481e-02
   1.6754248e-04
   9.2656236e-06
   1.0183495e-01
   2.7436155e-01
   1.4825493e-01
   1.3858667e-01
   1.9228698e-01
   1.8188174e-01
   1.7792842e-01
   1.5324324e-01
   1.7851168e-01
   1.8014036e-01
   2.1409098e-01
   1.7641591e-01
   1.4507506e-01
   2.0467505e-01
   1.4631520e-01
   2.2573142e-01
   1.3091697e-01
   3.6149865e-03
   0.0000000e+00
   0.0000000e+00
   5.2010366e-02
   1.8010903e-01
   2.9982783e-01
   2.7480265e-01
   3.0770233e-01
   1.0971231e-01
   2.5727837e-01
   2.5053327e-01
   2.7838509e-01
   1.4850835e-01
   1.9400020e-01
   2.1740717e-01
   5.6838971e-02
   2.4560446e-01
   2.9646451e-01
   4.8475013e-02
   1.5101179e-02
   1.8896538e-05
   0.0000000e+00
   0.0000000e+00
   6.2077556e-04
   1.1631668e-02
   8.7774013e-02
   2.4263986e-01
   2.6457193e-01
   6.6798747e-02
   3.2410940e-01
   2.8104863e-01
   4.7416690e-02
   7.9284907e-03
   1.0408310e-02
   3.3266466e-01
   4.4287374e-01
   5.7644056e-02
   3.3816040e-02
   2.1625032e-03
   0.0000000e+00
   0.0000000e+00
   0.0000000e+00
   0.0000000e+00
   0.0000000e+00
   1.9214818e-07
   1.7771463e-04
   6.8985422e-03
   8.9903789e-03
   1.0117560e-03
   4.6333205e-03
   6.0054238e-03
   6.4781294e-04
   0.0000000e+00
   4.9561412e-03
   2.0432656e-01
   2.7225405e-01
   1.8891184e-02
   0.0000000e+00
   0.0000000e+00
   0.0000000e+00
   0.0000000e+00
   0.0000000e+00
   0.0000000e+00
   0.0000000e+00
   0.0000000e+00
   0.0000000e+00
   0.0000000e+00
   0.0000000e+00
   0.0000000e+00
   0.0000000e+00
   0.0000000e+00
   0.0000000e+00
   0.0000000e+00
   7.0635546e-05
   2.9036162e-03
   3.8657308e-03
   2.6801267e-04
   0.0000000e+00
   0.0000000e+00
   0.0000000e+00
   0.0000000e+00
   0.0000000e+00
   0.0000000e+00
   0.0000000e+00
   0.0000000e+00
   0.0000000e+00
   0.0000000e+00
   0.0000000e+00
   0.0000000e+00
   0.0000000e+00
   0.0000000e+00
   0.0000000e+00
   0.0000000e+00
   0.0000000e+00
   0.0000000e+00
   0.0000000e+00
   0.0000000e+00
   0.0000000e+00
   0.0000000e+00
   0.0000000e+00
   0.0000000e+00
   0.0000000e+00
   0.0000000e+00
   0.0000000e+00
   0.0000000e+00
   0.0000000e+00
   0.0000000e+00
   0.0000000e+00
   0.0000000e+00
   0.0000000e+00
   0.0000000e+00
   0.0000000e+00
   0.0000000e+00
   0.0000000e+00
   0.0000000e+00
   0.0000000e+00
   0.0000000e+00
   0.0000000e+00
   0.0000000e+00
   0.0000000e+00
   0.0000000e+00
   0.0000000e+00
   0.0000000e+00
   0.0000000e+00
   0.0000000e+00
   0.0000000e+00
   0.0000000e+00
   0.0000000e+00
   0.0000000e+00
   0.0000000e+00
   0.0000000e+00
   0.0000000e+00
   0.0000000e+00
   0.0000000e+00
   0.0000000e+00
   0.0000000e+00
   0.0000000e+00
   0.0000000e+00
   0.0000000e+00
   0.0000000e+00
   0.0000000e+00
   0.0000000e+00
   0.0000000e+00
   0.0000000e+00
   0.0000000e+00
   0.0000000e+00
   0.0000000e+00
   0.0000000e+00
   0.0000000e+00
   0.0000000e+00
   0.0000000e+00
   0.0000000e+00
   0.0000000e+00
   0.0000000e+00
   0.0000000e+00
   0.0000000e+00
   0.0000000e+00
   0.0000000e+00
   0.0000000e+00
   0.0000000e+00
   0.0000000e+00
   0.0000000e+00
   0.0000000e+00
   0.0000000e+00
   0.0000000e+00
   0.0000000e+00
   0.0000000e+00
   0.0000000e+00
   0.0000000e+00
   0.0000000e+00
   0.0000000e+00
   0.0000000e+00
   0.0000000e+00
   0.0000000e+00
   0.0000000e+00
   0.0000000e+00
   0.0000000e+00
   0.0000000e+00
   0.0000000e+00
   0.0000000e+00
   0.0000000e+00
   0.0000000e+00
   0.0000000e+00
   0.0000000e+00
   0.0000000e+00
   0.0000000e+00
   0.0000000e+00
   0.0000000e+00
   0.0000000e+00
   0.0000000e+00
   0.0000000e+00
   0.0000000e+00
   0.0000000e+00
   0.0000000e+00
   0.0000000e+00
   0.0000000e+00
   0.0000000e+00
   0.0000000e+00
   0.0000000e+00
   0.0000000e+00
   0.0000000e+00
   0.0000000e+00
   0.0000000e+00
   0.0000000e+00
   0.0000000e+00
   0.0000000e+00
   0.0000000e+00
   0.0000000e+00
   0.0000000e+00
   0.0000000e+00
   0.0000000e+00
   0.0000000e+00
   0.0000000e+00
   0.0000000e+00
   0.0000000e+00
   0.0000000e+00
   0.0000000e+00
   0.0000000e+00
   0.0000000e+00
   0.0000000e+00
   0.0000000e+00
   0.0000000e+00
   0.0000000e+00
   0.0000000e+00
   0.0000000e+00
   0.0000000e+00
   0.0000000e+00
   0.0000000e+00
   0.0000000e+00
   0.0000000e+00
   0.0000000e+00
   0.0000000e+00
   0.0000000e+00
   0.0000000e+00
   0.0000000e+00
   0.0000000e+00
   0.0000000e+00
   0.0000000e+00
   0.0000000e+00
   0.0000000e+00
   0.0000000e+00
   0.0000000e+00
   0.0000000e+00
   0.0000000e+00
   0.0000000e+00
   0.0000000e+00
   0.0000000e+00
   0.0000000e+00
   0.0000000e+00
   0.0000000e+00
   0.0000000e+00
   0.0000000e+00
   0.0000000e+00
   0.0000000e+00
   0.0000000e+00
   0.0000000e+00
   0.0000000e+00
   0.0000000e+00
   0.0000000e+00
   0.0000000e+00
   0.0000000e+00
   0.0000000e+00
   0.0000000e+00
   0.0000000e+00
   0.0000000e+00
   0.0000000e+00
   0.0000000e+00
   0.0000000e+00
   0.0000000e+00
   0.0000000e+00
   0.0000000e+00
   0.0000000e+00
   0.0000000e+00
   0.0000000e+00
   0.0000000e+00
   0.0000000e+00
   0.0000000e+00
   0.0000000e+00
   0.0000000e+00
   0.0000000e+00
   0.0000000e+00
   0.0000000e+00
   0.0000000e+00
   0.0000000e+00
   0.0000000e+00
   0.0000000e+00
   0.0000000e+00
   0.0000000e+00
   0.0000000e+00
   0.0000000e+00
   0.0000000e+00
   0.0000000e+00
   0.0000000e+00
   0.0000000e+00
   0.0000000e+00
   0.0000000e+00
   0.0000000e+00
   0.0000000e+00
   0.0000000e+00
   0.0000000e+00
   0.0000000e+00
   0.0000000e+00
