  -4.3980613e-04
   1.6123230e-03
   4.0519194e-03
  -2.7565001e-03
  -2.1749611e-03
  -2.1670921e-03
   6.5947176e-04
   2.6946236e-03
  -1.6534408e-03
   6.5142944e-03
   6.8327354e-03
  -1.4776316e-03
  -2.5675564e-03
   4.9920619e-03
   1.6676204e-03
   1.8905206e-06
  -2.3610430e-03
   1.8425689e-03
  -1.5753286e-03
  -1.0077663e-04
   1.9578595e-02
   1.1673934e-02
   1.8582520e-02
   2.3689446e-02
   2.4785411e-02
   2.0738033e-02
   1.8102775e-02
   2.3597830e-02
   1.3543931e-02
   2.3595676e-02
   6.2770653e-03
   2.3605920e-02
   2.3078929e-02
   1.0981531e-02
   1.6644170e-02
   2.0055048e-02
   2.1834474e-02
   1.6958127e-02
   1.9475554e-02
   2.9644531e-03
   5.3546022e-02
   7.1620289e-02
   5.6547718e-02
   5.0364556e-02
   4.3915109e-02
   6.0869864e-02
   5.8736487e-02
   5.1843263e-02
   7.0218949e-02
   5.2330151e-02
   7.6225362e-02
   5.3167010e-02
   5.3349324e-02
   7.2246066e-02
   6.4615613e-02
   5.4977327e-02
   6.3635620e-02
   4.8584283e-02
   9.1179592e-02
   9.2114489e-03
   1.2735661e-01
   1.0556425e-01
   1.2466682e-01
   1.2109032e-01
   1.4070474e-01
   1.1194413e-01
   1.1992468e-01
   1.2431477e-01
   1.0280508e-01
   1.2680263e-01
   9.1750020e-02
   1.2784041e-01
   1.2161794e-01
   1.0544330e-01
   1.0630841e-01
   1.2693098e-01
   1.0409000e-01
   1.4308759e-01
   4.7033771e-02
   3.0080957e-03
   1.4763382e-01
   2.0646959e-01
   1.4142347e-01
   1.8841894e-01
   8.5765984e-02
   2.0567731e-01
   1.6264986e-01
   1.6644538e-01
   2.0492034e-01
   1.6983573e-01
   2.1059442e-01
   1.5802816e-01
   1.6463125e-01
   1.8983383e-01
   2.1956549e-01
   1.5125224e-01
   2.0646220e-01
   1.5972219e-01
   1.3447192e-02
   2.8519719e-07
   1.2027643e-01
   2.8358506e-01
   2.5206503e-01
   2.9298474e-01
   3.0641083e-02
   1.5759070e-01
   2.9867144e-01
   2.9365597e-01
   1.0446488e-01
   6.0632121e-02
   2.6131738e-01
   2.2587235e-01
   3.7065220e-01
   2.0195020e-01
   1.4369852e-01
   2.4432473e-01
   3.4166628e-01
   3.4888305e-02
   7.0056133e-04
   0.0000000e+00
   4.3087947e-03
   1.0754452e-02
   2.4448464e-02
   3.4800775e-02
   3.2196292e-03
   1.0678093e-02
   1.2984696e-01
   4.0093919e-01
   8.8938990e-02
   2.1427699e-03
   1.1940437e-02
   8.9072885e-02
   2.2490797e-01
   3.8200668e-02
   2.6447080e-03
   5.6338479e-02
   8.1421569e-02
   6.3678310e-03
   0.0000000e+00
   0.0000000e+00
   0.0000000e+00
   0.0000000e+00
   0.0000000e+00
   0.0000000e+00
   0.0000000e+00
   5.0973881e-07
   1.0075839e-02
   3.5924335e-02
   8.0029872e-03
   0.0000000e+00
   2.4963781e-06
   1.3317537e-03
   3.5209240e-03
   5.7518292e-04
   0.0000000e+00
   0.0000000e+00
   0.0000000e+00
   0.0000000e+00
   0.0000000e+00
   0.0000000e+00
   0.0000000e+00
   0.0000000e+00
   0.0000000e+00
   0.0000000e+00
   0.0000000e+00
   0.0000000e+00
   0.0000000e+00
   0.0000000e+00
   0.0000000e+00
   0.0000000e+00
   0.0000000e+00
   0.0000000e+00
   0.0000000e+00
   0.0000000e+00
   0.0000000e+00
   0.0000000e+00
   0.0000000e+00
   0.0000000e+00
   0.0000000e+00
   0.0000000e+00
   0.0000000e+00
   0.0000000e+00
   0.0000000e+00
   0.0000000e+00
   0.0000000e+00
   0.0000000e+00
   0.0000000e+00
   0.0000000e+00
   0.0000000e+00
   0.0000000e+00
   0.0000000e+00
   0.0000000e+00
   0.0000000e+00
   0.0000000e+00
   0.0000000e+00
   0.0000000e+00
   0.0000000e+00
   0.0000000e+00
   0.0000000e+00
   0.0000000e+00
   0.0000000e+00
   0.0000000e+00
   0.0000000e+00
   0.0000000e+00
   0.0000000e+00
   0.0000000e+00
   0.0000000e+00
   0.0000000e+00
   0.0000000e+00
   0.0000000e+00
   0.0000000e+00
   0.0000000e+00
   0.0000000e+00
   0.0000000e+00
   0.0000000e+00
   0.0000000e+00
   0.0000000e+00
   0.0000000e+00
   0.0000000e+00
   0.0000000e+00
   0.0000000e+00
   0.0000000e+00
   0.0000000e+00
   0.0000000e+00
   0.0000000e+00
   0.0000000e+00
   0.0000000e+00
   0.0000000e+00
   0.0000000e+00
   0.0000000e+00
   0.0000000e+00
   0.0000000e+00
   0.0000000e+00
   0.0000000e+00
   0.0000000e+00
   0.0000000e+00
   0.0000000e+00
   0.0000000e+00
   0.0000000e+00
   0.0000000e+00
   0.0000000e+00
   0.0000000e+00
   0.0000000e+00
   0.0000000e+00
   0.0000000e+00
   0.0000000e+00
   0.0000000e+00
   0.0000000e+00
   0.0000000e+00
   0.0000000e+00
   0.0000000e+00
   0.0000000e+00
   0.0000000e+00
   0.0000000e+00
   0.0000000e+00
   0.0000000e+00
   0.0000000e+00
   0.0000000e+00
   0.0000000e+00
   0.0000000e+00
   0.0000000e+00
   0.0000000e+00
   0.0000000e+00
   0.0000000e+00
   0.0000000e+00
   0.0000000e+00
   0.0000000e+00
   0.0000000e+00
   0.0000000e+00
   0.0000000e+00
   0.0000000e+00
   0.0000000e+00
   0.0000000e+00
   0.0000000e+00
   0.0000000e+00
   0.0000000e+00
   0.0000000e+00
   0.0000000e+00
   0.0000000e+00
   0.0000000e+00
   0.0000000e+00
   0.0000000e+00
   0.0000000e+00
   0.0000000e+00
   0.0000000e+00
   0.0000000e+00
   0.0000000e+00
   0.0000000e+00
   0.0000000e+00
   0.0000000e+00
   0.0000000e+00
   0.0000000e+00
   0.0000000e+00
   0.0000000e+00
   0.0000000e+00
   0.0000000e+00
   0.0000000e+00
   0.0000000e+00
   0.0000000e+00
   0.0000000e+00
   0.0000000e+00
   0.0000000e+00
   0.0000000e+00
   0.0000000e+00
   0.0000000e+00
   0.0000000e+00
   0.0000000e+00
   0.0000000e+00
   0.0000000e+00
   0.0000000e+00
   0.0000000e+00
   0.0000000e+00
   0.0000000e+00
   0.0000000e+00
   0.0000000e+00
   0.0000000e+00
   0.0000000e+00
   0.0000000e+00
   0.0000000e+00
   0.0000000e+00
   0.0000000e+00
   0.0000000e+00
   0.0000000e+00
   0.0000000e+00
   0.0000000e+00
   0.0000000e+00
   0.0000000e+00
   0.0000000e+00
   0.0000000e+00
   0.0000000e+00
   0.0000000e+00
   0.0000000e+00
   0.0000000e+00
   0.0000000e+00
   0.0000000e+00
   0.0000000e+00
   0.0000000e+00
   0.0000000e+00
   0.0000000e+00
   0.0000000e+00
   0.0000000e+00
   0.0000000e+00
   0.0000000e+00
   0.0000000e+00
   0.0000000e+00
   0.0000000e+00
   0.0000000e+00
   0.0000000e+00
   0.0000000e+00
   0.0000000e+00
   0.0000000e+00
   0.0000000e+00
   0.0000000e+00
   0.0000000e+00
   0.0000000e+00
   0.0000000e+00
   0.0000000e+00
   0.0000000e+00
   0.0000000e+00
   0.0000000e+00
   0.0000000e+00
   0.0000000e+00
   0.0000000e+00
   0.0000000e+00
   0.0000000e+00
   0.0000000e+00
   0.0000000e+00
   0.0000000e+00
   0.0000000e+00
   0.0000000e+00
   0.0000000e+00
   0.0000000e+00
   0.0000000e+00
   0.0000000e+00
   0.0000000e+00
   0.0000000e+00
   0.0000000e+00
   0.0000000e+00
   0.0000000e+00
   0.0000000e+00
   0.0000000e+00
   0.0000000e+00
   0.0000000e+00
   0.0000000e+00
   0.0000000e+00
   0.0000000e+00
   0.0000000e+00
   0.0000000e+00
   0.0000000e+00
   0.0000000e+00
   0.0000000e+00
   0.0000000e+00
   0.0000000e+00
   0.0000000e+00
   0.0000000e+00
   0.0000000e+00
   0.0000000e+00
   0.0000000e+00
   0.0000000e+00
   0.0000000e+00
