  -6.8064106e-04
   2.0964339e-04
  -2.5142387e-03
  -2.5504225e-04
  -5.6620120e-04
   6.1990127e-04
  -1.6786885e-03
  -5.3737077e-03
  -3.4445324e-03
  -4.7716200e-03
   4.4871339e-03
  -5.1338421e-03
  -2.2646179e-03
  -8.5594594e-04
  -1.4257207e-03
   1.2931569e-03
  -2.1088552e-03
  -3.9548417e-03
   6.6444608e-03
   8.0116850e-03
   2.2655287e-02
   2.2031733e-02
   2.3533093e-02
   2.2636629e-02
   1.8025789e-02
   2.3901516e-02
   2.3303342e-02
   3.0078809e-02
   2.4267169e-02
   2.1262638e-02
   1.7933081e-02
   2.4056016e-02
   1.8840408e-02
   2.3181659e-02
   2.5107542e-02
   1.5493932e-02
   2.5934917e-02
   1.4611112e-02
   2.1301323e-02
   8.5191629e-03
   5.7026714e-02
   5.0483449e-02
   5.7405180e-02
   4.5508427e-02
   6.7405816e-02
   4.6399254e-02
   5.4414163e-02
   4.8941247e-02
   5.1511467e-02
   5.6941826e-02
   6.1915426e-02
   5.1452050e-02
   6.2776758e-02
   4.9954822e-02
   5.1682080e-02
   6.3470001e-02
   5.0772295e-02
   6.5907874e-02
   7.3103206e-02
   1.9752711e-03
   1.1936235e-01
   1.2820630e-01
   1.2096846e-01
   1.3543143e-01
   1.0170035e-01
   1.4552998e-01
   1.1639414e-01
   1.3082691e-01
   1.2435979e-01
   1.2090862e-01
   1.1223767e-01
   1.2951510e-01
   1.0947268e-01
   1.3241839e-01
   1.2425679e-01
   1.1674583e-01
   1.1677147e-01
   1.3830957e-01
   5.6409200e-02
   6.2694679e-04
   1.2771519e-01
   2.0565378e-01
   1.3086789e-01
   1.7892471e-01
   1.7816943e-01
   1.4400043e-01
   1.7694976e-01
   1.4218647e-01
   1.6297692e-01
   1.7022981e-01
   1.9244246e-01
   1.4127178e-01
   2.1423605e-01
   1.1852211e-01
   1.7392177e-01
   1.6507147e-01
   1.7743573e-01
   1.2294146e-01
   3.2091764e-03
   1.4968623e-05
   2.1645140e-02
   2.3076879e-01
   3.0884433e-01
   2.0617858e-01
   3.1187169e-01
   3.4370403e-01
   1.5226524e-01
   1.1258693e-01
   3.9428197e-01
   1.1006077e-01
   2.8080742e-01
   2.5150720e-01
   2.1138916e-01
   2.6053021e-01
   3.2207008e-01
   2.1586543e-01
   3.1420936e-01
   8.5215052e-02
   1.4290098e-05
   0.0000000e+00
   2.1154174e-03
   5.1041202e-02
   2.7197814e-01
   2.8913000e-01
   1.7875036e-01
   1.2516229e-01
   4.5497676e-02
   6.5748856e-02
   2.5110916e-01
   6.3233864e-02
   6.9970635e-02
   2.9196752e-01
   3.9657654e-01
   1.7670584e-01
   1.5047642e-01
   1.8067945e-02
   2.1272902e-02
   5.1750077e-03
   1.6523343e-09
   0.0000000e+00
   0.0000000e+00
   8.6813605e-04
   1.2302873e-02
   1.2737509e-02
   2.3896159e-03
   4.1840399e-04
   1.7696324e-09
   8.3500641e-04
   3.2121817e-03
   7.7277239e-04
   3.7130793e-04
   3.3971814e-02
   6.3430928e-02
   7.3716442e-03
   4.4849748e-04
   2.2961254e-05
   0.0000000e+00
   0.0000000e+00
   0.0000000e+00
   0.0000000e+00
   0.0000000e+00
   0.0000000e+00
   0.0000000e+00
   0.0000000e+00
   0.0000000e+00
   0.0000000e+00
   0.0000000e+00
   0.0000000e+00
   0.0000000e+00
   0.0000000e+00
   0.0000000e+00
   0.0000000e+00
   0.0000000e+00
   0.0000000e+00
   0.0000000e+00
   0.0000000e+00
   0.0000000e+00
   0.0000000e+00
   0.0000000e+00
   0.0000000e+00
   0.0000000e+00
   0.0000000e+00
   0.0000000e+00
   0.0000000e+00
   0.0000000e+00
   0.0000000e+00
   0.0000000e+00
   0.0000000e+00
   0.0000000e+00
   0.0000000e+00
   0.0000000e+00
   0.0000000e+00
   0.0000000e+00
   0.0000000e+00
   0.0000000e+00
   0.0000000e+00
   0.0000000e+00
   0.0000000e+00
   0.0000000e+00
   0.0000000e+00
   0.0000000e+00
   0.0000000e+00
   0.0000000e+00
   0.0000000e+00
   0.0000000e+00
   0.0000000e+00
   0.0000000e+00
   0.0000000e+00
   0.0000000e+00
   0.0000000e+00
   0.0000000e+00
   0.0000000e+00
   0.0000000e+00
   0.0000000e+00
   0.0000000e+00
   0.0000000e+00
   0.0000000e+00
   0.0000000e+00
   0.0000000e+00
   0.0000000e+00
   0.0000000e+00
   0.0000000e+00
   0.0000000e+00
   0.0000000e+00
   0.0000000e+00
   0.0000000e+00
   0.0000000e+00
   0.0000000e+00
   0.0000000e+00
   0.0000000e+00
   0.0000000e+00
   0.0000000e+00
   0.0000000e+00
   0.0000000e+00
   0.0000000e+00
   0.0000000e+00
   0.0000000e+00
   0.0000000e+00
   0.0000000e+00
   0.0000000e+00
   0.0000000e+00
   0.0000000e+00
   0.0000000e+00
   0.0000000e+00
   0.0000000e+00
   0.0000000e+00
   0.0000000e+00
   0.0000000e+00
   0.0000000e+00
   0.0000000e+00
   0.0000000e+00
   0.0000000e+00
   0.0000000e+00
   0.0000000e+00
   0.0000000e+00
   0.0000000e+00
   0.0000000e+00
   0.0000000e+00
   0.0000000e+00
   0.0000000e+00
   0.0000000e+00
   0.0000000e+00
   0.0000000e+00
   0.0000000e+00
   0.0000000e+00
   0.0000000e+00
   0.0000000e+00
   0.0000000e+00
   0.0000000e+00
   0.0000000e+00
   0.0000000e+00
   0.0000000e+00
   0.0000000e+00
   0.0000000e+00
   0.0000000e+00
   0.0000000e+00
   0.0000000e+00
   0.0000000e+00
   0.0000000e+00
   0.0000000e+00
   0.0000000e+00
   0.0000000e+00
   0.0000000e+00
   0.0000000e+00
   0.0000000e+00
   0.0000000e+00
   0.0000000e+00
   0.0000000e+00
   0.0000000e+00
   0.0000000e+00
   0.0000000e+00
   0.0000000e+00
   0.0000000e+00
   0.0000000e+00
   0.0000000e+00
   0.0000000e+00
   0.0000000e+00
   0.0000000e+00
   0.0000000e+00
   0.0000000e+00
   0.0000000e+00
   0.0000000e+00
   0.0000000e+00
   0.0000000e+00
   0.0000000e+00
   0.0000000e+00
   0.0000000e+00
   0.0000000e+00
   0.0000000e+00
   0.0000000e+00
   0.0000000e+00
   0.0000000e+00
   0.0000000e+00
   0.0000000e+00
   0.0000000e+00
   0.0000000e+00
   0.0000000e+00
   0.0000000e+00
   0.0000000e+00
   0.0000000e+00
   0.0000000e+00
   0.0000000e+00
   0.0000000e+00
   0.0000000e+00
   0.0000000e+00
   0.0000000e+00
   0.0000000e+00
   0.0000000e+00
   0.0000000e+00
   0.0000000e+00
   0.0000000e+00
   0.0000000e+00
   0.0000000e+00
   0.0000000e+00
   0.0000000e+00
   0.0000000e+00
   0.0000000e+00
   0.0000000e+00
   0.0000000e+00
   0.0000000e+00
   0.0000000e+00
   0.0000000e+00
   0.0000000e+00
   0.0000000e+00
   0.0000000e+00
   0.0000000e+00
   0.0000000e+00
   0.0000000e+00
   0.0000000e+00
   0.0000000e+00
   0.0000000e+00
   0.0000000e+00
   0.0000000e+00
   0.0000000e+00
   0.0000000e+00
   0.0000000e+00
   0.0000000e+00
   0.0000000e+00
   0.0000000e+00
   0.0000000e+00
   0.0000000e+00
   0.0000000e+00
   0.0000000e+00
   0.0000000e+00
   0.0000000e+00
   0.0000000e+00
   0.0000000e+00
   0.0000000e+00
   0.0000000e+00
   0.0000000e+00
   0.0000000e+00
   0.0000000e+00
   0.0000000e+00
   0.0000000e+00
   0.0000000e+00
   0.0000000e+00
   0.0000000e+00
   0.0000000e+00
   0.0000000e+00
   0.0000000e+00
   0.0000000e+00
   0.0000000e+00
   0.0000000e+00
   0.0000000e+00
   0.0000000e+00
   0.0000000e+00
   0.0000000e+00
   0.0000000e+00
   0.0000000e+00
   0.0000000e+00
   0.0000000e+00
   0.0000000e+00
   0.0000000e+00
   0.0000000e+00
   0.0000000e+00
   0.0000000e+00
   0.0000000e+00
   0.0000000e+00
   0.0000000e+00
   0.0000000e+00
