   3.5300459e-03
  -9.3583745e-04
   1.0274395e-03
   1.0036003e-03
  -1.3611927e-03
  -8.5323387e-04
   1.2554835e-02
   2.7499743e-04
  -1.7384402e-03
  -2.1814976e-03
   1.5475654e-03
   6.9776482e-04
  -9.7748718e-03
  -4.9228483e-04
   5.9626885e-04
   2.4545234e-03
  -3.0157088e-03
   5.1271683e-03
   7.6196448e-03
   2.0401823e-04
   1.6120203e-02
   2.0893901e-02
   1.7502468e-02
   1.9096008e-02
   2.2704097e-02
   1.5973315e-02
   8.2815534e-03
   1.5342727e-02
   1.9444929e-02
   2.7532054e-02
   1.2368923e-02
   1.9677582e-02
   3.0610995e-02
   2.6211910e-02
   1.3386746e-02
   1.7514421e-02
   2.3218195e-02
   1.5865138e-02
   1.4770691e-02
   1.8757076e-04
   6.1467855e-02
   5.8611431e-02
   6.3607931e-02
   5.7473358e-02
   5.5600320e-02
   6.5160579e-02
   7.3568715e-02
   6.0764572e-02
   6.4514697e-02
   3.8551817e-02
   7.6549725e-02
   5.7415683e-02
   4.1872755e-02
   5.7451849e-02
   6.4065031e-02
   6.6407588e-02
   4.8353401e-02
   7.9471771e-02
   2.7297732e-02
   2.5058263e-05
   1.2999625e-01
   1.0601227e-01
   1.1325301e-01
   1.1838190e-01
   1.2328004e-01
   1.0203085e-01
   1.0147683e-01
   1.1745316e-01
   1.0615137e-01
   1.4137511e-01
   9.1197099e-02
   1.1908562e-01
   1.4320258e-01
   1.1785449e-01
   1.0915084e-01
   1.0809010e-01
   1.2157091e-01
   1.4185922e-01
   2.4963419e-02
   7.2129652e-07
   7.0327038e-02
   2.5735433e-01
   1.8468810e-01
   1.7353472e-01
   1.6168188e-01
   2.2310836e-01
   1.9016342e-01
   1.8198068e-01
   1.8578602e-01
   1.4988864e-01
   2.1684493e-01
   1.8523193e-01
   1.0595714e-01
   1.7816454e-01
   2.0207133e-01
   1.7930417e-01
   2.3766442e-01
   5.8785721e-02
   2.8304387e-03
   0.0000000e+00
   1.2908386e-02
   6.0821586e-02
   1.5500563e-01
   3.3447116e-01
   7.7194422e-02
   1.5133932e-01
   1.7869899e-01
   1.8721854e-01
   2.7814977e-01
   5.2575008e-02
   7.1352492e-02
   2.2930305e-01
   3.4931201e-01
   1.6638712e-01
   2.3724255e-01
   1.8639718e-01
   6.4199138e-02
   2.6648767e-03
   2.1278904e-05
   0.0000000e+00
   0.0000000e+00
   4.2908939e-05
   1.3209628e-02
   3.4186183e-02
   5.4595713e-03
   4.3649576e-04
   7.5321932e-04
   1.2468505e-01
   4.5619116e-01
   1.0517430e-01
   5.8347305e-03
   2.1643757e-01
   3.0741732e-01
   4.6112977e-02
   5.9070029e-03
   2.7866345e-03
   5.7847191e-05
   4.7370521e-07
   0.0000000e+00
   0.0000000e+00
   0.0000000e+00
   0.0000000e+00
   0.0000000e+00
   0.0000000e+00
   0.0000000e+00
   0.0000000e+00
   3.0530787e-07
   1.8231222e-02
   6.7405450e-02
   1.5574478e-02
   2.6204609e-04
   9.6164175e-03
   1.2171626e-02
   7.8199915e-04
   0.0000000e+00
   0.0000000e+00
   0.0000000e+00
   0.0000000e+00
   0.0000000e+00
   0.0000000e+00
   0.0000000e+00
   0.0000000e+00
   0.0000000e+00
   0.0000000e+00
   0.0000000e+00
   0.0000000e+00
   0.0000000e+00
   0.0000000e+00
   0.0000000e+00
   0.0000000e+00
   0.0000000e+00
   0.0000000e+00
   0.0000000e+00
   0.0000000e+00
   0.0000000e+00
   0.0000000e+00
   0.0000000e+00
   0.0000000e+00
   0.0000000e+00
   0.0000000e+00
   0.0000000e+00
   0.0000000e+00
   0.0000000e+00
   0.0000000e+00
   0.0000000e+00
   0.0000000e+00
   0.0000000e+00
   0.0000000e+00
   0.0000000e+00
   0.0000000e+00
   0.0000000e+00
   0.0000000e+00
   0.0000000e+00
   0.0000000e+00
   0.0000000e+00
   0.0000000e+00
   0.0000000e+00
   0.0000000e+00
   0.0000000e+00
   0.0000000e+00
   0.0000000e+00
   0.0000000e+00
   0.0000000e+00
   0.0000000e+00
   0.0000000e+00
   0.0000000e+00
   0.0000000e+00
   0.0000000e+00
   0.0000000e+00
   0.0000000e+00
   0.0000000e+00
   0.0000000e+00
   0.0000000e+00
   0.0000000e+00
   0.0000000e+00
   0.0000000e+00
   0.0000000e+00
   0.0000000e+00
   0.0000000e+00
   0.0000000e+00
   0.0000000e+00
   0.0000000e+00
   0.0000000e+00
   0.0000000e+00
   0.0000000e+00
   0.0000000e+00
   0.0000000e+00
   0.0000000e+00
   0.0000000e+00
   0.0000000e+00
   0.0000000e+00
   0.0000000e+00
   0.0000000e+00
   0.0000000e+00
   0.0000000e+00
   0.0000000e+00
   0.0000000e+00
   0.0000000e+00
   0.0000000e+00
   0.0000000e+00
   0.0000000e+00
   0.0000000e+00
   0.0000000e+00
   0.0000000e+00
   0.0000000e+00
   0.0000000e+00
   0.0000000e+00
   0.0000000e+00
   0.0000000e+00
   0.0000000e+00
   0.0000000e+00
   0.0000000e+00
   0.0000000e+00
   0.0000000e+00
   0.0000000e+00
   0.0000000e+00
   0.0000000e+00
   0.0000000e+00
   0.0000000e+00
   0.0000000e+00
   0.0000000e+00
   0.0000000e+00
   0.0000000e+00
   0.0000000e+00
   0.0000000e+00
   0.0000000e+00
   0.0000000e+00
   0.0000000e+00
   0.0000000e+00
   0.0000000e+00
   0.0000000e+00
   0.0000000e+00
   0.0000000e+00
   0.0000000e+00
   0.0000000e+00
   0.0000000e+00
   0.0000000e+00
   0.0000000e+00
   0.0000000e+00
   0.0000000e+00
   0.0000000e+00
   0.0000000e+00
   0.0000000e+00
   0.0000000e+00
   0.0000000e+00
   0.0000000e+00
   0.0000000e+00
   0.0000000e+00
   0.0000000e+00
   0.0000000e+00
   0.0000000e+00
   0.0000000e+00
   0.0000000e+00
   0.0000000e+00
   0.0000000e+00
   0.0000000e+00
   0.0000000e+00
   0.0000000e+00
   0.0000000e+00
   0.0000000e+00
   0.0000000e+00
   0.0000000e+00
   0.0000000e+00
   0.0000000e+00
   0.0000000e+00
   0.0000000e+00
   0.0000000e+00
   0.0000000e+00
   0.0000000e+00
   0.0000000e+00
   0.0000000e+00
   0.0000000e+00
   0.0000000e+00
   0.0000000e+00
   0.0000000e+00
   0.0000000e+00
   0.0000000e+00
   0.0000000e+00
   0.0000000e+00
   0.0000000e+00
   0.0000000e+00
   0.0000000e+00
   0.0000000e+00
   0.0000000e+00
   0.0000000e+00
   0.0000000e+00
   0.0000000e+00
   0.0000000e+00
   0.0000000e+00
   0.0000000e+00
   0.0000000e+00
   0.0000000e+00
   0.0000000e+00
   0.0000000e+00
   0.0000000e+00
   0.0000000e+00
   0.0000000e+00
   0.0000000e+00
   0.0000000e+00
   0.0000000e+00
   0.0000000e+00
   0.0000000e+00
   0.0000000e+00
   0.0000000e+00
   0.0000000e+00
   0.0000000e+00
   0.0000000e+00
   0.0000000e+00
   0.0000000e+00
   0.0000000e+00
   0.0000000e+00
   0.0000000e+00
   0.0000000e+00
   0.0000000e+00
   0.0000000e+00
   0.0000000e+00
   0.0000000e+00
   0.0000000e+00
   0.0000000e+00
   0.0000000e+00
   0.0000000e+00
   0.0000000e+00
   0.0000000e+00
   0.0000000e+00
   0.0000000e+00
   0.0000000e+00
   0.0000000e+00
   0.0000000e+00
   0.0000000e+00
   0.0000000e+00
   0.0000000e+00
   0.0000000e+00
   0.0000000e+00
   0.0000000e+00
   0.0000000e+00
   0.0000000e+00
   0.0000000e+00
   0.0000000e+00
   0.0000000e+00
   0.0000000e+00
   0.0000000e+00
   0.0000000e+00
   0.0000000e+00
   0.0000000e+00
   0.0000000e+00
   0.0000000e+00
   0.0000000e+00
   0.0000000e+00
   0.0000000e+00
   0.0000000e+00
   0.0000000e+00
   0.0000000e+00
   0.0000000e+00
   0.0000000e+00
   0.0000000e+00
   0.0000000e+00
   0.0000000e+00
   0.0000000e+00
   0.0000000e+00
   0.0000000e+00
