   3.0928874e-03
  -6.5547880e-04
  -2.4124672e-03
   7.6773050e-04
  -1.0112912e-03
  -9.7845713e-04
   1.6768015e-03
  -8.4226595e-04
   2.4000430e-04
   2.7561188e-03
  -1.8290174e-03
   7.2341335e-04
  -2.1711675e-03
   2.0316345e-03
  -1.9564874e-03
   2.8678062e-03
   5.6089759e-03
  -3.9904427e-03
  -1.4158010e-03
   1.6015985e-03
   1.3771692e-02
   1.9062583e-02
   2.6246379e-02
   1.8580841e-02
   2.1149222e-02
   2.2661622e-02
   1.6516276e-02
   2.1377027e-02
   1.9215935e-02
   1.5989419e-02
   2.4090496e-02
   1.7843979e-02
   2.3132482e-02
   1.5938312e-02
   2.3165975e-02
   9.0367665e-03
   1.6304138e-02
   1.0521892e-02
   3.0770383e-02
   1.3361836e-02
   7.9198460e-02
   5.4826171e-02
   5.4648099e-02
   5.8178820e-02
   5.7347416e-02
   5.1766136e-02
   6.3987173e-02
   5.6418103e-02
   5.7581875e-02
   6.8222261e-02
   4.5315776e-02
   6.4273356e-02
   5.1206906e-02
   6.6274313e-02
   5.1944677e-02
   8.2880839e-02
   7.6394727e-02
   3.9765818e-02
   7.3216876e-02
   9.5610872e-03
   8.7285424e-02
   1.3033982e-01
   1.1446038e-01
   1.2343761e-01
   1.1862074e-01
   1.2571115e-01
   1.1183919e-01
   1.2030604e-01
   1.1995474e-01
   1.0421267e-01
   1.3559077e-01
   1.0991001e-01
   1.2900744e-01
   1.0925650e-01
   1.2468051e-01
   8.8530517e-02
   5.9282066e-02
   1.8498099e-01
   7.9038004e-02
   2.8672310e-03
   3.1664681e-02
   1.8814754e-01
   1.7785406e-01
   1.5714777e-01
   1.7455526e-01
   1.5662052e-01
   1.8722031e-01
   1.7125249e-01
   1.6662029e-01
   2.2418739e-01
   1.2669849e-01
   1.9144952e-01
   1.5416604e-01
   1.9005134e-01
   1.7223472e-01
   2.0347889e-01
   2.5341111e-01
   1.0828814e-01
   2.5986057e-02
   4.1030268e-05
   4.9976466e-02
   3.3246667e-01
   2.1321364e-01
   3.1934648e-01
   3.4003608e-01
   2.6355195e-01
   2.2103161e-01
   2.5946320e-01
   2.4672227e-01
   2.1261394e-01
   7.4277492e-02
   3.7975960e-01
   1.6093029e-01
   2.4563168e-01
   2.4344524e-01
   1.2669879e-01
   1.4692516e-01
   1.2236410e-02
   4.3182753e-04
   0.0000000e+00
   6.5101092e-03
   4.3074901e-02
   3.8088656e-02
   1.6666670e-01
   1.3871558e-01
   6.4277352e-02
   1.2841807e-02
   9.9409539e-03
   1.1425744e-02
   9.6598131e-03
   1.7893745e-02
   1.0119380e-01
   3.7062872e-02
   8.4967441e-03
   6.1709248e-03
   9.8210179e-04
   8.2176177e-04
   7.2761098e-05
   0.0000000e+00
   0.0000000e+00
   0.0000000e+00
   0.0000000e+00
   1.7337347e-04
   1.8664339e-03
   1.1369654e-03
   1.6147392e-05
   0.0000000e+00
   0.0000000e+00
   0.0000000e+00
   0.0000000e+00
   2.5262606e-07
   1.4564527e-06
   5.2084604e-07
   6.5590797e-10
   0.0000000e+00
   0.0000000e+00
   0.0000000e+00
   0.0000000e+00
   0.0000000e+00
   0.0000000e+00
   0.0000000e+00
   0.0000000e+00
   0.0000000e+00
   0.0000000e+00
   0.0000000e+00
   0.0000000e+00
   0.0000000e+00
   0.0000000e+00
   0.0000000e+00
   0.0000000e+00
   0.0000000e+00
   0.0000000e+00
   0.0000000e+00
   0.0000000e+00
   0.0000000e+00
   0.0000000e+00
   0.0000000e+00
   0.0000000e+00
   0.0000000e+00
   0.0000000e+00
   0.0000000e+00
   0.0000000e+00
   0.0000000e+00
   0.0000000e+00
   0.0000000e+00
   0.0000000e+00
   0.0000000e+00
   0.0000000e+00
   0.0000000e+00
   0.0000000e+00
   0.0000000e+00
   0.0000000e+00
   0.0000000e+00
   0.0000000e+00
   0.0000000e+00
   0.0000000e+00
   0.0000000e+00
   0.0000000e+00
   0.0000000e+00
   0.0000000e+00
   0.0000000e+00
   0.0000000e+00
   0.0000000e+00
   0.0000000e+00
   0.0000000e+00
   0.0000000e+00
   0.0000000e+00
   0.0000000e+00
   0.0000000e+00
   0.0000000e+00
   0.0000000e+00
   0.0000000e+00
   0.0000000e+00
   0.0000000e+00
   0.0000000e+00
   0.0000000e+00
   0.0000000e+00
   0.0000000e+00
   0.0000000e+00
   0.0000000e+00
   0.0000000e+00
   0.0000000e+00
   0.0000000e+00
   0.0000000e+00
   0.0000000e+00
   0.0000000e+00
   0.0000000e+00
   0.0000000e+00
   0.0000000e+00
   0.0000000e+00
   0.0000000e+00
   0.0000000e+00
   0.0000000e+00
   0.0000000e+00
   0.0000000e+00
   0.0000000e+00
   0.0000000e+00
   0.0000000e+00
   0.0000000e+00
   0.0000000e+00
   0.0000000e+00
   0.0000000e+00
   0.0000000e+00
   0.0000000e+00
   0.0000000e+00
   0.0000000e+00
   0.0000000e+00
   0.0000000e+00
   0.0000000e+00
   0.0000000e+00
   0.0000000e+00
   0.0000000e+00
   0.0000000e+00
   0.0000000e+00
   0.0000000e+00
   0.0000000e+00
   0.0000000e+00
   0.0000000e+00
   0.0000000e+00
   0.0000000e+00
   0.0000000e+00
   0.0000000e+00
   0.0000000e+00
   0.0000000e+00
   0.0000000e+00
   0.0000000e+00
   0.0000000e+00
   0.0000000e+00
   0.0000000e+00
   0.0000000e+00
   0.0000000e+00
   0.0000000e+00
   0.0000000e+00
   0.0000000e+00
   0.0000000e+00
   0.0000000e+00
   0.0000000e+00
   0.0000000e+00
   0.0000000e+00
   0.0000000e+00
   0.0000000e+00
   0.0000000e+00
   0.0000000e+00
   0.0000000e+00
   0.0000000e+00
   0.0000000e+00
   0.0000000e+00
   0.0000000e+00
   0.0000000e+00
   0.0000000e+00
   0.0000000e+00
   0.0000000e+00
   0.0000000e+00
   0.0000000e+00
   0.0000000e+00
   0.0000000e+00
   0.0000000e+00
   0.0000000e+00
   0.0000000e+00
   0.0000000e+00
   0.0000000e+00
   0.0000000e+00
   0.0000000e+00
   0.0000000e+00
   0.0000000e+00
   0.0000000e+00
   0.0000000e+00
   0.0000000e+00
   0.0000000e+00
   0.0000000e+00
   0.0000000e+00
   0.0000000e+00
   0.0000000e+00
   0.0000000e+00
   0.0000000e+00
   0.0000000e+00
   0.0000000e+00
   0.0000000e+00
   0.0000000e+00
   0.0000000e+00
   0.0000000e+00
   0.0000000e+00
   0.0000000e+00
   0.0000000e+00
   0.0000000e+00
   0.0000000e+00
   0.0000000e+00
   0.0000000e+00
   0.0000000e+00
   0.0000000e+00
   0.0000000e+00
   0.0000000e+00
   0.0000000e+00
   0.0000000e+00
   0.0000000e+00
   0.0000000e+00
   0.0000000e+00
   0.0000000e+00
   0.0000000e+00
   0.0000000e+00
   0.0000000e+00
   0.0000000e+00
   0.0000000e+00
   0.0000000e+00
   0.0000000e+00
   0.0000000e+00
   0.0000000e+00
   0.0000000e+00
   0.0000000e+00
   0.0000000e+00
   0.0000000e+00
   0.0000000e+00
   0.0000000e+00
   0.0000000e+00
   0.0000000e+00
   0.0000000e+00
   0.0000000e+00
   0.0000000e+00
   0.0000000e+00
   0.0000000e+00
   0.0000000e+00
   0.0000000e+00
   0.0000000e+00
   0.0000000e+00
   0.0000000e+00
   0.0000000e+00
   0.0000000e+00
   0.0000000e+00
   0.0000000e+00
   0.0000000e+00
   0.0000000e+00
   0.0000000e+00
   0.0000000e+00
   0.0000000e+00
   0.0000000e+00
   0.0000000e+00
   0.0000000e+00
   0.0000000e+00
   0.0000000e+00
   0.0000000e+00
   0.0000000e+00
   0.0000000e+00
   0.0000000e+00
   0.0000000e+00
   0.0000000e+00
   0.0000000e+00
   0.0000000e+00
   0.0000000e+00
   0.0000000e+00
   0.0000000e+00
   0.0000000e+00
   0.0000000e+00
   0.0000000e+00
   0.0000000e+00
   0.0000000e+00
   0.0000000e+00
   0.0000000e+00
   0.0000000e+00
   0.0000000e+00
   0.0000000e+00
