  -4.0776321e-03
   2.1673857e-03
  -4.3894012e-05
  -2.4993043e-04
  -6.0946907e-04
   2.3121387e-03
  -3.6065077e-03
   1.8588795e-03
   1.7420162e-04
  -1.3069843e-03
  -8.2160485e-04
   4.4866896e-04
   1.2539000e-06
   2.4152001e-03
  -1.6844461e-03
   1.1784932e-03
  -6.4214182e-04
   1.9366724e-03
   7.3713376e-04
   1.1979361e-03
   2.6823054e-02
   1.7083294e-02
   1.8271365e-02
   2.1100015e-02
   1.8684046e-02
   1.9001365e-02
   2.1887293e-02
   1.9446261e-02
   1.7453360e-02
   2.3105968e-02
   2.3974963e-02
   1.7300226e-02
   1.7445942e-02
   1.4990877e-02
   2.4506780e-02
   1.6120384e-02
   2.2267382e-02
   1.1881084e-02
   1.1873556e-02
   9.6027504e-03
   4.3320832e-02
   6.0669893e-02
   6.2332277e-02
   5.4943621e-02
   6.3290472e-02
   5.2474106e-02
   6.3731186e-02
   4.6766530e-02
   7.0249506e-02
   4.3364111e-02
   5.2028178e-02
   6.2100700e-02
   6.3438315e-02
   6.7714296e-02
   4.9643242e-02
   6.5293306e-02
   5.7849256e-02
   7.0674239e-02
   9.8716287e-02
   3.0690318e-02
   1.4915724e-01
   1.1136545e-01
   1.1492505e-01
   1.2316297e-01
   1.1008812e-01
   1.2683877e-01
   1.0977437e-01
   1.3265454e-01
   1.0246811e-01
   1.3594806e-01
   1.4344964e-01
   1.0674960e-01
   1.0833312e-01
   1.0389128e-01
   1.3210396e-01
   1.0994770e-01
   1.0729556e-01
   8.4932444e-02
   2.5468529e-02
   7.3389788e-03
   4.1389716e-02
   1.9942926e-01
   1.6766710e-01
   1.7947956e-01
   1.8120666e-01
   1.6297974e-01
   1.9057887e-01
   1.4633471e-01
   2.0572109e-01
   1.4979568e-01
   5.9491843e-02
   2.2411181e-01
   2.1247480e-01
   1.8870532e-01
   1.5964358e-01
   1.4457653e-01
   2.4185587e-01
   1.3154125e-01
   3.0422658e-04
   0.0000000e+00
   1.5953497e-02
   2.7829652e-01
   2.2973065e-01
   2.0005149e-01
   2.6457583e-01
   2.5979662e-01
   2.5662018e-01
   3.1412614e-01
   3.1846561e-01
   2.9778854e-02
   3.2172044e-03
   4.4501394e-02
   6.0588874e-02
   2.3527290e-01
   2.7130424e-01
   2.9175115e-01
   7.9535815e-02
   2.3697271e-02
   5.4934235e-05
   0.0000000e+00
   9.0918740e-04
   1.5692490e-02
   1.3138104e-02
   1.0081446e-02
   1.4907330e-02
   2.3733379e-02
   2.8145642e-02
   1.2958847e-01
   1.2654130e-01
   5.3421369e-03
   0.0000000e+00
   0.0000000e+00
   8.0169041e-04
   1.4074929e-02
   2.2560005e-02
   2.7952485e-02
   3.1767148e-03
   0.0000000e+00
   0.0000000e+00
   0.0000000e+00
   0.0000000e+00
   0.0000000e+00
   0.0000000e+00
   0.0000000e+00
   0.0000000e+00
   0.0000000e+00
   2.1980120e-05
   4.9104876e-04
   4.8312902e-04
   2.0396039e-05
   0.0000000e+00
   0.0000000e+00
   0.0000000e+00
   0.0000000e+00
   0.0000000e+00
   0.0000000e+00
   0.0000000e+00
   0.0000000e+00
   0.0000000e+00
   0.0000000e+00
   0.0000000e+00
   0.0000000e+00
   0.0000000e+00
   0.0000000e+00
   0.0000000e+00
   0.0000000e+00
   0.0000000e+00
   0.0000000e+00
   0.0000000e+00
   0.0000000e+00
   0.0000000e+00
   0.0000000e+00
   0.0000000e+00
   0.0000000e+00
   0.0000000e+00
   0.0000000e+00
   0.0000000e+00
   0.0000000e+00
   0.0000000e+00
   0.0000000e+00
   0.0000000e+00
   0.0000000e+00
   0.0000000e+00
   0.0000000e+00
   0.0000000e+00
   0.0000000e+00
   0.0000000e+00
   0.0000000e+00
   0.0000000e+00
   0.0000000e+00
   0.0000000e+00
   0.0000000e+00
   0.0000000e+00
   0.0000000e+00
   0.0000000e+00
   0.0000000e+00
   0.0000000e+00
   0.0000000e+00
   0.0000000e+00
   0.0000000e+00
   0.0000000e+00
   0.0000000e+00
   0.0000000e+00
   0.0000000e+00
   0.0000000e+00
   0.0000000e+00
   0.0000000e+00
   0.0000000e+00
   0.0000000e+00
   0.0000000e+00
   0.0000000e+00
   0.0000000e+00
   0.0000000e+00
   0.0000000e+00
   0.0000000e+00
   0.0000000e+00
   0.0000000e+00
   0.0000000e+00
   0.0000000e+00
   0.0000000e+00
   0.0000000e+00
   0.0000000e+00
   0.0000000e+00
   0.0000000e+00
   0.0000000e+00
   0.0000000e+00
   0.0000000e+00
   0.0000000e+00
   0.0000000e+00
   0.0000000e+00
   0.0000000e+00
   0.0000000e+00
   0.0000000e+00
   0.0000000e+00
   0.0000000e+00
   0.0000000e+00
   0.0000000e+00
   0.0000000e+00
   0.0000000e+00
   0.0000000e+00
   0.0000000e+00
   0.0000000e+00
   0.0000000e+00
   0.0000000e+00
   0.0000000e+00
   0.0000000e+00
   0.0000000e+00
   0.0000000e+00
   0.0000000e+00
   0.0000000e+00
   0.0000000e+00
   0.0000000e+00
   0.0000000e+00
   0.0000000e+00
   0.0000000e+00
   0.0000000e+00
   0.0000000e+00
   0.0000000e+00
   0.0000000e+00
   0.0000000e+00
   0.0000000e+00
   0.0000000e+00
   0.0000000e+00
   0.0000000e+00
   0.0000000e+00
   0.0000000e+00
   0.0000000e+00
   0.0000000e+00
   0.0000000e+00
   0.0000000e+00
   0.0000000e+00
   0.0000000e+00
   0.0000000e+00
   0.0000000e+00
   0.0000000e+00
   0.0000000e+00
   0.0000000e+00
   0.0000000e+00
   0.0000000e+00
   0.0000000e+00
   0.0000000e+00
   0.0000000e+00
   0.0000000e+00
   0.0000000e+00
   0.0000000e+00
   0.0000000e+00
   0.0000000e+00
   0.0000000e+00
   0.0000000e+00
   0.0000000e+00
   0.0000000e+00
   0.0000000e+00
   0.0000000e+00
   0.0000000e+00
   0.0000000e+00
   0.0000000e+00
   0.0000000e+00
   0.0000000e+00
   0.0000000e+00
   0.0000000e+00
   0.0000000e+00
   0.0000000e+00
   0.0000000e+00
   0.0000000e+00
   0.0000000e+00
   0.0000000e+00
   0.0000000e+00
   0.0000000e+00
   0.0000000e+00
   0.0000000e+00
   0.0000000e+00
   0.0000000e+00
   0.0000000e+00
   0.0000000e+00
   0.0000000e+00
   0.0000000e+00
   0.0000000e+00
   0.0000000e+00
   0.0000000e+00
   0.0000000e+00
   0.0000000e+00
   0.0000000e+00
   0.0000000e+00
   0.0000000e+00
   0.0000000e+00
   0.0000000e+00
   0.0000000e+00
   0.0000000e+00
   0.0000000e+00
   0.0000000e+00
   0.0000000e+00
   0.0000000e+00
   0.0000000e+00
   0.0000000e+00
   0.0000000e+00
   0.0000000e+00
   0.0000000e+00
   0.0000000e+00
   0.0000000e+00
   0.0000000e+00
   0.0000000e+00
   0.0000000e+00
   0.0000000e+00
   0.0000000e+00
   0.0000000e+00
   0.0000000e+00
   0.0000000e+00
   0.0000000e+00
   0.0000000e+00
   0.0000000e+00
   0.0000000e+00
   0.0000000e+00
   0.0000000e+00
   0.0000000e+00
   0.0000000e+00
   0.0000000e+00
   0.0000000e+00
   0.0000000e+00
   0.0000000e+00
   0.0000000e+00
   0.0000000e+00
   0.0000000e+00
   0.0000000e+00
   0.0000000e+00
   0.0000000e+00
   0.0000000e+00
   0.0000000e+00
   0.0000000e+00
   0.0000000e+00
   0.0000000e+00
   0.0000000e+00
   0.0000000e+00
   0.0000000e+00
   0.0000000e+00
   0.0000000e+00
   0.0000000e+00
   0.0000000e+00
   0.0000000e+00
   0.0000000e+00
   0.0000000e+00
   0.0000000e+00
   0.0000000e+00
   0.0000000e+00
   0.0000000e+00
   0.0000000e+00
   0.0000000e+00
   0.0000000e+00
   0.0000000e+00
   0.0000000e+00
   0.0000000e+00
   0.0000000e+00
   0.0000000e+00
   0.0000000e+00
   0.0000000e+00
   0.0000000e+00
   0.0000000e+00
   0.0000000e+00
   0.0000000e+00
   0.0000000e+00
   0.0000000e+00
