   7.6666613e-03
   2.5337642e-03
   1.9082583e-03
  -2.6874920e-03
   1.6657699e-04
   4.3966286e-03
   2.3070263e-03
  -1.6289226e-03
  -5.9727520e-04
   9.7473269e-04
  -1.5205368e-03
   1.2997773e-03
  -2.4508290e-03
   6.3530434e-04
   5.0154649e-03
   2.6881520e-03
  -1.7679725e-03
   3.2034328e-03
  -2.4852348e-03
   2.2978702e-03
   1.8028162e-02
   1.6153591e-02
   1.5471643e-02
   2.4604012e-02
   1.3314160e-02
   1.5682903e-02
   1.6516058e-02
   2.1234769e-02
   2.1636079e-02
   1.8748632e-02
   2.0342063e-02
   2.1243260e-02
   2.4378495e-02
   1.8556129e-02
   1.6943691e-02
   1.6991083e-02
   2.0153390e-02
   1.6211017e-02
   2.0394105e-02
   1.8901688e-02
   5.8935290e-02
   6.2363879e-02
   6.0304473e-02
   5.5549640e-02
   5.7660707e-02
   6.3224715e-02
   6.4489013e-02
   5.5274411e-02
   5.5997894e-02
   5.9662100e-02
   5.8353787e-02
   5.5512168e-02
   5.2243904e-02
   5.8817942e-02
   6.4335749e-02
   5.7890239e-02
   6.3521947e-02
   5.5932804e-02
   8.0232447e-02
   1.6013595e-02
   1.1960919e-01
   1.1461547e-01
   1.1606250e-01
   1.2122868e-01
   1.2436041e-01
   1.1303896e-01
   1.0790237e-01
   1.2373444e-01
   1.2218882e-01
   1.1675196e-01
   1.1802783e-01
   1.2328420e-01
   1.2853891e-01
   1.1879240e-01
   1.0781826e-01
   1.2336622e-01
   1.0645933e-01
   1.2850352e-01
   4.5004258e-02
   2.2026854e-03
   9.5591860e-02
   2.0792325e-01
   1.5087468e-01
   2.0426911e-01
   9.4456542e-02
   2.1286390e-01
   2.0863898e-01
   1.5156665e-01
   1.7703263e-01
   1.7003273e-01
   1.8572079e-01
   1.4835601e-01
   1.2092531e-01
   1.8077519e-01
   1.9590939e-01
   1.7343813e-01
   1.7314842e-01
   2.2665874e-01
   3.2815846e-02
   0.0000000e+00
   8.2613159e-02
   3.7073757e-01
   2.1295446e-01
   1.9236241e-01
   3.3296665e-01
   1.8837016e-01
   1.3505273e-01
   2.9276190e-01
   2.5454268e-01
   2.4498229e-01
   2.1512067e-01
   2.7704296e-01
   2.8885841e-01
   3.0708601e-01
   1.2570120e-01
   2.8691767e-01
   2.4106298e-01
   5.1246717e-02
   3.8009243e-03
   0.0000000e+00
   6.8313003e-03
   6.7822663e-02
   4.7754100e-02
   9.9326543e-02
   2.6777658e-01
   4.5568777e-01
   1.5423281e-01
   1.2798421e-01
   1.7823698e-01
   2.1524773e-01
   4.1981154e-01
   1.1359703e-01
   6.0522245e-02
   6.1462438e-02
   8.0326659e-03
   2.0349762e-02
   1.6490930e-02
   4.7536233e-04
   0.0000000e+00
   0.0000000e+00
   0.0000000e+00
   0.0000000e+00
   8.5536743e-06
   1.1858054e-03
   7.2062338e-02
   3.8199704e-01
   1.3011599e-01
   1.9161942e-01
   6.1154215e-01
   1.4511287e-01
   5.8749667e-02
   9.1027614e-03
   0.0000000e+00
   0.0000000e+00
   0.0000000e+00
   0.0000000e+00
   0.0000000e+00
   0.0000000e+00
   0.0000000e+00
   0.0000000e+00
   0.0000000e+00
   0.0000000e+00
   0.0000000e+00
   0.0000000e+00
   2.4041627e-03
   1.3171360e-02
   4.5159404e-03
   8.1961686e-02
   2.6168978e-01
   5.2118040e-02
   0.0000000e+00
   0.0000000e+00
   0.0000000e+00
   0.0000000e+00
   0.0000000e+00
   0.0000000e+00
   0.0000000e+00
   0.0000000e+00
   0.0000000e+00
   0.0000000e+00
   0.0000000e+00
   0.0000000e+00
   0.0000000e+00
   0.0000000e+00
   0.0000000e+00
   0.0000000e+00
   1.0768225e-07
   3.1042323e-04
   9.9117453e-04
   1.9740196e-04
   0.0000000e+00
   0.0000000e+00
   0.0000000e+00
   0.0000000e+00
   0.0000000e+00
   0.0000000e+00
   0.0000000e+00
   0.0000000e+00
   0.0000000e+00
   0.0000000e+00
   0.0000000e+00
   0.0000000e+00
   0.0000000e+00
   0.0000000e+00
   0.0000000e+00
   0.0000000e+00
   0.0000000e+00
   0.0000000e+00
   0.0000000e+00
   0.0000000e+00
   0.0000000e+00
   0.0000000e+00
   0.0000000e+00
   0.0000000e+00
   0.0000000e+00
   0.0000000e+00
   0.0000000e+00
   0.0000000e+00
   0.0000000e+00
   0.0000000e+00
   0.0000000e+00
   0.0000000e+00
   0.0000000e+00
   0.0000000e+00
   0.0000000e+00
   0.0000000e+00
   0.0000000e+00
   0.0000000e+00
   0.0000000e+00
   0.0000000e+00
   0.0000000e+00
   0.0000000e+00
   0.0000000e+00
   0.0000000e+00
   0.0000000e+00
   0.0000000e+00
   0.0000000e+00
   0.0000000e+00
   0.0000000e+00
   0.0000000e+00
   0.0000000e+00
   0.0000000e+00
   0.0000000e+00
   0.0000000e+00
   0.0000000e+00
   0.0000000e+00
   0.0000000e+00
   0.0000000e+00
   0.0000000e+00
   0.0000000e+00
   0.0000000e+00
   0.0000000e+00
   0.0000000e+00
   0.0000000e+00
   0.0000000e+00
   0.0000000e+00
   0.0000000e+00
   0.0000000e+00
   0.0000000e+00
   0.0000000e+00
   0.0000000e+00
   0.0000000e+00
   0.0000000e+00
   0.0000000e+00
   0.0000000e+00
   0.0000000e+00
   0.0000000e+00
   0.0000000e+00
   0.0000000e+00
   0.0000000e+00
   0.0000000e+00
   0.0000000e+00
   0.0000000e+00
   0.0000000e+00
   0.0000000e+00
   0.0000000e+00
   0.0000000e+00
   0.0000000e+00
   0.0000000e+00
   0.0000000e+00
   0.0000000e+00
   0.0000000e+00
   0.0000000e+00
   0.0000000e+00
   0.0000000e+00
   0.0000000e+00
   0.0000000e+00
   0.0000000e+00
   0.0000000e+00
   0.0000000e+00
   0.0000000e+00
   0.0000000e+00
   0.0000000e+00
   0.0000000e+00
   0.0000000e+00
   0.0000000e+00
   0.0000000e+00
   0.0000000e+00
   0.0000000e+00
   0.0000000e+00
   0.0000000e+00
   0.0000000e+00
   0.0000000e+00
   0.0000000e+00
   0.0000000e+00
   0.0000000e+00
   0.0000000e+00
   0.0000000e+00
   0.0000000e+00
   0.0000000e+00
   0.0000000e+00
   0.0000000e+00
   0.0000000e+00
   0.0000000e+00
   0.0000000e+00
   0.0000000e+00
   0.0000000e+00
   0.0000000e+00
   0.0000000e+00
   0.0000000e+00
   0.0000000e+00
   0.0000000e+00
   0.0000000e+00
   0.0000000e+00
   0.0000000e+00
   0.0000000e+00
   0.0000000e+00
   0.0000000e+00
   0.0000000e+00
   0.0000000e+00
   0.0000000e+00
   0.0000000e+00
   0.0000000e+00
   0.0000000e+00
   0.0000000e+00
   0.0000000e+00
   0.0000000e+00
   0.0000000e+00
   0.0000000e+00
   0.0000000e+00
   0.0000000e+00
   0.0000000e+00
   0.0000000e+00
   0.0000000e+00
   0.0000000e+00
   0.0000000e+00
   0.0000000e+00
   0.0000000e+00
   0.0000000e+00
   0.0000000e+00
   0.0000000e+00
   0.0000000e+00
   0.0000000e+00
   0.0000000e+00
   0.0000000e+00
   0.0000000e+00
   0.0000000e+00
   0.0000000e+00
   0.0000000e+00
   0.0000000e+00
   0.0000000e+00
   0.0000000e+00
   0.0000000e+00
   0.0000000e+00
   0.0000000e+00
   0.0000000e+00
   0.0000000e+00
   0.0000000e+00
   0.0000000e+00
   0.0000000e+00
   0.0000000e+00
   0.0000000e+00
   0.0000000e+00
   0.0000000e+00
   0.0000000e+00
   0.0000000e+00
   0.0000000e+00
   0.0000000e+00
   0.0000000e+00
   0.0000000e+00
   0.0000000e+00
   0.0000000e+00
   0.0000000e+00
   0.0000000e+00
   0.0000000e+00
   0.0000000e+00
   0.0000000e+00
   0.0000000e+00
   0.0000000e+00
   0.0000000e+00
   0.0000000e+00
   0.0000000e+00
   0.0000000e+00
   0.0000000e+00
   0.0000000e+00
   0.0000000e+00
   0.0000000e+00
   0.0000000e+00
   0.0000000e+00
   0.0000000e+00
