   4.4597619e-03
   1.0427162e-03
  -1.9440247e-03
   1.1849016e-03
   1.4756247e-04
   3.6714264e-04
  -1.1428853e-03
  -5.1482955e-04
   7.6679921e-03
  -2.1664746e-03
   1.3275368e-04
   5.0752999e-03
   3.9115897e-03
   4.2742918e-03
  -4.3958445e-03
   2.5789857e-03
   1.0426057e-02
   4.9521736e-03
  -3.3247323e-03
   1.2731327e-03
   1.9252024e-03
   1.8173714e-02
   2.4244116e-02
   1.9228660e-02
   7.9677219e-03
   2.2080540e-02
   2.1134168e-02
   2.0565538e-02
   1.0747621e-02
   2.1967960e-02
   2.1154259e-02
   1.3130786e-02
   1.5025295e-02
   1.2582712e-02
   2.3354628e-02
   1.9024432e-02
   1.0866707e-02
   4.3664538e-03
   3.0866945e-02
   1.6356733e-02
   3.5786169e-02
   7.1129947e-02
   3.5785936e-02
   6.9222039e-02
   6.7833385e-02
   5.7985848e-02
   5.4698154e-02
   5.8142493e-02
   7.3769563e-02
   5.2518338e-02
   5.9414462e-02
   6.2401216e-02
   6.8404474e-02
   6.9059782e-02
   5.1372010e-02
   6.3385770e-02
   6.3588152e-02
   8.6492777e-02
   5.0449856e-02
   5.7444102e-03
   4.4604822e-02
   1.4027268e-01
   1.3646635e-01
   9.9338219e-02
   1.1558029e-01
   1.1281240e-01
   1.2415963e-01
   1.1829710e-01
   9.3472863e-02
   1.3145160e-01
   1.0990946e-01
   1.2666137e-01
   8.7500640e-02
   1.0626526e-01
   1.2267920e-01
   1.1711854e-01
   8.9400173e-02
   1.3117867e-01
   4.5752598e-02
   4.3440124e-04
   1.8584258e-03
   7.2994420e-03
   1.2550974e-01
   2.5727822e-01
   1.3965598e-01
   2.7532552e-01
   1.5107426e-01
   1.8231316e-01
   2.1485240e-01
   1.5634715e-01
   1.8553126e-01
   1.6133785e-01
   2.2520638e-01
   2.0340648e-01
   1.7000025e-01
   1.8194947e-01
   2.7609934e-01
   1.1539355e-01
   5.3983360e-03
   0.0000000e+00
   0.0000000e+00
   1.2986554e-05
   2.9220211e-02
   9.1146297e-02
   6.0792339e-02
   8.7067161e-02
   1.7543750e-01
   2.1279943e-01
   2.4272497e-01
   1.6573981e-01
   3.0891927e-01
   2.9756997e-01
   1.9043264e-01
   5.6702942e-02
   1.0500635e-02
   2.4564073e-02
   1.0358339e-01
   4.2273010e-02
   2.2991596e-04
   0.0000000e+00
   0.0000000e+00
   0.0000000e+00
   0.0000000e+00
   7.3916569e-08
   5.8808812e-06
   2.2597952e-02
   3.9753797e-01
   3.4339123e-01
   2.3962424e-02
   1.7878695e-02
   4.0898039e-02
   3.5755630e-02
   1.5918515e-02
   1.7305272e-04
   9.1005272e-07
   4.0449325e-06
   2.7784950e-05
   1.1653042e-05
   6.0402341e-08
   0.0000000e+00
   0.0000000e+00
   0.0000000e+00
   0.0000000e+00
   0.0000000e+00
   0.0000000e+00
   3.3702793e-03
   5.9315393e-02
   5.0680627e-02
   1.6299156e-03
   0.0000000e+00
   0.0000000e+00
   0.0000000e+00
   0.0000000e+00
   0.0000000e+00
   0.0000000e+00
   0.0000000e+00
   0.0000000e+00
   0.0000000e+00
   0.0000000e+00
   0.0000000e+00
   0.0000000e+00
   0.0000000e+00
   0.0000000e+00
   0.0000000e+00
   0.0000000e+00
   0.0000000e+00
   0.0000000e+00
   0.0000000e+00
   0.0000000e+00
   0.0000000e+00
   0.0000000e+00
   0.0000000e+00
   0.0000000e+00
   0.0000000e+00
   0.0000000e+00
   0.0000000e+00
   0.0000000e+00
   0.0000000e+00
   0.0000000e+00
   0.0000000e+00
   0.0000000e+00
   0.0000000e+00
   0.0000000e+00
   0.0000000e+00
   0.0000000e+00
   0.0000000e+00
   0.0000000e+00
   0.0000000e+00
   0.0000000e+00
   0.0000000e+00
   0.0000000e+00
   0.0000000e+00
   0.0000000e+00
   0.0000000e+00
   0.0000000e+00
   0.0000000e+00
   0.0000000e+00
   0.0000000e+00
   0.0000000e+00
   0.0000000e+00
   0.0000000e+00
   0.0000000e+00
   0.0000000e+00
   0.0000000e+00
   0.0000000e+00
   0.0000000e+00
   0.0000000e+00
   0.0000000e+00
   0.0000000e+00
   0.0000000e+00
   0.0000000e+00
   0.0000000e+00
   0.0000000e+00
   0.0000000e+00
   0.0000000e+00
   0.0000000e+00
   0.0000000e+00
   0.0000000e+00
   0.0000000e+00
   0.0000000e+00
   0.0000000e+00
   0.0000000e+00
   0.0000000e+00
   0.0000000e+00
   0.0000000e+00
   0.0000000e+00
   0.0000000e+00
   0.0000000e+00
   0.0000000e+00
   0.0000000e+00
   0.0000000e+00
   0.0000000e+00
   0.0000000e+00
   0.0000000e+00
   0.0000000e+00
   0.0000000e+00
   0.0000000e+00
   0.0000000e+00
   0.0000000e+00
   0.0000000e+00
   0.0000000e+00
   0.0000000e+00
   0.0000000e+00
   0.0000000e+00
   0.0000000e+00
   0.0000000e+00
   0.0000000e+00
   0.0000000e+00
   0.0000000e+00
   0.0000000e+00
   0.0000000e+00
   0.0000000e+00
   0.0000000e+00
   0.0000000e+00
   0.0000000e+00
   0.0000000e+00
   0.0000000e+00
   0.0000000e+00
   0.0000000e+00
   0.0000000e+00
   0.0000000e+00
   0.0000000e+00
   0.0000000e+00
   0.0000000e+00
   0.0000000e+00
   0.0000000e+00
   0.0000000e+00
   0.0000000e+00
   0.0000000e+00
   0.0000000e+00
   0.0000000e+00
   0.0000000e+00
   0.0000000e+00
   0.0000000e+00
   0.0000000e+00
   0.0000000e+00
   0.0000000e+00
   0.0000000e+00
   0.0000000e+00
   0.0000000e+00
   0.0000000e+00
   0.0000000e+00
   0.0000000e+00
   0.0000000e+00
   0.0000000e+00
   0.0000000e+00
   0.0000000e+00
   0.0000000e+00
   0.0000000e+00
   0.0000000e+00
   0.0000000e+00
   0.0000000e+00
   0.0000000e+00
   0.0000000e+00
   0.0000000e+00
   0.0000000e+00
   0.0000000e+00
   0.0000000e+00
   0.0000000e+00
   0.0000000e+00
   0.0000000e+00
   0.0000000e+00
   0.0000000e+00
   0.0000000e+00
   0.0000000e+00
   0.0000000e+00
   0.0000000e+00
   0.0000000e+00
   0.0000000e+00
   0.0000000e+00
   0.0000000e+00
   0.0000000e+00
   0.0000000e+00
   0.0000000e+00
   0.0000000e+00
   0.0000000e+00
   0.0000000e+00
   0.0000000e+00
   0.0000000e+00
   0.0000000e+00
   0.0000000e+00
   0.0000000e+00
   0.0000000e+00
   0.0000000e+00
   0.0000000e+00
   0.0000000e+00
   0.0000000e+00
   0.0000000e+00
   0.0000000e+00
   0.0000000e+00
   0.0000000e+00
   0.0000000e+00
   0.0000000e+00
   0.0000000e+00
   0.0000000e+00
   0.0000000e+00
   0.0000000e+00
   0.0000000e+00
   0.0000000e+00
   0.0000000e+00
   0.0000000e+00
   0.0000000e+00
   0.0000000e+00
   0.0000000e+00
   0.0000000e+00
   0.0000000e+00
   0.0000000e+00
   0.0000000e+00
   0.0000000e+00
   0.0000000e+00
   0.0000000e+00
   0.0000000e+00
   0.0000000e+00
   0.0000000e+00
   0.0000000e+00
   0.0000000e+00
   0.0000000e+00
   0.0000000e+00
   0.0000000e+00
   0.0000000e+00
   0.0000000e+00
   0.0000000e+00
   0.0000000e+00
   0.0000000e+00
   0.0000000e+00
   0.0000000e+00
   0.0000000e+00
   0.0000000e+00
   0.0000000e+00
   0.0000000e+00
   0.0000000e+00
   0.0000000e+00
   0.0000000e+00
   0.0000000e+00
   0.0000000e+00
   0.0000000e+00
   0.0000000e+00
   0.0000000e+00
   0.0000000e+00
   0.0000000e+00
   0.0000000e+00
   0.0000000e+00
   0.0000000e+00
   0.0000000e+00
   0.0000000e+00
   0.0000000e+00
   0.0000000e+00
   0.0000000e+00
   0.0000000e+00
   0.0000000e+00
   0.0000000e+00
   0.0000000e+00
   0.0000000e+00
   0.0000000e+00
   0.0000000e+00
   0.0000000e+00
   0.0000000e+00
   0.0000000e+00
   0.0000000e+00
   0.0000000e+00
