  -1.2017746e-04
  -3.7742828e-04
  -1.1957538e-03
  -2.4743631e-03
  -6.6555958e-03
   2.3824105e-03
   1.6818250e-04
   1.5102952e-03
  -9.1101964e-03
  -7.5072518e-03
   1.4547304e-03
   7.6430605e-04
  -1.7274733e-03
   1.8350453e-04
  -2.2286515e-03
   1.0925087e-03
   7.1111949e-04
   1.6221941e-03
  -1.4454568e-03
   3.4870174e-03
   1.1168256e-02
   2.5289204e-02
   2.0713571e-02
   2.1358342e-02
   2.2743140e-02
   2.2957588e-02
   5.9797676e-03
   2.7363225e-02
   2.7514993e-02
   2.4801003e-02
   2.0550658e-02
   1.6220463e-02
   2.3539802e-02
   1.7706571e-02
   2.4380417e-02
   1.6413789e-02
   2.0743124e-02
   1.1082367e-02
   2.2098255e-02
   2.6037204e-02
   6.9298044e-02
   4.5900249e-02
   6.0732061e-02
   5.7389042e-02
   5.3393254e-02
   5.3547821e-02
   7.6011279e-02
   4.7778902e-02
   5.3121154e-02
   5.2008577e-02
   5.7043262e-02
   6.4951247e-02
   5.1533892e-02
   6.2264350e-02
   5.1398489e-02
   6.2785768e-02
   5.9970743e-02
   6.2064767e-02
   8.0499697e-02
   1.5372686e-02
   1.1284737e-01
   1.4325307e-01
   1.0918017e-01
   1.2215702e-01
   1.2356076e-01
   1.2898895e-01
   9.0124278e-02
   1.3589912e-01
   1.2294752e-01
   1.2897496e-01
   1.1854787e-01
   1.0895049e-01
   1.2704498e-01
   1.1377200e-01
   1.2650915e-01
   1.1433172e-01
   1.0981050e-01
   1.2628691e-01
   5.0245595e-02
   1.6675486e-03
   1.3312772e-02
   1.2670736e-01
   2.0424615e-01
   1.5944137e-01
   1.6268804e-01
   1.3817843e-01
   2.2574064e-01
   1.4812304e-01
   1.4418274e-01
   1.7486544e-01
   1.6440963e-01
   1.9048436e-01
   1.6726033e-01
   1.7741865e-01
   1.5400031e-01
   1.8266932e-01
   2.0717117e-01
   2.1535517e-01
   1.8426886e-02
   1.9565587e-06
   1.8070981e-04
   9.9211730e-02
   3.4176888e-01
   3.1403501e-01
   2.8568393e-01
   1.4570074e-01
   2.1970423e-01
   2.1582045e-01
   2.6934130e-01
   3.1361937e-01
   2.2628557e-01
   2.7967202e-01
   1.0513928e-01
   3.5412125e-01
   2.5240020e-01
   2.3271907e-01
   1.0989965e-01
   3.5992542e-02
   3.0538468e-03
   0.0000000e+00
   2.8574836e-05
   2.7975887e-02
   2.4478073e-01
   2.4618575e-01
   5.4079023e-02
   1.0519721e-02
   1.5952600e-02
   3.0755266e-01
   3.5371708e-01
   2.0095975e-01
   5.4388623e-02
   2.1855984e-02
   1.3057958e-02
   1.2235570e-01
   1.5621054e-01
   4.7483371e-01
   2.0593586e-01
   1.1358237e-03
   0.0000000e+00
   0.0000000e+00
   0.0000000e+00
   5.8100363e-04
   1.1801406e-02
   1.3509912e-02
   4.7325630e-04
  -4.2974912e-06
   1.3386714e-03
   2.9360179e-02
   2.9437343e-02
   4.1199815e-03
   6.3338809e-04
   0.0000000e+00
   2.7774135e-05
   3.9108989e-04
   1.8032049e-02
   1.1983444e-01
   4.9817249e-02
   1.7811006e-04
   0.0000000e+00
   0.0000000e+00
   0.0000000e+00
   0.0000000e+00
   0.0000000e+00
   0.0000000e+00
   0.0000000e+00
   0.0000000e+00
   0.0000000e+00
   0.0000000e+00
   0.0000000e+00
   0.0000000e+00
   0.0000000e+00
   0.0000000e+00
   0.0000000e+00
   0.0000000e+00
   7.0687422e-07
   4.7276429e-06
   1.9391114e-06
   5.8921816e-09
   0.0000000e+00
   0.0000000e+00
   0.0000000e+00
   0.0000000e+00
   0.0000000e+00
   0.0000000e+00
   0.0000000e+00
   0.0000000e+00
   0.0000000e+00
   0.0000000e+00
   0.0000000e+00
   0.0000000e+00
   0.0000000e+00
   0.0000000e+00
   0.0000000e+00
   0.0000000e+00
   0.0000000e+00
   0.0000000e+00
   0.0000000e+00
   0.0000000e+00
   0.0000000e+00
   0.0000000e+00
   0.0000000e+00
   0.0000000e+00
   0.0000000e+00
   0.0000000e+00
   0.0000000e+00
   0.0000000e+00
   0.0000000e+00
   0.0000000e+00
   0.0000000e+00
   0.0000000e+00
   0.0000000e+00
   0.0000000e+00
   0.0000000e+00
   0.0000000e+00
   0.0000000e+00
   0.0000000e+00
   0.0000000e+00
   0.0000000e+00
   0.0000000e+00
   0.0000000e+00
   0.0000000e+00
   0.0000000e+00
   0.0000000e+00
   0.0000000e+00
   0.0000000e+00
   0.0000000e+00
   0.0000000e+00
   0.0000000e+00
   0.0000000e+00
   0.0000000e+00
   0.0000000e+00
   0.0000000e+00
   0.0000000e+00
   0.0000000e+00
   0.0000000e+00
   0.0000000e+00
   0.0000000e+00
   0.0000000e+00
   0.0000000e+00
   0.0000000e+00
   0.0000000e+00
   0.0000000e+00
   0.0000000e+00
   0.0000000e+00
   0.0000000e+00
   0.0000000e+00
   0.0000000e+00
   0.0000000e+00
   0.0000000e+00
   0.0000000e+00
   0.0000000e+00
   0.0000000e+00
   0.0000000e+00
   0.0000000e+00
   0.0000000e+00
   0.0000000e+00
   0.0000000e+00
   0.0000000e+00
   0.0000000e+00
   0.0000000e+00
   0.0000000e+00
   0.0000000e+00
   0.0000000e+00
   0.0000000e+00
   0.0000000e+00
   0.0000000e+00
   0.0000000e+00
   0.0000000e+00
   0.0000000e+00
   0.0000000e+00
   0.0000000e+00
   0.0000000e+00
   0.0000000e+00
   0.0000000e+00
   0.0000000e+00
   0.0000000e+00
   0.0000000e+00
   0.0000000e+00
   0.0000000e+00
   0.0000000e+00
   0.0000000e+00
   0.0000000e+00
   0.0000000e+00
   0.0000000e+00
   0.0000000e+00
   0.0000000e+00
   0.0000000e+00
   0.0000000e+00
   0.0000000e+00
   0.0000000e+00
   0.0000000e+00
   0.0000000e+00
   0.0000000e+00
   0.0000000e+00
   0.0000000e+00
   0.0000000e+00
   0.0000000e+00
   0.0000000e+00
   0.0000000e+00
   0.0000000e+00
   0.0000000e+00
   0.0000000e+00
   0.0000000e+00
   0.0000000e+00
   0.0000000e+00
   0.0000000e+00
   0.0000000e+00
   0.0000000e+00
   0.0000000e+00
   0.0000000e+00
   0.0000000e+00
   0.0000000e+00
   0.0000000e+00
   0.0000000e+00
   0.0000000e+00
   0.0000000e+00
   0.0000000e+00
   0.0000000e+00
   0.0000000e+00
   0.0000000e+00
   0.0000000e+00
   0.0000000e+00
   0.0000000e+00
   0.0000000e+00
   0.0000000e+00
   0.0000000e+00
   0.0000000e+00
   0.0000000e+00
   0.0000000e+00
   0.0000000e+00
   0.0000000e+00
   0.0000000e+00
   0.0000000e+00
   0.0000000e+00
   0.0000000e+00
   0.0000000e+00
   0.0000000e+00
   0.0000000e+00
   0.0000000e+00
   0.0000000e+00
   0.0000000e+00
   0.0000000e+00
   0.0000000e+00
   0.0000000e+00
   0.0000000e+00
   0.0000000e+00
   0.0000000e+00
   0.0000000e+00
   0.0000000e+00
   0.0000000e+00
   0.0000000e+00
   0.0000000e+00
   0.0000000e+00
   0.0000000e+00
   0.0000000e+00
   0.0000000e+00
   0.0000000e+00
   0.0000000e+00
   0.0000000e+00
   0.0000000e+00
   0.0000000e+00
   0.0000000e+00
   0.0000000e+00
   0.0000000e+00
   0.0000000e+00
   0.0000000e+00
   0.0000000e+00
   0.0000000e+00
   0.0000000e+00
   0.0000000e+00
   0.0000000e+00
   0.0000000e+00
   0.0000000e+00
   0.0000000e+00
   0.0000000e+00
   0.0000000e+00
   0.0000000e+00
   0.0000000e+00
   0.0000000e+00
   0.0000000e+00
   0.0000000e+00
   0.0000000e+00
   0.0000000e+00
   0.0000000e+00
   0.0000000e+00
   0.0000000e+00
   0.0000000e+00
   0.0000000e+00
   0.0000000e+00
   0.0000000e+00
   0.0000000e+00
   0.0000000e+00
   0.0000000e+00
   0.0000000e+00
   0.0000000e+00
   0.0000000e+00
   0.0000000e+00
   0.0000000e+00
   0.0000000e+00
   0.0000000e+00
