   1.4072829e-03
  -1.5622224e-03
  -1.2293395e-03
   1.1950999e-03
   3.6781158e-03
  -2.5990213e-03
  -1.6554941e-03
   6.1956768e-03
   1.9731254e-03
   1.0802095e-03
  -3.4570826e-03
  -3.1348707e-03
  -2.8673386e-04
  -2.3061589e-03
   1.6092186e-04
   2.2434885e-03
   1.2083720e-03
   1.5765877e-03
  -6.4627073e-04
   2.9334001e-03
   1.9929071e-02
   2.2717612e-02
   2.0884998e-02
   1.9143482e-02
   1.1835693e-02
   2.5669457e-02
   2.0611327e-02
   1.5657188e-02
   1.4186890e-02
   2.4138829e-02
   2.2281642e-02
   2.3678957e-02
   2.6180484e-02
   1.9996400e-02
   1.9493361e-02
   1.9959376e-02
   1.7894074e-02
   1.5553619e-02
   2.2063809e-02
   1.3102169e-03
   5.2945181e-02
   5.6743364e-02
   5.4522667e-02
   5.9611410e-02
   7.2646667e-02
   4.5641813e-02
   6.1515596e-02
   6.1646400e-02
   6.6410861e-02
   5.0458266e-02
   5.3325603e-02
   5.2698414e-02
   4.6141065e-02
   5.7595798e-02
   6.1220787e-02
   5.4482846e-02
   6.6825024e-02
   5.6438482e-02
   7.3008712e-02
   1.5656070e-03
   1.2444867e-01
   1.2240167e-01
   1.2707058e-01
   1.1445431e-01
   9.3656162e-02
   1.4448708e-01
   1.0639467e-01
   1.1688439e-01
   1.0360357e-01
   1.3415646e-01
   1.3497051e-01
   1.2229527e-01
   1.3610448e-01
   1.2176598e-01
   1.1037011e-01
   1.3046036e-01
   9.5894953e-02
   1.3835300e-01
   5.8571686e-02
   4.8974191e-04
   1.2024071e-01
   2.0699318e-01
   1.1769567e-01
   1.9970841e-01
   2.3063116e-01
   1.2206608e-01
   1.9301625e-01
   1.8467808e-01
   2.0907453e-01
   1.2019519e-01
   1.0296529e-01
   1.3826964e-01
   1.5674915e-01
   1.5990306e-01
   1.9441411e-01
   1.4862066e-01
   2.1036523e-01
   1.8235202e-01
   3.1158576e-02
   1.1388739e-06
   2.0689105e-01
   3.1342908e-01
   1.4410104e-01
   9.2459718e-02
   1.5885508e-01
   3.3400577e-01
   2.1512381e-01
   8.5865091e-02
   2.6123421e-01
   3.8809757e-01
   2.4180849e-01
   2.7240215e-01
   2.7988280e-01
   2.8969964e-01
   1.9473843e-01
   2.8952902e-01
   1.4517176e-01
   1.8389050e-02
   1.3480650e-03
   0.0000000e+00
   2.4655789e-01
   4.0823443e-01
   1.0578924e-01
   6.1945563e-03
   2.1802180e-02
   1.3078530e-01
   5.1291587e-02
   2.9638859e-03
   1.0555555e-01
   1.8739772e-01
   7.4838928e-02
   1.4327250e-01
   2.0927366e-01
   8.6052642e-02
   7.7367575e-02
   4.3022603e-01
   1.8072623e-01
   6.4662589e-04
   0.0000000e+00
   0.0000000e+00
   1.8470729e-02
   3.9096714e-02
   9.9759870e-03
   4.9988439e-04
   2.6744813e-06
   1.6595264e-05
   6.3563422e-06
   3.2233912e-05
   1.4973608e-03
   2.1037535e-03
   1.7123898e-04
   3.6401478e-04
   4.9706147e-04
   3.5837492e-05
   7.6877636e-03
   5.3243368e-02
   2.2533704e-02
   8.0707647e-05
   0.0000000e+00
   0.0000000e+00
   0.0000000e+00
   0.0000000e+00
   0.0000000e+00
   0.0000000e+00
   0.0000000e+00
   0.0000000e+00
   0.0000000e+00
   0.0000000e+00
   0.0000000e+00
   0.0000000e+00
   0.0000000e+00
   0.0000000e+00
   0.0000000e+00
   0.0000000e+00
   0.0000000e+00
   0.0000000e+00
   0.0000000e+00
   0.0000000e+00
   0.0000000e+00
   0.0000000e+00
   0.0000000e+00
   0.0000000e+00
   0.0000000e+00
   0.0000000e+00
   0.0000000e+00
   0.0000000e+00
   0.0000000e+00
   0.0000000e+00
   0.0000000e+00
   0.0000000e+00
   0.0000000e+00
   0.0000000e+00
   0.0000000e+00
   0.0000000e+00
   0.0000000e+00
   0.0000000e+00
   0.0000000e+00
   0.0000000e+00
   0.0000000e+00
   0.0000000e+00
   0.0000000e+00
   0.0000000e+00
   0.0000000e+00
   0.0000000e+00
   0.0000000e+00
   0.0000000e+00
   0.0000000e+00
   0.0000000e+00
   0.0000000e+00
   0.0000000e+00
   0.0000000e+00
   0.0000000e+00
   0.0000000e+00
   0.0000000e+00
   0.0000000e+00
   0.0000000e+00
   0.0000000e+00
   0.0000000e+00
   0.0000000e+00
   0.0000000e+00
   0.0000000e+00
   0.0000000e+00
   0.0000000e+00
   0.0000000e+00
   0.0000000e+00
   0.0000000e+00
   0.0000000e+00
   0.0000000e+00
   0.0000000e+00
   0.0000000e+00
   0.0000000e+00
   0.0000000e+00
   0.0000000e+00
   0.0000000e+00
   0.0000000e+00
   0.0000000e+00
   0.0000000e+00
   0.0000000e+00
   0.0000000e+00
   0.0000000e+00
   0.0000000e+00
   0.0000000e+00
   0.0000000e+00
   0.0000000e+00
   0.0000000e+00
   0.0000000e+00
   0.0000000e+00
   0.0000000e+00
   0.0000000e+00
   0.0000000e+00
   0.0000000e+00
   0.0000000e+00
   0.0000000e+00
   0.0000000e+00
   0.0000000e+00
   0.0000000e+00
   0.0000000e+00
   0.0000000e+00
   0.0000000e+00
   0.0000000e+00
   0.0000000e+00
   0.0000000e+00
   0.0000000e+00
   0.0000000e+00
   0.0000000e+00
   0.0000000e+00
   0.0000000e+00
   0.0000000e+00
   0.0000000e+00
   0.0000000e+00
   0.0000000e+00
   0.0000000e+00
   0.0000000e+00
   0.0000000e+00
   0.0000000e+00
   0.0000000e+00
   0.0000000e+00
   0.0000000e+00
   0.0000000e+00
   0.0000000e+00
   0.0000000e+00
   0.0000000e+00
   0.0000000e+00
   0.0000000e+00
   0.0000000e+00
   0.0000000e+00
   0.0000000e+00
   0.0000000e+00
   0.0000000e+00
   0.0000000e+00
   0.0000000e+00
   0.0000000e+00
   0.0000000e+00
   0.0000000e+00
   0.0000000e+00
   0.0000000e+00
   0.0000000e+00
   0.0000000e+00
   0.0000000e+00
   0.0000000e+00
   0.0000000e+00
   0.0000000e+00
   0.0000000e+00
   0.0000000e+00
   0.0000000e+00
   0.0000000e+00
   0.0000000e+00
   0.0000000e+00
   0.0000000e+00
   0.0000000e+00
   0.0000000e+00
   0.0000000e+00
   0.0000000e+00
   0.0000000e+00
   0.0000000e+00
   0.0000000e+00
   0.0000000e+00
   0.0000000e+00
   0.0000000e+00
   0.0000000e+00
   0.0000000e+00
   0.0000000e+00
   0.0000000e+00
   0.0000000e+00
   0.0000000e+00
   0.0000000e+00
   0.0000000e+00
   0.0000000e+00
   0.0000000e+00
   0.0000000e+00
   0.0000000e+00
   0.0000000e+00
   0.0000000e+00
   0.0000000e+00
   0.0000000e+00
   0.0000000e+00
   0.0000000e+00
   0.0000000e+00
   0.0000000e+00
   0.0000000e+00
   0.0000000e+00
   0.0000000e+00
   0.0000000e+00
   0.0000000e+00
   0.0000000e+00
   0.0000000e+00
   0.0000000e+00
   0.0000000e+00
   0.0000000e+00
   0.0000000e+00
   0.0000000e+00
   0.0000000e+00
   0.0000000e+00
   0.0000000e+00
   0.0000000e+00
   0.0000000e+00
   0.0000000e+00
   0.0000000e+00
   0.0000000e+00
   0.0000000e+00
   0.0000000e+00
   0.0000000e+00
   0.0000000e+00
   0.0000000e+00
   0.0000000e+00
   0.0000000e+00
   0.0000000e+00
   0.0000000e+00
   0.0000000e+00
   0.0000000e+00
   0.0000000e+00
   0.0000000e+00
   0.0000000e+00
   0.0000000e+00
   0.0000000e+00
   0.0000000e+00
   0.0000000e+00
   0.0000000e+00
   0.0000000e+00
   0.0000000e+00
   0.0000000e+00
   0.0000000e+00
   0.0000000e+00
   0.0000000e+00
   0.0000000e+00
   0.0000000e+00
   0.0000000e+00
   0.0000000e+00
   0.0000000e+00
   0.0000000e+00
   0.0000000e+00
   0.0000000e+00
   0.0000000e+00
   0.0000000e+00
   0.0000000e+00
   0.0000000e+00
   0.0000000e+00
   0.0000000e+00
   0.0000000e+00
   0.0000000e+00
