   8.2193710e-05
  -1.2231944e-04
  -5.0168968e-03
   5.9378763e-03
  -2.3548658e-04
   5.2378880e-04
   8.1320425e-03
  -2.8643888e-04
  -1.9976349e-03
   1.5606906e-03
  -1.4379941e-03
  -2.3661555e-03
   7.4558235e-03
   1.4812190e-03
  -7.2458376e-03
   4.4659332e-03
  -4.1235277e-03
   1.5491730e-02
   3.0109904e-03
   0.0000000e+00
   1.0749773e-03
   3.7063488e-02
   2.1008158e-02
   1.3177229e-02
   1.9046031e-02
   1.9117846e-02
   1.4952276e-02
   1.4176049e-02
   2.7028598e-02
   1.4665532e-02
   5.0586121e-03
   2.7429591e-02
   8.9825323e-03
   1.6406537e-02
   2.7809535e-02
   1.3573129e-02
   2.3381194e-02
   6.2473350e-03
   1.0434655e-02
   5.2219559e-08
   5.1763365e-03
   3.0521725e-02
   6.0963579e-02
   6.9552728e-02
   6.3978587e-02
   5.5699927e-02
   7.1205997e-02
   5.9885647e-02
   5.3214167e-02
   5.6705113e-02
   7.9140269e-02
   4.8668286e-02
   7.4520313e-02
   6.5041035e-02
   4.7611321e-02
   6.7031340e-02
   5.6017750e-02
   6.8446217e-02
   7.4365348e-02
   4.4232813e-07
   5.7583965e-02
   1.6867674e-01
   1.0595732e-01
   1.0560422e-01
   1.0152035e-01
   1.3050540e-01
   9.3626399e-02
   1.2020688e-01
   1.1973948e-01
   1.2514340e-01
   9.3898828e-02
   1.2436617e-01
   1.0886801e-01
   1.0447158e-01
   1.3513727e-01
   1.1375377e-01
   1.0419591e-01
   1.3101818e-01
   5.8911447e-02
   3.2501557e-07
   2.3970062e-02
   1.6205801e-01
   1.7830365e-01
   1.6949192e-01
   2.4458798e-01
   1.3539686e-01
   2.3674014e-01
   1.6798039e-01
   1.7673961e-01
   1.5888663e-01
   2.2148177e-01
   1.7104070e-01
   1.8299765e-01
   2.0123308e-01
   1.8051954e-01
   1.6622257e-01
   2.4353308e-01
   3.5359532e-02
   1.3658533e-03
   6.8494022e-09
   3.8069549e-05
   1.2732558e-01
   3.0232042e-01
   2.5839105e-01
   9.7802789e-02
   4.4673960e-02
   1.4598798e-01
   2.3731877e-01
   2.7812254e-01
   1.9248603e-01
   2.5007043e-01
   1.8763755e-01
   2.7065646e-01
   7.6308469e-02
   1.6622889e-02
   9.2100254e-02
   1.2140502e-01
   8.7363923e-03
   4.3817390e-08
   0.0000000e+00
   1.6359211e-07
   4.6963448e-03
   1.1282424e-02
   8.1274074e-03
   1.6515671e-03
   6.4712466e-05
   1.9613235e-03
   6.2372807e-02
   3.7044352e-01
   2.0199257e-01
   9.9000249e-03
   4.9350919e-03
   1.5371883e-01
   3.0807681e-01
   3.8646453e-02
   5.1486872e-08
   6.8433794e-08
   4.7329165e-09
   0.0000000e+00
   0.0000000e+00
   0.0000000e+00
   0.0000000e+00
   0.0000000e+00
   0.0000000e+00
   0.0000000e+00
   0.0000000e+00
   0.0000000e+00
   1.3125776e-03
   1.3201251e-02
   7.6319395e-03
   9.2758648e-05
   1.6021541e-03
   2.5977277e-01
   5.4454904e-01
   6.8539730e-02
   0.0000000e+00
   0.0000000e+00
   0.0000000e+00
   0.0000000e+00
   0.0000000e+00
   0.0000000e+00
   0.0000000e+00
   0.0000000e+00
   0.0000000e+00
   0.0000000e+00
   0.0000000e+00
   0.0000000e+00
   0.0000000e+00
   0.0000000e+00
   0.0000000e+00
   0.0000000e+00
   1.6445854e-04
   2.6665257e-02
   5.5897082e-02
   7.0354930e-03
   0.0000000e+00
   0.0000000e+00
   0.0000000e+00
   0.0000000e+00
   0.0000000e+00
   0.0000000e+00
   0.0000000e+00
   0.0000000e+00
   0.0000000e+00
   0.0000000e+00
   0.0000000e+00
   0.0000000e+00
   0.0000000e+00
   0.0000000e+00
   0.0000000e+00
   0.0000000e+00
   0.0000000e+00
   0.0000000e+00
   0.0000000e+00
   0.0000000e+00
   0.0000000e+00
   0.0000000e+00
   0.0000000e+00
   0.0000000e+00
   0.0000000e+00
   0.0000000e+00
   0.0000000e+00
   0.0000000e+00
   0.0000000e+00
   0.0000000e+00
   0.0000000e+00
   0.0000000e+00
   0.0000000e+00
   0.0000000e+00
   0.0000000e+00
   0.0000000e+00
   0.0000000e+00
   0.0000000e+00
   0.0000000e+00
   0.0000000e+00
   0.0000000e+00
   0.0000000e+00
   0.0000000e+00
   0.0000000e+00
   0.0000000e+00
   0.0000000e+00
   0.0000000e+00
   0.0000000e+00
   0.0000000e+00
   0.0000000e+00
   0.0000000e+00
   0.0000000e+00
   0.0000000e+00
   0.0000000e+00
   0.0000000e+00
   0.0000000e+00
   0.0000000e+00
   0.0000000e+00
   0.0000000e+00
   0.0000000e+00
   0.0000000e+00
   0.0000000e+00
   0.0000000e+00
   0.0000000e+00
   0.0000000e+00
   0.0000000e+00
   0.0000000e+00
   0.0000000e+00
   0.0000000e+00
   0.0000000e+00
   0.0000000e+00
   0.0000000e+00
   0.0000000e+00
   0.0000000e+00
   0.0000000e+00
   0.0000000e+00
   0.0000000e+00
   0.0000000e+00
   0.0000000e+00
   0.0000000e+00
   0.0000000e+00
   0.0000000e+00
   0.0000000e+00
   0.0000000e+00
   0.0000000e+00
   0.0000000e+00
   0.0000000e+00
   0.0000000e+00
   0.0000000e+00
   0.0000000e+00
   0.0000000e+00
   0.0000000e+00
   0.0000000e+00
   0.0000000e+00
   0.0000000e+00
   0.0000000e+00
   0.0000000e+00
   0.0000000e+00
   0.0000000e+00
   0.0000000e+00
   0.0000000e+00
   0.0000000e+00
   0.0000000e+00
   0.0000000e+00
   0.0000000e+00
   0.0000000e+00
   0.0000000e+00
   0.0000000e+00
   0.0000000e+00
   0.0000000e+00
   0.0000000e+00
   0.0000000e+00
   0.0000000e+00
   0.0000000e+00
   0.0000000e+00
   0.0000000e+00
   0.0000000e+00
   0.0000000e+00
   0.0000000e+00
   0.0000000e+00
   0.0000000e+00
   0.0000000e+00
   0.0000000e+00
   0.0000000e+00
   0.0000000e+00
   0.0000000e+00
   0.0000000e+00
   0.0000000e+00
   0.0000000e+00
   0.0000000e+00
   0.0000000e+00
   0.0000000e+00
   0.0000000e+00
   0.0000000e+00
   0.0000000e+00
   0.0000000e+00
   0.0000000e+00
   0.0000000e+00
   0.0000000e+00
   0.0000000e+00
   0.0000000e+00
   0.0000000e+00
   0.0000000e+00
   0.0000000e+00
   0.0000000e+00
   0.0000000e+00
   0.0000000e+00
   0.0000000e+00
   0.0000000e+00
   0.0000000e+00
   0.0000000e+00
   0.0000000e+00
   0.0000000e+00
   0.0000000e+00
   0.0000000e+00
   0.0000000e+00
   0.0000000e+00
   0.0000000e+00
   0.0000000e+00
   0.0000000e+00
   0.0000000e+00
   0.0000000e+00
   0.0000000e+00
   0.0000000e+00
   0.0000000e+00
   0.0000000e+00
   0.0000000e+00
   0.0000000e+00
   0.0000000e+00
   0.0000000e+00
   0.0000000e+00
   0.0000000e+00
   0.0000000e+00
   0.0000000e+00
   0.0000000e+00
   0.0000000e+00
   0.0000000e+00
   0.0000000e+00
   0.0000000e+00
   0.0000000e+00
   0.0000000e+00
   0.0000000e+00
   0.0000000e+00
   0.0000000e+00
   0.0000000e+00
   0.0000000e+00
   0.0000000e+00
   0.0000000e+00
   0.0000000e+00
   0.0000000e+00
   0.0000000e+00
   0.0000000e+00
   0.0000000e+00
   0.0000000e+00
   0.0000000e+00
   0.0000000e+00
   0.0000000e+00
   0.0000000e+00
   0.0000000e+00
   0.0000000e+00
   0.0000000e+00
   0.0000000e+00
   0.0000000e+00
   0.0000000e+00
   0.0000000e+00
   0.0000000e+00
   0.0000000e+00
   0.0000000e+00
   0.0000000e+00
   0.0000000e+00
   0.0000000e+00
   0.0000000e+00
   0.0000000e+00
   0.0000000e+00
   0.0000000e+00
   0.0000000e+00
   0.0000000e+00
   0.0000000e+00
   0.0000000e+00
   0.0000000e+00
   0.0000000e+00
   0.0000000e+00
   0.0000000e+00
   0.0000000e+00
   0.0000000e+00
