  -9.4717543e-03
   3.2809179e-03
   4.7301171e-05
   5.4314723e-04
  -3.0693440e-03
  -2.8124765e-04
   1.6704532e-03
  -9.7953830e-04
   7.6462877e-03
   1.6273966e-03
  -3.4628547e-03
   3.0227167e-03
  -2.7112123e-03
  -2.2268701e-03
   5.9271250e-03
  -5.9805931e-04
  -9.4164252e-04
   5.4012286e-03
   3.9117267e-03
   8.0189161e-03
   2.8593394e-02
   1.6388665e-02
   1.7668465e-02
   1.9614931e-02
   2.4164168e-02
   1.8646228e-02
   1.8741775e-02
   1.4906149e-02
   9.6767457e-03
   1.9183460e-02
   2.2409623e-02
   1.8506258e-02
   1.8752648e-02
   2.3248202e-02
   1.7696178e-02
   1.7890856e-02
   2.4925683e-02
   3.5872105e-03
   1.8570582e-02
   1.3685660e-02
   4.8345552e-02
   5.8463029e-02
   6.6587992e-02
   5.6859841e-02
   5.2901511e-02
   5.9144241e-02
   6.1291822e-02
   6.7648833e-02
   7.3639723e-02
   6.0727116e-02
   5.2485260e-02
   6.1019233e-02
   5.9645368e-02
   5.7523533e-02
   5.8944941e-02
   6.2502907e-02
   5.1751629e-02
   7.8283663e-02
   9.0715954e-02
   8.0758825e-03
   1.3401915e-01
   1.3684527e-01
   9.0710096e-02
   1.2591732e-01
   1.2470913e-01
   1.2076323e-01
   1.0831471e-01
   1.0652466e-01
   9.2108265e-02
   1.1740540e-01
   1.2726599e-01
   1.1395885e-01
   1.1745024e-01
   1.1317312e-01
   1.2102438e-01
   1.0954261e-01
   1.2936312e-01
   9.4169397e-02
   4.4686367e-02
   2.5237192e-03
   1.2257671e-01
   1.8852531e-01
   1.7292247e-01
   1.9141851e-01
   1.5014592e-01
   1.6127631e-01
   2.1956330e-01
   2.4254419e-01
   2.2412138e-01
   1.9345254e-01
   1.3798914e-01
   1.9889130e-01
   1.7503317e-01
   1.9597068e-01
   1.7219933e-01
   1.7317386e-01
   1.9583910e-01
   2.0551261e-02
   2.7017228e-04
   5.8453690e-06
   2.3254263e-03
   2.0539069e-01
   2.8271052e-01
   1.6558278e-01
   3.2633504e-01
   2.7436396e-01
   1.2387836e-01
   1.2706120e-01
   7.5867052e-02
   3.9900296e-02
   1.5942933e-01
   3.4393898e-01
   5.5933221e-02
   2.9975971e-02
   2.6948499e-01
   2.6926120e-01
   2.5725894e-02
   1.2956185e-03
   0.0000000e+00
   0.0000000e+00
   1.0274731e-04
   1.1059705e-02
   1.5403796e-02
   1.3887997e-02
   6.7902835e-02
   4.2442123e-02
   4.1154423e-03
   8.4644784e-04
   1.9993649e-04
   9.1168106e-05
   1.9304556e-02
   4.3412825e-02
   5.9407542e-03
   1.0859423e-03
   3.0616560e-02
   3.4485471e-02
   1.8576983e-03
   0.0000000e+00
   0.0000000e+00
   0.0000000e+00
   0.0000000e+00
   0.0000000e+00
   0.0000000e+00
   0.0000000e+00
   0.0000000e+00
   0.0000000e+00
   0.0000000e+00
   0.0000000e+00
   0.0000000e+00
   0.0000000e+00
   0.0000000e+00
   0.0000000e+00
   0.0000000e+00
   0.0000000e+00
   0.0000000e+00
   0.0000000e+00
   0.0000000e+00
   0.0000000e+00
   0.0000000e+00
   0.0000000e+00
   0.0000000e+00
   0.0000000e+00
   0.0000000e+00
   0.0000000e+00
   0.0000000e+00
   0.0000000e+00
   0.0000000e+00
   0.0000000e+00
   0.0000000e+00
   0.0000000e+00
   0.0000000e+00
   0.0000000e+00
   0.0000000e+00
   0.0000000e+00
   0.0000000e+00
   0.0000000e+00
   0.0000000e+00
   0.0000000e+00
   0.0000000e+00
   0.0000000e+00
   0.0000000e+00
   0.0000000e+00
   0.0000000e+00
   0.0000000e+00
   0.0000000e+00
   0.0000000e+00
   0.0000000e+00
   0.0000000e+00
   0.0000000e+00
   0.0000000e+00
   0.0000000e+00
   0.0000000e+00
   0.0000000e+00
   0.0000000e+00
   0.0000000e+00
   0.0000000e+00
   0.0000000e+00
   0.0000000e+00
   0.0000000e+00
   0.0000000e+00
   0.0000000e+00
   0.0000000e+00
   0.0000000e+00
   0.0000000e+00
   0.0000000e+00
   0.0000000e+00
   0.0000000e+00
   0.0000000e+00
   0.0000000e+00
   0.0000000e+00
   0.0000000e+00
   0.0000000e+00
   0.0000000e+00
   0.0000000e+00
   0.0000000e+00
   0.0000000e+00
   0.0000000e+00
   0.0000000e+00
   0.0000000e+00
   0.0000000e+00
   0.0000000e+00
   0.0000000e+00
   0.0000000e+00
   0.0000000e+00
   0.0000000e+00
   0.0000000e+00
   0.0000000e+00
   0.0000000e+00
   0.0000000e+00
   0.0000000e+00
   0.0000000e+00
   0.0000000e+00
   0.0000000e+00
   0.0000000e+00
   0.0000000e+00
   0.0000000e+00
   0.0000000e+00
   0.0000000e+00
   0.0000000e+00
   0.0000000e+00
   0.0000000e+00
   0.0000000e+00
   0.0000000e+00
   0.0000000e+00
   0.0000000e+00
   0.0000000e+00
   0.0000000e+00
   0.0000000e+00
   0.0000000e+00
   0.0000000e+00
   0.0000000e+00
   0.0000000e+00
   0.0000000e+00
   0.0000000e+00
   0.0000000e+00
   0.0000000e+00
   0.0000000e+00
   0.0000000e+00
   0.0000000e+00
   0.0000000e+00
   0.0000000e+00
   0.0000000e+00
   0.0000000e+00
   0.0000000e+00
   0.0000000e+00
   0.0000000e+00
   0.0000000e+00
   0.0000000e+00
   0.0000000e+00
   0.0000000e+00
   0.0000000e+00
   0.0000000e+00
   0.0000000e+00
   0.0000000e+00
   0.0000000e+00
   0.0000000e+00
   0.0000000e+00
   0.0000000e+00
   0.0000000e+00
   0.0000000e+00
   0.0000000e+00
   0.0000000e+00
   0.0000000e+00
   0.0000000e+00
   0.0000000e+00
   0.0000000e+00
   0.0000000e+00
   0.0000000e+00
   0.0000000e+00
   0.0000000e+00
   0.0000000e+00
   0.0000000e+00
   0.0000000e+00
   0.0000000e+00
   0.0000000e+00
   0.0000000e+00
   0.0000000e+00
   0.0000000e+00
   0.0000000e+00
   0.0000000e+00
   0.0000000e+00
   0.0000000e+00
   0.0000000e+00
   0.0000000e+00
   0.0000000e+00
   0.0000000e+00
   0.0000000e+00
   0.0000000e+00
   0.0000000e+00
   0.0000000e+00
   0.0000000e+00
   0.0000000e+00
   0.0000000e+00
   0.0000000e+00
   0.0000000e+00
   0.0000000e+00
   0.0000000e+00
   0.0000000e+00
   0.0000000e+00
   0.0000000e+00
   0.0000000e+00
   0.0000000e+00
   0.0000000e+00
   0.0000000e+00
   0.0000000e+00
   0.0000000e+00
   0.0000000e+00
   0.0000000e+00
   0.0000000e+00
   0.0000000e+00
   0.0000000e+00
   0.0000000e+00
   0.0000000e+00
   0.0000000e+00
   0.0000000e+00
   0.0000000e+00
   0.0000000e+00
   0.0000000e+00
   0.0000000e+00
   0.0000000e+00
   0.0000000e+00
   0.0000000e+00
   0.0000000e+00
   0.0000000e+00
   0.0000000e+00
   0.0000000e+00
   0.0000000e+00
   0.0000000e+00
   0.0000000e+00
   0.0000000e+00
   0.0000000e+00
   0.0000000e+00
   0.0000000e+00
   0.0000000e+00
   0.0000000e+00
   0.0000000e+00
   0.0000000e+00
   0.0000000e+00
   0.0000000e+00
   0.0000000e+00
   0.0000000e+00
   0.0000000e+00
   0.0000000e+00
   0.0000000e+00
   0.0000000e+00
   0.0000000e+00
   0.0000000e+00
   0.0000000e+00
   0.0000000e+00
   0.0000000e+00
   0.0000000e+00
   0.0000000e+00
   0.0000000e+00
   0.0000000e+00
   0.0000000e+00
   0.0000000e+00
   0.0000000e+00
   0.0000000e+00
   0.0000000e+00
   0.0000000e+00
   0.0000000e+00
   0.0000000e+00
   0.0000000e+00
   0.0000000e+00
   0.0000000e+00
   0.0000000e+00
   0.0000000e+00
   0.0000000e+00
   0.0000000e+00
   0.0000000e+00
   0.0000000e+00
   0.0000000e+00
   0.0000000e+00
   0.0000000e+00
   0.0000000e+00
   0.0000000e+00
   0.0000000e+00
   0.0000000e+00
   0.0000000e+00
   0.0000000e+00
