   3.0398510e-03
   3.0959215e-03
  -2.9365125e-03
   2.3398321e-03
   3.1551784e-03
  -9.6750848e-04
   6.7690123e-04
  -9.6207530e-04
   4.8133325e-03
   2.0651610e-04
  -7.6466672e-03
  -8.0756711e-03
  -1.2333300e-03
   1.4112835e-03
   1.7486639e-03
   5.6758359e-04
   8.3710880e-03
   3.2920011e-03
   3.0723860e-04
   8.5409242e-03
   1.4443580e-02
   1.3617966e-02
   2.4715206e-02
   1.9854083e-02
   1.4160343e-02
   2.1565412e-02
   2.5596510e-02
   1.7419063e-02
   1.9697242e-02
   1.2122465e-02
   2.7759483e-02
   2.3892838e-02
   1.2887899e-02
   2.0063817e-02
   4.7119224e-03
   1.5126989e-02
   1.1700639e-02
   9.2861055e-03
   2.6708858e-03
   2.9043782e-03
   7.9012065e-02
   7.5207824e-02
   3.6131069e-02
   6.1691013e-02
   6.5850491e-02
   5.4882175e-02
   5.0986910e-02
   6.1169743e-02
   6.0039315e-02
   6.9669622e-02
   4.6946436e-02
   5.2798543e-02
   8.1513848e-02
   6.2895180e-02
   6.6874964e-02
   7.5106673e-02
   7.0052865e-02
   1.0029315e-01
   4.2012509e-02
   1.5533982e-04
   5.5684774e-02
   1.2493676e-01
   1.2720434e-01
   1.2360048e-01
   1.0228219e-01
   1.2822065e-01
   1.2384917e-01
   1.1948584e-01
   1.0896111e-01
   1.0146563e-01
   1.3403317e-01
   1.2708342e-01
   8.6217382e-02
   9.4400525e-02
   1.2190413e-01
   7.6880637e-02
   1.1131104e-01
   1.1898351e-01
   4.6177788e-02
   1.9335857e-06
   1.2026760e-03
   8.2875199e-03
   9.7781012e-02
   2.0545299e-01
   1.9936993e-01
   1.4031332e-01
   1.7559243e-01
   1.5465329e-01
   2.3703685e-01
   2.2638278e-01
   1.3459998e-01
   1.7663799e-01
   2.4870708e-01
   2.3898719e-01
   2.0550486e-01
   1.1068526e-01
   3.1458600e-01
   8.6529896e-02
   5.3148674e-03
   0.0000000e+00
   0.0000000e+00
   3.3364028e-05
   2.6166780e-03
   1.7236982e-02
   2.0195680e-01
   3.5871165e-01
   2.4697693e-01
   3.0888627e-01
   1.0694266e-01
   7.6987210e-02
   6.8584808e-03
   5.3388578e-02
   1.7380704e-01
   9.7368864e-02
   5.4939891e-02
   5.1398048e-02
   1.4026251e-01
   2.6333614e-02
   1.7687811e-04
   0.0000000e+00
   0.0000000e+00
   0.0000000e+00
   0.0000000e+00
   1.7378046e-04
   5.1677853e-02
   1.2669396e-01
   5.1190800e-02
   4.6487187e-02
   3.7172065e-03
   1.0238128e-04
   3.7317275e-06
   5.4631806e-04
   2.2447548e-03
   5.7692508e-04
   8.4243741e-07
   3.1599598e-04
   8.9494830e-04
   1.5734820e-04
   0.0000000e+00
   0.0000000e+00
   0.0000000e+00
   0.0000000e+00
   0.0000000e+00
   1.7716819e-07
   5.8917045e-05
   1.4391832e-04
   2.1564349e-05
   0.0000000e+00
   0.0000000e+00
   0.0000000e+00
   0.0000000e+00
   0.0000000e+00
   0.0000000e+00
   0.0000000e+00
   0.0000000e+00
   0.0000000e+00
   0.0000000e+00
   0.0000000e+00
   0.0000000e+00
   0.0000000e+00
   0.0000000e+00
   0.0000000e+00
   0.0000000e+00
   0.0000000e+00
   0.0000000e+00
   0.0000000e+00
   0.0000000e+00
   0.0000000e+00
   0.0000000e+00
   0.0000000e+00
   0.0000000e+00
   0.0000000e+00
   0.0000000e+00
   0.0000000e+00
   0.0000000e+00
   0.0000000e+00
   0.0000000e+00
   0.0000000e+00
   0.0000000e+00
   0.0000000e+00
   0.0000000e+00
   0.0000000e+00
   0.0000000e+00
   0.0000000e+00
   0.0000000e+00
   0.0000000e+00
   0.0000000e+00
   0.0000000e+00
   0.0000000e+00
   0.0000000e+00
   0.0000000e+00
   0.0000000e+00
   0.0000000e+00
   0.0000000e+00
   0.0000000e+00
   0.0000000e+00
   0.0000000e+00
   0.0000000e+00
   0.0000000e+00
   0.0000000e+00
   0.0000000e+00
   0.0000000e+00
   0.0000000e+00
   0.0000000e+00
   0.0000000e+00
   0.0000000e+00
   0.0000000e+00
   0.0000000e+00
   0.0000000e+00
   0.0000000e+00
   0.0000000e+00
   0.0000000e+00
   0.0000000e+00
   0.0000000e+00
   0.0000000e+00
   0.0000000e+00
   0.0000000e+00
   0.0000000e+00
   0.0000000e+00
   0.0000000e+00
   0.0000000e+00
   0.0000000e+00
   0.0000000e+00
   0.0000000e+00
   0.0000000e+00
   0.0000000e+00
   0.0000000e+00
   0.0000000e+00
   0.0000000e+00
   0.0000000e+00
   0.0000000e+00
   0.0000000e+00
   0.0000000e+00
   0.0000000e+00
   0.0000000e+00
   0.0000000e+00
   0.0000000e+00
   0.0000000e+00
   0.0000000e+00
   0.0000000e+00
   0.0000000e+00
   0.0000000e+00
   0.0000000e+00
   0.0000000e+00
   0.0000000e+00
   0.0000000e+00
   0.0000000e+00
   0.0000000e+00
   0.0000000e+00
   0.0000000e+00
   0.0000000e+00
   0.0000000e+00
   0.0000000e+00
   0.0000000e+00
   0.0000000e+00
   0.0000000e+00
   0.0000000e+00
   0.0000000e+00
   0.0000000e+00
   0.0000000e+00
   0.0000000e+00
   0.0000000e+00
   0.0000000e+00
   0.0000000e+00
   0.0000000e+00
   0.0000000e+00
   0.0000000e+00
   0.0000000e+00
   0.0000000e+00
   0.0000000e+00
   0.0000000e+00
   0.0000000e+00
   0.0000000e+00
   0.0000000e+00
   0.0000000e+00
   0.0000000e+00
   0.0000000e+00
   0.0000000e+00
   0.0000000e+00
   0.0000000e+00
   0.0000000e+00
   0.0000000e+00
   0.0000000e+00
   0.0000000e+00
   0.0000000e+00
   0.0000000e+00
   0.0000000e+00
   0.0000000e+00
   0.0000000e+00
   0.0000000e+00
   0.0000000e+00
   0.0000000e+00
   0.0000000e+00
   0.0000000e+00
   0.0000000e+00
   0.0000000e+00
   0.0000000e+00
   0.0000000e+00
   0.0000000e+00
   0.0000000e+00
   0.0000000e+00
   0.0000000e+00
   0.0000000e+00
   0.0000000e+00
   0.0000000e+00
   0.0000000e+00
   0.0000000e+00
   0.0000000e+00
   0.0000000e+00
   0.0000000e+00
   0.0000000e+00
   0.0000000e+00
   0.0000000e+00
   0.0000000e+00
   0.0000000e+00
   0.0000000e+00
   0.0000000e+00
   0.0000000e+00
   0.0000000e+00
   0.0000000e+00
   0.0000000e+00
   0.0000000e+00
   0.0000000e+00
   0.0000000e+00
   0.0000000e+00
   0.0000000e+00
   0.0000000e+00
   0.0000000e+00
   0.0000000e+00
   0.0000000e+00
   0.0000000e+00
   0.0000000e+00
   0.0000000e+00
   0.0000000e+00
   0.0000000e+00
   0.0000000e+00
   0.0000000e+00
   0.0000000e+00
   0.0000000e+00
   0.0000000e+00
   0.0000000e+00
   0.0000000e+00
   0.0000000e+00
   0.0000000e+00
   0.0000000e+00
   0.0000000e+00
   0.0000000e+00
   0.0000000e+00
   0.0000000e+00
   0.0000000e+00
   0.0000000e+00
   0.0000000e+00
   0.0000000e+00
   0.0000000e+00
   0.0000000e+00
   0.0000000e+00
   0.0000000e+00
   0.0000000e+00
   0.0000000e+00
   0.0000000e+00
   0.0000000e+00
   0.0000000e+00
   0.0000000e+00
   0.0000000e+00
   0.0000000e+00
   0.0000000e+00
   0.0000000e+00
   0.0000000e+00
   0.0000000e+00
   0.0000000e+00
   0.0000000e+00
   0.0000000e+00
   0.0000000e+00
   0.0000000e+00
   0.0000000e+00
   0.0000000e+00
   0.0000000e+00
   0.0000000e+00
   0.0000000e+00
   0.0000000e+00
   0.0000000e+00
   0.0000000e+00
   0.0000000e+00
   0.0000000e+00
   0.0000000e+00
   0.0000000e+00
   0.0000000e+00
   0.0000000e+00
   0.0000000e+00
   0.0000000e+00
   0.0000000e+00
   0.0000000e+00
   0.0000000e+00
   0.0000000e+00
   0.0000000e+00
   0.0000000e+00
   0.0000000e+00
   0.0000000e+00
   0.0000000e+00
   0.0000000e+00
