  -1.1857428e-03
  -1.1780272e-04
  -4.1176412e-03
   1.2488930e-03
   1.4400242e-03
  -4.9610342e-03
   2.0041787e-02
   1.0823012e-02
  -3.8536133e-03
   1.7159235e-03
   2.8241409e-03
  -3.2296045e-03
  -4.4405550e-03
  -5.1243490e-04
  -6.4384835e-04
   2.4106842e-03
  -1.6865501e-03
   1.3272746e-03
  -1.4346430e-03
   1.0164915e-03
   2.0255503e-02
   1.6673902e-02
   3.0994630e-02
   1.6839919e-02
   1.7958663e-02
   2.2764137e-02
   9.1949494e-03
   1.0037175e-02
   2.2738485e-02
   1.8311983e-02
   1.8538279e-02
   2.1051500e-02
   2.3728451e-02
   2.0023730e-02
   1.9349147e-02
   1.3004838e-02
   2.3643482e-02
   1.5446905e-02
   2.0678856e-02
   2.7356736e-02
   6.5680115e-02
   5.9742400e-02
   4.5022591e-02
   6.0885443e-02
   6.5408977e-02
   5.2011901e-02
   7.4435945e-02
   7.1005842e-02
   5.3184395e-02
   6.1994139e-02
   5.7670131e-02
   5.8904327e-02
   5.2103927e-02
   5.7828779e-02
   6.2676792e-02
   6.6257943e-02
   5.9691456e-02
   4.9181606e-02
   8.3535236e-02
   1.3121096e-02
   8.4774069e-02
   1.2389435e-01
   1.3385217e-01
   1.1831268e-01
   1.0240602e-01
   1.2967207e-01
   9.6322117e-02
   1.0245022e-01
   1.2441005e-01
   1.1319897e-01
   1.2071276e-01
   1.1640533e-01
   1.2858916e-01
   1.1413742e-01
   1.1492464e-01
   1.0630262e-01
   1.0934758e-01
   1.4854532e-01
   4.5253563e-02
   1.6397054e-03
   1.7525050e-01
   2.0447185e-01
   1.0959905e-01
   1.8004526e-01
   2.0306281e-01
   1.6286367e-01
   2.0984168e-01
   1.9726765e-01
   1.7133675e-01
   1.8372140e-01
   1.6566659e-01
   1.8289446e-01
   1.4252304e-01
   1.9409315e-01
   1.6913959e-01
   2.1539558e-01
   2.0691589e-01
   1.1649512e-01
   6.4527739e-03
   1.2764827e-06
   2.5518564e-01
   2.1691458e-01
   2.9906790e-01
   2.8770552e-01
   4.5359634e-02
   7.0752616e-02
   2.3418549e-01
   1.5132423e-01
   4.8673401e-02
   3.1524103e-01
   2.4285739e-01
   2.4343276e-01
   3.4523753e-01
   2.5747296e-01
   2.3838867e-01
   2.1482130e-01
   8.5650906e-02
   4.5324276e-03
   1.0632517e-04
   0.0000000e+00
   1.5524146e-02
   1.7323501e-02
   6.6453891e-02
   6.0255313e-02
   2.4744480e-03
   4.4013619e-04
   1.2741171e-03
   3.9220112e-04
   4.6242765e-03
   5.0573109e-02
   3.3297799e-02
   6.5858458e-02
   1.0758306e-01
   2.8561046e-02
   1.4638762e-02
   3.5998329e-03
   1.0659516e-03
   3.9555533e-06
   0.0000000e+00
   0.0000000e+00
   0.0000000e+00
   0.0000000e+00
   0.0000000e+00
   0.0000000e+00
   0.0000000e+00
   0.0000000e+00
   0.0000000e+00
   0.0000000e+00
   0.0000000e+00
   0.0000000e+00
   3.8834725e-07
   2.7322966e-05
   4.4841096e-05
   4.1638209e-06
   0.0000000e+00
   0.0000000e+00
   0.0000000e+00
   0.0000000e+00
   0.0000000e+00
   0.0000000e+00
   0.0000000e+00
   0.0000000e+00
   0.0000000e+00
   0.0000000e+00
   0.0000000e+00
   0.0000000e+00
   0.0000000e+00
   0.0000000e+00
   0.0000000e+00
   0.0000000e+00
   0.0000000e+00
   0.0000000e+00
   0.0000000e+00
   0.0000000e+00
   0.0000000e+00
   0.0000000e+00
   0.0000000e+00
   0.0000000e+00
   0.0000000e+00
   0.0000000e+00
   0.0000000e+00
   0.0000000e+00
   0.0000000e+00
   0.0000000e+00
   0.0000000e+00
   0.0000000e+00
   0.0000000e+00
   0.0000000e+00
   0.0000000e+00
   0.0000000e+00
   0.0000000e+00
   0.0000000e+00
   0.0000000e+00
   0.0000000e+00
   0.0000000e+00
   0.0000000e+00
   0.0000000e+00
   0.0000000e+00
   0.0000000e+00
   0.0000000e+00
   0.0000000e+00
   0.0000000e+00
   0.0000000e+00
   0.0000000e+00
   0.0000000e+00
   0.0000000e+00
   0.0000000e+00
   0.0000000e+00
   0.0000000e+00
   0.0000000e+00
   0.0000000e+00
   0.0000000e+00
   0.0000000e+00
   0.0000000e+00
   0.0000000e+00
   0.0000000e+00
   0.0000000e+00
   0.0000000e+00
   0.0000000e+00
   0.0000000e+00
   0.0000000e+00
   0.0000000e+00
   0.0000000e+00
   0.0000000e+00
   0.0000000e+00
   0.0000000e+00
   0.0000000e+00
   0.0000000e+00
   0.0000000e+00
   0.0000000e+00
   0.0000000e+00
   0.0000000e+00
   0.0000000e+00
   0.0000000e+00
   0.0000000e+00
   0.0000000e+00
   0.0000000e+00
   0.0000000e+00
   0.0000000e+00
   0.0000000e+00
   0.0000000e+00
   0.0000000e+00
   0.0000000e+00
   0.0000000e+00
   0.0000000e+00
   0.0000000e+00
   0.0000000e+00
   0.0000000e+00
   0.0000000e+00
   0.0000000e+00
   0.0000000e+00
   0.0000000e+00
   0.0000000e+00
   0.0000000e+00
   0.0000000e+00
   0.0000000e+00
   0.0000000e+00
   0.0000000e+00
   0.0000000e+00
   0.0000000e+00
   0.0000000e+00
   0.0000000e+00
   0.0000000e+00
   0.0000000e+00
   0.0000000e+00
   0.0000000e+00
   0.0000000e+00
   0.0000000e+00
   0.0000000e+00
   0.0000000e+00
   0.0000000e+00
   0.0000000e+00
   0.0000000e+00
   0.0000000e+00
   0.0000000e+00
   0.0000000e+00
   0.0000000e+00
   0.0000000e+00
   0.0000000e+00
   0.0000000e+00
   0.0000000e+00
   0.0000000e+00
   0.0000000e+00
   0.0000000e+00
   0.0000000e+00
   0.0000000e+00
   0.0000000e+00
   0.0000000e+00
   0.0000000e+00
   0.0000000e+00
   0.0000000e+00
   0.0000000e+00
   0.0000000e+00
   0.0000000e+00
   0.0000000e+00
   0.0000000e+00
   0.0000000e+00
   0.0000000e+00
   0.0000000e+00
   0.0000000e+00
   0.0000000e+00
   0.0000000e+00
   0.0000000e+00
   0.0000000e+00
   0.0000000e+00
   0.0000000e+00
   0.0000000e+00
   0.0000000e+00
   0.0000000e+00
   0.0000000e+00
   0.0000000e+00
   0.0000000e+00
   0.0000000e+00
   0.0000000e+00
   0.0000000e+00
   0.0000000e+00
   0.0000000e+00
   0.0000000e+00
   0.0000000e+00
   0.0000000e+00
   0.0000000e+00
   0.0000000e+00
   0.0000000e+00
   0.0000000e+00
   0.0000000e+00
   0.0000000e+00
   0.0000000e+00
   0.0000000e+00
   0.0000000e+00
   0.0000000e+00
   0.0000000e+00
   0.0000000e+00
   0.0000000e+00
   0.0000000e+00
   0.0000000e+00
   0.0000000e+00
   0.0000000e+00
   0.0000000e+00
   0.0000000e+00
   0.0000000e+00
   0.0000000e+00
   0.0000000e+00
   0.0000000e+00
   0.0000000e+00
   0.0000000e+00
   0.0000000e+00
   0.0000000e+00
   0.0000000e+00
   0.0000000e+00
   0.0000000e+00
   0.0000000e+00
   0.0000000e+00
   0.0000000e+00
   0.0000000e+00
   0.0000000e+00
   0.0000000e+00
   0.0000000e+00
   0.0000000e+00
   0.0000000e+00
   0.0000000e+00
   0.0000000e+00
   0.0000000e+00
   0.0000000e+00
   0.0000000e+00
   0.0000000e+00
   0.0000000e+00
   0.0000000e+00
   0.0000000e+00
   0.0000000e+00
   0.0000000e+00
   0.0000000e+00
   0.0000000e+00
   0.0000000e+00
   0.0000000e+00
   0.0000000e+00
   0.0000000e+00
   0.0000000e+00
   0.0000000e+00
   0.0000000e+00
   0.0000000e+00
   0.0000000e+00
   0.0000000e+00
   0.0000000e+00
   0.0000000e+00
   0.0000000e+00
   0.0000000e+00
   0.0000000e+00
   0.0000000e+00
   0.0000000e+00
   0.0000000e+00
   0.0000000e+00
   0.0000000e+00
   0.0000000e+00
   0.0000000e+00
   0.0000000e+00
   0.0000000e+00
   0.0000000e+00
   0.0000000e+00
   0.0000000e+00
   0.0000000e+00
