   9.8679918e-04
  -3.1031344e-03
   2.9140409e-03
  -2.5395391e-03
   3.9043094e-03
  -2.3799293e-03
   7.5024952e-03
  -2.2454738e-03
   1.4056549e-03
  -1.2491708e-03
   4.4904172e-03
  -6.6983995e-04
   5.0678097e-04
  -1.1856727e-03
  -1.9364332e-03
   6.0181575e-03
  -4.9782414e-03
  -9.9768254e-04
   1.9264771e-03
  -4.6290108e-04
   3.3416909e-02
   1.8653090e-02
   1.8390900e-02
   2.0167801e-02
   1.8914251e-02
   1.5006447e-02
   1.6162385e-02
   1.8296381e-02
   2.2840983e-02
   1.7927853e-02
   1.5839343e-02
   1.9707138e-02
   2.0365137e-02
   2.2657086e-02
   2.1771743e-02
   7.5562390e-03
   2.7744142e-02
   2.1567177e-02
   2.0606957e-02
   2.1858575e-03
   4.7112405e-02
   5.1784878e-02
   6.1519791e-02
   5.9216291e-02
   5.6847885e-02
   7.2903911e-02
   5.9088095e-02
   6.3321682e-02
   5.1967944e-02
   6.3431101e-02
   6.3429256e-02
   5.8753720e-02
   5.4137524e-02
   5.6036144e-02
   5.4360326e-02
   7.9588623e-02
   4.7561685e-02
   4.6319017e-02
   8.2104303e-02
   4.9778575e-03
   1.3654200e-01
   1.2045165e-01
   1.1836042e-01
   1.1305257e-01
   1.2541290e-01
   8.9540038e-02
   1.2253476e-01
   1.0686077e-01
   1.3184942e-01
   1.0807890e-01
   1.0949196e-01
   1.1937555e-01
   1.2227368e-01
   1.2344092e-01
   1.1848764e-01
   9.7670645e-02
   1.2264367e-01
   1.6671780e-01
   4.8732489e-02
   1.6991242e-03
   1.5657108e-01
   1.7362479e-01
   1.7383998e-01
   1.8666682e-01
   1.5939733e-01
   2.3597155e-01
   1.6319000e-01
   2.1541137e-01
   1.2307383e-01
   2.1816536e-01
   1.9593295e-01
   1.6622713e-01
   1.6173429e-01
   1.6532885e-01
   1.7574429e-01
   2.2402043e-01
   1.5898813e-01
   1.7786120e-01
   1.6615779e-02
   1.8229965e-06
   2.7881991e-01
   2.7145990e-01
   1.5852425e-01
   2.8289124e-01
   1.7143467e-01
   3.0211128e-01
   1.2228313e-01
   1.7673797e-02
   8.0384845e-03
   4.0408235e-02
   1.3407005e-01
   3.1117459e-01
   2.1900731e-01
   3.5732060e-01
   1.6393390e-01
   1.3548877e-01
   1.9077264e-02
   7.7232555e-03
   7.1359601e-04
   0.0000000e+00
   3.3283816e-01
   2.6309588e-01
   3.5059442e-02
   1.3478813e-02
   6.5606758e-03
   2.0698590e-02
   9.4248304e-03
   6.0190024e-05
   0.0000000e+00
   2.5925779e-07
   6.7730559e-03
   2.6594944e-02
   3.5172211e-02
   1.0485485e-01
   2.6216538e-02
   8.1074646e-05
   8.3542530e-06
   0.0000000e+00
   0.0000000e+00
   0.0000000e+00
   2.1884279e-02
   1.7165617e-02
   1.9472434e-03
   4.6261793e-05
   0.0000000e+00
   0.0000000e+00
   0.0000000e+00
   0.0000000e+00
   0.0000000e+00
   0.0000000e+00
   0.0000000e+00
   0.0000000e+00
   5.3766001e-06
   2.1535373e-05
   5.3910963e-06
   4.8654076e-16
   0.0000000e+00
   0.0000000e+00
   0.0000000e+00
   0.0000000e+00
   0.0000000e+00
   0.0000000e+00
   0.0000000e+00
   0.0000000e+00
   0.0000000e+00
   0.0000000e+00
   0.0000000e+00
   0.0000000e+00
   0.0000000e+00
   0.0000000e+00
   0.0000000e+00
   0.0000000e+00
   0.0000000e+00
   0.0000000e+00
   0.0000000e+00
   0.0000000e+00
   0.0000000e+00
   0.0000000e+00
   0.0000000e+00
   0.0000000e+00
   0.0000000e+00
   0.0000000e+00
   0.0000000e+00
   0.0000000e+00
   0.0000000e+00
   0.0000000e+00
   0.0000000e+00
   0.0000000e+00
   0.0000000e+00
   0.0000000e+00
   0.0000000e+00
   0.0000000e+00
   0.0000000e+00
   0.0000000e+00
   0.0000000e+00
   0.0000000e+00
   0.0000000e+00
   0.0000000e+00
   0.0000000e+00
   0.0000000e+00
   0.0000000e+00
   0.0000000e+00
   0.0000000e+00
   0.0000000e+00
   0.0000000e+00
   0.0000000e+00
   0.0000000e+00
   0.0000000e+00
   0.0000000e+00
   0.0000000e+00
   0.0000000e+00
   0.0000000e+00
   0.0000000e+00
   0.0000000e+00
   0.0000000e+00
   0.0000000e+00
   0.0000000e+00
   0.0000000e+00
   0.0000000e+00
   0.0000000e+00
   0.0000000e+00
   0.0000000e+00
   0.0000000e+00
   0.0000000e+00
   0.0000000e+00
   0.0000000e+00
   0.0000000e+00
   0.0000000e+00
   0.0000000e+00
   0.0000000e+00
   0.0000000e+00
   0.0000000e+00
   0.0000000e+00
   0.0000000e+00
   0.0000000e+00
   0.0000000e+00
   0.0000000e+00
   0.0000000e+00
   0.0000000e+00
   0.0000000e+00
   0.0000000e+00
   0.0000000e+00
   0.0000000e+00
   0.0000000e+00
   0.0000000e+00
   0.0000000e+00
   0.0000000e+00
   0.0000000e+00
   0.0000000e+00
   0.0000000e+00
   0.0000000e+00
   0.0000000e+00
   0.0000000e+00
   0.0000000e+00
   0.0000000e+00
   0.0000000e+00
   0.0000000e+00
   0.0000000e+00
   0.0000000e+00
   0.0000000e+00
   0.0000000e+00
   0.0000000e+00
   0.0000000e+00
   0.0000000e+00
   0.0000000e+00
   0.0000000e+00
   0.0000000e+00
   0.0000000e+00
   0.0000000e+00
   0.0000000e+00
   0.0000000e+00
   0.0000000e+00
   0.0000000e+00
   0.0000000e+00
   0.0000000e+00
   0.0000000e+00
   0.0000000e+00
   0.0000000e+00
   0.0000000e+00
   0.0000000e+00
   0.0000000e+00
   0.0000000e+00
   0.0000000e+00
   0.0000000e+00
   0.0000000e+00
   0.0000000e+00
   0.0000000e+00
   0.0000000e+00
   0.0000000e+00
   0.0000000e+00
   0.0000000e+00
   0.0000000e+00
   0.0000000e+00
   0.0000000e+00
   0.0000000e+00
   0.0000000e+00
   0.0000000e+00
   0.0000000e+00
   0.0000000e+00
   0.0000000e+00
   0.0000000e+00
   0.0000000e+00
   0.0000000e+00
   0.0000000e+00
   0.0000000e+00
   0.0000000e+00
   0.0000000e+00
   0.0000000e+00
   0.0000000e+00
   0.0000000e+00
   0.0000000e+00
   0.0000000e+00
   0.0000000e+00
   0.0000000e+00
   0.0000000e+00
   0.0000000e+00
   0.0000000e+00
   0.0000000e+00
   0.0000000e+00
   0.0000000e+00
   0.0000000e+00
   0.0000000e+00
   0.0000000e+00
   0.0000000e+00
   0.0000000e+00
   0.0000000e+00
   0.0000000e+00
   0.0000000e+00
   0.0000000e+00
   0.0000000e+00
   0.0000000e+00
   0.0000000e+00
   0.0000000e+00
   0.0000000e+00
   0.0000000e+00
   0.0000000e+00
   0.0000000e+00
   0.0000000e+00
   0.0000000e+00
   0.0000000e+00
   0.0000000e+00
   0.0000000e+00
   0.0000000e+00
   0.0000000e+00
   0.0000000e+00
   0.0000000e+00
   0.0000000e+00
   0.0000000e+00
   0.0000000e+00
   0.0000000e+00
   0.0000000e+00
   0.0000000e+00
   0.0000000e+00
   0.0000000e+00
   0.0000000e+00
   0.0000000e+00
   0.0000000e+00
   0.0000000e+00
   0.0000000e+00
   0.0000000e+00
   0.0000000e+00
   0.0000000e+00
   0.0000000e+00
   0.0000000e+00
   0.0000000e+00
   0.0000000e+00
   0.0000000e+00
   0.0000000e+00
   0.0000000e+00
   0.0000000e+00
   0.0000000e+00
   0.0000000e+00
   0.0000000e+00
   0.0000000e+00
   0.0000000e+00
   0.0000000e+00
   0.0000000e+00
   0.0000000e+00
   0.0000000e+00
   0.0000000e+00
   0.0000000e+00
   0.0000000e+00
   0.0000000e+00
   0.0000000e+00
   0.0000000e+00
   0.0000000e+00
   0.0000000e+00
   0.0000000e+00
   0.0000000e+00
   0.0000000e+00
   0.0000000e+00
   0.0000000e+00
   0.0000000e+00
   0.0000000e+00
   0.0000000e+00
   0.0000000e+00
   0.0000000e+00
   0.0000000e+00
   0.0000000e+00
   0.0000000e+00
