  -1.0158933e-02
   9.3696777e-04
   7.6239554e-04
  -3.4727495e-03
   3.3352926e-03
  -6.4914419e-03
   3.0792876e-03
   1.8923053e-02
   8.0395815e-03
  -4.3760760e-03
  -4.4595312e-04
   3.5778819e-04
   6.0130172e-03
   1.8299410e-03
  -3.1719240e-03
  -1.1178086e-02
  -3.4632278e-03
   5.9654812e-04
  -3.7252188e-04
  -2.0759008e-04
   2.8831581e-02
   2.8301244e-02
   1.9864291e-02
   1.8102499e-02
   2.1395758e-02
   2.5597313e-02
   2.2328511e-02
   4.5382014e-03
   8.9994630e-03
   2.7235693e-02
   1.6689733e-02
   1.8371650e-02
   1.0517662e-02
   1.7412393e-02
   2.2655348e-02
   2.7095407e-02
   4.3356700e-02
   1.3329635e-02
   2.3276956e-02
   1.9925634e-02
   4.3910671e-02
   2.4449980e-02
   5.8979251e-02
   6.4300761e-02
   5.3280483e-02
   4.9626257e-02
   5.3041542e-02
   7.9154476e-02
   7.5003579e-02
   4.6413181e-02
   6.5899626e-02
   5.8242929e-02
   6.7493189e-02
   6.4169102e-02
   5.9036832e-02
   4.0058438e-02
   4.5452771e-02
   4.5951041e-02
   7.8448128e-02
   2.0512665e-02
   1.5968552e-01
   1.5483907e-01
   1.2361507e-01
   1.0050520e-01
   1.3449071e-01
   1.2980364e-01
   1.2879341e-01
   8.7149867e-02
   9.9402594e-02
   1.3474273e-01
   1.0491527e-01
   1.2209552e-01
   1.0192246e-01
   1.1605755e-01
   1.1113880e-01
   1.5336024e-01
   1.2559670e-01
   1.5887238e-01
   8.8911319e-02
   4.9094455e-03
   1.2819668e-01
   1.5761266e-01
   1.7597529e-01
   2.0248410e-01
   1.4250727e-01
   1.2500459e-01
   1.6027815e-01
   2.3601824e-01
   2.2013279e-01
   1.0905650e-01
   2.5153593e-01
   1.4640602e-01
   2.3662863e-01
   1.7637831e-01
   1.9572695e-01
   1.1706122e-01
   5.7451349e-02
   2.3580433e-02
   6.7991902e-03
   1.1230585e-04
   4.0248223e-03
   7.7221587e-03
   3.6912248e-02
   2.4712085e-01
   2.2306031e-01
   3.5588028e-01
   2.0455768e-01
   1.8801706e-01
   1.0728820e-01
   4.1263016e-02
   2.6765769e-01
   1.8412785e-01
   1.1454506e-01
   1.0884181e-01
   2.6897502e-01
   3.5900230e-01
   1.3506685e-01
   2.2236972e-04
   0.0000000e+00
   0.0000000e+00
   0.0000000e+00
   0.0000000e+00
   3.9965066e-02
   4.3490874e-01
   2.9270284e-01
   1.5148012e-01
   5.5721270e-02
   2.9571295e-03
   3.7923692e-04
   1.2780305e-03
   1.3638399e-02
   8.2716725e-03
   2.1138143e-04
   5.9802498e-03
   3.8983932e-02
   8.9766234e-02
   3.0686454e-02
   4.2542506e-05
   0.0000000e+00
   0.0000000e+00
   0.0000000e+00
   0.0000000e+00
   9.4715858e-03
   1.0251516e-01
   6.2788812e-02
   1.4084308e-03
   1.8715115e-04
   2.9570913e-07
   0.0000000e+00
   0.0000000e+00
   0.0000000e+00
   0.0000000e+00
   0.0000000e+00
   0.0000000e+00
   0.0000000e+00
   0.0000000e+00
   0.0000000e+00
   0.0000000e+00
   0.0000000e+00
   0.0000000e+00
   0.0000000e+00
   0.0000000e+00
   0.0000000e+00
   0.0000000e+00
   0.0000000e+00
   0.0000000e+00
   0.0000000e+00
   0.0000000e+00
   0.0000000e+00
   0.0000000e+00
   0.0000000e+00
   0.0000000e+00
   0.0000000e+00
   0.0000000e+00
   0.0000000e+00
   0.0000000e+00
   0.0000000e+00
   0.0000000e+00
   0.0000000e+00
   0.0000000e+00
   0.0000000e+00
   0.0000000e+00
   0.0000000e+00
   0.0000000e+00
   0.0000000e+00
   0.0000000e+00
   0.0000000e+00
   0.0000000e+00
   0.0000000e+00
   0.0000000e+00
   0.0000000e+00
   0.0000000e+00
   0.0000000e+00
   0.0000000e+00
   0.0000000e+00
   0.0000000e+00
   0.0000000e+00
   0.0000000e+00
   0.0000000e+00
   0.0000000e+00
   0.0000000e+00
   0.0000000e+00
   0.0000000e+00
   0.0000000e+00
   0.0000000e+00
   0.0000000e+00
   0.0000000e+00
   0.0000000e+00
   0.0000000e+00
   0.0000000e+00
   0.0000000e+00
   0.0000000e+00
   0.0000000e+00
   0.0000000e+00
   0.0000000e+00
   0.0000000e+00
   0.0000000e+00
   0.0000000e+00
   0.0000000e+00
   0.0000000e+00
   0.0000000e+00
   0.0000000e+00
   0.0000000e+00
   0.0000000e+00
   0.0000000e+00
   0.0000000e+00
   0.0000000e+00
   0.0000000e+00
   0.0000000e+00
   0.0000000e+00
   0.0000000e+00
   0.0000000e+00
   0.0000000e+00
   0.0000000e+00
   0.0000000e+00
   0.0000000e+00
   0.0000000e+00
   0.0000000e+00
   0.0000000e+00
   0.0000000e+00
   0.0000000e+00
   0.0000000e+00
   0.0000000e+00
   0.0000000e+00
   0.0000000e+00
   0.0000000e+00
   0.0000000e+00
   0.0000000e+00
   0.0000000e+00
   0.0000000e+00
   0.0000000e+00
   0.0000000e+00
   0.0000000e+00
   0.0000000e+00
   0.0000000e+00
   0.0000000e+00
   0.0000000e+00
   0.0000000e+00
   0.0000000e+00
   0.0000000e+00
   0.0000000e+00
   0.0000000e+00
   0.0000000e+00
   0.0000000e+00
   0.0000000e+00
   0.0000000e+00
   0.0000000e+00
   0.0000000e+00
   0.0000000e+00
   0.0000000e+00
   0.0000000e+00
   0.0000000e+00
   0.0000000e+00
   0.0000000e+00
   0.0000000e+00
   0.0000000e+00
   0.0000000e+00
   0.0000000e+00
   0.0000000e+00
   0.0000000e+00
   0.0000000e+00
   0.0000000e+00
   0.0000000e+00
   0.0000000e+00
   0.0000000e+00
   0.0000000e+00
   0.0000000e+00
   0.0000000e+00
   0.0000000e+00
   0.0000000e+00
   0.0000000e+00
   0.0000000e+00
   0.0000000e+00
   0.0000000e+00
   0.0000000e+00
   0.0000000e+00
   0.0000000e+00
   0.0000000e+00
   0.0000000e+00
   0.0000000e+00
   0.0000000e+00
   0.0000000e+00
   0.0000000e+00
   0.0000000e+00
   0.0000000e+00
   0.0000000e+00
   0.0000000e+00
   0.0000000e+00
   0.0000000e+00
   0.0000000e+00
   0.0000000e+00
   0.0000000e+00
   0.0000000e+00
   0.0000000e+00
   0.0000000e+00
   0.0000000e+00
   0.0000000e+00
   0.0000000e+00
   0.0000000e+00
   0.0000000e+00
   0.0000000e+00
   0.0000000e+00
   0.0000000e+00
   0.0000000e+00
   0.0000000e+00
   0.0000000e+00
   0.0000000e+00
   0.0000000e+00
   0.0000000e+00
   0.0000000e+00
   0.0000000e+00
   0.0000000e+00
   0.0000000e+00
   0.0000000e+00
   0.0000000e+00
   0.0000000e+00
   0.0000000e+00
   0.0000000e+00
   0.0000000e+00
   0.0000000e+00
   0.0000000e+00
   0.0000000e+00
   0.0000000e+00
   0.0000000e+00
   0.0000000e+00
   0.0000000e+00
   0.0000000e+00
   0.0000000e+00
   0.0000000e+00
   0.0000000e+00
   0.0000000e+00
   0.0000000e+00
   0.0000000e+00
   0.0000000e+00
   0.0000000e+00
   0.0000000e+00
   0.0000000e+00
   0.0000000e+00
   0.0000000e+00
   0.0000000e+00
   0.0000000e+00
   0.0000000e+00
   0.0000000e+00
   0.0000000e+00
   0.0000000e+00
   0.0000000e+00
   0.0000000e+00
   0.0000000e+00
   0.0000000e+00
   0.0000000e+00
   0.0000000e+00
   0.0000000e+00
   0.0000000e+00
   0.0000000e+00
   0.0000000e+00
   0.0000000e+00
   0.0000000e+00
   0.0000000e+00
   0.0000000e+00
   0.0000000e+00
   0.0000000e+00
   0.0000000e+00
   0.0000000e+00
   0.0000000e+00
   0.0000000e+00
   0.0000000e+00
   0.0000000e+00
   0.0000000e+00
   0.0000000e+00
   0.0000000e+00
   0.0000000e+00
   0.0000000e+00
   0.0000000e+00
   0.0000000e+00
   0.0000000e+00
   0.0000000e+00
   0.0000000e+00
   0.0000000e+00
   0.0000000e+00
   0.0000000e+00
