   9.1827550e-03
   1.3488931e-03
  -5.7707388e-05
   1.0074791e-03
  -3.3354713e-03
   1.2758629e-03
  -1.9679378e-03
   7.0451863e-03
  -2.4811406e-03
  -3.4206222e-03
   3.2725053e-03
   2.8635984e-03
  -1.7528130e-03
   1.4509932e-03
  -8.3660864e-04
  -3.6463710e-03
  -2.0678579e-03
   3.5682193e-04
   1.1808601e-04
  -9.8811892e-04
   7.6634389e-03
   1.4269701e-02
   2.2926660e-02
   1.5805754e-02
   2.2859811e-02
   2.0871088e-02
   1.1170884e-02
   1.3182221e-02
   2.0839989e-02
   2.5547509e-02
   1.2219706e-02
   1.8381552e-02
   9.7208783e-03
   1.9148365e-02
   2.5299551e-02
   1.3871715e-02
   3.4753534e-02
   7.4255023e-03
   2.9534563e-02
   3.9177217e-03
   5.4133371e-02
   4.5338053e-02
   6.6705307e-02
   6.1889244e-02
   5.6540155e-02
   5.1382859e-02
   9.0402140e-02
   6.4041153e-02
   5.9519372e-02
   4.3943670e-02
   7.2259455e-02
   6.0256316e-02
   7.5700526e-02
   5.9657054e-02
   5.0657009e-02
   6.4672560e-02
   4.7222643e-02
   5.9256722e-02
   6.6449350e-02
   1.9710525e-03
   1.1993630e-01
   1.4669806e-01
   9.3890832e-02
   1.1575127e-01
   1.1837557e-01
   1.3126739e-01
   7.8007830e-02
   9.9877693e-02
   1.2407947e-01
   1.3951696e-01
   1.0155008e-01
   1.1015519e-01
   9.1817780e-02
   1.1823218e-01
   1.2716804e-01
   1.1287246e-01
   1.2319957e-01
   1.5900949e-01
   5.1021125e-02
   4.6527700e-04
   8.1536260e-02
   2.2906281e-01
   1.9787042e-01
   2.2219887e-01
   1.3801982e-01
   1.9765073e-01
   2.1515746e-01
   2.2727176e-01
   1.7424782e-01
   1.3848753e-01
   1.9800549e-01
   2.3134100e-01
   2.3862451e-01
   2.0717326e-01
   1.1963149e-01
   2.0695593e-01
   1.5865468e-01
   4.8534875e-02
   5.1690145e-03
   3.0464436e-06
   8.4850767e-03
   2.5858393e-02
   2.9442758e-02
   3.4277141e-02
   7.7986763e-03
   4.2557733e-02
   1.9059010e-01
   1.6458773e-01
   2.2376152e-01
   3.7448681e-01
   1.6080087e-01
   8.4533413e-02
   6.9967171e-02
   6.5512354e-02
   2.7368381e-01
   2.8542324e-01
   1.8818940e-02
   3.2501697e-04
   0.0000000e+00
   0.0000000e+00
   0.0000000e+00
   0.0000000e+00
   0.0000000e+00
   0.0000000e+00
   2.4397179e-07
   1.1778740e-04
   2.5611218e-03
   4.8371974e-03
   6.0665804e-02
   1.5463998e-01
   5.3632604e-02
   3.4650760e-04
   2.9138105e-06
   1.7287428e-03
   3.8500779e-02
   3.7753896e-02
   1.5795638e-03
   0.0000000e+00
   0.0000000e+00
   0.0000000e+00
   0.0000000e+00
   0.0000000e+00
   0.0000000e+00
   0.0000000e+00
   0.0000000e+00
   0.0000000e+00
   0.0000000e+00
   8.3049092e-08
   1.6756258e-05
   1.2395218e-04
   5.9796087e-05
   4.0581022e-07
   0.0000000e+00
   0.0000000e+00
   0.0000000e+00
   0.0000000e+00
   0.0000000e+00
   0.0000000e+00
   0.0000000e+00
   0.0000000e+00
   0.0000000e+00
   0.0000000e+00
   0.0000000e+00
   0.0000000e+00
   0.0000000e+00
   0.0000000e+00
   0.0000000e+00
   0.0000000e+00
   0.0000000e+00
   0.0000000e+00
   0.0000000e+00
   0.0000000e+00
   0.0000000e+00
   0.0000000e+00
   0.0000000e+00
   0.0000000e+00
   0.0000000e+00
   0.0000000e+00
   0.0000000e+00
   0.0000000e+00
   0.0000000e+00
   0.0000000e+00
   0.0000000e+00
   0.0000000e+00
   0.0000000e+00
   0.0000000e+00
   0.0000000e+00
   0.0000000e+00
   0.0000000e+00
   0.0000000e+00
   0.0000000e+00
   0.0000000e+00
   0.0000000e+00
   0.0000000e+00
   0.0000000e+00
   0.0000000e+00
   0.0000000e+00
   0.0000000e+00
   0.0000000e+00
   0.0000000e+00
   0.0000000e+00
   0.0000000e+00
   0.0000000e+00
   0.0000000e+00
   0.0000000e+00
   0.0000000e+00
   0.0000000e+00
   0.0000000e+00
   0.0000000e+00
   0.0000000e+00
   0.0000000e+00
   0.0000000e+00
   0.0000000e+00
   0.0000000e+00
   0.0000000e+00
   0.0000000e+00
   0.0000000e+00
   0.0000000e+00
   0.0000000e+00
   0.0000000e+00
   0.0000000e+00
   0.0000000e+00
   0.0000000e+00
   0.0000000e+00
   0.0000000e+00
   0.0000000e+00
   0.0000000e+00
   0.0000000e+00
   0.0000000e+00
   0.0000000e+00
   0.0000000e+00
   0.0000000e+00
   0.0000000e+00
   0.0000000e+00
   0.0000000e+00
   0.0000000e+00
   0.0000000e+00
   0.0000000e+00
   0.0000000e+00
   0.0000000e+00
   0.0000000e+00
   0.0000000e+00
   0.0000000e+00
   0.0000000e+00
   0.0000000e+00
   0.0000000e+00
   0.0000000e+00
   0.0000000e+00
   0.0000000e+00
   0.0000000e+00
   0.0000000e+00
   0.0000000e+00
   0.0000000e+00
   0.0000000e+00
   0.0000000e+00
   0.0000000e+00
   0.0000000e+00
   0.0000000e+00
   0.0000000e+00
   0.0000000e+00
   0.0000000e+00
   0.0000000e+00
   0.0000000e+00
   0.0000000e+00
   0.0000000e+00
   0.0000000e+00
   0.0000000e+00
   0.0000000e+00
   0.0000000e+00
   0.0000000e+00
   0.0000000e+00
   0.0000000e+00
   0.0000000e+00
   0.0000000e+00
   0.0000000e+00
   0.0000000e+00
   0.0000000e+00
   0.0000000e+00
   0.0000000e+00
   0.0000000e+00
   0.0000000e+00
   0.0000000e+00
   0.0000000e+00
   0.0000000e+00
   0.0000000e+00
   0.0000000e+00
   0.0000000e+00
   0.0000000e+00
   0.0000000e+00
   0.0000000e+00
   0.0000000e+00
   0.0000000e+00
   0.0000000e+00
   0.0000000e+00
   0.0000000e+00
   0.0000000e+00
   0.0000000e+00
   0.0000000e+00
   0.0000000e+00
   0.0000000e+00
   0.0000000e+00
   0.0000000e+00
   0.0000000e+00
   0.0000000e+00
   0.0000000e+00
   0.0000000e+00
   0.0000000e+00
   0.0000000e+00
   0.0000000e+00
   0.0000000e+00
   0.0000000e+00
   0.0000000e+00
   0.0000000e+00
   0.0000000e+00
   0.0000000e+00
   0.0000000e+00
   0.0000000e+00
   0.0000000e+00
   0.0000000e+00
   0.0000000e+00
   0.0000000e+00
   0.0000000e+00
   0.0000000e+00
   0.0000000e+00
   0.0000000e+00
   0.0000000e+00
   0.0000000e+00
   0.0000000e+00
   0.0000000e+00
   0.0000000e+00
   0.0000000e+00
   0.0000000e+00
   0.0000000e+00
   0.0000000e+00
   0.0000000e+00
   0.0000000e+00
   0.0000000e+00
   0.0000000e+00
   0.0000000e+00
   0.0000000e+00
   0.0000000e+00
   0.0000000e+00
   0.0000000e+00
   0.0000000e+00
   0.0000000e+00
   0.0000000e+00
   0.0000000e+00
   0.0000000e+00
   0.0000000e+00
   0.0000000e+00
   0.0000000e+00
   0.0000000e+00
   0.0000000e+00
   0.0000000e+00
   0.0000000e+00
   0.0000000e+00
   0.0000000e+00
   0.0000000e+00
   0.0000000e+00
   0.0000000e+00
   0.0000000e+00
   0.0000000e+00
   0.0000000e+00
   0.0000000e+00
   0.0000000e+00
   0.0000000e+00
   0.0000000e+00
   0.0000000e+00
   0.0000000e+00
   0.0000000e+00
   0.0000000e+00
   0.0000000e+00
   0.0000000e+00
   0.0000000e+00
   0.0000000e+00
   0.0000000e+00
   0.0000000e+00
   0.0000000e+00
   0.0000000e+00
   0.0000000e+00
   0.0000000e+00
   0.0000000e+00
   0.0000000e+00
   0.0000000e+00
   0.0000000e+00
   0.0000000e+00
   0.0000000e+00
   0.0000000e+00
   0.0000000e+00
   0.0000000e+00
   0.0000000e+00
   0.0000000e+00
   0.0000000e+00
   0.0000000e+00
   0.0000000e+00
   0.0000000e+00
   0.0000000e+00
   0.0000000e+00
   0.0000000e+00
   0.0000000e+00
