   2.2984504e-05
  -1.4023380e-03
   3.3971550e-03
  -3.0163210e-03
   4.6062978e-03
   1.8794307e-02
   1.8245054e-03
  -1.5552760e-03
   8.2308539e-03
  -4.7046934e-03
   4.9504190e-04
   4.9859740e-03
  -4.1290581e-03
   1.9274369e-03
  -1.5216898e-03
   1.6611626e-03
  -7.7882851e-03
  -1.3012549e-03
   5.0526614e-03
   3.9668921e-03
   6.3960634e-03
   1.8246117e-02
   1.3886530e-02
   2.3735702e-02
   1.5641705e-02
   8.0542323e-03
   1.5476134e-02
   1.5826933e-02
   1.6263100e-02
   1.5770808e-02
   1.4465418e-02
   1.5239564e-02
   2.1215584e-02
   1.6455817e-02
   2.3473605e-02
   1.5454421e-02
   2.8026950e-02
   1.9764288e-02
   1.7414361e-02
   2.2165830e-03
   4.4436955e-02
   6.6023018e-02
   6.5465763e-02
   5.4397227e-02
   5.9656412e-02
   7.3499341e-02
   6.2836406e-02
   6.9739271e-02
   5.9262105e-02
   6.5454088e-02
   6.8887709e-02
   6.4109039e-02
   5.7851117e-02
   6.2087492e-02
   5.4527822e-02
   6.2323958e-02
   5.3120720e-02
   4.9183139e-02
   8.0078571e-02
   2.0487765e-03
   1.3612908e-01
   1.0379997e-01
   1.0947136e-01
   1.2347462e-01
   1.1872404e-01
   9.4435435e-02
   1.1654294e-01
   9.6651359e-02
   1.1938370e-01
   1.0736974e-01
   9.9806917e-02
   1.1115576e-01
   1.1587777e-01
   1.1682161e-01
   1.1945368e-01
   1.1892814e-01
   1.1371954e-01
   1.5196122e-01
   6.3461844e-02
   1.0427720e-03
   1.7500484e-01
   2.2220390e-01
   1.9025960e-01
   1.5759319e-01
   1.7243077e-01
   2.4589188e-01
   1.6804558e-01
   2.4783959e-01
   1.7556521e-01
   2.0034074e-01
   2.3932027e-01
   1.7800150e-01
   1.9769610e-01
   1.6197491e-01
   1.8138959e-01
   1.6313382e-01
   2.0445502e-01
   8.2652051e-02
   5.8703698e-03
   1.1446690e-05
   1.8412292e-02
   7.4046566e-02
   1.7835460e-01
   3.4067174e-01
   1.4706365e-01
   1.5781493e-01
   1.0993335e-01
   1.4783281e-01
   1.3678822e-01
   1.9871215e-01
   2.1614215e-01
   1.1993395e-01
   1.3761767e-01
   3.1110025e-01
   2.4965860e-01
   2.3502475e-01
   2.8934058e-01
   5.4363222e-02
   6.5613102e-07
   0.0000000e+00
   6.4014522e-07
   7.5666495e-05
   1.5170346e-02
   5.3773903e-02
   1.2471904e-02
   9.4434962e-04
   1.1865297e-04
   7.5202932e-03
   3.1620751e-01
   4.3213986e-01
   3.4664859e-02
   1.8247166e-03
   1.0361853e-02
   2.8100810e-02
   1.3800821e-02
   1.5338190e-02
   2.3913063e-02
   4.2326172e-03
   0.0000000e+00
   0.0000000e+00
   0.0000000e+00
   0.0000000e+00
   0.0000000e+00
   0.0000000e+00
   0.0000000e+00
   0.0000000e+00
   0.0000000e+00
   4.9032217e-03
   2.1415340e-01
   2.9262441e-01
   2.1078073e-02
   0.0000000e+00
   0.0000000e+00
   0.0000000e+00
   0.0000000e+00
   0.0000000e+00
   0.0000000e+00
   0.0000000e+00
   0.0000000e+00
   0.0000000e+00
   0.0000000e+00
   0.0000000e+00
   0.0000000e+00
   0.0000000e+00
   0.0000000e+00
   0.0000000e+00
   0.0000000e+00
   7.2540310e-05
   3.1711544e-03
   4.3349476e-03
   3.1245301e-04
   0.0000000e+00
   0.0000000e+00
   0.0000000e+00
   0.0000000e+00
   0.0000000e+00
   0.0000000e+00
   0.0000000e+00
   0.0000000e+00
   0.0000000e+00
   0.0000000e+00
   0.0000000e+00
   0.0000000e+00
   0.0000000e+00
   0.0000000e+00
   0.0000000e+00
   0.0000000e+00
   0.0000000e+00
   0.0000000e+00
   0.0000000e+00
   0.0000000e+00
   0.0000000e+00
   0.0000000e+00
   0.0000000e+00
   0.0000000e+00
   0.0000000e+00
   0.0000000e+00
   0.0000000e+00
   0.0000000e+00
   0.0000000e+00
   0.0000000e+00
   0.0000000e+00
   0.0000000e+00
   0.0000000e+00
   0.0000000e+00
   0.0000000e+00
   0.0000000e+00
   0.0000000e+00
   0.0000000e+00
   0.0000000e+00
   0.0000000e+00
   0.0000000e+00
   0.0000000e+00
   0.0000000e+00
   0.0000000e+00
   0.0000000e+00
   0.0000000e+00
   0.0000000e+00
   0.0000000e+00
   0.0000000e+00
   0.0000000e+00
   0.0000000e+00
   0.0000000e+00
   0.0000000e+00
   0.0000000e+00
   0.0000000e+00
   0.0000000e+00
   0.0000000e+00
   0.0000000e+00
   0.0000000e+00
   0.0000000e+00
   0.0000000e+00
   0.0000000e+00
   0.0000000e+00
   0.0000000e+00
   0.0000000e+00
   0.0000000e+00
   0.0000000e+00
   0.0000000e+00
   0.0000000e+00
   0.0000000e+00
   0.0000000e+00
   0.0000000e+00
   0.0000000e+00
   0.0000000e+00
   0.0000000e+00
   0.0000000e+00
   0.0000000e+00
   0.0000000e+00
   0.0000000e+00
   0.0000000e+00
   0.0000000e+00
   0.0000000e+00
   0.0000000e+00
   0.0000000e+00
   0.0000000e+00
   0.0000000e+00
   0.0000000e+00
   0.0000000e+00
   0.0000000e+00
   0.0000000e+00
   0.0000000e+00
   0.0000000e+00
   0.0000000e+00
   0.0000000e+00
   0.0000000e+00
   0.0000000e+00
   0.0000000e+00
   0.0000000e+00
   0.0000000e+00
   0.0000000e+00
   0.0000000e+00
   0.0000000e+00
   0.0000000e+00
   0.0000000e+00
   0.0000000e+00
   0.0000000e+00
   0.0000000e+00
   0.0000000e+00
   0.0000000e+00
   0.0000000e+00
   0.0000000e+00
   0.0000000e+00
   0.0000000e+00
   0.0000000e+00
   0.0000000e+00
   0.0000000e+00
   0.0000000e+00
   0.0000000e+00
   0.0000000e+00
   0.0000000e+00
   0.0000000e+00
   0.0000000e+00
   0.0000000e+00
   0.0000000e+00
   0.0000000e+00
   0.0000000e+00
   0.0000000e+00
   0.0000000e+00
   0.0000000e+00
   0.0000000e+00
   0.0000000e+00
   0.0000000e+00
   0.0000000e+00
   0.0000000e+00
   0.0000000e+00
   0.0000000e+00
   0.0000000e+00
   0.0000000e+00
   0.0000000e+00
   0.0000000e+00
   0.0000000e+00
   0.0000000e+00
   0.0000000e+00
   0.0000000e+00
   0.0000000e+00
   0.0000000e+00
   0.0000000e+00
   0.0000000e+00
   0.0000000e+00
   0.0000000e+00
   0.0000000e+00
   0.0000000e+00
   0.0000000e+00
   0.0000000e+00
   0.0000000e+00
   0.0000000e+00
   0.0000000e+00
   0.0000000e+00
   0.0000000e+00
   0.0000000e+00
   0.0000000e+00
   0.0000000e+00
   0.0000000e+00
   0.0000000e+00
   0.0000000e+00
   0.0000000e+00
   0.0000000e+00
   0.0000000e+00
   0.0000000e+00
   0.0000000e+00
   0.0000000e+00
   0.0000000e+00
   0.0000000e+00
   0.0000000e+00
   0.0000000e+00
   0.0000000e+00
   0.0000000e+00
   0.0000000e+00
   0.0000000e+00
   0.0000000e+00
   0.0000000e+00
   0.0000000e+00
   0.0000000e+00
   0.0000000e+00
   0.0000000e+00
   0.0000000e+00
   0.0000000e+00
   0.0000000e+00
   0.0000000e+00
   0.0000000e+00
   0.0000000e+00
   0.0000000e+00
   0.0000000e+00
   0.0000000e+00
   0.0000000e+00
   0.0000000e+00
   0.0000000e+00
   0.0000000e+00
   0.0000000e+00
   0.0000000e+00
   0.0000000e+00
   0.0000000e+00
   0.0000000e+00
   0.0000000e+00
   0.0000000e+00
   0.0000000e+00
   0.0000000e+00
   0.0000000e+00
   0.0000000e+00
   0.0000000e+00
   0.0000000e+00
   0.0000000e+00
   0.0000000e+00
   0.0000000e+00
   0.0000000e+00
   0.0000000e+00
   0.0000000e+00
   0.0000000e+00
   0.0000000e+00
   0.0000000e+00
   0.0000000e+00
   0.0000000e+00
   0.0000000e+00
   0.0000000e+00
   0.0000000e+00
   0.0000000e+00
   0.0000000e+00
   0.0000000e+00
   0.0000000e+00
