   4.2294311e-03
  -1.7092254e-03
  -2.0528281e-03
   4.3457909e-03
  -1.6837788e-03
   3.6478329e-04
  -7.2201943e-04
   3.6676357e-03
   8.5208914e-03
  -1.0855745e-03
  -8.0847189e-04
   2.8059397e-03
  -6.4233636e-04
   3.6971893e-03
  -1.8170710e-03
   2.2237273e-03
  -1.8427699e-03
   4.3220270e-04
   1.4786246e-03
   3.2267679e-06
   1.3389294e-02
   2.4832283e-02
   1.5180742e-02
   1.1094283e-02
   1.7427830e-02
   2.3214987e-02
   1.5496624e-02
   1.1310949e-02
   1.9901920e-02
   1.3469166e-02
   2.0390693e-02
   1.5785167e-02
   1.6736241e-02
   9.3032464e-03
   2.3847392e-02
   1.4175017e-02
   2.5355653e-02
   2.1136596e-02
   1.2516886e-02
   5.8707516e-04
   5.9579390e-02
   5.5354181e-02
   6.1647488e-02
   6.8550894e-02
   7.2920843e-02
   4.9614531e-02
   6.6682048e-02
   7.1026158e-02
   5.9491896e-02
   6.0612505e-02
   6.7698693e-02
   6.2215755e-02
   6.5504342e-02
   7.0037193e-02
   5.6082788e-02
   6.2858893e-02
   5.6383826e-02
   4.2181174e-02
   9.3195307e-02
   4.9957221e-03
   1.3642605e-01
   1.1625715e-01
   1.1846301e-01
   9.8096363e-02
   1.0329584e-01
   1.2740232e-01
   1.1043055e-01
   1.0697049e-01
   1.1610260e-01
   1.1531047e-01
   1.0224306e-01
   1.0790331e-01
   1.1150102e-01
   1.0542853e-01
   1.1844916e-01
   1.1396688e-01
   1.1942823e-01
   1.3721538e-01
   8.7486158e-02
   3.6949181e-03
   3.1318645e-02
   1.9964940e-01
   1.7748858e-01
   2.0543613e-01
   2.3438132e-01
   1.4907926e-01
   1.8771661e-01
   2.0174058e-01
   1.9332136e-01
   1.9786027e-01
   2.1891830e-01
   2.4427312e-01
   1.7957513e-01
   1.8658222e-01
   1.8871626e-01
   1.7894697e-01
   1.7213893e-01
   1.5522956e-01
   1.0724463e-02
   7.8934900e-05
   1.9039653e-02
   2.9788340e-01
   2.4020470e-01
   9.4892237e-02
   6.9477111e-02
   2.1861622e-02
   1.7257727e-01
   2.8250336e-01
   2.4183096e-01
   6.1172916e-02
   5.5870337e-02
   9.6839227e-02
   1.8087494e-01
   2.8577758e-01
   5.8349468e-02
   2.4413606e-01
   3.2398951e-01
   3.1464075e-02
   2.7434913e-04
   0.0000000e+00
   1.7583097e-03
   2.7509368e-02
   2.1944891e-02
   2.8433083e-03
   7.5265431e-07
   2.1055322e-04
   3.8065354e-03
   2.0076470e-02
   2.6097269e-02
   2.1714200e-03
   6.6228367e-05
   2.7127049e-04
   6.0344707e-03
   1.0517229e-02
   1.7517418e-03
   3.9219167e-02
   5.9662059e-02
   5.0026495e-03
   0.0000000e+00
   0.0000000e+00
   0.0000000e+00
   0.0000000e+00
   0.0000000e+00
   0.0000000e+00
   0.0000000e+00
   0.0000000e+00
   0.0000000e+00
   0.0000000e+00
   0.0000000e+00
   0.0000000e+00
   0.0000000e+00
   0.0000000e+00
   0.0000000e+00
   0.0000000e+00
   0.0000000e+00
   0.0000000e+00
   0.0000000e+00
   0.0000000e+00
   0.0000000e+00
   0.0000000e+00
   0.0000000e+00
   0.0000000e+00
   0.0000000e+00
   0.0000000e+00
   0.0000000e+00
   0.0000000e+00
   0.0000000e+00
   0.0000000e+00
   0.0000000e+00
   0.0000000e+00
   0.0000000e+00
   0.0000000e+00
   0.0000000e+00
   0.0000000e+00
   0.0000000e+00
   0.0000000e+00
   0.0000000e+00
   0.0000000e+00
   0.0000000e+00
   0.0000000e+00
   0.0000000e+00
   0.0000000e+00
   0.0000000e+00
   0.0000000e+00
   0.0000000e+00
   0.0000000e+00
   0.0000000e+00
   0.0000000e+00
   0.0000000e+00
   0.0000000e+00
   0.0000000e+00
   0.0000000e+00
   0.0000000e+00
   0.0000000e+00
   0.0000000e+00
   0.0000000e+00
   0.0000000e+00
   0.0000000e+00
   0.0000000e+00
   0.0000000e+00
   0.0000000e+00
   0.0000000e+00
   0.0000000e+00
   0.0000000e+00
   0.0000000e+00
   0.0000000e+00
   0.0000000e+00
   0.0000000e+00
   0.0000000e+00
   0.0000000e+00
   0.0000000e+00
   0.0000000e+00
   0.0000000e+00
   0.0000000e+00
   0.0000000e+00
   0.0000000e+00
   0.0000000e+00
   0.0000000e+00
   0.0000000e+00
   0.0000000e+00
   0.0000000e+00
   0.0000000e+00
   0.0000000e+00
   0.0000000e+00
   0.0000000e+00
   0.0000000e+00
   0.0000000e+00
   0.0000000e+00
   0.0000000e+00
   0.0000000e+00
   0.0000000e+00
   0.0000000e+00
   0.0000000e+00
   0.0000000e+00
   0.0000000e+00
   0.0000000e+00
   0.0000000e+00
   0.0000000e+00
   0.0000000e+00
   0.0000000e+00
   0.0000000e+00
   0.0000000e+00
   0.0000000e+00
   0.0000000e+00
   0.0000000e+00
   0.0000000e+00
   0.0000000e+00
   0.0000000e+00
   0.0000000e+00
   0.0000000e+00
   0.0000000e+00
   0.0000000e+00
   0.0000000e+00
   0.0000000e+00
   0.0000000e+00
   0.0000000e+00
   0.0000000e+00
   0.0000000e+00
   0.0000000e+00
   0.0000000e+00
   0.0000000e+00
   0.0000000e+00
   0.0000000e+00
   0.0000000e+00
   0.0000000e+00
   0.0000000e+00
   0.0000000e+00
   0.0000000e+00
   0.0000000e+00
   0.0000000e+00
   0.0000000e+00
   0.0000000e+00
   0.0000000e+00
   0.0000000e+00
   0.0000000e+00
   0.0000000e+00
   0.0000000e+00
   0.0000000e+00
   0.0000000e+00
   0.0000000e+00
   0.0000000e+00
   0.0000000e+00
   0.0000000e+00
   0.0000000e+00
   0.0000000e+00
   0.0000000e+00
   0.0000000e+00
   0.0000000e+00
   0.0000000e+00
   0.0000000e+00
   0.0000000e+00
   0.0000000e+00
   0.0000000e+00
   0.0000000e+00
   0.0000000e+00
   0.0000000e+00
   0.0000000e+00
   0.0000000e+00
   0.0000000e+00
   0.0000000e+00
   0.0000000e+00
   0.0000000e+00
   0.0000000e+00
   0.0000000e+00
   0.0000000e+00
   0.0000000e+00
   0.0000000e+00
   0.0000000e+00
   0.0000000e+00
   0.0000000e+00
   0.0000000e+00
   0.0000000e+00
   0.0000000e+00
   0.0000000e+00
   0.0000000e+00
   0.0000000e+00
   0.0000000e+00
   0.0000000e+00
   0.0000000e+00
   0.0000000e+00
   0.0000000e+00
   0.0000000e+00
   0.0000000e+00
   0.0000000e+00
   0.0000000e+00
   0.0000000e+00
   0.0000000e+00
   0.0000000e+00
   0.0000000e+00
   0.0000000e+00
   0.0000000e+00
   0.0000000e+00
   0.0000000e+00
   0.0000000e+00
   0.0000000e+00
   0.0000000e+00
   0.0000000e+00
   0.0000000e+00
   0.0000000e+00
   0.0000000e+00
   0.0000000e+00
   0.0000000e+00
   0.0000000e+00
   0.0000000e+00
   0.0000000e+00
   0.0000000e+00
   0.0000000e+00
   0.0000000e+00
   0.0000000e+00
   0.0000000e+00
   0.0000000e+00
   0.0000000e+00
   0.0000000e+00
   0.0000000e+00
   0.0000000e+00
   0.0000000e+00
   0.0000000e+00
   0.0000000e+00
   0.0000000e+00
   0.0000000e+00
   0.0000000e+00
   0.0000000e+00
   0.0000000e+00
   0.0000000e+00
   0.0000000e+00
   0.0000000e+00
   0.0000000e+00
   0.0000000e+00
   0.0000000e+00
   0.0000000e+00
   0.0000000e+00
   0.0000000e+00
   0.0000000e+00
   0.0000000e+00
   0.0000000e+00
   0.0000000e+00
   0.0000000e+00
   0.0000000e+00
   0.0000000e+00
   0.0000000e+00
   0.0000000e+00
   0.0000000e+00
   0.0000000e+00
   0.0000000e+00
   0.0000000e+00
   0.0000000e+00
   0.0000000e+00
   0.0000000e+00
   0.0000000e+00
   0.0000000e+00
   0.0000000e+00
   0.0000000e+00
   0.0000000e+00
   0.0000000e+00
   0.0000000e+00
   0.0000000e+00
   0.0000000e+00
   0.0000000e+00
   0.0000000e+00
   0.0000000e+00
