   6.9462517e-03
   4.5143706e-03
   1.0367958e-02
  -1.3860629e-03
   3.4493409e-02
  -9.5211679e-04
   1.8058551e-03
   8.0722118e-04
   2.6218408e-03
   1.0707237e-02
   8.0583487e-03
   4.6256335e-03
   8.5310544e-03
  -5.1660329e-03
   1.2800105e-02
   2.3107364e-03
   4.6070976e-03
  -8.8288980e-03
  -2.1577662e-02
  -9.5466294e-04
   1.8931989e-02
   6.5943360e-03
   2.5992959e-02
  -1.7461186e-03
  -7.5737314e-03
   1.9432923e-02
   1.5086773e-02
   1.9600525e-02
   1.7719651e-02
   1.1271397e-02
   1.0647519e-02
   1.6749038e-02
   1.2600730e-02
   1.8710925e-02
   1.2845728e-02
   1.2330018e-02
   1.8729207e-02
   2.8795347e-02
   2.9211615e-02
   1.2310542e-02
   6.5988829e-02
   8.5031971e-02
   4.0710943e-02
   8.9198787e-02
   8.1535354e-02
   5.9836424e-02
   6.6729878e-02
   5.7488356e-02
   6.2411451e-02
   7.4678651e-02
   7.0122899e-02
   6.3917500e-02
   6.9663648e-02
   6.4886542e-02
   6.0012101e-02
   7.0011575e-02
   6.2011302e-02
   3.2633707e-02
   6.8876710e-02
   1.3117684e-02
   3.1880063e-02
   8.3827683e-02
   1.6083796e-01
   5.0306249e-02
   9.1268804e-02
   1.1400553e-01
   1.0585442e-01
   1.1855183e-01
   1.1568081e-01
   6.2922823e-02
   1.2935626e-01
   9.6397664e-02
   1.0784355e-01
   9.8526140e-02
   1.2612681e-01
   9.5051542e-02
   1.1172914e-01
   1.7402311e-01
   6.8436143e-02
   1.8661406e-03
   4.9813622e-05
   6.7288260e-02
   2.2756668e-01
   2.0941196e-01
   2.4219655e-01
   2.0198071e-01
   2.4828013e-01
   2.0309752e-01
   1.4841025e-01
   2.5875361e-01
   1.5805834e-01
   2.4363939e-01
   1.8465582e-01
   2.1455955e-01
   1.4709034e-01
   2.5245676e-01
   1.8050408e-01
   3.7472643e-02
   1.2555766e-02
   0.0000000e+00
   0.0000000e+00
   9.7836930e-03
   5.7817502e-02
   1.6224168e-01
   2.1617652e-01
   1.5040188e-01
   2.2249316e-01
   1.5996662e-01
   3.0681598e-02
   6.9457145e-02
   3.4483921e-02
   3.7783713e-02
   3.0924162e-02
   1.3524442e-01
   2.8752725e-01
   1.6287980e-01
   8.0181551e-02
   1.7433981e-03
   0.0000000e+00
   0.0000000e+00
   0.0000000e+00
   0.0000000e+00
   1.5281047e-04
   2.4032599e-03
   6.1624987e-03
   3.6384096e-03
   8.4356846e-03
   6.1044690e-03
   1.4332781e-04
   0.0000000e+00
   0.0000000e+00
   0.0000000e+00
   9.1841098e-08
   1.3533065e-03
   4.7781676e-03
   1.2262135e-03
   1.3540392e-04
   3.4117256e-06
   0.0000000e+00
   0.0000000e+00
   0.0000000e+00
   0.0000000e+00
   0.0000000e+00
   0.0000000e+00
   0.0000000e+00
   0.0000000e+00
   0.0000000e+00
   0.0000000e+00
   0.0000000e+00
   0.0000000e+00
   0.0000000e+00
   0.0000000e+00
   0.0000000e+00
   0.0000000e+00
   0.0000000e+00
   0.0000000e+00
   0.0000000e+00
   0.0000000e+00
   0.0000000e+00
   0.0000000e+00
   0.0000000e+00
   0.0000000e+00
   0.0000000e+00
   0.0000000e+00
   0.0000000e+00
   0.0000000e+00
   0.0000000e+00
   0.0000000e+00
   0.0000000e+00
   0.0000000e+00
   0.0000000e+00
   0.0000000e+00
   0.0000000e+00
   0.0000000e+00
   0.0000000e+00
   0.0000000e+00
   0.0000000e+00
   0.0000000e+00
   0.0000000e+00
   0.0000000e+00
   0.0000000e+00
   0.0000000e+00
   0.0000000e+00
   0.0000000e+00
   0.0000000e+00
   0.0000000e+00
   0.0000000e+00
   0.0000000e+00
   0.0000000e+00
   0.0000000e+00
   0.0000000e+00
   0.0000000e+00
   0.0000000e+00
   0.0000000e+00
   0.0000000e+00
   0.0000000e+00
   0.0000000e+00
   0.0000000e+00
   0.0000000e+00
   0.0000000e+00
   0.0000000e+00
   0.0000000e+00
   0.0000000e+00
   0.0000000e+00
   0.0000000e+00
   0.0000000e+00
   0.0000000e+00
   0.0000000e+00
   0.0000000e+00
   0.0000000e+00
   0.0000000e+00
   0.0000000e+00
   0.0000000e+00
   0.0000000e+00
   0.0000000e+00
   0.0000000e+00
   0.0000000e+00
   0.0000000e+00
   0.0000000e+00
   0.0000000e+00
   0.0000000e+00
   0.0000000e+00
   0.0000000e+00
   0.0000000e+00
   0.0000000e+00
   0.0000000e+00
   0.0000000e+00
   0.0000000e+00
   0.0000000e+00
   0.0000000e+00
   0.0000000e+00
   0.0000000e+00
   0.0000000e+00
   0.0000000e+00
   0.0000000e+00
   0.0000000e+00
   0.0000000e+00
   0.0000000e+00
   0.0000000e+00
   0.0000000e+00
   0.0000000e+00
   0.0000000e+00
   0.0000000e+00
   0.0000000e+00
   0.0000000e+00
   0.0000000e+00
   0.0000000e+00
   0.0000000e+00
   0.0000000e+00
   0.0000000e+00
   0.0000000e+00
   0.0000000e+00
   0.0000000e+00
   0.0000000e+00
   0.0000000e+00
   0.0000000e+00
   0.0000000e+00
   0.0000000e+00
   0.0000000e+00
   0.0000000e+00
   0.0000000e+00
   0.0000000e+00
   0.0000000e+00
   0.0000000e+00
   0.0000000e+00
   0.0000000e+00
   0.0000000e+00
   0.0000000e+00
   0.0000000e+00
   0.0000000e+00
   0.0000000e+00
   0.0000000e+00
   0.0000000e+00
   0.0000000e+00
   0.0000000e+00
   0.0000000e+00
   0.0000000e+00
   0.0000000e+00
   0.0000000e+00
   0.0000000e+00
   0.0000000e+00
   0.0000000e+00
   0.0000000e+00
   0.0000000e+00
   0.0000000e+00
   0.0000000e+00
   0.0000000e+00
   0.0000000e+00
   0.0000000e+00
   0.0000000e+00
   0.0000000e+00
   0.0000000e+00
   0.0000000e+00
   0.0000000e+00
   0.0000000e+00
   0.0000000e+00
   0.0000000e+00
   0.0000000e+00
   0.0000000e+00
   0.0000000e+00
   0.0000000e+00
   0.0000000e+00
   0.0000000e+00
   0.0000000e+00
   0.0000000e+00
   0.0000000e+00
   0.0000000e+00
   0.0000000e+00
   0.0000000e+00
   0.0000000e+00
   0.0000000e+00
   0.0000000e+00
   0.0000000e+00
   0.0000000e+00
   0.0000000e+00
   0.0000000e+00
   0.0000000e+00
   0.0000000e+00
   0.0000000e+00
   0.0000000e+00
   0.0000000e+00
   0.0000000e+00
   0.0000000e+00
   0.0000000e+00
   0.0000000e+00
   0.0000000e+00
   0.0000000e+00
   0.0000000e+00
   0.0000000e+00
   0.0000000e+00
   0.0000000e+00
   0.0000000e+00
   0.0000000e+00
   0.0000000e+00
   0.0000000e+00
   0.0000000e+00
   0.0000000e+00
   0.0000000e+00
   0.0000000e+00
   0.0000000e+00
   0.0000000e+00
   0.0000000e+00
   0.0000000e+00
   0.0000000e+00
   0.0000000e+00
   0.0000000e+00
   0.0000000e+00
   0.0000000e+00
   0.0000000e+00
   0.0000000e+00
   0.0000000e+00
   0.0000000e+00
   0.0000000e+00
   0.0000000e+00
   0.0000000e+00
   0.0000000e+00
   0.0000000e+00
   0.0000000e+00
   0.0000000e+00
   0.0000000e+00
   0.0000000e+00
   0.0000000e+00
   0.0000000e+00
   0.0000000e+00
   0.0000000e+00
   0.0000000e+00
   0.0000000e+00
   0.0000000e+00
   0.0000000e+00
   0.0000000e+00
   0.0000000e+00
   0.0000000e+00
   0.0000000e+00
   0.0000000e+00
   0.0000000e+00
   0.0000000e+00
   0.0000000e+00
   0.0000000e+00
   0.0000000e+00
   0.0000000e+00
   0.0000000e+00
   0.0000000e+00
   0.0000000e+00
   0.0000000e+00
   0.0000000e+00
   0.0000000e+00
   0.0000000e+00
   0.0000000e+00
   0.0000000e+00
   0.0000000e+00
   0.0000000e+00
   0.0000000e+00
   0.0000000e+00
   0.0000000e+00
   0.0000000e+00
   0.0000000e+00
   0.0000000e+00
   0.0000000e+00
   0.0000000e+00
   0.0000000e+00
