   2.8636978e-03
   5.6061326e-03
   6.8131550e-03
  -9.3002076e-03
   1.2316566e-03
  -8.2725538e-04
   1.7890227e-03
   3.0188485e-04
  -4.8212115e-04
   1.1262246e-03
  -1.7368274e-03
  -2.6683351e-03
   9.0564929e-04
   4.3462994e-03
   1.5913892e-03
  -3.5025989e-03
   1.5616440e-02
   1.5741240e-02
  -5.9489000e-03
   1.8971488e-03
   2.3518277e-02
   1.3144803e-02
   1.5489949e-02
   2.6674816e-02
   2.0758322e-02
   2.0303241e-02
   1.5858028e-02
   1.8209682e-02
   2.0502368e-02
   1.6808447e-02
   2.4586059e-02
   1.7995802e-02
   2.4375120e-02
   9.7191242e-03
   1.7637797e-02
   2.2272509e-02
   6.1949426e-03
   1.6857782e-02
   1.9482472e-02
   2.3856677e-02
   5.0278792e-02
   6.6737163e-02
   6.3266954e-02
   5.1142298e-02
   5.3595537e-02
   5.8067162e-02
   6.8191369e-02
   5.9384298e-02
   5.9583030e-02
   6.1801643e-02
   5.1659316e-02
   6.3746104e-02
   4.7581262e-02
   7.7453052e-02
   6.3735144e-02
   5.1751882e-02
   8.2593531e-02
   4.4328649e-02
   8.1690424e-02
   3.0720978e-02
   1.2464300e-01
   1.0819304e-01
   1.1435329e-01
   1.2456239e-01
   1.2707792e-01
   1.2194370e-01
   8.7812854e-02
   1.2329144e-01
   1.1141687e-01
   1.1643993e-01
   1.2680077e-01
   1.0943059e-01
   1.4001143e-01
   8.5581972e-02
   1.2034418e-01
   1.2686142e-01
   7.7913976e-02
   1.5651605e-01
   6.5195286e-02
   5.6366341e-03
   1.7353605e-01
   1.9622462e-01
   1.7351074e-01
   1.7743975e-01
   1.5764840e-01
   1.6290928e-01
   2.6010332e-01
   1.5098479e-01
   2.0213557e-01
   1.6229289e-01
   1.6780663e-01
   1.8534900e-01
   1.0974256e-01
   2.6028838e-01
   1.5830270e-01
   1.6496613e-01
   2.5795474e-01
   9.2915497e-02
   5.5388284e-03
   5.4350686e-06
   1.2125412e-02
   2.1624244e-01
   3.0204903e-01
   9.9908197e-02
   3.3452376e-01
   2.0445953e-01
   1.1975431e-01
   8.3707137e-02
   2.0655400e-01
   2.1824268e-01
   2.1954686e-01
   2.8595141e-01
   9.1581276e-02
   1.7541797e-01
   6.0122326e-02
   5.8291687e-02
   1.9359578e-01
   4.7764861e-02
   3.1967313e-05
   0.0000000e+00
   8.7869113e-05
   1.4809121e-02
   2.2349850e-02
   1.3835804e-02
   6.0521990e-02
   2.9932507e-02
   4.5965234e-04
   6.8956327e-02
   4.2360598e-01
   3.1925611e-01
   3.0650257e-01
   2.6645395e-01
   3.2727273e-01
   3.0607213e-01
   3.4327501e-02
   5.8217031e-04
   7.6020220e-04
   2.0218425e-04
   2.8559631e-08
   0.0000000e+00
   0.0000000e+00
   0.0000000e+00
   1.2250529e-02
   2.7935967e-01
   2.7803143e-01
   1.1984879e-02
   0.0000000e+00
   1.1448064e-02
   6.7273664e-02
   3.2667403e-02
   1.2467329e-02
   1.5608839e-02
   1.6474622e-01
   5.9287366e-01
   3.0826116e-01
   4.5623756e-03
   0.0000000e+00
   0.0000000e+00
   0.0000000e+00
   0.0000000e+00
   0.0000000e+00
   0.0000000e+00
   2.3084701e-02
   5.2642090e-01
   5.2391799e-01
   2.2584115e-02
   0.0000000e+00
   0.0000000e+00
   0.0000000e+00
   0.0000000e+00
   0.0000000e+00
   1.4060118e-05
   2.9330338e-02
   3.2093707e-01
   1.9895012e-01
   2.9749352e-03
   0.0000000e+00
   0.0000000e+00
   0.0000000e+00
   0.0000000e+00
   0.0000000e+00
   0.0000000e+00
   2.5561214e-03
   5.8289501e-02
   5.8012359e-02
   2.5006926e-03
   0.0000000e+00
   0.0000000e+00
   0.0000000e+00
   0.0000000e+00
   0.0000000e+00
   0.0000000e+00
   4.9881466e-04
   5.5000527e-03
   3.4115650e-03
   5.1015352e-05
   0.0000000e+00
   0.0000000e+00
   0.0000000e+00
   0.0000000e+00
   0.0000000e+00
   0.0000000e+00
   0.0000000e+00
   0.0000000e+00
   0.0000000e+00
   0.0000000e+00
   0.0000000e+00
   0.0000000e+00
   0.0000000e+00
   0.0000000e+00
   0.0000000e+00
   0.0000000e+00
   0.0000000e+00
   0.0000000e+00
   0.0000000e+00
   0.0000000e+00
   0.0000000e+00
   0.0000000e+00
   0.0000000e+00
   0.0000000e+00
   0.0000000e+00
   0.0000000e+00
   0.0000000e+00
   0.0000000e+00
   0.0000000e+00
   0.0000000e+00
   0.0000000e+00
   0.0000000e+00
   0.0000000e+00
   0.0000000e+00
   0.0000000e+00
   0.0000000e+00
   0.0000000e+00
   0.0000000e+00
   0.0000000e+00
   0.0000000e+00
   0.0000000e+00
   0.0000000e+00
   0.0000000e+00
   0.0000000e+00
   0.0000000e+00
   0.0000000e+00
   0.0000000e+00
   0.0000000e+00
   0.0000000e+00
   0.0000000e+00
   0.0000000e+00
   0.0000000e+00
   0.0000000e+00
   0.0000000e+00
   0.0000000e+00
   0.0000000e+00
   0.0000000e+00
   0.0000000e+00
   0.0000000e+00
   0.0000000e+00
   0.0000000e+00
   0.0000000e+00
   0.0000000e+00
   0.0000000e+00
   0.0000000e+00
   0.0000000e+00
   0.0000000e+00
   0.0000000e+00
   0.0000000e+00
   0.0000000e+00
   0.0000000e+00
   0.0000000e+00
   0.0000000e+00
   0.0000000e+00
   0.0000000e+00
   0.0000000e+00
   0.0000000e+00
   0.0000000e+00
   0.0000000e+00
   0.0000000e+00
   0.0000000e+00
   0.0000000e+00
   0.0000000e+00
   0.0000000e+00
   0.0000000e+00
   0.0000000e+00
   0.0000000e+00
   0.0000000e+00
   0.0000000e+00
   0.0000000e+00
   0.0000000e+00
   0.0000000e+00
   0.0000000e+00
   0.0000000e+00
   0.0000000e+00
   0.0000000e+00
   0.0000000e+00
   0.0000000e+00
   0.0000000e+00
   0.0000000e+00
   0.0000000e+00
   0.0000000e+00
   0.0000000e+00
   0.0000000e+00
   0.0000000e+00
   0.0000000e+00
   0.0000000e+00
   0.0000000e+00
   0.0000000e+00
   0.0000000e+00
   0.0000000e+00
   0.0000000e+00
   0.0000000e+00
   0.0000000e+00
   0.0000000e+00
   0.0000000e+00
   0.0000000e+00
   0.0000000e+00
   0.0000000e+00
   0.0000000e+00
   0.0000000e+00
   0.0000000e+00
   0.0000000e+00
   0.0000000e+00
   0.0000000e+00
   0.0000000e+00
   0.0000000e+00
   0.0000000e+00
   0.0000000e+00
   0.0000000e+00
   0.0000000e+00
   0.0000000e+00
   0.0000000e+00
   0.0000000e+00
   0.0000000e+00
   0.0000000e+00
   0.0000000e+00
   0.0000000e+00
   0.0000000e+00
   0.0000000e+00
   0.0000000e+00
   0.0000000e+00
   0.0000000e+00
   0.0000000e+00
   0.0000000e+00
   0.0000000e+00
   0.0000000e+00
   0.0000000e+00
   0.0000000e+00
   0.0000000e+00
   0.0000000e+00
   0.0000000e+00
   0.0000000e+00
   0.0000000e+00
   0.0000000e+00
   0.0000000e+00
   0.0000000e+00
   0.0000000e+00
   0.0000000e+00
   0.0000000e+00
   0.0000000e+00
   0.0000000e+00
   0.0000000e+00
   0.0000000e+00
   0.0000000e+00
   0.0000000e+00
   0.0000000e+00
   0.0000000e+00
   0.0000000e+00
   0.0000000e+00
   0.0000000e+00
   0.0000000e+00
   0.0000000e+00
   0.0000000e+00
   0.0000000e+00
   0.0000000e+00
   0.0000000e+00
   0.0000000e+00
   0.0000000e+00
   0.0000000e+00
   0.0000000e+00
   0.0000000e+00
   0.0000000e+00
   0.0000000e+00
   0.0000000e+00
   0.0000000e+00
   0.0000000e+00
   0.0000000e+00
   0.0000000e+00
   0.0000000e+00
   0.0000000e+00
   0.0000000e+00
   0.0000000e+00
   0.0000000e+00
   0.0000000e+00
   0.0000000e+00
   0.0000000e+00
   0.0000000e+00
   0.0000000e+00
   0.0000000e+00
   0.0000000e+00
   0.0000000e+00
   0.0000000e+00
   0.0000000e+00
