   4.9621676e-04
   4.1477648e-04
  -2.1901926e-04
  -8.9392468e-04
   1.0685092e-02
  -9.0533036e-04
  -5.5623272e-04
   9.0859721e-03
   8.7367545e-03
   5.5138915e-03
   1.4644299e-03
   1.2462906e-02
  -7.6686568e-03
   8.2088798e-03
   1.9302226e-03
   2.4053546e-04
  -1.7364937e-03
   2.8852652e-03
   4.3848383e-03
   1.4795071e-04
   1.9234796e-02
   1.5191945e-02
   2.7267831e-02
   2.0095549e-02
   7.3046182e-03
   1.8491882e-02
   1.2040063e-02
   1.6474831e-02
   1.0796480e-02
   1.5607661e-02
   1.1726841e-02
   9.1889333e-03
   1.1661283e-02
   2.0388497e-02
   1.2982397e-02
   1.9997528e-02
   1.9601531e-02
   2.0117554e-02
   1.0981169e-02
   1.5981870e-04
   6.5936022e-02
   5.8757549e-02
   5.8539133e-02
   5.4948793e-02
   7.0211346e-02
   6.8604210e-02
   6.2137433e-02
   7.7616981e-02
   5.3814885e-02
   7.8191358e-02
   5.1584804e-02
   8.5571327e-02
   7.1212059e-02
   5.6117560e-02
   7.1531316e-02
   5.8178088e-02
   6.2179930e-02
   5.4540127e-02
   7.1401853e-02
   4.7207678e-04
   1.0022697e-01
   1.2242857e-01
   1.0770034e-01
   1.2723556e-01
   1.0110170e-01
   9.8472071e-02
   1.1448129e-01
   9.0189382e-02
   1.3013834e-01
   8.8449338e-02
   1.2867687e-01
   8.1632649e-02
   1.1236247e-01
   1.1482266e-01
   1.0327195e-01
   1.2198820e-01
   1.0483267e-01
   1.3723130e-01
   8.4374472e-02
   4.0857716e-04
   1.0124885e-01
   2.1841433e-01
   1.6475632e-01
   1.7617160e-01
   1.8793022e-01
   2.3454968e-01
   1.8114833e-01
   2.0280491e-01
   1.6491546e-01
   2.1334896e-01
   1.7472824e-01
   2.2580006e-01
   1.9112879e-01
   2.0297043e-01
   2.1401534e-01
   1.5722441e-01
   1.9507170e-01
   1.8420845e-01
   2.8528451e-02
   1.3515369e-05
   8.0346287e-03
   4.5315959e-02
   2.8195278e-01
   2.5368012e-01
   1.4177275e-01
   1.2804876e-01
   9.9166335e-02
   2.9030717e-01
   1.7217618e-01
   1.9335111e-01
   1.4792883e-01
   2.3110292e-01
   1.2720818e-01
   1.0458825e-01
   2.2916631e-01
   3.4173370e-01
   8.9628636e-02
   8.4047932e-03
   1.0106781e-03
   0.0000000e+00
   0.0000000e+00
   2.4342142e-03
   2.3155967e-02
   1.8292381e-02
   5.4674842e-04
   4.8743502e-05
   2.2231452e-03
   1.7085542e-02
   8.0237174e-03
   7.4047048e-04
   1.4809609e-03
   4.6507260e-03
   1.6869525e-03
   1.2364709e-03
   2.0559449e-02
   5.5903661e-02
   1.3399776e-02
   5.0651364e-07
   0.0000000e+00
   0.0000000e+00
   0.0000000e+00
   0.0000000e+00
   0.0000000e+00
   0.0000000e+00
   0.0000000e+00
   0.0000000e+00
   0.0000000e+00
   0.0000000e+00
   0.0000000e+00
   0.0000000e+00
   0.0000000e+00
   0.0000000e+00
   0.0000000e+00
   0.0000000e+00
   0.0000000e+00
   0.0000000e+00
   0.0000000e+00
   0.0000000e+00
   0.0000000e+00
   0.0000000e+00
   0.0000000e+00
   0.0000000e+00
   0.0000000e+00
   0.0000000e+00
   0.0000000e+00
   0.0000000e+00
   0.0000000e+00
   0.0000000e+00
   0.0000000e+00
   0.0000000e+00
   0.0000000e+00
   0.0000000e+00
   0.0000000e+00
   0.0000000e+00
   0.0000000e+00
   0.0000000e+00
   0.0000000e+00
   0.0000000e+00
   0.0000000e+00
   0.0000000e+00
   0.0000000e+00
   0.0000000e+00
   0.0000000e+00
   0.0000000e+00
   0.0000000e+00
   0.0000000e+00
   0.0000000e+00
   0.0000000e+00
   0.0000000e+00
   0.0000000e+00
   0.0000000e+00
   0.0000000e+00
   0.0000000e+00
   0.0000000e+00
   0.0000000e+00
   0.0000000e+00
   0.0000000e+00
   0.0000000e+00
   0.0000000e+00
   0.0000000e+00
   0.0000000e+00
   0.0000000e+00
   0.0000000e+00
   0.0000000e+00
   0.0000000e+00
   0.0000000e+00
   0.0000000e+00
   0.0000000e+00
   0.0000000e+00
   0.0000000e+00
   0.0000000e+00
   0.0000000e+00
   0.0000000e+00
   0.0000000e+00
   0.0000000e+00
   0.0000000e+00
   0.0000000e+00
   0.0000000e+00
   0.0000000e+00
   0.0000000e+00
   0.0000000e+00
   0.0000000e+00
   0.0000000e+00
   0.0000000e+00
   0.0000000e+00
   0.0000000e+00
   0.0000000e+00
   0.0000000e+00
   0.0000000e+00
   0.0000000e+00
   0.0000000e+00
   0.0000000e+00
   0.0000000e+00
   0.0000000e+00
   0.0000000e+00
   0.0000000e+00
   0.0000000e+00
   0.0000000e+00
   0.0000000e+00
   0.0000000e+00
   0.0000000e+00
   0.0000000e+00
   0.0000000e+00
   0.0000000e+00
   0.0000000e+00
   0.0000000e+00
   0.0000000e+00
   0.0000000e+00
   0.0000000e+00
   0.0000000e+00
   0.0000000e+00
   0.0000000e+00
   0.0000000e+00
   0.0000000e+00
   0.0000000e+00
   0.0000000e+00
   0.0000000e+00
   0.0000000e+00
   0.0000000e+00
   0.0000000e+00
   0.0000000e+00
   0.0000000e+00
   0.0000000e+00
   0.0000000e+00
   0.0000000e+00
   0.0000000e+00
   0.0000000e+00
   0.0000000e+00
   0.0000000e+00
   0.0000000e+00
   0.0000000e+00
   0.0000000e+00
   0.0000000e+00
   0.0000000e+00
   0.0000000e+00
   0.0000000e+00
   0.0000000e+00
   0.0000000e+00
   0.0000000e+00
   0.0000000e+00
   0.0000000e+00
   0.0000000e+00
   0.0000000e+00
   0.0000000e+00
   0.0000000e+00
   0.0000000e+00
   0.0000000e+00
   0.0000000e+00
   0.0000000e+00
   0.0000000e+00
   0.0000000e+00
   0.0000000e+00
   0.0000000e+00
   0.0000000e+00
   0.0000000e+00
   0.0000000e+00
   0.0000000e+00
   0.0000000e+00
   0.0000000e+00
   0.0000000e+00
   0.0000000e+00
   0.0000000e+00
   0.0000000e+00
   0.0000000e+00
   0.0000000e+00
   0.0000000e+00
   0.0000000e+00
   0.0000000e+00
   0.0000000e+00
   0.0000000e+00
   0.0000000e+00
   0.0000000e+00
   0.0000000e+00
   0.0000000e+00
   0.0000000e+00
   0.0000000e+00
   0.0000000e+00
   0.0000000e+00
   0.0000000e+00
   0.0000000e+00
   0.0000000e+00
   0.0000000e+00
   0.0000000e+00
   0.0000000e+00
   0.0000000e+00
   0.0000000e+00
   0.0000000e+00
   0.0000000e+00
   0.0000000e+00
   0.0000000e+00
   0.0000000e+00
   0.0000000e+00
   0.0000000e+00
   0.0000000e+00
   0.0000000e+00
   0.0000000e+00
   0.0000000e+00
   0.0000000e+00
   0.0000000e+00
   0.0000000e+00
   0.0000000e+00
   0.0000000e+00
   0.0000000e+00
   0.0000000e+00
   0.0000000e+00
   0.0000000e+00
   0.0000000e+00
   0.0000000e+00
   0.0000000e+00
   0.0000000e+00
   0.0000000e+00
   0.0000000e+00
   0.0000000e+00
   0.0000000e+00
   0.0000000e+00
   0.0000000e+00
   0.0000000e+00
   0.0000000e+00
   0.0000000e+00
   0.0000000e+00
   0.0000000e+00
   0.0000000e+00
   0.0000000e+00
   0.0000000e+00
   0.0000000e+00
   0.0000000e+00
   0.0000000e+00
   0.0000000e+00
   0.0000000e+00
   0.0000000e+00
   0.0000000e+00
   0.0000000e+00
   0.0000000e+00
   0.0000000e+00
   0.0000000e+00
   0.0000000e+00
   0.0000000e+00
   0.0000000e+00
   0.0000000e+00
   0.0000000e+00
   0.0000000e+00
   0.0000000e+00
   0.0000000e+00
   0.0000000e+00
   0.0000000e+00
   0.0000000e+00
   0.0000000e+00
   0.0000000e+00
   0.0000000e+00
   0.0000000e+00
   0.0000000e+00
   0.0000000e+00
   0.0000000e+00
   0.0000000e+00
   0.0000000e+00
   0.0000000e+00
   0.0000000e+00
   0.0000000e+00
   0.0000000e+00
   0.0000000e+00
