   1.4502255e-03
  -3.6737907e-03
  -4.7260279e-03
   6.0320606e-03
  -1.5413789e-03
  -3.5925990e-03
   5.5622035e-03
  -3.6622521e-03
   7.1301783e-03
   1.9290929e-02
   7.1239970e-05
  -1.5985837e-03
  -5.6164591e-04
   2.0835718e-04
  -1.9585313e-03
   1.1242348e-03
  -8.6645995e-05
   4.4700934e-04
  -1.5893316e-04
   2.5077816e-04
   1.8515811e-02
   3.1656957e-02
   2.0220990e-02
   1.1422777e-02
   2.2344568e-02
   2.2653097e-02
   1.4499218e-02
   2.2565986e-02
   1.4029783e-02
   7.3876539e-03
   2.0146823e-02
   1.9895780e-02
   2.2667283e-02
   1.8185419e-02
   2.3766987e-02
   1.4847558e-02
   2.1218865e-02
   1.5695848e-02
   2.0886379e-02
   1.3481270e-03
   5.9122685e-02
   4.2485524e-02
   6.4514899e-02
   6.5503954e-02
   5.8716948e-02
   5.6501176e-02
   6.5079743e-02
   5.5523855e-02
   6.5673143e-02
   7.3733461e-02
   5.8251056e-02
   6.0315863e-02
   5.1513789e-02
   6.2615449e-02
   5.0346066e-02
   6.8285022e-02
   5.8971664e-02
   5.8360234e-02
   7.4525811e-02
   1.3727843e-03
   1.1428881e-01
   1.3261287e-01
   1.1229725e-01
   1.0881154e-01
   1.1555596e-01
   1.1929293e-01
   1.0990183e-01
   1.2394748e-01
   1.0511646e-01
   9.8800662e-02
   1.1834271e-01
   1.1370655e-01
   1.2843781e-01
   1.1324087e-01
   1.2690386e-01
   1.1027650e-01
   1.0808744e-01
   1.3611048e-01
   1.0836893e-01
   1.1723481e-03
   4.7848333e-02
   2.3084052e-01
   1.3744981e-01
   2.3870075e-01
   1.8247638e-01
   1.8620777e-01
   1.8657255e-01
   1.6614328e-01
   1.9929254e-01
   2.2677197e-01
   1.7541785e-01
   1.8616242e-01
   1.4873136e-01
   1.8597464e-01
   1.5240582e-01
   1.9285459e-01
   2.1561861e-01
   3.9264854e-02
   9.2580821e-03
   9.3839095e-05
   9.9979432e-04
   1.3452895e-02
   1.3561710e-02
   6.9175298e-02
   3.9622922e-02
   4.3108674e-02
   2.6234110e-01
   2.6687046e-01
   5.5400711e-02
   6.9086529e-02
   1.0480629e-01
   2.7723861e-01
   2.5040754e-01
   3.4812848e-01
   2.7634557e-01
   2.1577118e-01
   6.6587901e-02
   5.4892026e-03
   0.0000000e+00
   0.0000000e+00
   0.0000000e+00
   0.0000000e+00
   0.0000000e+00
   0.0000000e+00
   0.0000000e+00
   7.4895461e-04
   2.3680812e-02
   2.7958236e-02
   1.6126355e-03
   0.0000000e+00
   4.4817552e-03
   2.2091035e-02
   9.1570294e-02
   1.1009568e-01
   3.8980505e-02
   1.2013799e-02
   3.9980823e-04
   0.0000000e+00
   0.0000000e+00
   0.0000000e+00
   0.0000000e+00
   0.0000000e+00
   0.0000000e+00
   0.0000000e+00
   0.0000000e+00
   0.0000000e+00
   0.0000000e+00
   0.0000000e+00
   0.0000000e+00
   0.0000000e+00
   0.0000000e+00
   2.3700350e-06
   6.4653810e-05
   7.0847638e-05
   3.6120517e-06
   0.0000000e+00
   0.0000000e+00
   0.0000000e+00
   0.0000000e+00
   0.0000000e+00
   0.0000000e+00
   0.0000000e+00
   0.0000000e+00
   0.0000000e+00
   0.0000000e+00
   0.0000000e+00
   0.0000000e+00
   0.0000000e+00
   0.0000000e+00
   0.0000000e+00
   0.0000000e+00
   0.0000000e+00
   0.0000000e+00
   0.0000000e+00
   0.0000000e+00
   0.0000000e+00
   0.0000000e+00
   0.0000000e+00
   0.0000000e+00
   0.0000000e+00
   0.0000000e+00
   0.0000000e+00
   0.0000000e+00
   0.0000000e+00
   0.0000000e+00
   0.0000000e+00
   0.0000000e+00
   0.0000000e+00
   0.0000000e+00
   0.0000000e+00
   0.0000000e+00
   0.0000000e+00
   0.0000000e+00
   0.0000000e+00
   0.0000000e+00
   0.0000000e+00
   0.0000000e+00
   0.0000000e+00
   0.0000000e+00
   0.0000000e+00
   0.0000000e+00
   0.0000000e+00
   0.0000000e+00
   0.0000000e+00
   0.0000000e+00
   0.0000000e+00
   0.0000000e+00
   0.0000000e+00
   0.0000000e+00
   0.0000000e+00
   0.0000000e+00
   0.0000000e+00
   0.0000000e+00
   0.0000000e+00
   0.0000000e+00
   0.0000000e+00
   0.0000000e+00
   0.0000000e+00
   0.0000000e+00
   0.0000000e+00
   0.0000000e+00
   0.0000000e+00
   0.0000000e+00
   0.0000000e+00
   0.0000000e+00
   0.0000000e+00
   0.0000000e+00
   0.0000000e+00
   0.0000000e+00
   0.0000000e+00
   0.0000000e+00
   0.0000000e+00
   0.0000000e+00
   0.0000000e+00
   0.0000000e+00
   0.0000000e+00
   0.0000000e+00
   0.0000000e+00
   0.0000000e+00
   0.0000000e+00
   0.0000000e+00
   0.0000000e+00
   0.0000000e+00
   0.0000000e+00
   0.0000000e+00
   0.0000000e+00
   0.0000000e+00
   0.0000000e+00
   0.0000000e+00
   0.0000000e+00
   0.0000000e+00
   0.0000000e+00
   0.0000000e+00
   0.0000000e+00
   0.0000000e+00
   0.0000000e+00
   0.0000000e+00
   0.0000000e+00
   0.0000000e+00
   0.0000000e+00
   0.0000000e+00
   0.0000000e+00
   0.0000000e+00
   0.0000000e+00
   0.0000000e+00
   0.0000000e+00
   0.0000000e+00
   0.0000000e+00
   0.0000000e+00
   0.0000000e+00
   0.0000000e+00
   0.0000000e+00
   0.0000000e+00
   0.0000000e+00
   0.0000000e+00
   0.0000000e+00
   0.0000000e+00
   0.0000000e+00
   0.0000000e+00
   0.0000000e+00
   0.0000000e+00
   0.0000000e+00
   0.0000000e+00
   0.0000000e+00
   0.0000000e+00
   0.0000000e+00
   0.0000000e+00
   0.0000000e+00
   0.0000000e+00
   0.0000000e+00
   0.0000000e+00
   0.0000000e+00
   0.0000000e+00
   0.0000000e+00
   0.0000000e+00
   0.0000000e+00
   0.0000000e+00
   0.0000000e+00
   0.0000000e+00
   0.0000000e+00
   0.0000000e+00
   0.0000000e+00
   0.0000000e+00
   0.0000000e+00
   0.0000000e+00
   0.0000000e+00
   0.0000000e+00
   0.0000000e+00
   0.0000000e+00
   0.0000000e+00
   0.0000000e+00
   0.0000000e+00
   0.0000000e+00
   0.0000000e+00
   0.0000000e+00
   0.0000000e+00
   0.0000000e+00
   0.0000000e+00
   0.0000000e+00
   0.0000000e+00
   0.0000000e+00
   0.0000000e+00
   0.0000000e+00
   0.0000000e+00
   0.0000000e+00
   0.0000000e+00
   0.0000000e+00
   0.0000000e+00
   0.0000000e+00
   0.0000000e+00
   0.0000000e+00
   0.0000000e+00
   0.0000000e+00
   0.0000000e+00
   0.0000000e+00
   0.0000000e+00
   0.0000000e+00
   0.0000000e+00
   0.0000000e+00
   0.0000000e+00
   0.0000000e+00
   0.0000000e+00
   0.0000000e+00
   0.0000000e+00
   0.0000000e+00
   0.0000000e+00
   0.0000000e+00
   0.0000000e+00
   0.0000000e+00
   0.0000000e+00
   0.0000000e+00
   0.0000000e+00
   0.0000000e+00
   0.0000000e+00
   0.0000000e+00
   0.0000000e+00
   0.0000000e+00
   0.0000000e+00
   0.0000000e+00
   0.0000000e+00
   0.0000000e+00
   0.0000000e+00
   0.0000000e+00
   0.0000000e+00
   0.0000000e+00
   0.0000000e+00
   0.0000000e+00
   0.0000000e+00
   0.0000000e+00
   0.0000000e+00
   0.0000000e+00
   0.0000000e+00
   0.0000000e+00
   0.0000000e+00
   0.0000000e+00
   0.0000000e+00
   0.0000000e+00
   0.0000000e+00
   0.0000000e+00
   0.0000000e+00
   0.0000000e+00
   0.0000000e+00
   0.0000000e+00
   0.0000000e+00
   0.0000000e+00
   0.0000000e+00
   0.0000000e+00
   0.0000000e+00
   0.0000000e+00
   0.0000000e+00
   0.0000000e+00
   0.0000000e+00
   0.0000000e+00
   0.0000000e+00
   0.0000000e+00
   0.0000000e+00
   0.0000000e+00
   0.0000000e+00
   0.0000000e+00
   0.0000000e+00
