   8.7688088e-04
  -4.0297548e-04
  -3.9277624e-03
   8.8149304e-04
  -6.2615229e-04
   3.0150139e-06
   2.1729733e-03
   3.1346718e-03
   3.3347838e-04
   3.0360243e-03
  -9.0745173e-04
  -1.4220546e-03
  -3.2476540e-04
   2.3921549e-03
   2.7357369e-03
  -9.8953658e-04
   6.8225808e-03
   3.6119754e-03
  -4.3846399e-03
   2.9236394e-03
   2.7900791e-02
   2.3694800e-02
   2.3442094e-02
   1.9770547e-02
   1.8771320e-02
   2.3441851e-02
   1.5100738e-02
   1.6652853e-02
   1.6327322e-02
   1.6054278e-02
   2.0959873e-02
   2.1038737e-02
   2.0419712e-02
   1.6624905e-02
   1.8334547e-02
   1.2043589e-02
   1.7398783e-02
   8.3103286e-03
   2.5690759e-02
   3.0146397e-02
   5.2899114e-02
   6.6106562e-02
   4.8295477e-02
   6.1088788e-02
   5.9500313e-02
   4.9699699e-02
   6.5188315e-02
   6.0279947e-02
   7.1082151e-02
   6.0987435e-02
   5.9257002e-02
   5.8778517e-02
   5.6089078e-02
   6.2893648e-02
   6.1229114e-02
   7.6113811e-02
   6.5511625e-02
   6.5535137e-02
   6.7554683e-02
   2.1858921e-02
   9.3878513e-02
   1.0929797e-01
   1.1246331e-01
   1.1819562e-01
   1.1565469e-01
   1.3121330e-01
   1.1285232e-01
   1.1572670e-01
   1.0331434e-01
   1.1145496e-01
   1.1764405e-01
   1.1334819e-01
   1.2303013e-01
   1.1371673e-01
   1.0732294e-01
   8.4531697e-02
   1.0311631e-01
   1.4623146e-01
   6.5172921e-02
   3.0609334e-03
   2.3476810e-01
   2.0444889e-01
   1.9072965e-01
   1.8480347e-01
   1.6922085e-01
   1.5706632e-01
   1.6906038e-01
   1.8598334e-01
   2.1320363e-01
   2.0999274e-01
   2.1056215e-01
   1.7543387e-01
   1.8603035e-01
   1.5180374e-01
   2.2877038e-01
   1.7172678e-01
   2.8165218e-01
   7.0000570e-02
   8.8157521e-03
  -6.8662786e-08
   5.8212354e-02
   4.8385330e-02
   2.5368153e-02
   1.5859867e-01
   3.9858518e-01
   1.2915719e-01
   3.1881772e-01
   1.7496642e-01
   4.4294628e-02
   3.5820321e-02
   3.0705048e-02
   2.6684957e-02
   2.3269598e-01
   3.0637294e-01
   1.5819393e-01
   9.9588049e-02
   1.9554982e-01
   3.1314709e-02
   0.0000000e+00
   0.0000000e+00
   0.0000000e+00
   0.0000000e+00
   1.0741609e-04
   6.3007995e-02
   1.6908930e-01
   3.2496706e-02
   3.4537728e-02
   1.6617562e-02
   1.0773127e-04
   0.0000000e+00
   0.0000000e+00
   1.2870686e-02
   3.0936918e-01
   3.1921640e-01
   1.8160543e-02
   1.7791038e-03
   3.7123321e-03
   5.9489090e-04
   0.0000000e+00
   0.0000000e+00
   0.0000000e+00
   0.0000000e+00
   5.4828952e-07
   3.2157707e-04
   8.6232089e-04
   1.4303264e-04
   0.0000000e+00
   0.0000000e+00
   0.0000000e+00
   0.0000000e+00
   0.0000000e+00
   1.0178208e-03
   2.4462490e-02
   2.5061971e-02
   1.1377390e-03
   0.0000000e+00
   0.0000000e+00
   0.0000000e+00
   0.0000000e+00
   0.0000000e+00
   0.0000000e+00
   0.0000000e+00
   0.0000000e+00
   0.0000000e+00
   0.0000000e+00
   0.0000000e+00
   0.0000000e+00
   0.0000000e+00
   0.0000000e+00
   0.0000000e+00
   0.0000000e+00
   0.0000000e+00
   0.0000000e+00
   0.0000000e+00
   0.0000000e+00
   0.0000000e+00
   0.0000000e+00
   0.0000000e+00
   0.0000000e+00
   0.0000000e+00
   0.0000000e+00
   0.0000000e+00
   0.0000000e+00
   0.0000000e+00
   0.0000000e+00
   0.0000000e+00
   0.0000000e+00
   0.0000000e+00
   0.0000000e+00
   0.0000000e+00
   0.0000000e+00
   0.0000000e+00
   0.0000000e+00
   0.0000000e+00
   0.0000000e+00
   0.0000000e+00
   0.0000000e+00
   0.0000000e+00
   0.0000000e+00
   0.0000000e+00
   0.0000000e+00
   0.0000000e+00
   0.0000000e+00
   0.0000000e+00
   0.0000000e+00
   0.0000000e+00
   0.0000000e+00
   0.0000000e+00
   0.0000000e+00
   0.0000000e+00
   0.0000000e+00
   0.0000000e+00
   0.0000000e+00
   0.0000000e+00
   0.0000000e+00
   0.0000000e+00
   0.0000000e+00
   0.0000000e+00
   0.0000000e+00
   0.0000000e+00
   0.0000000e+00
   0.0000000e+00
   0.0000000e+00
   0.0000000e+00
   0.0000000e+00
   0.0000000e+00
   0.0000000e+00
   0.0000000e+00
   0.0000000e+00
   0.0000000e+00
   0.0000000e+00
   0.0000000e+00
   0.0000000e+00
   0.0000000e+00
   0.0000000e+00
   0.0000000e+00
   0.0000000e+00
   0.0000000e+00
   0.0000000e+00
   0.0000000e+00
   0.0000000e+00
   0.0000000e+00
   0.0000000e+00
   0.0000000e+00
   0.0000000e+00
   0.0000000e+00
   0.0000000e+00
   0.0000000e+00
   0.0000000e+00
   0.0000000e+00
   0.0000000e+00
   0.0000000e+00
   0.0000000e+00
   0.0000000e+00
   0.0000000e+00
   0.0000000e+00
   0.0000000e+00
   0.0000000e+00
   0.0000000e+00
   0.0000000e+00
   0.0000000e+00
   0.0000000e+00
   0.0000000e+00
   0.0000000e+00
   0.0000000e+00
   0.0000000e+00
   0.0000000e+00
   0.0000000e+00
   0.0000000e+00
   0.0000000e+00
   0.0000000e+00
   0.0000000e+00
   0.0000000e+00
   0.0000000e+00
   0.0000000e+00
   0.0000000e+00
   0.0000000e+00
   0.0000000e+00
   0.0000000e+00
   0.0000000e+00
   0.0000000e+00
   0.0000000e+00
   0.0000000e+00
   0.0000000e+00
   0.0000000e+00
   0.0000000e+00
   0.0000000e+00
   0.0000000e+00
   0.0000000e+00
   0.0000000e+00
   0.0000000e+00
   0.0000000e+00
   0.0000000e+00
   0.0000000e+00
   0.0000000e+00
   0.0000000e+00
   0.0000000e+00
   0.0000000e+00
   0.0000000e+00
   0.0000000e+00
   0.0000000e+00
   0.0000000e+00
   0.0000000e+00
   0.0000000e+00
   0.0000000e+00
   0.0000000e+00
   0.0000000e+00
   0.0000000e+00
   0.0000000e+00
   0.0000000e+00
   0.0000000e+00
   0.0000000e+00
   0.0000000e+00
   0.0000000e+00
   0.0000000e+00
   0.0000000e+00
   0.0000000e+00
   0.0000000e+00
   0.0000000e+00
   0.0000000e+00
   0.0000000e+00
   0.0000000e+00
   0.0000000e+00
   0.0000000e+00
   0.0000000e+00
   0.0000000e+00
   0.0000000e+00
   0.0000000e+00
   0.0000000e+00
   0.0000000e+00
   0.0000000e+00
   0.0000000e+00
   0.0000000e+00
   0.0000000e+00
   0.0000000e+00
   0.0000000e+00
   0.0000000e+00
   0.0000000e+00
   0.0000000e+00
   0.0000000e+00
   0.0000000e+00
   0.0000000e+00
   0.0000000e+00
   0.0000000e+00
   0.0000000e+00
   0.0000000e+00
   0.0000000e+00
   0.0000000e+00
   0.0000000e+00
   0.0000000e+00
   0.0000000e+00
   0.0000000e+00
   0.0000000e+00
   0.0000000e+00
   0.0000000e+00
   0.0000000e+00
   0.0000000e+00
   0.0000000e+00
   0.0000000e+00
   0.0000000e+00
   0.0000000e+00
   0.0000000e+00
   0.0000000e+00
   0.0000000e+00
   0.0000000e+00
   0.0000000e+00
   0.0000000e+00
   0.0000000e+00
   0.0000000e+00
   0.0000000e+00
   0.0000000e+00
   0.0000000e+00
   0.0000000e+00
   0.0000000e+00
   0.0000000e+00
   0.0000000e+00
   0.0000000e+00
   0.0000000e+00
   0.0000000e+00
   0.0000000e+00
   0.0000000e+00
   0.0000000e+00
   0.0000000e+00
   0.0000000e+00
   0.0000000e+00
   0.0000000e+00
   0.0000000e+00
   0.0000000e+00
   0.0000000e+00
   0.0000000e+00
   0.0000000e+00
   0.0000000e+00
   0.0000000e+00
   0.0000000e+00
   0.0000000e+00
   0.0000000e+00
   0.0000000e+00
   0.0000000e+00
   0.0000000e+00
   0.0000000e+00
