   2.2291465e-03
  -1.3493474e-03
  -5.8264383e-03
   5.2212245e-03
  -2.0405338e-03
   5.6194453e-03
   3.7717533e-04
  -3.8610659e-03
   3.0203483e-03
  -1.6668298e-03
   1.5346321e-03
  -4.2847223e-04
   1.9105514e-03
  -1.4485744e-03
   3.6672417e-03
  -1.4049379e-03
   1.0909275e-03
  -4.9306876e-04
   7.6881655e-04
   2.2039281e-03
   1.3634288e-02
   4.3840941e-02
   2.5878292e-02
   1.2312876e-02
   2.2494723e-02
   1.5724615e-02
   1.8481725e-02
   2.2131120e-02
   1.6703743e-02
   2.1884742e-02
   1.7829161e-02
   1.8581357e-02
   1.9219539e-02
   2.0571834e-02
   1.7397951e-02
   1.7450977e-02
   1.5114794e-02
   8.2615251e-03
   1.0995263e-02
   8.3399904e-04
   7.5170113e-02
   2.0941383e-02
   4.7871317e-02
   7.3363761e-02
   5.2749279e-02
   6.4381407e-02
   5.9175500e-02
   5.6472996e-02
   6.2565244e-02
   5.5638503e-02
   6.1596542e-02
   6.1688505e-02
   5.6305613e-02
   5.9847688e-02
   5.5832123e-02
   7.1682137e-02
   5.2227795e-02
   8.9329058e-02
   7.3034359e-02
   5.6168943e-04
   1.1212760e-01
   1.3826861e-01
   1.2049621e-01
   9.6093164e-02
   1.2724401e-01
   1.1079728e-01
   1.1680494e-01
   1.2067019e-01
   1.1315935e-01
   1.2110528e-01
   1.1263293e-01
   1.1481239e-01
   1.2087612e-01
   1.1738988e-01
   1.1977277e-01
   1.0006392e-01
   1.2541681e-01
   8.1525564e-02
   3.5057331e-02
   8.7923888e-05
   8.3841296e-02
   2.5797077e-01
   1.2409186e-01
   2.2707065e-01
   1.8712540e-01
   1.7327526e-01
   1.8562759e-01
   1.6873298e-01
   1.8093617e-01
   1.6692278e-01
   1.9635755e-01
   1.8313175e-01
   1.7142010e-01
   1.6222593e-01
   1.9475165e-01
   1.6997740e-01
   2.4635801e-01
   7.8682900e-02
   1.6834006e-04
   5.4982099e-08
   7.9434191e-03
   2.5432878e-02
   4.3593859e-02
   1.9457502e-01
   9.5133544e-02
   2.5973532e-01
   2.3663558e-01
   1.6297983e-01
   2.5374123e-01
   2.4531961e-01
   1.4851656e-01
   5.0143942e-02
   3.1531074e-01
   2.4728747e-01
   1.3385376e-01
   2.6901649e-01
   1.0776056e-01
   1.4773429e-02
   7.4540123e-06
   0.0000000e+00
   0.0000000e+00
   0.0000000e+00
   1.3542295e-04
   6.6802396e-04
   1.4643644e-03
   1.9208465e-02
   2.7372434e-01
   4.4079221e-01
   2.2069122e-01
   4.1312674e-01
   3.0459413e-01
   2.3570803e-02
   1.6310359e-01
   3.2431263e-01
   2.3334615e-01
   4.4504630e-01
   1.6267282e-01
   4.1307374e-04
   0.0000000e+00
   0.0000000e+00
   0.0000000e+00
   0.0000000e+00
   0.0000000e+00
   0.0000000e+00
   0.0000000e+00
   9.1015178e-04
   5.7090540e-02
   9.0587576e-02
   1.4879574e-02
   5.0195550e-02
   4.2782097e-02
   1.5392706e-03
   3.6741649e-02
   4.8511585e-01
   3.6171991e-01
   8.7214669e-02
   3.1678019e-02
   8.2548846e-05
   0.0000000e+00
   0.0000000e+00
   0.0000000e+00
   0.0000000e+00
   0.0000000e+00
   0.0000000e+00
   0.0000000e+00
   0.0000000e+00
   0.0000000e+00
   0.0000000e+00
   0.0000000e+00
   0.0000000e+00
   0.0000000e+00
   0.0000000e+00
   5.8378511e-03
   7.9676721e-02
   5.7632710e-02
   1.2835548e-03
   0.0000000e+00
   0.0000000e+00
   0.0000000e+00
   0.0000000e+00
   0.0000000e+00
   0.0000000e+00
   0.0000000e+00
   0.0000000e+00
   0.0000000e+00
   0.0000000e+00
   0.0000000e+00
   0.0000000e+00
   0.0000000e+00
   0.0000000e+00
   0.0000000e+00
   0.0000000e+00
   0.0000000e+00
   0.0000000e+00
   0.0000000e+00
   0.0000000e+00
   0.0000000e+00
   0.0000000e+00
   0.0000000e+00
   0.0000000e+00
   0.0000000e+00
   0.0000000e+00
   0.0000000e+00
   0.0000000e+00
   0.0000000e+00
   0.0000000e+00
   0.0000000e+00
   0.0000000e+00
   0.0000000e+00
   0.0000000e+00
   0.0000000e+00
   0.0000000e+00
   0.0000000e+00
   0.0000000e+00
   0.0000000e+00
   0.0000000e+00
   0.0000000e+00
   0.0000000e+00
   0.0000000e+00
   0.0000000e+00
   0.0000000e+00
   0.0000000e+00
   0.0000000e+00
   0.0000000e+00
   0.0000000e+00
   0.0000000e+00
   0.0000000e+00
   0.0000000e+00
   0.0000000e+00
   0.0000000e+00
   0.0000000e+00
   0.0000000e+00
   0.0000000e+00
   0.0000000e+00
   0.0000000e+00
   0.0000000e+00
   0.0000000e+00
   0.0000000e+00
   0.0000000e+00
   0.0000000e+00
   0.0000000e+00
   0.0000000e+00
   0.0000000e+00
   0.0000000e+00
   0.0000000e+00
   0.0000000e+00
   0.0000000e+00
   0.0000000e+00
   0.0000000e+00
   0.0000000e+00
   0.0000000e+00
   0.0000000e+00
   0.0000000e+00
   0.0000000e+00
   0.0000000e+00
   0.0000000e+00
   0.0000000e+00
   0.0000000e+00
   0.0000000e+00
   0.0000000e+00
   0.0000000e+00
   0.0000000e+00
   0.0000000e+00
   0.0000000e+00
   0.0000000e+00
   0.0000000e+00
   0.0000000e+00
   0.0000000e+00
   0.0000000e+00
   0.0000000e+00
   0.0000000e+00
   0.0000000e+00
   0.0000000e+00
   0.0000000e+00
   0.0000000e+00
   0.0000000e+00
   0.0000000e+00
   0.0000000e+00
   0.0000000e+00
   0.0000000e+00
   0.0000000e+00
   0.0000000e+00
   0.0000000e+00
   0.0000000e+00
   0.0000000e+00
   0.0000000e+00
   0.0000000e+00
   0.0000000e+00
   0.0000000e+00
   0.0000000e+00
   0.0000000e+00
   0.0000000e+00
   0.0000000e+00
   0.0000000e+00
   0.0000000e+00
   0.0000000e+00
   0.0000000e+00
   0.0000000e+00
   0.0000000e+00
   0.0000000e+00
   0.0000000e+00
   0.0000000e+00
   0.0000000e+00
   0.0000000e+00
   0.0000000e+00
   0.0000000e+00
   0.0000000e+00
   0.0000000e+00
   0.0000000e+00
   0.0000000e+00
   0.0000000e+00
   0.0000000e+00
   0.0000000e+00
   0.0000000e+00
   0.0000000e+00
   0.0000000e+00
   0.0000000e+00
   0.0000000e+00
   0.0000000e+00
   0.0000000e+00
   0.0000000e+00
   0.0000000e+00
   0.0000000e+00
   0.0000000e+00
   0.0000000e+00
   0.0000000e+00
   0.0000000e+00
   0.0000000e+00
   0.0000000e+00
   0.0000000e+00
   0.0000000e+00
   0.0000000e+00
   0.0000000e+00
   0.0000000e+00
   0.0000000e+00
   0.0000000e+00
   0.0000000e+00
   0.0000000e+00
   0.0000000e+00
   0.0000000e+00
   0.0000000e+00
   0.0000000e+00
   0.0000000e+00
   0.0000000e+00
   0.0000000e+00
   0.0000000e+00
   0.0000000e+00
   0.0000000e+00
   0.0000000e+00
   0.0000000e+00
   0.0000000e+00
   0.0000000e+00
   0.0000000e+00
   0.0000000e+00
   0.0000000e+00
   0.0000000e+00
   0.0000000e+00
   0.0000000e+00
   0.0000000e+00
   0.0000000e+00
   0.0000000e+00
   0.0000000e+00
   0.0000000e+00
   0.0000000e+00
   0.0000000e+00
   0.0000000e+00
   0.0000000e+00
   0.0000000e+00
   0.0000000e+00
   0.0000000e+00
   0.0000000e+00
   0.0000000e+00
   0.0000000e+00
   0.0000000e+00
   0.0000000e+00
   0.0000000e+00
   0.0000000e+00
   0.0000000e+00
   0.0000000e+00
   0.0000000e+00
   0.0000000e+00
   0.0000000e+00
   0.0000000e+00
   0.0000000e+00
   0.0000000e+00
   0.0000000e+00
   0.0000000e+00
   0.0000000e+00
   0.0000000e+00
   0.0000000e+00
   0.0000000e+00
   0.0000000e+00
   0.0000000e+00
   0.0000000e+00
   0.0000000e+00
   0.0000000e+00
   0.0000000e+00
   0.0000000e+00
   0.0000000e+00
   0.0000000e+00
