  -9.7047679e-04
   2.6451040e-03
  -1.8880446e-03
   1.1733348e-03
   1.7611626e-03
  -4.1587382e-03
  -4.7220834e-03
   5.7329803e-03
  -1.9960010e-03
   3.9775821e-04
   2.2846622e-03
   9.6456974e-04
   5.6151349e-04
   1.0866004e-03
  -2.3662718e-03
   1.4689223e-02
  -2.0515746e-03
   5.6773738e-03
  -2.3540832e-03
  -8.4207541e-04
  -1.2208763e-03
   1.8421827e-02
   2.0494600e-02
   1.8322822e-02
   1.9998214e-02
   2.1200742e-02
   2.6944373e-02
   1.2282727e-02
   2.3896437e-02
   1.7926535e-02
   1.7581443e-02
   7.3539356e-03
   2.5671706e-02
   1.6177521e-02
   1.3273940e-02
   1.3218796e-02
   2.0856279e-02
   1.4086857e-02
   2.4209895e-02
   2.4383298e-02
   6.0905083e-02
   5.6330053e-02
   6.2948019e-02
   5.8415611e-02
   5.6617721e-02
   5.8382295e-02
   4.5868290e-02
   7.1809206e-02
   5.0001090e-02
   6.0755170e-02
   6.5016864e-02
   6.6746000e-02
   5.1878629e-02
   6.5162777e-02
   6.9049081e-02
   6.0005934e-02
   6.6010765e-02
   4.7470656e-02
   7.7613740e-02
   3.0889535e-02
   1.3313707e-01
   1.2219349e-01
   1.0896162e-01
   1.1561854e-01
   1.2702594e-01
   1.1378044e-01
   1.3274837e-01
   1.0241544e-01
   1.2435922e-01
   1.1635805e-01
   1.1030266e-01
   1.0882047e-01
   1.2218585e-01
   1.1382888e-01
   9.5900448e-02
   1.2214419e-01
   9.9529622e-02
   1.5484054e-01
   5.6194787e-02
   5.0654164e-03
   1.4224997e-02
   6.6741206e-02
   2.3715982e-01
   1.5853452e-01
   1.6996180e-01
   1.7084551e-01
   1.5762365e-01
   1.9404716e-01
   1.7536799e-01
   1.7473290e-01
   1.9488613e-01
   1.9085336e-01
   1.6778113e-01
   1.8925422e-01
   2.2179759e-01
   1.9487742e-01
   1.9476523e-01
   1.4360461e-01
   1.0580913e-02
   2.5717737e-09
   0.0000000e+00
   6.2915978e-03
   9.9581697e-02
   2.7910956e-01
   2.7608532e-01
   2.3843963e-01
   2.5492600e-01
   2.2835424e-01
   1.2168656e-01
   2.7279355e-01
   2.0117974e-01
   1.8997865e-01
   3.3461481e-01
   1.1269264e-01
   8.6006666e-02
   2.1758153e-01
   3.8487083e-01
   6.3320056e-02
   3.0305609e-04
   0.0000000e+00
   0.0000000e+00
   1.0928468e-05
   2.3793145e-03
   2.4970716e-02
   4.2888546e-02
   2.4425035e-01
   3.1826616e-01
   2.3974251e-02
   2.1888826e-03
   7.0308972e-03
   2.5996411e-03
   1.5867740e-02
   5.0362786e-02
   1.0312260e-02
   3.1990309e-04
   7.1336404e-02
   1.7467481e-01
   2.6283680e-02
   0.0000000e+00
   0.0000000e+00
   0.0000000e+00
   0.0000000e+00
   0.0000000e+00
   0.0000000e+00
   1.0340055e-04
   4.7617322e-03
   6.6528488e-03
   4.9493481e-04
   0.0000000e+00
   0.0000000e+00
   0.0000000e+00
   0.0000000e+00
   0.0000000e+00
   0.0000000e+00
   1.1945968e-06
   4.0569618e-04
   9.9481950e-04
   1.4969605e-04
   0.0000000e+00
   0.0000000e+00
   0.0000000e+00
   0.0000000e+00
   0.0000000e+00
   0.0000000e+00
   0.0000000e+00
   0.0000000e+00
   0.0000000e+00
   0.0000000e+00
   0.0000000e+00
   0.0000000e+00
   0.0000000e+00
   0.0000000e+00
   0.0000000e+00
   0.0000000e+00
   0.0000000e+00
   0.0000000e+00
   0.0000000e+00
   0.0000000e+00
   0.0000000e+00
   0.0000000e+00
   0.0000000e+00
   0.0000000e+00
   0.0000000e+00
   0.0000000e+00
   0.0000000e+00
   0.0000000e+00
   0.0000000e+00
   0.0000000e+00
   0.0000000e+00
   0.0000000e+00
   0.0000000e+00
   0.0000000e+00
   0.0000000e+00
   0.0000000e+00
   0.0000000e+00
   0.0000000e+00
   0.0000000e+00
   0.0000000e+00
   0.0000000e+00
   0.0000000e+00
   0.0000000e+00
   0.0000000e+00
   0.0000000e+00
   0.0000000e+00
   0.0000000e+00
   0.0000000e+00
   0.0000000e+00
   0.0000000e+00
   0.0000000e+00
   0.0000000e+00
   0.0000000e+00
   0.0000000e+00
   0.0000000e+00
   0.0000000e+00
   0.0000000e+00
   0.0000000e+00
   0.0000000e+00
   0.0000000e+00
   0.0000000e+00
   0.0000000e+00
   0.0000000e+00
   0.0000000e+00
   0.0000000e+00
   0.0000000e+00
   0.0000000e+00
   0.0000000e+00
   0.0000000e+00
   0.0000000e+00
   0.0000000e+00
   0.0000000e+00
   0.0000000e+00
   0.0000000e+00
   0.0000000e+00
   0.0000000e+00
   0.0000000e+00
   0.0000000e+00
   0.0000000e+00
   0.0000000e+00
   0.0000000e+00
   0.0000000e+00
   0.0000000e+00
   0.0000000e+00
   0.0000000e+00
   0.0000000e+00
   0.0000000e+00
   0.0000000e+00
   0.0000000e+00
   0.0000000e+00
   0.0000000e+00
   0.0000000e+00
   0.0000000e+00
   0.0000000e+00
   0.0000000e+00
   0.0000000e+00
   0.0000000e+00
   0.0000000e+00
   0.0000000e+00
   0.0000000e+00
   0.0000000e+00
   0.0000000e+00
   0.0000000e+00
   0.0000000e+00
   0.0000000e+00
   0.0000000e+00
   0.0000000e+00
   0.0000000e+00
   0.0000000e+00
   0.0000000e+00
   0.0000000e+00
   0.0000000e+00
   0.0000000e+00
   0.0000000e+00
   0.0000000e+00
   0.0000000e+00
   0.0000000e+00
   0.0000000e+00
   0.0000000e+00
   0.0000000e+00
   0.0000000e+00
   0.0000000e+00
   0.0000000e+00
   0.0000000e+00
   0.0000000e+00
   0.0000000e+00
   0.0000000e+00
   0.0000000e+00
   0.0000000e+00
   0.0000000e+00
   0.0000000e+00
   0.0000000e+00
   0.0000000e+00
   0.0000000e+00
   0.0000000e+00
   0.0000000e+00
   0.0000000e+00
   0.0000000e+00
   0.0000000e+00
   0.0000000e+00
   0.0000000e+00
   0.0000000e+00
   0.0000000e+00
   0.0000000e+00
   0.0000000e+00
   0.0000000e+00
   0.0000000e+00
   0.0000000e+00
   0.0000000e+00
   0.0000000e+00
   0.0000000e+00
   0.0000000e+00
   0.0000000e+00
   0.0000000e+00
   0.0000000e+00
   0.0000000e+00
   0.0000000e+00
   0.0000000e+00
   0.0000000e+00
   0.0000000e+00
   0.0000000e+00
   0.0000000e+00
   0.0000000e+00
   0.0000000e+00
   0.0000000e+00
   0.0000000e+00
   0.0000000e+00
   0.0000000e+00
   0.0000000e+00
   0.0000000e+00
   0.0000000e+00
   0.0000000e+00
   0.0000000e+00
   0.0000000e+00
   0.0000000e+00
   0.0000000e+00
   0.0000000e+00
   0.0000000e+00
   0.0000000e+00
   0.0000000e+00
   0.0000000e+00
   0.0000000e+00
   0.0000000e+00
   0.0000000e+00
   0.0000000e+00
   0.0000000e+00
   0.0000000e+00
   0.0000000e+00
   0.0000000e+00
   0.0000000e+00
   0.0000000e+00
   0.0000000e+00
   0.0000000e+00
   0.0000000e+00
   0.0000000e+00
   0.0000000e+00
   0.0000000e+00
   0.0000000e+00
   0.0000000e+00
   0.0000000e+00
   0.0000000e+00
   0.0000000e+00
   0.0000000e+00
   0.0000000e+00
   0.0000000e+00
   0.0000000e+00
   0.0000000e+00
   0.0000000e+00
   0.0000000e+00
   0.0000000e+00
   0.0000000e+00
   0.0000000e+00
   0.0000000e+00
   0.0000000e+00
   0.0000000e+00
   0.0000000e+00
   0.0000000e+00
   0.0000000e+00
   0.0000000e+00
   0.0000000e+00
   0.0000000e+00
   0.0000000e+00
   0.0000000e+00
   0.0000000e+00
   0.0000000e+00
   0.0000000e+00
   0.0000000e+00
   0.0000000e+00
   0.0000000e+00
   0.0000000e+00
   0.0000000e+00
   0.0000000e+00
   0.0000000e+00
   0.0000000e+00
   0.0000000e+00
   0.0000000e+00
   0.0000000e+00
   0.0000000e+00
   0.0000000e+00
   0.0000000e+00
   0.0000000e+00
   0.0000000e+00
