   1.5823737e-05
   8.7518062e-05
   1.4122690e-03
  -8.3123806e-05
  -1.0527769e-03
   2.7893983e-03
  -6.4985396e-04
  -3.8907039e-03
   4.4298520e-03
   3.0734524e-03
  -2.7589393e-03
   4.6866086e-05
   2.4413199e-03
  -1.9851284e-03
   7.1316422e-03
  -8.5943265e-03
   1.2035136e-03
   6.6654192e-03
  -5.2284179e-03
  -1.2562479e-04
   2.0139045e-02
   1.9115206e-02
   1.6706984e-02
   2.0070840e-02
   2.0679180e-02
   1.5631952e-02
   1.9843751e-02
   2.4462133e-02
   1.4072206e-02
   1.4899772e-02
   2.4274725e-02
   1.8594492e-02
   1.9065676e-02
   1.6406072e-02
   1.7641773e-02
   2.2605451e-02
   2.6951726e-02
   2.9758435e-03
   2.9859618e-02
   5.2687096e-03
   5.6507013e-02
   6.2439499e-02
   6.1568421e-02
   5.8644501e-02
   5.8737418e-02
   6.3190697e-02
   5.9737897e-02
   4.9084144e-02
   7.2580426e-02
   6.8017835e-02
   4.8729159e-02
   6.2717986e-02
   5.6768843e-02
   7.0466290e-02
   5.6173817e-02
   5.9926906e-02
   4.2997831e-02
   8.2757304e-02
   7.5514614e-02
   6.6141361e-03
   1.2385296e-01
   1.0055782e-01
   1.2273896e-01
   1.1471220e-01
   1.1967714e-01
   1.1005663e-01
   1.1819390e-01
   1.2669400e-01
   9.9161458e-02
   1.0414954e-01
   1.3767405e-01
   1.1086438e-01
   1.2056483e-01
   1.0194445e-01
   1.2313107e-01
   1.1204701e-01
   1.4803762e-01
   8.9764702e-02
   2.1570897e-02
   1.2045018e-03
   1.4668194e-01
   2.2733570e-01
   1.5607816e-01
   1.8718083e-01
   1.7081681e-01
   2.0226841e-01
   1.6147330e-01
   1.7170670e-01
   1.8787368e-01
   2.5219450e-01
   3.9074759e-02
   2.1045911e-01
   1.6332123e-01
   2.2060914e-01
   1.5327381e-01
   2.0868280e-01
   6.5776693e-02
   9.7554971e-03
   8.7474471e-05
   9.6809732e-09
   7.3673951e-02
   2.6847144e-01
   1.7625801e-01
   3.5750960e-01
   1.7238886e-01
   6.2579833e-02
   3.3793643e-01
   2.3864270e-01
   8.2375144e-02
   2.4792824e-01
   5.8400957e-02
   2.3068725e-01
   2.4823323e-01
   1.1965919e-01
   2.6870695e-01
   2.1148980e-01
   5.9397566e-03
   2.2893634e-07
   0.0000000e+00
   0.0000000e+00
   1.0958892e-02
   3.1615431e-01
   3.3795097e-01
   2.4761135e-01
   9.1142823e-02
   3.5147132e-03
   7.7339237e-02
   8.1218055e-02
   4.8477876e-03
   4.3777608e-03
   1.1482467e-03
   6.7489978e-03
   7.4338853e-03
   4.9641811e-02
   3.7848710e-01
   1.7883107e-01
   1.3625754e-03
   0.0000000e+00
   0.0000000e+00
   0.0000000e+00
   6.5514947e-04
   1.7941073e-02
   1.7988158e-02
   5.6983515e-03
   1.3203934e-03
   5.3809673e-06
   0.0000000e+00
   0.0000000e+00
   0.0000000e+00
   0.0000000e+00
   0.0000000e+00
   0.0000000e+00
   0.0000000e+00
   1.0491401e-03
   7.7539300e-03
   3.4753849e-03
   1.6394409e-05
   0.0000000e+00
   0.0000000e+00
   0.0000000e+00
   0.0000000e+00
   0.0000000e+00
   0.0000000e+00
   0.0000000e+00
   0.0000000e+00
   0.0000000e+00
   0.0000000e+00
   0.0000000e+00
   0.0000000e+00
   0.0000000e+00
   0.0000000e+00
   0.0000000e+00
   0.0000000e+00
   0.0000000e+00
   0.0000000e+00
   0.0000000e+00
   0.0000000e+00
   0.0000000e+00
   0.0000000e+00
   0.0000000e+00
   0.0000000e+00
   0.0000000e+00
   0.0000000e+00
   0.0000000e+00
   0.0000000e+00
   0.0000000e+00
   0.0000000e+00
   0.0000000e+00
   0.0000000e+00
   0.0000000e+00
   0.0000000e+00
   0.0000000e+00
   0.0000000e+00
   0.0000000e+00
   0.0000000e+00
   0.0000000e+00
   0.0000000e+00
   0.0000000e+00
   0.0000000e+00
   0.0000000e+00
   0.0000000e+00
   0.0000000e+00
   0.0000000e+00
   0.0000000e+00
   0.0000000e+00
   0.0000000e+00
   0.0000000e+00
   0.0000000e+00
   0.0000000e+00
   0.0000000e+00
   0.0000000e+00
   0.0000000e+00
   0.0000000e+00
   0.0000000e+00
   0.0000000e+00
   0.0000000e+00
   0.0000000e+00
   0.0000000e+00
   0.0000000e+00
   0.0000000e+00
   0.0000000e+00
   0.0000000e+00
   0.0000000e+00
   0.0000000e+00
   0.0000000e+00
   0.0000000e+00
   0.0000000e+00
   0.0000000e+00
   0.0000000e+00
   0.0000000e+00
   0.0000000e+00
   0.0000000e+00
   0.0000000e+00
   0.0000000e+00
   0.0000000e+00
   0.0000000e+00
   0.0000000e+00
   0.0000000e+00
   0.0000000e+00
   0.0000000e+00
   0.0000000e+00
   0.0000000e+00
   0.0000000e+00
   0.0000000e+00
   0.0000000e+00
   0.0000000e+00
   0.0000000e+00
   0.0000000e+00
   0.0000000e+00
   0.0000000e+00
   0.0000000e+00
   0.0000000e+00
   0.0000000e+00
   0.0000000e+00
   0.0000000e+00
   0.0000000e+00
   0.0000000e+00
   0.0000000e+00
   0.0000000e+00
   0.0000000e+00
   0.0000000e+00
   0.0000000e+00
   0.0000000e+00
   0.0000000e+00
   0.0000000e+00
   0.0000000e+00
   0.0000000e+00
   0.0000000e+00
   0.0000000e+00
   0.0000000e+00
   0.0000000e+00
   0.0000000e+00
   0.0000000e+00
   0.0000000e+00
   0.0000000e+00
   0.0000000e+00
   0.0000000e+00
   0.0000000e+00
   0.0000000e+00
   0.0000000e+00
   0.0000000e+00
   0.0000000e+00
   0.0000000e+00
   0.0000000e+00
   0.0000000e+00
   0.0000000e+00
   0.0000000e+00
   0.0000000e+00
   0.0000000e+00
   0.0000000e+00
   0.0000000e+00
   0.0000000e+00
   0.0000000e+00
   0.0000000e+00
   0.0000000e+00
   0.0000000e+00
   0.0000000e+00
   0.0000000e+00
   0.0000000e+00
   0.0000000e+00
   0.0000000e+00
   0.0000000e+00
   0.0000000e+00
   0.0000000e+00
   0.0000000e+00
   0.0000000e+00
   0.0000000e+00
   0.0000000e+00
   0.0000000e+00
   0.0000000e+00
   0.0000000e+00
   0.0000000e+00
   0.0000000e+00
   0.0000000e+00
   0.0000000e+00
   0.0000000e+00
   0.0000000e+00
   0.0000000e+00
   0.0000000e+00
   0.0000000e+00
   0.0000000e+00
   0.0000000e+00
   0.0000000e+00
   0.0000000e+00
   0.0000000e+00
   0.0000000e+00
   0.0000000e+00
   0.0000000e+00
   0.0000000e+00
   0.0000000e+00
   0.0000000e+00
   0.0000000e+00
   0.0000000e+00
   0.0000000e+00
   0.0000000e+00
   0.0000000e+00
   0.0000000e+00
   0.0000000e+00
   0.0000000e+00
   0.0000000e+00
   0.0000000e+00
   0.0000000e+00
   0.0000000e+00
   0.0000000e+00
   0.0000000e+00
   0.0000000e+00
   0.0000000e+00
   0.0000000e+00
   0.0000000e+00
   0.0000000e+00
   0.0000000e+00
   0.0000000e+00
   0.0000000e+00
   0.0000000e+00
   0.0000000e+00
   0.0000000e+00
   0.0000000e+00
   0.0000000e+00
   0.0000000e+00
   0.0000000e+00
   0.0000000e+00
   0.0000000e+00
   0.0000000e+00
   0.0000000e+00
   0.0000000e+00
   0.0000000e+00
   0.0000000e+00
   0.0000000e+00
   0.0000000e+00
   0.0000000e+00
   0.0000000e+00
   0.0000000e+00
   0.0000000e+00
   0.0000000e+00
   0.0000000e+00
   0.0000000e+00
   0.0000000e+00
   0.0000000e+00
   0.0000000e+00
   0.0000000e+00
   0.0000000e+00
   0.0000000e+00
   0.0000000e+00
   0.0000000e+00
   0.0000000e+00
   0.0000000e+00
   0.0000000e+00
   0.0000000e+00
   0.0000000e+00
   0.0000000e+00
   0.0000000e+00
   0.0000000e+00
   0.0000000e+00
   0.0000000e+00
   0.0000000e+00
   0.0000000e+00
   0.0000000e+00
   0.0000000e+00
   0.0000000e+00
   0.0000000e+00
