  -1.0018128e-02
   2.6439734e-03
  -1.4170314e-03
   2.9281379e-03
   2.0080499e-03
  -1.0343492e-02
  -1.8482315e-03
   1.3670068e-03
  -3.7665620e-03
   9.8190911e-03
  -4.9547159e-03
   3.5308636e-03
   6.7052882e-04
  -2.6250937e-04
   6.9838214e-04
  -2.2225332e-03
  -4.6127298e-03
   1.0279089e-02
  -3.9508792e-03
  -5.8945876e-04
   1.9855696e-02
   1.9992706e-02
   1.6460728e-02
   1.2164211e-02
   2.4112124e-02
   2.0482829e-02
   2.3653466e-02
   2.0150871e-02
   2.6422013e-02
   9.0632848e-03
   2.0260110e-02
   1.6775419e-02
   2.2358182e-02
   1.7598078e-02
   2.1327980e-02
   1.9537889e-02
   2.5880991e-02
   1.3119714e-02
   2.0149000e-02
   1.5953152e-03
   7.5744547e-02
   5.4525714e-02
   6.7960309e-02
   6.6581711e-02
   5.2415581e-02
   5.7103546e-02
   5.6109299e-02
   5.3309360e-02
   4.8571153e-02
   7.2376735e-02
   6.3959412e-02
   6.1809526e-02
   5.4204685e-02
   6.2500624e-02
   5.6219280e-02
   5.8141063e-02
   5.3490498e-02
   5.7677188e-02
   7.9849905e-02
   4.1513450e-03
   1.9113188e-02
   1.3794359e-01
   9.2837263e-02
   1.1084124e-01
   1.2355978e-01
   1.2380274e-01
   1.1568454e-01
   1.3229244e-01
   1.2526884e-01
   1.0642388e-01
   9.7010342e-02
   1.1746332e-01
   1.2071499e-01
   1.1484508e-01
   1.1784465e-01
   1.2160649e-01
   1.1472100e-01
   1.3882689e-01
   6.2964327e-02
   1.0305914e-03
   1.3362646e-03
   1.1504506e-01
   2.3662080e-01
   2.1348923e-01
   1.5672830e-01
   1.5527022e-01
   1.8487697e-01
   1.3151316e-01
   1.7665896e-01
   1.8968714e-01
   2.5378919e-01
   1.5920325e-01
   1.8444090e-01
   1.6947572e-01
   1.9677327e-01
   1.5981928e-01
   1.8846227e-01
   1.1902029e-01
   4.8725840e-03
   0.0000000e+00
   3.7974368e-05
   5.9221892e-03
   4.7947660e-02
   7.6946112e-02
   3.3509768e-01
   2.5483554e-01
   2.5596372e-01
   2.6232526e-01
   2.4252206e-01
   1.7683566e-01
   1.5551369e-01
   2.5880259e-02
   2.0595717e-01
   3.1729620e-01
   3.7216783e-02
   4.2223795e-02
   3.3538790e-01
   1.5481221e-01
   8.8766339e-04
   0.0000000e+00
   0.0000000e+00
   0.0000000e+00
   0.0000000e+00
   1.4481628e-02
   2.2485818e-01
   2.3819486e-01
   2.9396105e-01
   3.2775569e-01
   2.7540925e-01
   1.3510845e-02
   1.8395245e-03
   4.3706317e-04
   1.9272321e-02
   3.0568627e-02
   2.7126785e-03
   3.5322911e-03
   2.4502130e-02
   1.0357446e-02
   5.5742879e-05
   0.0000000e+00
   0.0000000e+00
   0.0000000e+00
   0.0000000e+00
   3.0724028e-04
   4.8202591e-03
   7.4979421e-03
   1.2419968e-02
   1.5336272e-02
   1.3282894e-02
   5.8393524e-04
   0.0000000e+00
   0.0000000e+00
   0.0000000e+00
   0.0000000e+00
   0.0000000e+00
   0.0000000e+00
   0.0000000e+00
   0.0000000e+00
   0.0000000e+00
   0.0000000e+00
   0.0000000e+00
   0.0000000e+00
   0.0000000e+00
   0.0000000e+00
   0.0000000e+00
   0.0000000e+00
   0.0000000e+00
   0.0000000e+00
   0.0000000e+00
   0.0000000e+00
   0.0000000e+00
   0.0000000e+00
   0.0000000e+00
   0.0000000e+00
   0.0000000e+00
   0.0000000e+00
   0.0000000e+00
   0.0000000e+00
   0.0000000e+00
   0.0000000e+00
   0.0000000e+00
   0.0000000e+00
   0.0000000e+00
   0.0000000e+00
   0.0000000e+00
   0.0000000e+00
   0.0000000e+00
   0.0000000e+00
   0.0000000e+00
   0.0000000e+00
   0.0000000e+00
   0.0000000e+00
   0.0000000e+00
   0.0000000e+00
   0.0000000e+00
   0.0000000e+00
   0.0000000e+00
   0.0000000e+00
   0.0000000e+00
   0.0000000e+00
   0.0000000e+00
   0.0000000e+00
   0.0000000e+00
   0.0000000e+00
   0.0000000e+00
   0.0000000e+00
   0.0000000e+00
   0.0000000e+00
   0.0000000e+00
   0.0000000e+00
   0.0000000e+00
   0.0000000e+00
   0.0000000e+00
   0.0000000e+00
   0.0000000e+00
   0.0000000e+00
   0.0000000e+00
   0.0000000e+00
   0.0000000e+00
   0.0000000e+00
   0.0000000e+00
   0.0000000e+00
   0.0000000e+00
   0.0000000e+00
   0.0000000e+00
   0.0000000e+00
   0.0000000e+00
   0.0000000e+00
   0.0000000e+00
   0.0000000e+00
   0.0000000e+00
   0.0000000e+00
   0.0000000e+00
   0.0000000e+00
   0.0000000e+00
   0.0000000e+00
   0.0000000e+00
   0.0000000e+00
   0.0000000e+00
   0.0000000e+00
   0.0000000e+00
   0.0000000e+00
   0.0000000e+00
   0.0000000e+00
   0.0000000e+00
   0.0000000e+00
   0.0000000e+00
   0.0000000e+00
   0.0000000e+00
   0.0000000e+00
   0.0000000e+00
   0.0000000e+00
   0.0000000e+00
   0.0000000e+00
   0.0000000e+00
   0.0000000e+00
   0.0000000e+00
   0.0000000e+00
   0.0000000e+00
   0.0000000e+00
   0.0000000e+00
   0.0000000e+00
   0.0000000e+00
   0.0000000e+00
   0.0000000e+00
   0.0000000e+00
   0.0000000e+00
   0.0000000e+00
   0.0000000e+00
   0.0000000e+00
   0.0000000e+00
   0.0000000e+00
   0.0000000e+00
   0.0000000e+00
   0.0000000e+00
   0.0000000e+00
   0.0000000e+00
   0.0000000e+00
   0.0000000e+00
   0.0000000e+00
   0.0000000e+00
   0.0000000e+00
   0.0000000e+00
   0.0000000e+00
   0.0000000e+00
   0.0000000e+00
   0.0000000e+00
   0.0000000e+00
   0.0000000e+00
   0.0000000e+00
   0.0000000e+00
   0.0000000e+00
   0.0000000e+00
   0.0000000e+00
   0.0000000e+00
   0.0000000e+00
   0.0000000e+00
   0.0000000e+00
   0.0000000e+00
   0.0000000e+00
   0.0000000e+00
   0.0000000e+00
   0.0000000e+00
   0.0000000e+00
   0.0000000e+00
   0.0000000e+00
   0.0000000e+00
   0.0000000e+00
   0.0000000e+00
   0.0000000e+00
   0.0000000e+00
   0.0000000e+00
   0.0000000e+00
   0.0000000e+00
   0.0000000e+00
   0.0000000e+00
   0.0000000e+00
   0.0000000e+00
   0.0000000e+00
   0.0000000e+00
   0.0000000e+00
   0.0000000e+00
   0.0000000e+00
   0.0000000e+00
   0.0000000e+00
   0.0000000e+00
   0.0000000e+00
   0.0000000e+00
   0.0000000e+00
   0.0000000e+00
   0.0000000e+00
   0.0000000e+00
   0.0000000e+00
   0.0000000e+00
   0.0000000e+00
   0.0000000e+00
   0.0000000e+00
   0.0000000e+00
   0.0000000e+00
   0.0000000e+00
   0.0000000e+00
   0.0000000e+00
   0.0000000e+00
   0.0000000e+00
   0.0000000e+00
   0.0000000e+00
   0.0000000e+00
   0.0000000e+00
   0.0000000e+00
   0.0000000e+00
   0.0000000e+00
   0.0000000e+00
   0.0000000e+00
   0.0000000e+00
   0.0000000e+00
   0.0000000e+00
   0.0000000e+00
   0.0000000e+00
   0.0000000e+00
   0.0000000e+00
   0.0000000e+00
   0.0000000e+00
   0.0000000e+00
   0.0000000e+00
   0.0000000e+00
   0.0000000e+00
   0.0000000e+00
   0.0000000e+00
   0.0000000e+00
   0.0000000e+00
   0.0000000e+00
   0.0000000e+00
   0.0000000e+00
   0.0000000e+00
   0.0000000e+00
   0.0000000e+00
   0.0000000e+00
   0.0000000e+00
   0.0000000e+00
   0.0000000e+00
   0.0000000e+00
   0.0000000e+00
   0.0000000e+00
   0.0000000e+00
   0.0000000e+00
   0.0000000e+00
   0.0000000e+00
   0.0000000e+00
   0.0000000e+00
   0.0000000e+00
   0.0000000e+00
   0.0000000e+00
   0.0000000e+00
   0.0000000e+00
   0.0000000e+00
   0.0000000e+00
   0.0000000e+00
   0.0000000e+00
   0.0000000e+00
   0.0000000e+00
