  -3.0928862e-03
  -7.1459658e-03
   1.2812502e-02
   4.8886095e-03
  -7.2188888e-04
  -5.7538973e-05
  -1.1268174e-03
   4.1335171e-03
  -1.7780132e-05
  -2.2418149e-04
   6.2926700e-04
   1.9697229e-03
   7.6691139e-03
   2.0331126e-03
  -3.0623808e-04
   8.1324875e-04
  -3.0293019e-03
  -6.3250052e-03
  -1.4129484e-04
   1.1108425e-04
   3.0077158e-02
   2.3211420e-02
   5.7221297e-03
   1.6347022e-02
   1.7507291e-02
   2.1963580e-02
   1.9948910e-02
   1.7105548e-02
   1.5956145e-02
   2.0553086e-02
   1.8194262e-02
   1.6421197e-02
   1.4125223e-02
   1.8707766e-02
   1.6862905e-02
   1.8911614e-02
   2.6369347e-02
   1.9094105e-02
   4.5066642e-02
   4.2186905e-03
   4.9216860e-02
   6.1325737e-02
   7.7934688e-02
   6.6137625e-02
   5.9020217e-02
   5.3697246e-02
   5.9003781e-02
   6.1303628e-02
   6.3181079e-02
   5.7085870e-02
   6.1697862e-02
   6.1045595e-02
   7.2126954e-02
   5.4256472e-02
   6.9660507e-02
   5.6718109e-02
   5.2827207e-02
   5.1034350e-02
   4.5969745e-02
   4.0418721e-03
   5.6589492e-02
   1.3973426e-01
   7.8848598e-02
   1.0905760e-01
   1.1641355e-01
   1.2825757e-01
   1.1715146e-01
   1.1557848e-01
   1.0916430e-01
   1.2329249e-01
   1.1156573e-01
   1.1534586e-01
   9.6218242e-02
   1.2805053e-01
   9.6293734e-02
   1.2788715e-01
   1.1592118e-01
   1.5844120e-01
   2.1957739e-02
   5.8605177e-04
   3.3389130e-02
   2.5272864e-01
   1.7976347e-01
   2.4045737e-01
   1.6548649e-01
   1.3883234e-01
   1.7973831e-01
   1.8459618e-01
   1.9442300e-01
   1.6108889e-01
   1.9274665e-01
   1.8347716e-01
   2.3295259e-01
   1.4596829e-01
   2.3567143e-01
   1.4891738e-01
   1.6750038e-01
   5.4183111e-02
   4.0056182e-03
   0.0000000e+00
   6.1737203e-03
   7.2156384e-02
   7.9330590e-02
   1.1112595e-01
   1.5826437e-01
   3.8945660e-01
   2.6050858e-01
   8.0966923e-02
   1.1375364e-01
   3.8829619e-01
   1.4238292e-01
   4.4183881e-02
   2.4905135e-01
   1.6753479e-01
   1.9094103e-01
   2.3332440e-01
   3.1956920e-01
   3.1436604e-02
   0.0000000e+00
   0.0000000e+00
   0.0000000e+00
   1.4731387e-11
   1.7658089e-05
   1.2706252e-04
   3.3187621e-02
   1.7058224e-01
   5.8377865e-02
   1.0070100e-03
   6.9692852e-02
   3.0239896e-01
   8.2003302e-02
   9.1863333e-04
   8.9381217e-03
   5.7321416e-03
   3.7710441e-03
   2.4759443e-02
   3.9534526e-02
   3.6554147e-03
   0.0000000e+00
   0.0000000e+00
   0.0000000e+00
   0.0000000e+00
   0.0000000e+00
   0.0000000e+00
   3.4736084e-04
   1.8416200e-03
   6.0799562e-04
   3.8040638e-07
   2.1919240e-03
   9.5109893e-03
   2.5790582e-03
   4.7443141e-08
   0.0000000e+00
   0.0000000e+00
   0.0000000e+00
   0.0000000e+00
   0.0000000e+00
   0.0000000e+00
   0.0000000e+00
   0.0000000e+00
   0.0000000e+00
   0.0000000e+00
   0.0000000e+00
   0.0000000e+00
   0.0000000e+00
   0.0000000e+00
   0.0000000e+00
   0.0000000e+00
   0.0000000e+00
   0.0000000e+00
   0.0000000e+00
   0.0000000e+00
   0.0000000e+00
   0.0000000e+00
   0.0000000e+00
   0.0000000e+00
   0.0000000e+00
   0.0000000e+00
   0.0000000e+00
   0.0000000e+00
   0.0000000e+00
   0.0000000e+00
   0.0000000e+00
   0.0000000e+00
   0.0000000e+00
   0.0000000e+00
   0.0000000e+00
   0.0000000e+00
   0.0000000e+00
   0.0000000e+00
   0.0000000e+00
   0.0000000e+00
   0.0000000e+00
   0.0000000e+00
   0.0000000e+00
   0.0000000e+00
   0.0000000e+00
   0.0000000e+00
   0.0000000e+00
   0.0000000e+00
   0.0000000e+00
   0.0000000e+00
   0.0000000e+00
   0.0000000e+00
   0.0000000e+00
   0.0000000e+00
   0.0000000e+00
   0.0000000e+00
   0.0000000e+00
   0.0000000e+00
   0.0000000e+00
   0.0000000e+00
   0.0000000e+00
   0.0000000e+00
   0.0000000e+00
   0.0000000e+00
   0.0000000e+00
   0.0000000e+00
   0.0000000e+00
   0.0000000e+00
   0.0000000e+00
   0.0000000e+00
   0.0000000e+00
   0.0000000e+00
   0.0000000e+00
   0.0000000e+00
   0.0000000e+00
   0.0000000e+00
   0.0000000e+00
   0.0000000e+00
   0.0000000e+00
   0.0000000e+00
   0.0000000e+00
   0.0000000e+00
   0.0000000e+00
   0.0000000e+00
   0.0000000e+00
   0.0000000e+00
   0.0000000e+00
   0.0000000e+00
   0.0000000e+00
   0.0000000e+00
   0.0000000e+00
   0.0000000e+00
   0.0000000e+00
   0.0000000e+00
   0.0000000e+00
   0.0000000e+00
   0.0000000e+00
   0.0000000e+00
   0.0000000e+00
   0.0000000e+00
   0.0000000e+00
   0.0000000e+00
   0.0000000e+00
   0.0000000e+00
   0.0000000e+00
   0.0000000e+00
   0.0000000e+00
   0.0000000e+00
   0.0000000e+00
   0.0000000e+00
   0.0000000e+00
   0.0000000e+00
   0.0000000e+00
   0.0000000e+00
   0.0000000e+00
   0.0000000e+00
   0.0000000e+00
   0.0000000e+00
   0.0000000e+00
   0.0000000e+00
   0.0000000e+00
   0.0000000e+00
   0.0000000e+00
   0.0000000e+00
   0.0000000e+00
   0.0000000e+00
   0.0000000e+00
   0.0000000e+00
   0.0000000e+00
   0.0000000e+00
   0.0000000e+00
   0.0000000e+00
   0.0000000e+00
   0.0000000e+00
   0.0000000e+00
   0.0000000e+00
   0.0000000e+00
   0.0000000e+00
   0.0000000e+00
   0.0000000e+00
   0.0000000e+00
   0.0000000e+00
   0.0000000e+00
   0.0000000e+00
   0.0000000e+00
   0.0000000e+00
   0.0000000e+00
   0.0000000e+00
   0.0000000e+00
   0.0000000e+00
   0.0000000e+00
   0.0000000e+00
   0.0000000e+00
   0.0000000e+00
   0.0000000e+00
   0.0000000e+00
   0.0000000e+00
   0.0000000e+00
   0.0000000e+00
   0.0000000e+00
   0.0000000e+00
   0.0000000e+00
   0.0000000e+00
   0.0000000e+00
   0.0000000e+00
   0.0000000e+00
   0.0000000e+00
   0.0000000e+00
   0.0000000e+00
   0.0000000e+00
   0.0000000e+00
   0.0000000e+00
   0.0000000e+00
   0.0000000e+00
   0.0000000e+00
   0.0000000e+00
   0.0000000e+00
   0.0000000e+00
   0.0000000e+00
   0.0000000e+00
   0.0000000e+00
   0.0000000e+00
   0.0000000e+00
   0.0000000e+00
   0.0000000e+00
   0.0000000e+00
   0.0000000e+00
   0.0000000e+00
   0.0000000e+00
   0.0000000e+00
   0.0000000e+00
   0.0000000e+00
   0.0000000e+00
   0.0000000e+00
   0.0000000e+00
   0.0000000e+00
   0.0000000e+00
   0.0000000e+00
   0.0000000e+00
   0.0000000e+00
   0.0000000e+00
   0.0000000e+00
   0.0000000e+00
   0.0000000e+00
   0.0000000e+00
   0.0000000e+00
   0.0000000e+00
   0.0000000e+00
   0.0000000e+00
   0.0000000e+00
   0.0000000e+00
   0.0000000e+00
   0.0000000e+00
   0.0000000e+00
   0.0000000e+00
   0.0000000e+00
   0.0000000e+00
   0.0000000e+00
   0.0000000e+00
   0.0000000e+00
   0.0000000e+00
   0.0000000e+00
   0.0000000e+00
   0.0000000e+00
   0.0000000e+00
   0.0000000e+00
   0.0000000e+00
   0.0000000e+00
   0.0000000e+00
   0.0000000e+00
   0.0000000e+00
   0.0000000e+00
   0.0000000e+00
   0.0000000e+00
   0.0000000e+00
   0.0000000e+00
   0.0000000e+00
   0.0000000e+00
   0.0000000e+00
   0.0000000e+00
   0.0000000e+00
   0.0000000e+00
   0.0000000e+00
   0.0000000e+00
   0.0000000e+00
   0.0000000e+00
   0.0000000e+00
   0.0000000e+00
