   8.5004370e-05
  -1.1837903e-03
  -1.6663609e-03
   1.6108360e-03
  -7.6766182e-04
  -3.5954381e-03
   7.7382576e-05
   6.8445042e-04
   4.6441259e-04
   7.1652624e-04
  -8.5635818e-04
   1.2177967e-03
  -1.4116752e-04
  -3.0872771e-04
  -4.1536506e-05
   6.1547858e-04
  -7.9575362e-04
   3.7432371e-03
  -2.1123349e-04
   9.5136398e-04
   4.4279691e-03
   2.4703426e-02
   2.2995235e-02
   5.0689879e-03
   2.9113918e-02
   2.4480949e-02
   1.8244607e-02
   1.8408081e-02
   1.7265595e-02
   1.9591858e-02
   2.0297065e-02
   1.9065697e-02
   1.8976008e-02
   2.1137225e-02
   1.9039798e-02
   1.8879149e-02
   2.0418198e-02
   1.4472676e-02
   2.0559319e-02
   2.6134001e-03
   6.5871796e-02
   4.8287503e-02
   5.6596007e-02
   7.3747594e-02
   5.0339766e-02
   4.9108175e-02
   6.2615429e-02
   6.0631470e-02
   6.2956912e-02
   5.8958694e-02
   5.7440310e-02
   5.9307149e-02
   6.1039581e-02
   5.4535189e-02
   6.0890551e-02
   5.8087314e-02
   6.0807998e-02
   6.0675238e-02
   7.9823380e-02
   5.6335437e-03
   1.1919311e-01
   1.2949397e-01
   1.2321123e-01
   9.9365628e-02
   1.2494873e-01
   1.3130399e-01
   1.1168662e-01
   1.1141104e-01
   1.1310641e-01
   1.1657640e-01
   1.2018988e-01
   1.1750383e-01
   1.1149809e-01
   1.2849811e-01
   1.1212143e-01
   1.2189110e-01
   1.0715896e-01
   1.2737507e-01
   4.0778258e-02
   1.3660895e-03
   1.1244793e-01
   1.7542657e-01
   1.1823482e-01
   2.4407590e-01
   1.6994764e-01
   1.0456434e-01
   2.1798891e-01
   1.9514482e-01
   1.8227883e-01
   1.8192189e-01
   1.6518183e-01
   1.8047903e-01
   1.9575813e-01
   1.5042018e-01
   1.9038851e-01
   1.7292340e-01
   1.8817887e-01
   2.0025289e-01
   2.0716363e-02
   0.0000000e+00
   2.7313306e-01
   3.3033821e-01
   1.2772318e-01
   2.7128540e-01
   1.4036306e-01
   2.8102463e-01
   8.9547812e-02
   3.5288486e-02
   2.1900377e-01
   2.0161462e-01
   3.3508103e-01
   1.2158750e-01
   3.3343700e-02
   1.5879404e-01
   1.4597883e-01
   3.4522260e-01
   1.1343663e-01
   1.7035323e-02
   1.3474732e-03
   0.0000000e+00
   4.8845688e-02
   5.9054003e-02
   1.4311033e-02
   1.7259037e-02
   1.2252060e-01
   4.3488863e-01
   9.9522658e-02
   1.2502654e-02
   3.0672653e-01
   3.8323891e-01
   1.8222344e-01
   2.2457386e-02
   7.7332748e-02
   4.9350267e-01
   2.0695374e-01
   5.8596380e-02
   1.6330289e-02
   8.5908408e-07
   0.0000000e+00
   0.0000000e+00
   0.0000000e+00
   0.0000000e+00
   0.0000000e+00
   1.9225649e-07
   9.9078927e-03
   3.6468543e-02
   8.3878625e-03
   9.2505647e-04
   2.3677199e-02
   2.6347573e-02
   3.8377256e-03
   3.2323219e-04
   1.5537608e-02
   9.9187887e-02
   3.8996327e-02
   9.3125353e-05
   0.0000000e+00
   0.0000000e+00
   0.0000000e+00
   0.0000000e+00
   0.0000000e+00
   0.0000000e+00
   0.0000000e+00
   0.0000000e+00
   0.0000000e+00
   0.0000000e+00
   0.0000000e+00
   0.0000000e+00
   0.0000000e+00
   0.0000000e+00
   0.0000000e+00
   0.0000000e+00
   0.0000000e+00
   0.0000000e+00
   0.0000000e+00
   0.0000000e+00
   0.0000000e+00
   0.0000000e+00
   0.0000000e+00
   0.0000000e+00
   0.0000000e+00
   0.0000000e+00
   0.0000000e+00
   0.0000000e+00
   0.0000000e+00
   0.0000000e+00
   0.0000000e+00
   0.0000000e+00
   0.0000000e+00
   0.0000000e+00
   0.0000000e+00
   0.0000000e+00
   0.0000000e+00
   0.0000000e+00
   0.0000000e+00
   0.0000000e+00
   0.0000000e+00
   0.0000000e+00
   0.0000000e+00
   0.0000000e+00
   0.0000000e+00
   0.0000000e+00
   0.0000000e+00
   0.0000000e+00
   0.0000000e+00
   0.0000000e+00
   0.0000000e+00
   0.0000000e+00
   0.0000000e+00
   0.0000000e+00
   0.0000000e+00
   0.0000000e+00
   0.0000000e+00
   0.0000000e+00
   0.0000000e+00
   0.0000000e+00
   0.0000000e+00
   0.0000000e+00
   0.0000000e+00
   0.0000000e+00
   0.0000000e+00
   0.0000000e+00
   0.0000000e+00
   0.0000000e+00
   0.0000000e+00
   0.0000000e+00
   0.0000000e+00
   0.0000000e+00
   0.0000000e+00
   0.0000000e+00
   0.0000000e+00
   0.0000000e+00
   0.0000000e+00
   0.0000000e+00
   0.0000000e+00
   0.0000000e+00
   0.0000000e+00
   0.0000000e+00
   0.0000000e+00
   0.0000000e+00
   0.0000000e+00
   0.0000000e+00
   0.0000000e+00
   0.0000000e+00
   0.0000000e+00
   0.0000000e+00
   0.0000000e+00
   0.0000000e+00
   0.0000000e+00
   0.0000000e+00
   0.0000000e+00
   0.0000000e+00
   0.0000000e+00
   0.0000000e+00
   0.0000000e+00
   0.0000000e+00
   0.0000000e+00
   0.0000000e+00
   0.0000000e+00
   0.0000000e+00
   0.0000000e+00
   0.0000000e+00
   0.0000000e+00
   0.0000000e+00
   0.0000000e+00
   0.0000000e+00
   0.0000000e+00
   0.0000000e+00
   0.0000000e+00
   0.0000000e+00
   0.0000000e+00
   0.0000000e+00
   0.0000000e+00
   0.0000000e+00
   0.0000000e+00
   0.0000000e+00
   0.0000000e+00
   0.0000000e+00
   0.0000000e+00
   0.0000000e+00
   0.0000000e+00
   0.0000000e+00
   0.0000000e+00
   0.0000000e+00
   0.0000000e+00
   0.0000000e+00
   0.0000000e+00
   0.0000000e+00
   0.0000000e+00
   0.0000000e+00
   0.0000000e+00
   0.0000000e+00
   0.0000000e+00
   0.0000000e+00
   0.0000000e+00
   0.0000000e+00
   0.0000000e+00
   0.0000000e+00
   0.0000000e+00
   0.0000000e+00
   0.0000000e+00
   0.0000000e+00
   0.0000000e+00
   0.0000000e+00
   0.0000000e+00
   0.0000000e+00
   0.0000000e+00
   0.0000000e+00
   0.0000000e+00
   0.0000000e+00
   0.0000000e+00
   0.0000000e+00
   0.0000000e+00
   0.0000000e+00
   0.0000000e+00
   0.0000000e+00
   0.0000000e+00
   0.0000000e+00
   0.0000000e+00
   0.0000000e+00
   0.0000000e+00
   0.0000000e+00
   0.0000000e+00
   0.0000000e+00
   0.0000000e+00
   0.0000000e+00
   0.0000000e+00
   0.0000000e+00
   0.0000000e+00
   0.0000000e+00
   0.0000000e+00
   0.0000000e+00
   0.0000000e+00
   0.0000000e+00
   0.0000000e+00
   0.0000000e+00
   0.0000000e+00
   0.0000000e+00
   0.0000000e+00
   0.0000000e+00
   0.0000000e+00
   0.0000000e+00
   0.0000000e+00
   0.0000000e+00
   0.0000000e+00
   0.0000000e+00
   0.0000000e+00
   0.0000000e+00
   0.0000000e+00
   0.0000000e+00
   0.0000000e+00
   0.0000000e+00
   0.0000000e+00
   0.0000000e+00
   0.0000000e+00
   0.0000000e+00
   0.0000000e+00
   0.0000000e+00
   0.0000000e+00
   0.0000000e+00
   0.0000000e+00
   0.0000000e+00
   0.0000000e+00
   0.0000000e+00
   0.0000000e+00
   0.0000000e+00
   0.0000000e+00
   0.0000000e+00
   0.0000000e+00
   0.0000000e+00
   0.0000000e+00
   0.0000000e+00
   0.0000000e+00
   0.0000000e+00
   0.0000000e+00
   0.0000000e+00
   0.0000000e+00
   0.0000000e+00
   0.0000000e+00
   0.0000000e+00
   0.0000000e+00
   0.0000000e+00
   0.0000000e+00
   0.0000000e+00
   0.0000000e+00
   0.0000000e+00
   0.0000000e+00
   0.0000000e+00
   0.0000000e+00
   0.0000000e+00
   0.0000000e+00
   0.0000000e+00
   0.0000000e+00
   0.0000000e+00
   0.0000000e+00
   0.0000000e+00
   0.0000000e+00
   0.0000000e+00
   0.0000000e+00
   0.0000000e+00
