  -3.7065865e-04
  -4.8355745e-03
   9.5676592e-04
  -3.7874059e-04
   3.9799333e-04
  -8.1281922e-04
  -1.5063893e-03
   6.1118379e-05
   1.9638706e-03
  -1.5872210e-03
   3.7912053e-03
  -9.2241650e-03
   2.4771957e-03
  -5.1515586e-03
   3.8358628e-03
   1.8129248e-03
   1.5622376e-04
  -8.5907497e-04
  -6.9945651e-03
  -3.4395940e-03
   2.1650313e-02
   2.5917288e-02
   1.7358047e-02
   2.0550318e-02
   1.9384002e-02
   1.9575079e-02
   2.1828621e-02
   1.8306230e-02
   1.5960572e-02
   1.8971460e-02
   1.8875498e-02
   2.1809019e-02
   2.4479278e-02
   2.2987016e-02
   1.8025795e-02
   8.8690620e-03
   2.0928205e-02
   1.8837811e-02
   3.7067878e-02
  -3.0733867e-04
   5.1649773e-02
   4.9075257e-02
   6.3721746e-02
   5.6212086e-02
   5.8978695e-02
   5.9547842e-02
   5.5554730e-02
   6.1006343e-02
   6.5452191e-02
   5.9518827e-02
   6.0086524e-02
   5.7805896e-02
   4.9051246e-02
   5.3754686e-02
   6.2973313e-02
   5.9890066e-02
   6.7366173e-02
   4.5872558e-02
   5.1513418e-02
   1.6807344e-03
   1.5289144e-01
   1.2922552e-01
   1.0903430e-01
   1.2538792e-01
   1.1727174e-01
   1.1551711e-01
   1.2237984e-01
   1.1519795e-01
   1.0886720e-01
   1.1644882e-01
   1.1657977e-01
   1.1405213e-01
   1.3896869e-01
   1.2246490e-01
   1.1227449e-01
   1.2364258e-01
   9.3104981e-02
   1.6317462e-01
   5.0720683e-02
   2.0886236e-04
   8.7577825e-02
   1.8290157e-01
   1.8287807e-01
   1.3894043e-01
   1.7799333e-01
   1.8270938e-01
   1.6667990e-01
   1.8216792e-01
   2.0752045e-01
   1.8500850e-01
   1.8147518e-01
   1.8162374e-01
   1.4031587e-01
   1.5848121e-01
   1.9205349e-01
   1.5477299e-01
   2.4537711e-01
   7.1797344e-02
   9.3436552e-03
   0.0000000e+00
   1.7478004e-03
   8.1900315e-02
   2.9695761e-01
   2.4490623e-01
   2.9548805e-01
   1.2859035e-01
   2.8441478e-01
   2.0085962e-01
   1.2624531e-01
   1.2631970e-01
   3.0899137e-01
   1.0789949e-01
   3.3143606e-03
   6.1877371e-02
   3.2620515e-01
   1.9782905e-01
   5.3006643e-02
   4.4636861e-03
   3.5827129e-06
   0.0000000e+00
   0.0000000e+00
   1.1362373e-01
   4.2547122e-01
   1.8377877e-01
   2.5947663e-02
   6.0099127e-02
   4.0670897e-01
   1.8395667e-01
   9.8392954e-04
   6.2689707e-02
   4.2849024e-01
   1.8082214e-01
   6.5010929e-04
   2.7960009e-03
   2.8447368e-02
   1.8730874e-02
   3.6175969e-04
   0.0000000e+00
   0.0000000e+00
   0.0000000e+00
   0.0000000e+00
   1.0970347e-02
   4.1063522e-02
   1.6897846e-02
   3.1464393e-05
   4.5529205e-03
   3.3998675e-02
   1.5376248e-02
   7.5535127e-05
   6.7491177e-03
   4.6720031e-02
   1.9764386e-02
   7.0634383e-05
   0.0000000e+00
   0.0000000e+00
   0.0000000e+00
   0.0000000e+00
   0.0000000e+00
   0.0000000e+00
   0.0000000e+00
   0.0000000e+00
   0.0000000e+00
   0.0000000e+00
   0.0000000e+00
   0.0000000e+00
   0.0000000e+00
   0.0000000e+00
   0.0000000e+00
   0.0000000e+00
   0.0000000e+00
   0.0000000e+00
   0.0000000e+00
   0.0000000e+00
   0.0000000e+00
   0.0000000e+00
   0.0000000e+00
   0.0000000e+00
   0.0000000e+00
   0.0000000e+00
   0.0000000e+00
   0.0000000e+00
   0.0000000e+00
   0.0000000e+00
   0.0000000e+00
   0.0000000e+00
   0.0000000e+00
   0.0000000e+00
   0.0000000e+00
   0.0000000e+00
   0.0000000e+00
   0.0000000e+00
   0.0000000e+00
   0.0000000e+00
   0.0000000e+00
   0.0000000e+00
   0.0000000e+00
   0.0000000e+00
   0.0000000e+00
   0.0000000e+00
   0.0000000e+00
   0.0000000e+00
   0.0000000e+00
   0.0000000e+00
   0.0000000e+00
   0.0000000e+00
   0.0000000e+00
   0.0000000e+00
   0.0000000e+00
   0.0000000e+00
   0.0000000e+00
   0.0000000e+00
   0.0000000e+00
   0.0000000e+00
   0.0000000e+00
   0.0000000e+00
   0.0000000e+00
   0.0000000e+00
   0.0000000e+00
   0.0000000e+00
   0.0000000e+00
   0.0000000e+00
   0.0000000e+00
   0.0000000e+00
   0.0000000e+00
   0.0000000e+00
   0.0000000e+00
   0.0000000e+00
   0.0000000e+00
   0.0000000e+00
   0.0000000e+00
   0.0000000e+00
   0.0000000e+00
   0.0000000e+00
   0.0000000e+00
   0.0000000e+00
   0.0000000e+00
   0.0000000e+00
   0.0000000e+00
   0.0000000e+00
   0.0000000e+00
   0.0000000e+00
   0.0000000e+00
   0.0000000e+00
   0.0000000e+00
   0.0000000e+00
   0.0000000e+00
   0.0000000e+00
   0.0000000e+00
   0.0000000e+00
   0.0000000e+00
   0.0000000e+00
   0.0000000e+00
   0.0000000e+00
   0.0000000e+00
   0.0000000e+00
   0.0000000e+00
   0.0000000e+00
   0.0000000e+00
   0.0000000e+00
   0.0000000e+00
   0.0000000e+00
   0.0000000e+00
   0.0000000e+00
   0.0000000e+00
   0.0000000e+00
   0.0000000e+00
   0.0000000e+00
   0.0000000e+00
   0.0000000e+00
   0.0000000e+00
   0.0000000e+00
   0.0000000e+00
   0.0000000e+00
   0.0000000e+00
   0.0000000e+00
   0.0000000e+00
   0.0000000e+00
   0.0000000e+00
   0.0000000e+00
   0.0000000e+00
   0.0000000e+00
   0.0000000e+00
   0.0000000e+00
   0.0000000e+00
   0.0000000e+00
   0.0000000e+00
   0.0000000e+00
   0.0000000e+00
   0.0000000e+00
   0.0000000e+00
   0.0000000e+00
   0.0000000e+00
   0.0000000e+00
   0.0000000e+00
   0.0000000e+00
   0.0000000e+00
   0.0000000e+00
   0.0000000e+00
   0.0000000e+00
   0.0000000e+00
   0.0000000e+00
   0.0000000e+00
   0.0000000e+00
   0.0000000e+00
   0.0000000e+00
   0.0000000e+00
   0.0000000e+00
   0.0000000e+00
   0.0000000e+00
   0.0000000e+00
   0.0000000e+00
   0.0000000e+00
   0.0000000e+00
   0.0000000e+00
   0.0000000e+00
   0.0000000e+00
   0.0000000e+00
   0.0000000e+00
   0.0000000e+00
   0.0000000e+00
   0.0000000e+00
   0.0000000e+00
   0.0000000e+00
   0.0000000e+00
   0.0000000e+00
   0.0000000e+00
   0.0000000e+00
   0.0000000e+00
   0.0000000e+00
   0.0000000e+00
   0.0000000e+00
   0.0000000e+00
   0.0000000e+00
   0.0000000e+00
   0.0000000e+00
   0.0000000e+00
   0.0000000e+00
   0.0000000e+00
   0.0000000e+00
   0.0000000e+00
   0.0000000e+00
   0.0000000e+00
   0.0000000e+00
   0.0000000e+00
   0.0000000e+00
   0.0000000e+00
   0.0000000e+00
   0.0000000e+00
   0.0000000e+00
   0.0000000e+00
   0.0000000e+00
   0.0000000e+00
   0.0000000e+00
   0.0000000e+00
   0.0000000e+00
   0.0000000e+00
   0.0000000e+00
   0.0000000e+00
   0.0000000e+00
   0.0000000e+00
   0.0000000e+00
   0.0000000e+00
   0.0000000e+00
   0.0000000e+00
   0.0000000e+00
   0.0000000e+00
   0.0000000e+00
   0.0000000e+00
   0.0000000e+00
   0.0000000e+00
   0.0000000e+00
   0.0000000e+00
   0.0000000e+00
   0.0000000e+00
   0.0000000e+00
   0.0000000e+00
   0.0000000e+00
   0.0000000e+00
   0.0000000e+00
   0.0000000e+00
   0.0000000e+00
   0.0000000e+00
   0.0000000e+00
   0.0000000e+00
   0.0000000e+00
   0.0000000e+00
   0.0000000e+00
   0.0000000e+00
   0.0000000e+00
   0.0000000e+00
   0.0000000e+00
   0.0000000e+00
   0.0000000e+00
   0.0000000e+00
   0.0000000e+00
   0.0000000e+00
   0.0000000e+00
   0.0000000e+00
   0.0000000e+00
   0.0000000e+00
