   9.5575180e-04
   5.6046038e-03
   2.9708200e-03
  -5.6699616e-05
  -9.1499779e-04
   2.0406117e-03
   1.7995169e-03
   3.0909884e-03
   2.4768649e-03
   3.3989873e-03
   2.4767653e-03
   3.3442061e-03
   1.8600388e-03
   1.3477224e-03
  -7.8103246e-04
  -4.9177455e-03
   1.7886954e-02
   1.7358605e-02
  -4.5248879e-04
   6.0282992e-05
   1.6226266e-02
   2.1467823e-02
   1.1556895e-02
   1.9834721e-02
   2.0336121e-02
   1.5896202e-02
   1.5556724e-02
   2.0259097e-02
   1.2806364e-02
   1.4766362e-02
   1.6416023e-02
   1.9021258e-02
   1.8861635e-02
   1.1271568e-02
   3.0316137e-02
   2.2877567e-02
   9.9459678e-03
  -4.3786409e-04
   3.5635918e-02
   6.4280427e-03
   6.3951004e-02
   5.4747195e-02
   7.1194689e-02
   5.8411296e-02
   5.9039791e-02
   6.7561917e-02
   6.5355621e-02
   5.7162176e-02
   6.9043837e-02
   6.2483416e-02
   6.8568410e-02
   5.6051574e-02
   6.0676438e-02
   7.2422073e-02
   4.5535450e-02
   4.7093020e-02
   7.3668808e-02
   8.8362612e-02
   7.0825803e-02
   8.9003290e-03
   1.0889827e-01
   1.2709373e-01
   9.2858820e-02
   1.2118722e-01
   1.1654452e-01
   9.6508467e-02
   1.0850979e-01
   1.2022022e-01
   9.9747027e-02
   1.1616032e-01
   1.0442053e-01
   1.2340324e-01
   1.1570142e-01
   8.2785766e-02
   1.4879669e-01
   1.2391315e-01
   1.0870556e-01
   6.6965102e-02
   1.7787293e-02
   1.7401894e-03
   8.7946082e-02
   2.5364703e-01
   2.0042626e-01
   1.7811397e-01
   1.7370096e-01
   2.1175647e-01
   2.2397923e-01
   1.5229219e-01
   2.4187851e-01
   1.5618568e-01
   2.6406351e-01
   9.9206750e-02
   2.3494138e-01
   2.2971914e-01
   3.8743352e-02
   1.5888374e-01
   2.1779541e-01
   2.1096468e-02
   5.0911316e-05
   0.0000000e+00
   1.0339975e-02
   9.0471784e-02
   1.4740711e-01
   2.9517009e-01
   1.9256731e-01
   2.2812212e-01
   2.2544490e-01
   1.3739986e-01
   1.7983772e-01
   1.3210882e-01
   2.5777004e-01
   6.0654264e-02
   9.9647981e-02
   1.4353069e-01
   1.1251729e-02
   1.8282214e-01
   3.1934853e-01
   3.2165818e-02
   0.0000000e+00
   0.0000000e+00
   3.1116281e-06
   3.3196825e-04
   3.0253880e-03
   1.9346570e-02
   1.1345142e-02
   1.0509028e-02
   3.3058800e-02
   4.3323125e-01
   3.6670407e-01
   1.4960317e-02
   1.1158367e-02
   2.5507649e-03
   2.6894309e-04
   4.5158458e-04
   2.3716899e-04
   1.6472740e-02
   2.8786764e-02
   2.8999812e-03
   0.0000000e+00
   0.0000000e+00
   0.0000000e+00
   0.0000000e+00
   0.0000000e+00
   0.0000000e+00
   0.0000000e+00
   0.0000000e+00
   1.1158128e-02
   1.9440010e-01
   1.6505698e-01
   5.2402040e-03
   0.0000000e+00
   0.0000000e+00
   0.0000000e+00
   0.0000000e+00
   0.0000000e+00
   0.0000000e+00
   0.0000000e+00
   0.0000000e+00
   0.0000000e+00
   0.0000000e+00
   0.0000000e+00
   0.0000000e+00
   0.0000000e+00
   0.0000000e+00
   0.0000000e+00
   0.0000000e+00
   5.4052055e-05
   9.4171038e-04
   7.9956682e-04
   2.5384526e-05
   0.0000000e+00
   0.0000000e+00
   0.0000000e+00
   0.0000000e+00
   0.0000000e+00
   0.0000000e+00
   0.0000000e+00
   0.0000000e+00
   0.0000000e+00
   0.0000000e+00
   0.0000000e+00
   0.0000000e+00
   0.0000000e+00
   0.0000000e+00
   0.0000000e+00
   0.0000000e+00
   0.0000000e+00
   0.0000000e+00
   0.0000000e+00
   0.0000000e+00
   0.0000000e+00
   0.0000000e+00
   0.0000000e+00
   0.0000000e+00
   0.0000000e+00
   0.0000000e+00
   0.0000000e+00
   0.0000000e+00
   0.0000000e+00
   0.0000000e+00
   0.0000000e+00
   0.0000000e+00
   0.0000000e+00
   0.0000000e+00
   0.0000000e+00
   0.0000000e+00
   0.0000000e+00
   0.0000000e+00
   0.0000000e+00
   0.0000000e+00
   0.0000000e+00
   0.0000000e+00
   0.0000000e+00
   0.0000000e+00
   0.0000000e+00
   0.0000000e+00
   0.0000000e+00
   0.0000000e+00
   0.0000000e+00
   0.0000000e+00
   0.0000000e+00
   0.0000000e+00
   0.0000000e+00
   0.0000000e+00
   0.0000000e+00
   0.0000000e+00
   0.0000000e+00
   0.0000000e+00
   0.0000000e+00
   0.0000000e+00
   0.0000000e+00
   0.0000000e+00
   0.0000000e+00
   0.0000000e+00
   0.0000000e+00
   0.0000000e+00
   0.0000000e+00
   0.0000000e+00
   0.0000000e+00
   0.0000000e+00
   0.0000000e+00
   0.0000000e+00
   0.0000000e+00
   0.0000000e+00
   0.0000000e+00
   0.0000000e+00
   0.0000000e+00
   0.0000000e+00
   0.0000000e+00
   0.0000000e+00
   0.0000000e+00
   0.0000000e+00
   0.0000000e+00
   0.0000000e+00
   0.0000000e+00
   0.0000000e+00
   0.0000000e+00
   0.0000000e+00
   0.0000000e+00
   0.0000000e+00
   0.0000000e+00
   0.0000000e+00
   0.0000000e+00
   0.0000000e+00
   0.0000000e+00
   0.0000000e+00
   0.0000000e+00
   0.0000000e+00
   0.0000000e+00
   0.0000000e+00
   0.0000000e+00
   0.0000000e+00
   0.0000000e+00
   0.0000000e+00
   0.0000000e+00
   0.0000000e+00
   0.0000000e+00
   0.0000000e+00
   0.0000000e+00
   0.0000000e+00
   0.0000000e+00
   0.0000000e+00
   0.0000000e+00
   0.0000000e+00
   0.0000000e+00
   0.0000000e+00
   0.0000000e+00
   0.0000000e+00
   0.0000000e+00
   0.0000000e+00
   0.0000000e+00
   0.0000000e+00
   0.0000000e+00
   0.0000000e+00
   0.0000000e+00
   0.0000000e+00
   0.0000000e+00
   0.0000000e+00
   0.0000000e+00
   0.0000000e+00
   0.0000000e+00
   0.0000000e+00
   0.0000000e+00
   0.0000000e+00
   0.0000000e+00
   0.0000000e+00
   0.0000000e+00
   0.0000000e+00
   0.0000000e+00
   0.0000000e+00
   0.0000000e+00
   0.0000000e+00
   0.0000000e+00
   0.0000000e+00
   0.0000000e+00
   0.0000000e+00
   0.0000000e+00
   0.0000000e+00
   0.0000000e+00
   0.0000000e+00
   0.0000000e+00
   0.0000000e+00
   0.0000000e+00
   0.0000000e+00
   0.0000000e+00
   0.0000000e+00
   0.0000000e+00
   0.0000000e+00
   0.0000000e+00
   0.0000000e+00
   0.0000000e+00
   0.0000000e+00
   0.0000000e+00
   0.0000000e+00
   0.0000000e+00
   0.0000000e+00
   0.0000000e+00
   0.0000000e+00
   0.0000000e+00
   0.0000000e+00
   0.0000000e+00
   0.0000000e+00
   0.0000000e+00
   0.0000000e+00
   0.0000000e+00
   0.0000000e+00
   0.0000000e+00
   0.0000000e+00
   0.0000000e+00
   0.0000000e+00
   0.0000000e+00
   0.0000000e+00
   0.0000000e+00
   0.0000000e+00
   0.0000000e+00
   0.0000000e+00
   0.0000000e+00
   0.0000000e+00
   0.0000000e+00
   0.0000000e+00
   0.0000000e+00
   0.0000000e+00
   0.0000000e+00
   0.0000000e+00
   0.0000000e+00
   0.0000000e+00
   0.0000000e+00
   0.0000000e+00
   0.0000000e+00
   0.0000000e+00
   0.0000000e+00
   0.0000000e+00
   0.0000000e+00
   0.0000000e+00
   0.0000000e+00
   0.0000000e+00
   0.0000000e+00
   0.0000000e+00
   0.0000000e+00
   0.0000000e+00
   0.0000000e+00
   0.0000000e+00
   0.0000000e+00
   0.0000000e+00
   0.0000000e+00
   0.0000000e+00
   0.0000000e+00
   0.0000000e+00
   0.0000000e+00
   0.0000000e+00
   0.0000000e+00
   0.0000000e+00
   0.0000000e+00
   0.0000000e+00
   0.0000000e+00
   0.0000000e+00
   0.0000000e+00
   0.0000000e+00
   0.0000000e+00
   0.0000000e+00
