  -2.0595948e-03
   6.3152671e-03
   3.7701597e-03
  -1.5353055e-03
  -6.0371376e-03
   9.1250262e-04
   7.7727050e-03
  -1.9973396e-03
   7.8378916e-04
  -1.8810605e-03
   1.6414947e-03
  -1.6287705e-03
   5.2621236e-03
  -1.2403835e-03
   1.0671939e-03
  -1.0257067e-03
   3.7215094e-03
  -1.5114051e-04
  -6.4303549e-03
   1.3720551e-03
   6.9794784e-03
   2.3937280e-02
   6.3558376e-03
   3.0060890e-02
   1.9537696e-02
   2.5793769e-02
   1.0115583e-02
   2.1648025e-02
   1.9867396e-02
   2.1484060e-02
   1.6745407e-02
   2.2197777e-02
   1.3818158e-02
   2.0297306e-02
   1.7744670e-02
   1.9873732e-02
   1.8713033e-02
   1.3264061e-02
   3.5666818e-02
   2.5440459e-02
   5.3912428e-02
   5.6141073e-02
   7.2105417e-02
   4.1788541e-02
   5.6898301e-02
   5.0764258e-02
   7.1439246e-02
   5.7204808e-02
   5.3895511e-02
   5.7315940e-02
   6.3525802e-02
   5.4171770e-02
   6.7572213e-02
   5.9185286e-02
   6.2608900e-02
   6.0605848e-02
   5.5568681e-02
   8.2012327e-02
   2.2475254e-02
   8.4833364e-03
   1.4359879e-01
   1.1855718e-01
   1.0968296e-01
   1.2626033e-01
   1.5861923e-01
   1.0357336e-01
   1.1671306e-01
   1.0898186e-01
   1.4490349e-01
   1.1338199e-01
   1.1144023e-01
   1.2572842e-01
   1.0074897e-01
   1.1647860e-01
   1.1197131e-01
   1.1136708e-01
   1.2875486e-01
   8.8498292e-02
   4.0206373e-03
   4.6617349e-04
   3.9142535e-02
   1.7801461e-01
   1.8950161e-01
   1.5804672e-01
   1.0290994e-01
   1.9974732e-01
   1.6855973e-01
   2.0885212e-01
   1.0659304e-01
   1.8155887e-01
   2.0060731e-01
   1.4494350e-01
   2.2468180e-01
   2.3412588e-01
   1.6725276e-01
   2.2516335e-01
   1.0582434e-01
   5.2640179e-03
   1.1381887e-04
   0.0000000e+00
   3.6163515e-02
   3.4814641e-01
   2.3055947e-01
   2.8314983e-02
   6.0036982e-03
   1.7862193e-01
   3.3988772e-01
   6.9400474e-02
   6.7577711e-03
   3.9108189e-02
   2.2512494e-01
   2.8088734e-01
   1.6495154e-01
   2.3482662e-01
   1.2328227e-01
   3.3748393e-01
   1.9827721e-01
   4.0175213e-03
   0.0000000e+00
   0.0000000e+00
   5.7378881e-03
   5.4719274e-02
   3.5046370e-02
   3.8211528e-03
   1.2889163e-04
   2.2707722e-02
   5.0186184e-02
   1.2874829e-01
   2.0597895e-01
   2.0552972e-02
   1.6934335e-01
   3.7795845e-01
   5.7870698e-02
   1.1894274e-02
   5.4530079e-03
   3.8920131e-02
   2.6413281e-02
   5.3847471e-04
   0.0000000e+00
   0.0000000e+00
   0.0000000e+00
   0.0000000e+00
   0.0000000e+00
   0.0000000e+00
   0.0000000e+00
   0.0000000e+00
   4.4722388e-03
   3.3787309e-01
   5.6816382e-01
   5.4504141e-02
   7.9921993e-03
   1.7938318e-02
   2.4437897e-03
   0.0000000e+00
   0.0000000e+00
   0.0000000e+00
   0.0000000e+00
   0.0000000e+00
   0.0000000e+00
   0.0000000e+00
   0.0000000e+00
   0.0000000e+00
   0.0000000e+00
   0.0000000e+00
   0.0000000e+00
   0.0000000e+00
   7.6454261e-04
   5.7760416e-02
   9.7129305e-02
   9.3113744e-03
   0.0000000e+00
   0.0000000e+00
   0.0000000e+00
   0.0000000e+00
   0.0000000e+00
   0.0000000e+00
   0.0000000e+00
   0.0000000e+00
   0.0000000e+00
   0.0000000e+00
   0.0000000e+00
   0.0000000e+00
   0.0000000e+00
   0.0000000e+00
   0.0000000e+00
   0.0000000e+00
   0.0000000e+00
   0.0000000e+00
   0.0000000e+00
   0.0000000e+00
   0.0000000e+00
   0.0000000e+00
   0.0000000e+00
   0.0000000e+00
   0.0000000e+00
   0.0000000e+00
   0.0000000e+00
   0.0000000e+00
   0.0000000e+00
   0.0000000e+00
   0.0000000e+00
   0.0000000e+00
   0.0000000e+00
   0.0000000e+00
   0.0000000e+00
   0.0000000e+00
   0.0000000e+00
   0.0000000e+00
   0.0000000e+00
   0.0000000e+00
   0.0000000e+00
   0.0000000e+00
   0.0000000e+00
   0.0000000e+00
   0.0000000e+00
   0.0000000e+00
   0.0000000e+00
   0.0000000e+00
   0.0000000e+00
   0.0000000e+00
   0.0000000e+00
   0.0000000e+00
   0.0000000e+00
   0.0000000e+00
   0.0000000e+00
   0.0000000e+00
   0.0000000e+00
   0.0000000e+00
   0.0000000e+00
   0.0000000e+00
   0.0000000e+00
   0.0000000e+00
   0.0000000e+00
   0.0000000e+00
   0.0000000e+00
   0.0000000e+00
   0.0000000e+00
   0.0000000e+00
   0.0000000e+00
   0.0000000e+00
   0.0000000e+00
   0.0000000e+00
   0.0000000e+00
   0.0000000e+00
   0.0000000e+00
   0.0000000e+00
   0.0000000e+00
   0.0000000e+00
   0.0000000e+00
   0.0000000e+00
   0.0000000e+00
   0.0000000e+00
   0.0000000e+00
   0.0000000e+00
   0.0000000e+00
   0.0000000e+00
   0.0000000e+00
   0.0000000e+00
   0.0000000e+00
   0.0000000e+00
   0.0000000e+00
   0.0000000e+00
   0.0000000e+00
   0.0000000e+00
   0.0000000e+00
   0.0000000e+00
   0.0000000e+00
   0.0000000e+00
   0.0000000e+00
   0.0000000e+00
   0.0000000e+00
   0.0000000e+00
   0.0000000e+00
   0.0000000e+00
   0.0000000e+00
   0.0000000e+00
   0.0000000e+00
   0.0000000e+00
   0.0000000e+00
   0.0000000e+00
   0.0000000e+00
   0.0000000e+00
   0.0000000e+00
   0.0000000e+00
   0.0000000e+00
   0.0000000e+00
   0.0000000e+00
   0.0000000e+00
   0.0000000e+00
   0.0000000e+00
   0.0000000e+00
   0.0000000e+00
   0.0000000e+00
   0.0000000e+00
   0.0000000e+00
   0.0000000e+00
   0.0000000e+00
   0.0000000e+00
   0.0000000e+00
   0.0000000e+00
   0.0000000e+00
   0.0000000e+00
   0.0000000e+00
   0.0000000e+00
   0.0000000e+00
   0.0000000e+00
   0.0000000e+00
   0.0000000e+00
   0.0000000e+00
   0.0000000e+00
   0.0000000e+00
   0.0000000e+00
   0.0000000e+00
   0.0000000e+00
   0.0000000e+00
   0.0000000e+00
   0.0000000e+00
   0.0000000e+00
   0.0000000e+00
   0.0000000e+00
   0.0000000e+00
   0.0000000e+00
   0.0000000e+00
   0.0000000e+00
   0.0000000e+00
   0.0000000e+00
   0.0000000e+00
   0.0000000e+00
   0.0000000e+00
   0.0000000e+00
   0.0000000e+00
   0.0000000e+00
   0.0000000e+00
   0.0000000e+00
   0.0000000e+00
   0.0000000e+00
   0.0000000e+00
   0.0000000e+00
   0.0000000e+00
   0.0000000e+00
   0.0000000e+00
   0.0000000e+00
   0.0000000e+00
   0.0000000e+00
   0.0000000e+00
   0.0000000e+00
   0.0000000e+00
   0.0000000e+00
   0.0000000e+00
   0.0000000e+00
   0.0000000e+00
   0.0000000e+00
   0.0000000e+00
   0.0000000e+00
   0.0000000e+00
   0.0000000e+00
   0.0000000e+00
   0.0000000e+00
   0.0000000e+00
   0.0000000e+00
   0.0000000e+00
   0.0000000e+00
   0.0000000e+00
   0.0000000e+00
   0.0000000e+00
   0.0000000e+00
   0.0000000e+00
   0.0000000e+00
   0.0000000e+00
   0.0000000e+00
   0.0000000e+00
   0.0000000e+00
   0.0000000e+00
   0.0000000e+00
   0.0000000e+00
   0.0000000e+00
   0.0000000e+00
   0.0000000e+00
   0.0000000e+00
   0.0000000e+00
   0.0000000e+00
   0.0000000e+00
   0.0000000e+00
   0.0000000e+00
   0.0000000e+00
   0.0000000e+00
   0.0000000e+00
   0.0000000e+00
   0.0000000e+00
   0.0000000e+00
   0.0000000e+00
   0.0000000e+00
   0.0000000e+00
   0.0000000e+00
   0.0000000e+00
   0.0000000e+00
   0.0000000e+00
   0.0000000e+00
   0.0000000e+00
   0.0000000e+00
