  -2.4736092e-03
  -1.2735104e-03
  -3.5180361e-03
   2.9246231e-03
  -1.7751003e-03
  -1.2730445e-03
   1.4685201e-03
  -1.7685670e-03
   2.6906050e-04
   1.7735681e-03
   1.2954382e-03
   3.5936782e-03
  -2.2162056e-03
   1.5223082e-03
  -1.6109824e-03
   3.1556001e-03
   5.3017619e-03
  -3.3840952e-03
   1.4520991e-03
   5.1998378e-03
   2.3774589e-02
   2.6836810e-02
   2.1693479e-02
   1.5617774e-02
   1.9431449e-02
   2.3852738e-02
   1.5220485e-02
   2.5423691e-02
   1.6185546e-02
   1.5761099e-02
   1.5007070e-02
   1.1992585e-02
   2.4115708e-02
   1.6815407e-02
   2.1630953e-02
   1.2228636e-02
   1.5462439e-02
   2.2665143e-02
   1.8193565e-02
   7.6780568e-03
   5.3592617e-02
   4.2189717e-02
   5.6285468e-02
   6.5959799e-02
   6.0237471e-02
   5.0098624e-02
   6.7565024e-02
   4.5759554e-02
   6.6132615e-02
   6.5761569e-02
   6.9273228e-02
   7.2814092e-02
   5.1248052e-02
   6.3349075e-02
   5.6607595e-02
   7.0004691e-02
   6.7382032e-02
   4.6293800e-02
   7.9205839e-02
   5.4103691e-03
   1.3155251e-01
   1.4653385e-01
   1.1910437e-01
   1.0881847e-01
   1.1575697e-01
   1.3152728e-01
   1.0455911e-01
   1.3780663e-01
   1.0641501e-01
   1.0651402e-01
   9.0068496e-02
   9.4939322e-02
   1.2795145e-01
   1.1225506e-01
   1.1741552e-01
   1.0558404e-01
   1.0341414e-01
   1.3662191e-01
   8.4672294e-02
   1.4523723e-03
   2.6045932e-02
   4.6948089e-02
   2.0778139e-01
   1.7249870e-01
   1.9243052e-01
   1.5041474e-01
   2.0445899e-01
   1.2823863e-01
   1.9579409e-01
   1.8487239e-01
   2.4913920e-01
   2.1853704e-01
   1.5989257e-01
   1.8283368e-01
   1.9502211e-01
   1.8336566e-01
   2.2008692e-01
   1.7954354e-01
   1.6981481e-02
   0.0000000e+00
   0.0000000e+00
   5.2870269e-03
   1.2063685e-01
   2.7572335e-01
   2.2960415e-01
   7.2987844e-02
   2.9918100e-01
   2.0708401e-01
   2.8948436e-01
   9.6362879e-02
   1.1502628e-01
   1.1457683e-01
   1.7691435e-01
   2.7828841e-01
   2.0839597e-01
   2.2588294e-01
   5.4369751e-02
   2.1521338e-02
   6.0735341e-04
   0.0000000e+00
   0.0000000e+00
   1.3757494e-05
   4.5314552e-04
   6.1673738e-03
   8.8802975e-03
   4.5944316e-03
   2.1816213e-02
   1.3024404e-02
   1.2061831e-02
   1.7700671e-03
   4.8506531e-04
   7.0233888e-04
   7.5915632e-02
   3.1979259e-01
   3.6435138e-01
   5.7352171e-02
   5.4700409e-05
   1.5862820e-10
   0.0000000e+00
   0.0000000e+00
   0.0000000e+00
   0.0000000e+00
   0.0000000e+00
   0.0000000e+00
   0.0000000e+00
   0.0000000e+00
   0.0000000e+00
   0.0000000e+00
   0.0000000e+00
   0.0000000e+00
   0.0000000e+00
   9.2007237e-07
   1.4598935e-03
   9.3204902e-02
   1.6151275e-01
   1.6218028e-02
   0.0000000e+00
   0.0000000e+00
   0.0000000e+00
   0.0000000e+00
   0.0000000e+00
   0.0000000e+00
   0.0000000e+00
   0.0000000e+00
   0.0000000e+00
   0.0000000e+00
   0.0000000e+00
   0.0000000e+00
   0.0000000e+00
   0.0000000e+00
   0.0000000e+00
   0.0000000e+00
   0.0000000e+00
   0.0000000e+00
   0.0000000e+00
   0.0000000e+00
   0.0000000e+00
   0.0000000e+00
   0.0000000e+00
   0.0000000e+00
   0.0000000e+00
   0.0000000e+00
   0.0000000e+00
   0.0000000e+00
   0.0000000e+00
   0.0000000e+00
   0.0000000e+00
   0.0000000e+00
   0.0000000e+00
   0.0000000e+00
   0.0000000e+00
   0.0000000e+00
   0.0000000e+00
   0.0000000e+00
   0.0000000e+00
   0.0000000e+00
   0.0000000e+00
   0.0000000e+00
   0.0000000e+00
   0.0000000e+00
   0.0000000e+00
   0.0000000e+00
   0.0000000e+00
   0.0000000e+00
   0.0000000e+00
   0.0000000e+00
   0.0000000e+00
   0.0000000e+00
   0.0000000e+00
   0.0000000e+00
   0.0000000e+00
   0.0000000e+00
   0.0000000e+00
   0.0000000e+00
   0.0000000e+00
   0.0000000e+00
   0.0000000e+00
   0.0000000e+00
   0.0000000e+00
   0.0000000e+00
   0.0000000e+00
   0.0000000e+00
   0.0000000e+00
   0.0000000e+00
   0.0000000e+00
   0.0000000e+00
   0.0000000e+00
   0.0000000e+00
   0.0000000e+00
   0.0000000e+00
   0.0000000e+00
   0.0000000e+00
   0.0000000e+00
   0.0000000e+00
   0.0000000e+00
   0.0000000e+00
   0.0000000e+00
   0.0000000e+00
   0.0000000e+00
   0.0000000e+00
   0.0000000e+00
   0.0000000e+00
   0.0000000e+00
   0.0000000e+00
   0.0000000e+00
   0.0000000e+00
   0.0000000e+00
   0.0000000e+00
   0.0000000e+00
   0.0000000e+00
   0.0000000e+00
   0.0000000e+00
   0.0000000e+00
   0.0000000e+00
   0.0000000e+00
   0.0000000e+00
   0.0000000e+00
   0.0000000e+00
   0.0000000e+00
   0.0000000e+00
   0.0000000e+00
   0.0000000e+00
   0.0000000e+00
   0.0000000e+00
   0.0000000e+00
   0.0000000e+00
   0.0000000e+00
   0.0000000e+00
   0.0000000e+00
   0.0000000e+00
   0.0000000e+00
   0.0000000e+00
   0.0000000e+00
   0.0000000e+00
   0.0000000e+00
   0.0000000e+00
   0.0000000e+00
   0.0000000e+00
   0.0000000e+00
   0.0000000e+00
   0.0000000e+00
   0.0000000e+00
   0.0000000e+00
   0.0000000e+00
   0.0000000e+00
   0.0000000e+00
   0.0000000e+00
   0.0000000e+00
   0.0000000e+00
   0.0000000e+00
   0.0000000e+00
   0.0000000e+00
   0.0000000e+00
   0.0000000e+00
   0.0000000e+00
   0.0000000e+00
   0.0000000e+00
   0.0000000e+00
   0.0000000e+00
   0.0000000e+00
   0.0000000e+00
   0.0000000e+00
   0.0000000e+00
   0.0000000e+00
   0.0000000e+00
   0.0000000e+00
   0.0000000e+00
   0.0000000e+00
   0.0000000e+00
   0.0000000e+00
   0.0000000e+00
   0.0000000e+00
   0.0000000e+00
   0.0000000e+00
   0.0000000e+00
   0.0000000e+00
   0.0000000e+00
   0.0000000e+00
   0.0000000e+00
   0.0000000e+00
   0.0000000e+00
   0.0000000e+00
   0.0000000e+00
   0.0000000e+00
   0.0000000e+00
   0.0000000e+00
   0.0000000e+00
   0.0000000e+00
   0.0000000e+00
   0.0000000e+00
   0.0000000e+00
   0.0000000e+00
   0.0000000e+00
   0.0000000e+00
   0.0000000e+00
   0.0000000e+00
   0.0000000e+00
   0.0000000e+00
   0.0000000e+00
   0.0000000e+00
   0.0000000e+00
   0.0000000e+00
   0.0000000e+00
   0.0000000e+00
   0.0000000e+00
   0.0000000e+00
   0.0000000e+00
   0.0000000e+00
   0.0000000e+00
   0.0000000e+00
   0.0000000e+00
   0.0000000e+00
   0.0000000e+00
   0.0000000e+00
   0.0000000e+00
   0.0000000e+00
   0.0000000e+00
   0.0000000e+00
   0.0000000e+00
   0.0000000e+00
   0.0000000e+00
   0.0000000e+00
   0.0000000e+00
   0.0000000e+00
   0.0000000e+00
   0.0000000e+00
   0.0000000e+00
   0.0000000e+00
   0.0000000e+00
   0.0000000e+00
   0.0000000e+00
   0.0000000e+00
   0.0000000e+00
   0.0000000e+00
   0.0000000e+00
   0.0000000e+00
   0.0000000e+00
   0.0000000e+00
   0.0000000e+00
   0.0000000e+00
   0.0000000e+00
   0.0000000e+00
   0.0000000e+00
   0.0000000e+00
   0.0000000e+00
   0.0000000e+00
   0.0000000e+00
   0.0000000e+00
   0.0000000e+00
   0.0000000e+00
   0.0000000e+00
   0.0000000e+00
   0.0000000e+00
   0.0000000e+00
   0.0000000e+00
   0.0000000e+00
   0.0000000e+00
   0.0000000e+00
   0.0000000e+00
   0.0000000e+00
