   0.0000000e+00
   4.7345669e-04
   4.6498168e-03
  -4.6793979e-03
   1.5115662e-03
   1.2586352e-03
  -2.2819312e-03
   4.8353529e-05
   2.5753702e-04
  -1.5899393e-03
   1.0468403e-03
  -4.7522775e-04
   3.7619494e-04
   1.7823098e-03
  -3.3844500e-04
   6.6951505e-04
  -9.7221804e-04
   1.4580653e-03
   1.1274289e-04
   0.0000000e+00
   2.1381609e-02
   1.3221277e-02
   1.8090059e-02
   2.0422784e-02
   2.2757037e-02
   1.1516146e-02
   1.4310427e-03
   2.6474250e-02
   1.4622650e-02
   2.4555097e-02
   1.6313852e-02
   2.0406423e-02
   1.8807731e-02
   1.5609449e-02
   1.7510653e-02
   2.3361272e-02
   1.3999853e-02
   4.7862614e-02
   3.5285384e-02
   3.1637552e-03
   8.1389166e-02
   9.5544894e-02
   5.6386009e-02
   5.9228565e-02
   5.5177845e-02
   6.5614984e-02
   7.7819372e-02
   5.1387010e-02
   6.4995132e-02
   5.1299954e-02
   6.4507676e-02
   5.7070088e-02
   6.2998690e-02
   6.1849876e-02
   6.5498230e-02
   5.0473306e-02
   6.8614003e-02
   1.5848631e-02
   8.6315198e-02
   1.2657765e-02
   4.3209232e-02
   8.2797745e-02
   1.1782390e-01
   1.1921363e-01
   1.1786334e-01
   1.2003844e-01
   8.4132420e-02
   1.3009316e-01
   1.0945380e-01
   1.2759914e-01
   1.1091015e-01
   1.1741733e-01
   1.1201423e-01
   1.1006896e-01
   1.0621471e-01
   1.2632027e-01
   1.1305243e-01
   1.7451158e-01
   8.2931211e-02
   5.4817067e-03
   1.4192920e-01
   2.5402444e-01
   1.7303600e-01
   1.7642309e-01
   1.6916499e-01
   1.7127995e-01
   2.3829229e-01
   1.4548425e-01
   1.8675216e-01
   1.5221459e-01
   1.8656650e-01
   1.8769861e-01
   1.8709359e-01
   2.4512722e-01
   1.8493439e-01
   1.8229894e-01
   1.3479810e-01
   1.4578498e-01
   3.7425812e-02
   1.4432565e-05
   1.6417995e-01
   2.9089504e-01
   8.1483643e-02
   2.3708028e-01
   3.8815822e-01
   1.4121325e-01
   1.0467182e-01
   9.7077673e-02
   3.6464514e-01
   1.5849469e-01
   3.0987540e-01
   1.8255836e-01
   3.7145314e-02
   4.4388902e-02
   2.0921638e-02
   1.9063615e-01
   3.8711009e-01
   4.1744928e-02
   3.0629170e-04
   0.0000000e+00
   9.2004869e-03
   1.6297458e-02
   5.9309683e-03
   1.2525197e-01
   1.8688658e-01
   1.5768221e-02
   3.9816358e-05
   1.5931518e-02
   7.7507087e-02
   2.6288893e-02
   2.6888368e-02
   1.5976388e-02
   2.1782841e-04
   0.0000000e+00
   6.6069084e-04
   1.0392270e-01
   1.8103985e-01
   1.6985439e-02
   0.0000000e+00
   0.0000000e+00
   0.0000000e+00
   0.0000000e+00
   2.6321639e-05
   1.4249624e-03
   2.1242435e-03
   1.7320495e-04
   0.0000000e+00
   0.0000000e+00
   0.0000000e+00
   0.0000000e+00
   0.0000000e+00
   0.0000000e+00
   0.0000000e+00
   0.0000000e+00
   5.1446566e-06
   3.0806995e-04
   4.7715832e-04
   4.1004985e-05
   0.0000000e+00
   0.0000000e+00
   0.0000000e+00
   0.0000000e+00
   0.0000000e+00
   0.0000000e+00
   0.0000000e+00
   0.0000000e+00
   0.0000000e+00
   0.0000000e+00
   0.0000000e+00
   0.0000000e+00
   0.0000000e+00
   0.0000000e+00
   0.0000000e+00
   0.0000000e+00
   0.0000000e+00
   0.0000000e+00
   0.0000000e+00
   0.0000000e+00
   0.0000000e+00
   0.0000000e+00
   0.0000000e+00
   0.0000000e+00
   0.0000000e+00
   0.0000000e+00
   0.0000000e+00
   0.0000000e+00
   0.0000000e+00
   0.0000000e+00
   0.0000000e+00
   0.0000000e+00
   0.0000000e+00
   0.0000000e+00
   0.0000000e+00
   0.0000000e+00
   0.0000000e+00
   0.0000000e+00
   0.0000000e+00
   0.0000000e+00
   0.0000000e+00
   0.0000000e+00
   0.0000000e+00
   0.0000000e+00
   0.0000000e+00
   0.0000000e+00
   0.0000000e+00
   0.0000000e+00
   0.0000000e+00
   0.0000000e+00
   0.0000000e+00
   0.0000000e+00
   0.0000000e+00
   0.0000000e+00
   0.0000000e+00
   0.0000000e+00
   0.0000000e+00
   0.0000000e+00
   0.0000000e+00
   0.0000000e+00
   0.0000000e+00
   0.0000000e+00
   0.0000000e+00
   0.0000000e+00
   0.0000000e+00
   0.0000000e+00
   0.0000000e+00
   0.0000000e+00
   0.0000000e+00
   0.0000000e+00
   0.0000000e+00
   0.0000000e+00
   0.0000000e+00
   0.0000000e+00
   0.0000000e+00
   0.0000000e+00
   0.0000000e+00
   0.0000000e+00
   0.0000000e+00
   0.0000000e+00
   0.0000000e+00
   0.0000000e+00
   0.0000000e+00
   0.0000000e+00
   0.0000000e+00
   0.0000000e+00
   0.0000000e+00
   0.0000000e+00
   0.0000000e+00
   0.0000000e+00
   0.0000000e+00
   0.0000000e+00
   0.0000000e+00
   0.0000000e+00
   0.0000000e+00
   0.0000000e+00
   0.0000000e+00
   0.0000000e+00
   0.0000000e+00
   0.0000000e+00
   0.0000000e+00
   0.0000000e+00
   0.0000000e+00
   0.0000000e+00
   0.0000000e+00
   0.0000000e+00
   0.0000000e+00
   0.0000000e+00
   0.0000000e+00
   0.0000000e+00
   0.0000000e+00
   0.0000000e+00
   0.0000000e+00
   0.0000000e+00
   0.0000000e+00
   0.0000000e+00
   0.0000000e+00
   0.0000000e+00
   0.0000000e+00
   0.0000000e+00
   0.0000000e+00
   0.0000000e+00
   0.0000000e+00
   0.0000000e+00
   0.0000000e+00
   0.0000000e+00
   0.0000000e+00
   0.0000000e+00
   0.0000000e+00
   0.0000000e+00
   0.0000000e+00
   0.0000000e+00
   0.0000000e+00
   0.0000000e+00
   0.0000000e+00
   0.0000000e+00
   0.0000000e+00
   0.0000000e+00
   0.0000000e+00
   0.0000000e+00
   0.0000000e+00
   0.0000000e+00
   0.0000000e+00
   0.0000000e+00
   0.0000000e+00
   0.0000000e+00
   0.0000000e+00
   0.0000000e+00
   0.0000000e+00
   0.0000000e+00
   0.0000000e+00
   0.0000000e+00
   0.0000000e+00
   0.0000000e+00
   0.0000000e+00
   0.0000000e+00
   0.0000000e+00
   0.0000000e+00
   0.0000000e+00
   0.0000000e+00
   0.0000000e+00
   0.0000000e+00
   0.0000000e+00
   0.0000000e+00
   0.0000000e+00
   0.0000000e+00
   0.0000000e+00
   0.0000000e+00
   0.0000000e+00
   0.0000000e+00
   0.0000000e+00
   0.0000000e+00
   0.0000000e+00
   0.0000000e+00
   0.0000000e+00
   0.0000000e+00
   0.0000000e+00
   0.0000000e+00
   0.0000000e+00
   0.0000000e+00
   0.0000000e+00
   0.0000000e+00
   0.0000000e+00
   0.0000000e+00
   0.0000000e+00
   0.0000000e+00
   0.0000000e+00
   0.0000000e+00
   0.0000000e+00
   0.0000000e+00
   0.0000000e+00
   0.0000000e+00
   0.0000000e+00
   0.0000000e+00
   0.0000000e+00
   0.0000000e+00
   0.0000000e+00
   0.0000000e+00
   0.0000000e+00
   0.0000000e+00
   0.0000000e+00
   0.0000000e+00
   0.0000000e+00
   0.0000000e+00
   0.0000000e+00
   0.0000000e+00
   0.0000000e+00
   0.0000000e+00
   0.0000000e+00
   0.0000000e+00
   0.0000000e+00
   0.0000000e+00
   0.0000000e+00
   0.0000000e+00
   0.0000000e+00
   0.0000000e+00
   0.0000000e+00
   0.0000000e+00
   0.0000000e+00
   0.0000000e+00
   0.0000000e+00
   0.0000000e+00
   0.0000000e+00
   0.0000000e+00
   0.0000000e+00
   0.0000000e+00
   0.0000000e+00
   0.0000000e+00
   0.0000000e+00
   0.0000000e+00
   0.0000000e+00
   0.0000000e+00
   0.0000000e+00
   0.0000000e+00
   0.0000000e+00
   0.0000000e+00
   0.0000000e+00
   0.0000000e+00
   0.0000000e+00
   0.0000000e+00
   0.0000000e+00
   0.0000000e+00
