   0.0000000e+00
  -2.2381424e-04
   5.8868279e-03
   8.5477450e-04
  -4.1613812e-03
   3.0888723e-03
  -2.4899729e-03
   2.0932163e-03
  -2.9025184e-03
   1.1232327e-03
  -1.6625807e-04
   3.4499261e-04
  -2.3987468e-03
  -1.3007070e-03
   1.0119624e-03
  -5.5798036e-03
  -2.6981133e-03
   5.5838559e-03
  -1.7044821e-03
  -2.1421170e-03
  -3.5291094e-04
  -1.2409214e-03
   9.1285398e-03
   2.1018954e-02
   2.2780393e-02
   1.6449922e-02
   2.2698314e-02
   1.6593932e-02
   2.6686784e-02
   1.6499493e-02
   1.9821320e-02
   2.0746596e-02
   2.1850762e-02
   2.5519889e-02
   1.7727837e-02
   2.5655683e-02
   2.0138787e-02
   1.2571578e-02
   1.5846837e-02
   8.5129051e-03
   3.1158202e-02
   4.5893287e-03
   8.0379214e-02
   5.4698791e-02
   5.5047101e-02
   6.3519640e-02
   5.1658308e-02
   6.6416526e-02
   4.3806845e-02
   6.4600550e-02
   5.9151932e-02
   5.3656743e-02
   6.0184588e-02
   5.0463355e-02
   6.1253111e-02
   5.0304061e-02
   6.2380117e-02
   6.4111081e-02
   9.4935410e-02
   2.1888166e-02
   1.2231868e-01
   1.6702050e-01
   8.4570791e-02
   1.2436415e-01
   1.2208095e-01
   1.1275584e-01
   1.2552078e-01
   1.0785509e-01
   1.3715486e-01
   1.1161488e-01
   1.1644688e-01
   1.2920810e-01
   1.1046299e-01
   1.3160242e-01
   1.1258994e-01
   1.3010647e-01
   1.0811380e-01
   1.1046289e-01
   3.0599011e-02
   5.2149005e-03
   3.3596267e-02
   1.6533642e-01
   1.8880685e-01
   1.9525753e-01
   1.6264498e-01
   1.8301755e-01
   1.5866651e-01
   1.9841147e-01
   1.4117129e-01
   1.7746346e-01
   1.8568912e-01
   1.3687595e-01
   2.0063608e-01
   1.4411294e-01
   1.9701068e-01
   1.3032149e-01
   2.2712338e-01
   1.4722108e-01
   3.0252987e-03
   0.0000000e+00
   5.5211954e-04
   4.1467922e-02
   2.2544662e-01
   2.8680249e-01
   2.0113175e-01
   3.1826983e-01
   1.6233014e-01
   2.8196104e-01
   3.0132936e-01
   2.1872374e-01
   2.6152902e-01
   8.2989071e-02
   2.2183461e-01
   2.9490221e-01
   1.9650236e-01
   3.9271535e-01
   1.2248440e-01
   2.2158250e-02
   3.7901001e-04
   0.0000000e+00
   0.0000000e+00
   9.7711382e-04
   7.5247579e-03
   1.9132377e-02
   2.3434827e-02
   4.4859511e-02
   1.6315496e-02
   3.6830796e-02
   1.1022318e-01
   1.5981278e-01
   5.0187349e-01
   1.3844746e-01
   2.1335522e-01
   3.4520532e-01
   1.2098217e-01
   2.3317736e-01
   5.7985352e-02
   7.6288606e-06
   0.0000000e+00
   0.0000000e+00
   0.0000000e+00
   0.0000000e+00
   0.0000000e+00
   0.0000000e+00
   0.0000000e+00
   0.0000000e+00
   0.0000000e+00
   0.0000000e+00
   0.0000000e+00
   5.3232559e-02
   2.1730056e-01
   5.5614525e-02
   1.0166869e-02
   1.6339542e-02
   2.2641386e-03
   3.3025439e-03
   9.4762924e-04
   1.2681331e-07
   0.0000000e+00
   0.0000000e+00
   0.0000000e+00
   0.0000000e+00
   0.0000000e+00
   0.0000000e+00
   0.0000000e+00
   0.0000000e+00
   0.0000000e+00
   0.0000000e+00
   0.0000000e+00
   2.8884177e-04
   1.1785533e-03
   3.0055075e-04
   8.5602625e-11
   0.0000000e+00
   0.0000000e+00
   0.0000000e+00
   0.0000000e+00
   0.0000000e+00
   0.0000000e+00
   0.0000000e+00
   0.0000000e+00
   0.0000000e+00
   0.0000000e+00
   0.0000000e+00
   0.0000000e+00
   0.0000000e+00
   0.0000000e+00
   0.0000000e+00
   0.0000000e+00
   0.0000000e+00
   0.0000000e+00
   0.0000000e+00
   0.0000000e+00
   0.0000000e+00
   0.0000000e+00
   0.0000000e+00
   0.0000000e+00
   0.0000000e+00
   0.0000000e+00
   0.0000000e+00
   0.0000000e+00
   0.0000000e+00
   0.0000000e+00
   0.0000000e+00
   0.0000000e+00
   0.0000000e+00
   0.0000000e+00
   0.0000000e+00
   0.0000000e+00
   0.0000000e+00
   0.0000000e+00
   0.0000000e+00
   0.0000000e+00
   0.0000000e+00
   0.0000000e+00
   0.0000000e+00
   0.0000000e+00
   0.0000000e+00
   0.0000000e+00
   0.0000000e+00
   0.0000000e+00
   0.0000000e+00
   0.0000000e+00
   0.0000000e+00
   0.0000000e+00
   0.0000000e+00
   0.0000000e+00
   0.0000000e+00
   0.0000000e+00
   0.0000000e+00
   0.0000000e+00
   0.0000000e+00
   0.0000000e+00
   0.0000000e+00
   0.0000000e+00
   0.0000000e+00
   0.0000000e+00
   0.0000000e+00
   0.0000000e+00
   0.0000000e+00
   0.0000000e+00
   0.0000000e+00
   0.0000000e+00
   0.0000000e+00
   0.0000000e+00
   0.0000000e+00
   0.0000000e+00
   0.0000000e+00
   0.0000000e+00
   0.0000000e+00
   0.0000000e+00
   0.0000000e+00
   0.0000000e+00
   0.0000000e+00
   0.0000000e+00
   0.0000000e+00
   0.0000000e+00
   0.0000000e+00
   0.0000000e+00
   0.0000000e+00
   0.0000000e+00
   0.0000000e+00
   0.0000000e+00
   0.0000000e+00
   0.0000000e+00
   0.0000000e+00
   0.0000000e+00
   0.0000000e+00
   0.0000000e+00
   0.0000000e+00
   0.0000000e+00
   0.0000000e+00
   0.0000000e+00
   0.0000000e+00
   0.0000000e+00
   0.0000000e+00
   0.0000000e+00
   0.0000000e+00
   0.0000000e+00
   0.0000000e+00
   0.0000000e+00
   0.0000000e+00
   0.0000000e+00
   0.0000000e+00
   0.0000000e+00
   0.0000000e+00
   0.0000000e+00
   0.0000000e+00
   0.0000000e+00
   0.0000000e+00
   0.0000000e+00
   0.0000000e+00
   0.0000000e+00
   0.0000000e+00
   0.0000000e+00
   0.0000000e+00
   0.0000000e+00
   0.0000000e+00
   0.0000000e+00
   0.0000000e+00
   0.0000000e+00
   0.0000000e+00
   0.0000000e+00
   0.0000000e+00
   0.0000000e+00
   0.0000000e+00
   0.0000000e+00
   0.0000000e+00
   0.0000000e+00
   0.0000000e+00
   0.0000000e+00
   0.0000000e+00
   0.0000000e+00
   0.0000000e+00
   0.0000000e+00
   0.0000000e+00
   0.0000000e+00
   0.0000000e+00
   0.0000000e+00
   0.0000000e+00
   0.0000000e+00
   0.0000000e+00
   0.0000000e+00
   0.0000000e+00
   0.0000000e+00
   0.0000000e+00
   0.0000000e+00
   0.0000000e+00
   0.0000000e+00
   0.0000000e+00
   0.0000000e+00
   0.0000000e+00
   0.0000000e+00
   0.0000000e+00
   0.0000000e+00
   0.0000000e+00
   0.0000000e+00
   0.0000000e+00
   0.0000000e+00
   0.0000000e+00
   0.0000000e+00
   0.0000000e+00
   0.0000000e+00
   0.0000000e+00
   0.0000000e+00
   0.0000000e+00
   0.0000000e+00
   0.0000000e+00
   0.0000000e+00
   0.0000000e+00
   0.0000000e+00
   0.0000000e+00
   0.0000000e+00
   0.0000000e+00
   0.0000000e+00
   0.0000000e+00
   0.0000000e+00
   0.0000000e+00
   0.0000000e+00
   0.0000000e+00
   0.0000000e+00
   0.0000000e+00
   0.0000000e+00
   0.0000000e+00
   0.0000000e+00
   0.0000000e+00
   0.0000000e+00
   0.0000000e+00
   0.0000000e+00
   0.0000000e+00
   0.0000000e+00
   0.0000000e+00
   0.0000000e+00
   0.0000000e+00
   0.0000000e+00
   0.0000000e+00
   0.0000000e+00
   0.0000000e+00
   0.0000000e+00
   0.0000000e+00
   0.0000000e+00
   0.0000000e+00
   0.0000000e+00
   0.0000000e+00
   0.0000000e+00
   0.0000000e+00
   0.0000000e+00
   0.0000000e+00
   0.0000000e+00
   0.0000000e+00
   0.0000000e+00
   0.0000000e+00
   0.0000000e+00
   0.0000000e+00
   0.0000000e+00
   0.0000000e+00
   0.0000000e+00
   0.0000000e+00
   0.0000000e+00
   0.0000000e+00
