   9.3751336e-03
   6.1185812e-03
   2.4591172e-03
   7.2290779e-04
   4.5419786e-04
  -3.1205265e-04
  -8.6014647e-04
  -8.4877714e-03
  -1.4636644e-02
   3.7873229e-04
   1.0960379e-02
  -1.3617533e-04
  -4.5494332e-03
  -5.9649830e-03
   8.5703291e-03
  -3.5682989e-03
   6.1609102e-03
   2.0047952e-02
   1.1221480e-02
   1.7255043e-03
   1.2564644e-02
   1.6511917e-02
   2.6459073e-02
   2.6957051e-02
   2.1409894e-02
   1.9450863e-02
   2.3052606e-02
   3.1095788e-02
   2.8744262e-02
   1.5367333e-02
   1.4615055e-02
   2.1280966e-02
   1.8684291e-02
   2.4454779e-02
   1.6300803e-02
   1.8579478e-02
   2.2463105e-02
  -3.2831187e-03
   1.5436617e-02
   2.7666190e-03
   3.8245254e-02
   5.4371754e-02
   4.0313533e-02
   6.4266123e-02
   4.9275543e-02
   4.9092698e-02
   5.6368191e-02
   3.6011206e-02
   4.4507359e-02
   7.0858736e-02
   5.9460455e-02
   5.9197836e-02
   5.8996941e-02
   5.4666155e-02
   6.0961547e-02
   5.7378352e-02
   6.3050535e-02
   6.8192564e-02
   8.1011244e-02
   2.1014773e-03
   9.8531295e-02
   1.7991192e-01
   1.5326400e-01
   9.4141061e-02
   1.4483994e-01
   1.3432407e-01
   1.2206717e-01
   1.5721520e-01
   1.4377200e-01
   8.5238940e-02
   1.2233031e-01
   1.1348608e-01
   1.1879413e-01
   1.2293126e-01
   1.1547314e-01
   1.2135819e-01
   1.0296330e-01
   1.2140860e-01
   7.2058813e-02
   7.9587826e-04
   1.8119811e-02
   3.3505582e-02
   2.4518088e-02
   1.2798543e-02
   6.6070357e-02
   1.4844718e-01
   7.8355821e-02
   1.5373808e-01
   1.2230698e-01
   9.0634970e-02
   2.1559096e-01
   1.8128007e-01
   1.7862488e-01
   1.6832093e-01
   1.6648700e-01
   1.7872092e-01
   2.4855923e-01
   9.9403914e-02
   2.7885022e-03
   3.2319305e-06
   0.0000000e+00
   0.0000000e+00
   0.0000000e+00
   6.0399262e-05
   1.2817074e-01
   3.9877402e-01
   7.9270994e-02
   1.9318786e-01
   3.8747641e-01
   1.4481468e-01
   2.8663580e-01
   2.9238642e-01
   1.4065996e-01
   3.4669015e-01
   2.9542177e-01
   1.6895978e-01
   2.8472451e-01
   1.1106661e-01
   4.0872091e-04
   0.0000000e+00
   0.0000000e+00
   0.0000000e+00
   0.0000000e+00
   1.2963778e-05
   2.7509890e-02
   8.5590472e-02
   1.7426108e-02
   1.1784447e-01
   2.3909513e-01
   3.5107312e-02
   2.0349453e-02
   3.0951019e-02
   4.8971594e-02
   2.7359094e-01
   1.2043962e-01
   7.2684931e-03
   1.6246142e-02
   6.3670114e-03
   2.3430359e-05
   0.0000000e+00
   0.0000000e+00
   0.0000000e+00
   0.0000000e+00
   0.0000000e+00
   0.0000000e+00
   0.0000000e+00
   1.2469390e-05
   1.7769635e-03
   3.6056843e-03
   4.3668801e-04
   0.0000000e+00
   0.0000000e+00
   1.2223696e-03
   8.3774105e-03
   3.5123846e-03
   1.1989265e-05
   0.0000000e+00
   0.0000000e+00
   0.0000000e+00
   0.0000000e+00
   0.0000000e+00
   0.0000000e+00
   0.0000000e+00
   0.0000000e+00
   0.0000000e+00
   0.0000000e+00
   0.0000000e+00
   0.0000000e+00
   0.0000000e+00
   0.0000000e+00
   0.0000000e+00
   0.0000000e+00
   0.0000000e+00
   0.0000000e+00
   0.0000000e+00
   0.0000000e+00
   0.0000000e+00
   0.0000000e+00
   0.0000000e+00
   0.0000000e+00
   0.0000000e+00
   0.0000000e+00
   0.0000000e+00
   0.0000000e+00
   0.0000000e+00
   0.0000000e+00
   0.0000000e+00
   0.0000000e+00
   0.0000000e+00
   0.0000000e+00
   0.0000000e+00
   0.0000000e+00
   0.0000000e+00
   0.0000000e+00
   0.0000000e+00
   0.0000000e+00
   0.0000000e+00
   0.0000000e+00
   0.0000000e+00
   0.0000000e+00
   0.0000000e+00
   0.0000000e+00
   0.0000000e+00
   0.0000000e+00
   0.0000000e+00
   0.0000000e+00
   0.0000000e+00
   0.0000000e+00
   0.0000000e+00
   0.0000000e+00
   0.0000000e+00
   0.0000000e+00
   0.0000000e+00
   0.0000000e+00
   0.0000000e+00
   0.0000000e+00
   0.0000000e+00
   0.0000000e+00
   0.0000000e+00
   0.0000000e+00
   0.0000000e+00
   0.0000000e+00
   0.0000000e+00
   0.0000000e+00
   0.0000000e+00
   0.0000000e+00
   0.0000000e+00
   0.0000000e+00
   0.0000000e+00
   0.0000000e+00
   0.0000000e+00
   0.0000000e+00
   0.0000000e+00
   0.0000000e+00
   0.0000000e+00
   0.0000000e+00
   0.0000000e+00
   0.0000000e+00
   0.0000000e+00
   0.0000000e+00
   0.0000000e+00
   0.0000000e+00
   0.0000000e+00
   0.0000000e+00
   0.0000000e+00
   0.0000000e+00
   0.0000000e+00
   0.0000000e+00
   0.0000000e+00
   0.0000000e+00
   0.0000000e+00
   0.0000000e+00
   0.0000000e+00
   0.0000000e+00
   0.0000000e+00
   0.0000000e+00
   0.0000000e+00
   0.0000000e+00
   0.0000000e+00
   0.0000000e+00
   0.0000000e+00
   0.0000000e+00
   0.0000000e+00
   0.0000000e+00
   0.0000000e+00
   0.0000000e+00
   0.0000000e+00
   0.0000000e+00
   0.0000000e+00
   0.0000000e+00
   0.0000000e+00
   0.0000000e+00
   0.0000000e+00
   0.0000000e+00
   0.0000000e+00
   0.0000000e+00
   0.0000000e+00
   0.0000000e+00
   0.0000000e+00
   0.0000000e+00
   0.0000000e+00
   0.0000000e+00
   0.0000000e+00
   0.0000000e+00
   0.0000000e+00
   0.0000000e+00
   0.0000000e+00
   0.0000000e+00
   0.0000000e+00
   0.0000000e+00
   0.0000000e+00
   0.0000000e+00
   0.0000000e+00
   0.0000000e+00
   0.0000000e+00
   0.0000000e+00
   0.0000000e+00
   0.0000000e+00
   0.0000000e+00
   0.0000000e+00
   0.0000000e+00
   0.0000000e+00
   0.0000000e+00
   0.0000000e+00
   0.0000000e+00
   0.0000000e+00
   0.0000000e+00
   0.0000000e+00
   0.0000000e+00
   0.0000000e+00
   0.0000000e+00
   0.0000000e+00
   0.0000000e+00
   0.0000000e+00
   0.0000000e+00
   0.0000000e+00
   0.0000000e+00
   0.0000000e+00
   0.0000000e+00
   0.0000000e+00
   0.0000000e+00
   0.0000000e+00
   0.0000000e+00
   0.0000000e+00
   0.0000000e+00
   0.0000000e+00
   0.0000000e+00
   0.0000000e+00
   0.0000000e+00
   0.0000000e+00
   0.0000000e+00
   0.0000000e+00
   0.0000000e+00
   0.0000000e+00
   0.0000000e+00
   0.0000000e+00
   0.0000000e+00
   0.0000000e+00
   0.0000000e+00
   0.0000000e+00
   0.0000000e+00
   0.0000000e+00
   0.0000000e+00
   0.0000000e+00
   0.0000000e+00
   0.0000000e+00
   0.0000000e+00
   0.0000000e+00
   0.0000000e+00
   0.0000000e+00
   0.0000000e+00
   0.0000000e+00
   0.0000000e+00
   0.0000000e+00
   0.0000000e+00
   0.0000000e+00
   0.0000000e+00
   0.0000000e+00
   0.0000000e+00
   0.0000000e+00
   0.0000000e+00
   0.0000000e+00
   0.0000000e+00
   0.0000000e+00
   0.0000000e+00
   0.0000000e+00
   0.0000000e+00
   0.0000000e+00
   0.0000000e+00
   0.0000000e+00
   0.0000000e+00
   0.0000000e+00
   0.0000000e+00
   0.0000000e+00
   0.0000000e+00
   0.0000000e+00
   0.0000000e+00
   0.0000000e+00
   0.0000000e+00
   0.0000000e+00
   0.0000000e+00
   0.0000000e+00
   0.0000000e+00
   0.0000000e+00
   0.0000000e+00
   0.0000000e+00
   0.0000000e+00
   0.0000000e+00
   0.0000000e+00
   0.0000000e+00
   0.0000000e+00
   0.0000000e+00
   0.0000000e+00
   0.0000000e+00
   0.0000000e+00
   0.0000000e+00
   0.0000000e+00
   0.0000000e+00
   0.0000000e+00
   0.0000000e+00
