   1.5040043e-04
   1.9024869e-03
   1.4574611e-03
  -9.9975436e-04
   2.2659857e-03
   6.4179265e-03
  -3.4820831e-03
   9.2885292e-04
  -1.8255424e-03
  -3.2184503e-03
   1.1541190e-03
  -8.6446661e-05
  -1.5277485e-03
  -4.6214477e-03
   2.0458859e-03
  -4.5345285e-03
   5.9146372e-03
  -2.5028660e-03
   1.1607200e-03
   1.2001259e-02
   8.2516693e-03
   1.9892352e-02
   1.7481640e-02
   1.9641379e-02
   1.8038538e-02
   1.2470755e-02
   2.5906976e-02
   2.0562318e-02
   2.1730100e-02
   2.3404776e-02
   1.8693845e-02
   1.8253534e-02
   2.5252010e-02
   1.7768648e-02
   2.5046970e-02
   2.2382828e-02
   1.2826753e-02
   2.3690811e-02
   2.0745406e-02
   1.4031740e-02
   6.6504755e-02
   6.0514172e-02
   5.9457457e-02
   6.1409645e-02
   5.7467931e-02
   7.4267005e-02
   4.4134994e-02
   5.8067063e-02
   5.4546662e-02
   5.3777986e-02
   6.0106853e-02
   6.1013335e-02
   4.9252387e-02
   6.4096766e-02
   4.9899156e-02
   5.5084792e-02
   7.0792604e-02
   4.5946004e-02
   6.6685769e-02
   2.4371410e-03
   1.0624737e-01
   1.1785146e-01
   1.1673563e-01
   1.1216205e-01
   1.2297977e-01
   9.0551206e-02
   1.3051391e-01
   1.2305253e-01
   1.2068883e-01
   1.2686986e-01
   1.1514293e-01
   1.1475459e-01
   1.2977604e-01
   1.1284905e-01
   1.2018249e-01
   1.3031392e-01
   9.2517381e-02
   1.5027286e-01
   9.3325294e-02
   1.3793563e-04
   2.5754811e-01
   1.5762994e-01
   1.9559754e-01
   1.8206038e-01
   1.8008550e-01
   2.0751458e-01
   1.6331961e-01
   1.4007196e-01
   1.8125279e-01
   1.5181100e-01
   1.8301508e-01
   1.8238017e-01
   1.3956134e-01
   1.9636930e-01
   1.6849243e-01
   1.5892467e-01
   2.1569446e-01
   1.4961242e-01
   1.7465878e-02
   0.0000000e+00
   1.8954552e-01
   1.2023598e-01
   3.1511861e-01
   2.0525028e-01
   1.3378406e-01
   2.3456100e-01
   3.1195751e-02
   2.6689759e-03
   1.9076163e-01
   3.7330552e-01
   1.8517077e-01
   2.6785360e-01
   2.9152965e-01
   5.8422642e-02
   9.2210173e-02
   3.0906404e-01
   1.5382221e-01
   2.0599090e-02
   1.5124263e-04
   0.0000000e+00
   4.7556774e-03
   7.3299544e-03
   3.5182266e-02
   2.1185812e-02
   1.0006613e-03
   1.4558957e-03
   1.6764199e-04
   1.0743119e-03
   1.3666392e-01
   2.6920632e-01
   3.7306089e-02
   3.3263190e-02
   6.0309463e-02
   2.5024125e-01
   4.5748400e-01
   2.8746118e-01
   4.5323285e-02
   1.2137108e-04
   0.0000000e+00
   0.0000000e+00
   0.0000000e+00
   0.0000000e+00
   0.0000000e+00
   0.0000000e+00
   0.0000000e+00
   0.0000000e+00
   0.0000000e+00
   2.3930488e-05
   3.0442129e-03
   5.9939871e-03
   7.0020792e-04
   0.0000000e+00
   5.1325406e-03
   2.5152243e-01
   3.7045684e-01
   5.0130244e-02
   2.9951855e-03
   0.0000000e+00
   0.0000000e+00
   0.0000000e+00
   0.0000000e+00
   0.0000000e+00
   0.0000000e+00
   0.0000000e+00
   0.0000000e+00
   0.0000000e+00
   0.0000000e+00
   0.0000000e+00
   0.0000000e+00
   0.0000000e+00
   0.0000000e+00
   0.0000000e+00
   2.3664167e-04
   1.1594460e-02
   1.6615363e-02
   1.2817521e-03
   0.0000000e+00
   0.0000000e+00
   0.0000000e+00
   0.0000000e+00
   0.0000000e+00
   0.0000000e+00
   0.0000000e+00
   0.0000000e+00
   0.0000000e+00
   0.0000000e+00
   0.0000000e+00
   0.0000000e+00
   0.0000000e+00
   0.0000000e+00
   0.0000000e+00
   0.0000000e+00
   0.0000000e+00
   0.0000000e+00
   0.0000000e+00
   0.0000000e+00
   0.0000000e+00
   0.0000000e+00
   0.0000000e+00
   0.0000000e+00
   0.0000000e+00
   0.0000000e+00
   0.0000000e+00
   0.0000000e+00
   0.0000000e+00
   0.0000000e+00
   0.0000000e+00
   0.0000000e+00
   0.0000000e+00
   0.0000000e+00
   0.0000000e+00
   0.0000000e+00
   0.0000000e+00
   0.0000000e+00
   0.0000000e+00
   0.0000000e+00
   0.0000000e+00
   0.0000000e+00
   0.0000000e+00
   0.0000000e+00
   0.0000000e+00
   0.0000000e+00
   0.0000000e+00
   0.0000000e+00
   0.0000000e+00
   0.0000000e+00
   0.0000000e+00
   0.0000000e+00
   0.0000000e+00
   0.0000000e+00
   0.0000000e+00
   0.0000000e+00
   0.0000000e+00
   0.0000000e+00
   0.0000000e+00
   0.0000000e+00
   0.0000000e+00
   0.0000000e+00
   0.0000000e+00
   0.0000000e+00
   0.0000000e+00
   0.0000000e+00
   0.0000000e+00
   0.0000000e+00
   0.0000000e+00
   0.0000000e+00
   0.0000000e+00
   0.0000000e+00
   0.0000000e+00
   0.0000000e+00
   0.0000000e+00
   0.0000000e+00
   0.0000000e+00
   0.0000000e+00
   0.0000000e+00
   0.0000000e+00
   0.0000000e+00
   0.0000000e+00
   0.0000000e+00
   0.0000000e+00
   0.0000000e+00
   0.0000000e+00
   0.0000000e+00
   0.0000000e+00
   0.0000000e+00
   0.0000000e+00
   0.0000000e+00
   0.0000000e+00
   0.0000000e+00
   0.0000000e+00
   0.0000000e+00
   0.0000000e+00
   0.0000000e+00
   0.0000000e+00
   0.0000000e+00
   0.0000000e+00
   0.0000000e+00
   0.0000000e+00
   0.0000000e+00
   0.0000000e+00
   0.0000000e+00
   0.0000000e+00
   0.0000000e+00
   0.0000000e+00
   0.0000000e+00
   0.0000000e+00
   0.0000000e+00
   0.0000000e+00
   0.0000000e+00
   0.0000000e+00
   0.0000000e+00
   0.0000000e+00
   0.0000000e+00
   0.0000000e+00
   0.0000000e+00
   0.0000000e+00
   0.0000000e+00
   0.0000000e+00
   0.0000000e+00
   0.0000000e+00
   0.0000000e+00
   0.0000000e+00
   0.0000000e+00
   0.0000000e+00
   0.0000000e+00
   0.0000000e+00
   0.0000000e+00
   0.0000000e+00
   0.0000000e+00
   0.0000000e+00
   0.0000000e+00
   0.0000000e+00
   0.0000000e+00
   0.0000000e+00
   0.0000000e+00
   0.0000000e+00
   0.0000000e+00
   0.0000000e+00
   0.0000000e+00
   0.0000000e+00
   0.0000000e+00
   0.0000000e+00
   0.0000000e+00
   0.0000000e+00
   0.0000000e+00
   0.0000000e+00
   0.0000000e+00
   0.0000000e+00
   0.0000000e+00
   0.0000000e+00
   0.0000000e+00
   0.0000000e+00
   0.0000000e+00
   0.0000000e+00
   0.0000000e+00
   0.0000000e+00
   0.0000000e+00
   0.0000000e+00
   0.0000000e+00
   0.0000000e+00
   0.0000000e+00
   0.0000000e+00
   0.0000000e+00
   0.0000000e+00
   0.0000000e+00
   0.0000000e+00
   0.0000000e+00
   0.0000000e+00
   0.0000000e+00
   0.0000000e+00
   0.0000000e+00
   0.0000000e+00
   0.0000000e+00
   0.0000000e+00
   0.0000000e+00
   0.0000000e+00
   0.0000000e+00
   0.0000000e+00
   0.0000000e+00
   0.0000000e+00
   0.0000000e+00
   0.0000000e+00
   0.0000000e+00
   0.0000000e+00
   0.0000000e+00
   0.0000000e+00
   0.0000000e+00
   0.0000000e+00
   0.0000000e+00
   0.0000000e+00
   0.0000000e+00
   0.0000000e+00
   0.0000000e+00
   0.0000000e+00
   0.0000000e+00
   0.0000000e+00
   0.0000000e+00
   0.0000000e+00
   0.0000000e+00
   0.0000000e+00
   0.0000000e+00
   0.0000000e+00
   0.0000000e+00
   0.0000000e+00
   0.0000000e+00
   0.0000000e+00
   0.0000000e+00
   0.0000000e+00
   0.0000000e+00
   0.0000000e+00
   0.0000000e+00
   0.0000000e+00
   0.0000000e+00
   0.0000000e+00
   0.0000000e+00
   0.0000000e+00
   0.0000000e+00
   0.0000000e+00
   0.0000000e+00
   0.0000000e+00
