  -1.2928207e-03
   7.7857067e-05
   1.2118395e-03
  -5.7963910e-03
  -2.6425240e-03
   7.9785270e-04
  -1.0307006e-05
  -2.2068997e-03
   5.1541157e-03
   1.0585636e-02
   2.2236840e-03
   1.0527282e-03
  -1.2733770e-03
   1.7993884e-03
  -1.2050918e-03
   2.1482676e-03
  -3.1286141e-03
   1.1598479e-03
   3.8947507e-03
   0.0000000e+00
   2.5876697e-02
   2.4041075e-02
   1.5886511e-02
   2.6419890e-02
   1.7278917e-02
   1.8558674e-02
   2.0691996e-02
   2.2993450e-02
   9.3202856e-03
   1.5156994e-02
   1.2840503e-02
   2.1565948e-02
   1.6337664e-02
   1.8243933e-02
   2.1141032e-02
   1.5734659e-02
   2.7980151e-02
   1.6139182e-02
   1.5735883e-02
   4.3061747e-06
   1.7114600e-02
   5.1839142e-02
   6.3777376e-02
   4.7436378e-02
   6.4162436e-02
   6.1180902e-02
   5.6558487e-02
   4.9589764e-02
   8.7926637e-02
   6.0610181e-02
   6.7699251e-02
   5.5620603e-02
   6.4746996e-02
   5.9780285e-02
   5.7956806e-02
   6.3561264e-02
   4.7246763e-02
   6.1844792e-02
   7.0213415e-02
   2.5931342e-05
   7.4272751e-02
   1.2358622e-01
   1.3353008e-01
   1.3156848e-01
   1.1185462e-01
   1.0890577e-01
   1.2600262e-01
   1.2699255e-01
   7.4354823e-02
   1.1366132e-01
   1.0286351e-01
   1.2165362e-01
   1.1051092e-01
   1.1580031e-01
   1.1581357e-01
   1.1922911e-01
   1.2273871e-01
   1.3603024e-01
   5.4255315e-02
   1.5167849e-05
   6.3952427e-02
   2.2567603e-01
   1.0649859e-01
   6.8794862e-02
   2.0796254e-01
   2.1132488e-01
   1.7542977e-01
   1.4878455e-01
   2.8930519e-01
   1.5634774e-01
   2.6927156e-01
   1.5527832e-01
   2.0155151e-01
   1.6966099e-01
   2.1510561e-01
   8.6819369e-02
   2.3086720e-01
   1.0291320e-01
   5.5461281e-03
   1.6132533e-07
   1.0098234e-03
   4.4417133e-03
   1.8580445e-03
   2.5595018e-03
   1.4068116e-02
   1.5439545e-02
   1.2411858e-02
   2.6488824e-02
   1.4651060e-01
   9.1173974e-02
   2.2216081e-01
   1.3622046e-01
   2.5306913e-01
   2.2446113e-01
   2.9547280e-01
   5.4652994e-02
   1.5540357e-02
   4.4988831e-03
   1.7718318e-06
   0.0000000e+00
   0.0000000e+00
   0.0000000e+00
   0.0000000e+00
   0.0000000e+00
   0.0000000e+00
   0.0000000e+00
   0.0000000e+00
   1.6948266e-04
   1.2198775e-03
   1.4324362e-03
   7.1212661e-03
   4.7699776e-03
   1.1168198e-02
   1.4796246e-02
   2.6741983e-02
   4.6346698e-03
   0.0000000e+00
   0.0000000e+00
   0.0000000e+00
   0.0000000e+00
   0.0000000e+00
   0.0000000e+00
   0.0000000e+00
   0.0000000e+00
   0.0000000e+00
   0.0000000e+00
   0.0000000e+00
   0.0000000e+00
   0.0000000e+00
   0.0000000e+00
   0.0000000e+00
   0.0000000e+00
   0.0000000e+00
   0.0000000e+00
   0.0000000e+00
   0.0000000e+00
   0.0000000e+00
   0.0000000e+00
   0.0000000e+00
   0.0000000e+00
   0.0000000e+00
   0.0000000e+00
   0.0000000e+00
   0.0000000e+00
   0.0000000e+00
   0.0000000e+00
   0.0000000e+00
   0.0000000e+00
   0.0000000e+00
   0.0000000e+00
   0.0000000e+00
   0.0000000e+00
   0.0000000e+00
   0.0000000e+00
   0.0000000e+00
   0.0000000e+00
   0.0000000e+00
   0.0000000e+00
   0.0000000e+00
   0.0000000e+00
   0.0000000e+00
   0.0000000e+00
   0.0000000e+00
   0.0000000e+00
   0.0000000e+00
   0.0000000e+00
   0.0000000e+00
   0.0000000e+00
   0.0000000e+00
   0.0000000e+00
   0.0000000e+00
   0.0000000e+00
   0.0000000e+00
   0.0000000e+00
   0.0000000e+00
   0.0000000e+00
   0.0000000e+00
   0.0000000e+00
   0.0000000e+00
   0.0000000e+00
   0.0000000e+00
   0.0000000e+00
   0.0000000e+00
   0.0000000e+00
   0.0000000e+00
   0.0000000e+00
   0.0000000e+00
   0.0000000e+00
   0.0000000e+00
   0.0000000e+00
   0.0000000e+00
   0.0000000e+00
   0.0000000e+00
   0.0000000e+00
   0.0000000e+00
   0.0000000e+00
   0.0000000e+00
   0.0000000e+00
   0.0000000e+00
   0.0000000e+00
   0.0000000e+00
   0.0000000e+00
   0.0000000e+00
   0.0000000e+00
   0.0000000e+00
   0.0000000e+00
   0.0000000e+00
   0.0000000e+00
   0.0000000e+00
   0.0000000e+00
   0.0000000e+00
   0.0000000e+00
   0.0000000e+00
   0.0000000e+00
   0.0000000e+00
   0.0000000e+00
   0.0000000e+00
   0.0000000e+00
   0.0000000e+00
   0.0000000e+00
   0.0000000e+00
   0.0000000e+00
   0.0000000e+00
   0.0000000e+00
   0.0000000e+00
   0.0000000e+00
   0.0000000e+00
   0.0000000e+00
   0.0000000e+00
   0.0000000e+00
   0.0000000e+00
   0.0000000e+00
   0.0000000e+00
   0.0000000e+00
   0.0000000e+00
   0.0000000e+00
   0.0000000e+00
   0.0000000e+00
   0.0000000e+00
   0.0000000e+00
   0.0000000e+00
   0.0000000e+00
   0.0000000e+00
   0.0000000e+00
   0.0000000e+00
   0.0000000e+00
   0.0000000e+00
   0.0000000e+00
   0.0000000e+00
   0.0000000e+00
   0.0000000e+00
   0.0000000e+00
   0.0000000e+00
   0.0000000e+00
   0.0000000e+00
   0.0000000e+00
   0.0000000e+00
   0.0000000e+00
   0.0000000e+00
   0.0000000e+00
   0.0000000e+00
   0.0000000e+00
   0.0000000e+00
   0.0000000e+00
   0.0000000e+00
   0.0000000e+00
   0.0000000e+00
   0.0000000e+00
   0.0000000e+00
   0.0000000e+00
   0.0000000e+00
   0.0000000e+00
   0.0000000e+00
   0.0000000e+00
   0.0000000e+00
   0.0000000e+00
   0.0000000e+00
   0.0000000e+00
   0.0000000e+00
   0.0000000e+00
   0.0000000e+00
   0.0000000e+00
   0.0000000e+00
   0.0000000e+00
   0.0000000e+00
   0.0000000e+00
   0.0000000e+00
   0.0000000e+00
   0.0000000e+00
   0.0000000e+00
   0.0000000e+00
   0.0000000e+00
   0.0000000e+00
   0.0000000e+00
   0.0000000e+00
   0.0000000e+00
   0.0000000e+00
   0.0000000e+00
   0.0000000e+00
   0.0000000e+00
   0.0000000e+00
   0.0000000e+00
   0.0000000e+00
   0.0000000e+00
   0.0000000e+00
   0.0000000e+00
   0.0000000e+00
   0.0000000e+00
   0.0000000e+00
   0.0000000e+00
   0.0000000e+00
   0.0000000e+00
   0.0000000e+00
   0.0000000e+00
   0.0000000e+00
   0.0000000e+00
   0.0000000e+00
   0.0000000e+00
   0.0000000e+00
   0.0000000e+00
   0.0000000e+00
   0.0000000e+00
   0.0000000e+00
   0.0000000e+00
   0.0000000e+00
   0.0000000e+00
   0.0000000e+00
   0.0000000e+00
   0.0000000e+00
   0.0000000e+00
   0.0000000e+00
   0.0000000e+00
   0.0000000e+00
   0.0000000e+00
   0.0000000e+00
   0.0000000e+00
   0.0000000e+00
   0.0000000e+00
   0.0000000e+00
   0.0000000e+00
   0.0000000e+00
   0.0000000e+00
   0.0000000e+00
   0.0000000e+00
   0.0000000e+00
   0.0000000e+00
   0.0000000e+00
   0.0000000e+00
   0.0000000e+00
   0.0000000e+00
   0.0000000e+00
   0.0000000e+00
   0.0000000e+00
   0.0000000e+00
   0.0000000e+00
   0.0000000e+00
   0.0000000e+00
   0.0000000e+00
   0.0000000e+00
   0.0000000e+00
   0.0000000e+00
   0.0000000e+00
   0.0000000e+00
   0.0000000e+00
   0.0000000e+00
   0.0000000e+00
   0.0000000e+00
   0.0000000e+00
   0.0000000e+00
   0.0000000e+00
   0.0000000e+00
   0.0000000e+00
   0.0000000e+00
   0.0000000e+00
   0.0000000e+00
   0.0000000e+00
   0.0000000e+00
   0.0000000e+00
   0.0000000e+00
   0.0000000e+00
