  -9.0063446e-05
   1.3745233e-03
  -6.5564434e-05
   5.2052163e-05
  -1.8150942e-03
   3.4432244e-03
  -1.0754595e-03
   2.1214860e-03
   1.6192065e-02
   3.9800015e-04
   3.1857562e-03
  -3.1333162e-03
   4.4544127e-03
  -3.3173666e-05
  -2.0209969e-03
   3.2866762e-03
  -2.4430899e-03
   1.8565277e-03
   9.9525830e-03
   1.1016341e-02
   2.0370106e-02
   1.5820788e-02
   2.0880208e-02
   1.9222253e-02
   2.2719551e-02
   1.6258307e-02
   1.7578777e-02
   1.5598262e-02
   1.2287276e-02
   1.3424483e-02
   1.6223287e-02
   2.3247994e-02
   1.3130430e-02
   1.9877175e-02
   2.1376687e-02
   1.6325072e-02
   1.9612740e-02
   1.9699098e-02
   1.6433604e-02
   1.6979023e-02
   5.0775757e-02
   7.0575554e-02
   5.4136776e-02
   5.9546310e-02
   5.5579871e-02
   5.9174364e-02
   6.9554417e-02
   6.2091080e-02
   6.2736226e-02
   7.2367121e-02
   6.4241973e-02
   5.3476569e-02
   6.7877210e-02
   5.8543842e-02
   5.8215773e-02
   5.9561836e-02
   6.8758181e-02
   4.3239583e-02
   8.5646494e-02
   1.0198459e-02
   1.3478884e-01
   9.6753930e-02
   1.2318214e-01
   1.1971079e-01
   1.1633040e-01
   1.2445397e-01
   8.7230146e-02
   1.1638704e-01
   1.0790748e-01
   1.0134427e-01
   1.1166067e-01
   1.2213957e-01
   1.1207282e-01
   1.1343087e-01
   1.1594808e-01
   1.2073324e-01
   8.8576258e-02
   1.5678826e-01
   6.5216658e-02
   4.7242231e-03
   1.3446421e-01
   2.3196881e-01
   1.7188222e-01
   1.5693768e-01
   1.8392514e-01
   1.6105555e-01
   2.5565343e-01
   1.6353474e-01
   2.3971521e-01
   1.8239670e-01
   2.0496776e-01
   1.6746913e-01
   1.8100506e-01
   1.9139099e-01
   1.8170021e-01
   1.8043149e-01
   2.2650130e-01
   7.8852070e-02
   2.6846492e-03
   4.2859086e-05
   1.1723882e-02
   2.7055391e-02
   8.2798151e-02
   4.0113827e-01
   2.0701361e-01
   7.2935848e-02
   1.8254440e-01
   5.5405700e-02
   6.9491583e-02
   1.6719464e-01
   2.1883773e-01
   1.9731756e-01
   3.1641253e-01
   5.1277601e-02
   1.1024617e-02
   7.4058126e-02
   2.6928848e-01
   6.7080199e-02
  -5.4174042e-10
   0.0000000e+00
   0.0000000e+00
   0.0000000e+00
   4.2328623e-02
   2.1468829e-01
   8.4022358e-02
   2.5528383e-03
   1.3260544e-03
   2.3969179e-04
   1.6727802e-05
   8.2363212e-04
   2.0904815e-03
   1.5719012e-02
   3.0017230e-02
   3.4735575e-03
   0.0000000e+00
   8.1392428e-04
   3.2641530e-03
   8.1815773e-04
   7.9122259e-13
   0.0000000e+00
   0.0000000e+00
   0.0000000e+00
   5.9564850e-04
   2.7858033e-03
   8.1374978e-04
   9.8508503e-08
   0.0000000e+00
   0.0000000e+00
   0.0000000e+00
   0.0000000e+00
   0.0000000e+00
   0.0000000e+00
   0.0000000e+00
   0.0000000e+00
   0.0000000e+00
   0.0000000e+00
   0.0000000e+00
   0.0000000e+00
   0.0000000e+00
   0.0000000e+00
   0.0000000e+00
   0.0000000e+00
   0.0000000e+00
   0.0000000e+00
   0.0000000e+00
   0.0000000e+00
   0.0000000e+00
   0.0000000e+00
   0.0000000e+00
   0.0000000e+00
   0.0000000e+00
   0.0000000e+00
   0.0000000e+00
   0.0000000e+00
   0.0000000e+00
   0.0000000e+00
   0.0000000e+00
   0.0000000e+00
   0.0000000e+00
   0.0000000e+00
   0.0000000e+00
   0.0000000e+00
   0.0000000e+00
   0.0000000e+00
   0.0000000e+00
   0.0000000e+00
   0.0000000e+00
   0.0000000e+00
   0.0000000e+00
   0.0000000e+00
   0.0000000e+00
   0.0000000e+00
   0.0000000e+00
   0.0000000e+00
   0.0000000e+00
   0.0000000e+00
   0.0000000e+00
   0.0000000e+00
   0.0000000e+00
   0.0000000e+00
   0.0000000e+00
   0.0000000e+00
   0.0000000e+00
   0.0000000e+00
   0.0000000e+00
   0.0000000e+00
   0.0000000e+00
   0.0000000e+00
   0.0000000e+00
   0.0000000e+00
   0.0000000e+00
   0.0000000e+00
   0.0000000e+00
   0.0000000e+00
   0.0000000e+00
   0.0000000e+00
   0.0000000e+00
   0.0000000e+00
   0.0000000e+00
   0.0000000e+00
   0.0000000e+00
   0.0000000e+00
   0.0000000e+00
   0.0000000e+00
   0.0000000e+00
   0.0000000e+00
   0.0000000e+00
   0.0000000e+00
   0.0000000e+00
   0.0000000e+00
   0.0000000e+00
   0.0000000e+00
   0.0000000e+00
   0.0000000e+00
   0.0000000e+00
   0.0000000e+00
   0.0000000e+00
   0.0000000e+00
   0.0000000e+00
   0.0000000e+00
   0.0000000e+00
   0.0000000e+00
   0.0000000e+00
   0.0000000e+00
   0.0000000e+00
   0.0000000e+00
   0.0000000e+00
   0.0000000e+00
   0.0000000e+00
   0.0000000e+00
   0.0000000e+00
   0.0000000e+00
   0.0000000e+00
   0.0000000e+00
   0.0000000e+00
   0.0000000e+00
   0.0000000e+00
   0.0000000e+00
   0.0000000e+00
   0.0000000e+00
   0.0000000e+00
   0.0000000e+00
   0.0000000e+00
   0.0000000e+00
   0.0000000e+00
   0.0000000e+00
   0.0000000e+00
   0.0000000e+00
   0.0000000e+00
   0.0000000e+00
   0.0000000e+00
   0.0000000e+00
   0.0000000e+00
   0.0000000e+00
   0.0000000e+00
   0.0000000e+00
   0.0000000e+00
   0.0000000e+00
   0.0000000e+00
   0.0000000e+00
   0.0000000e+00
   0.0000000e+00
   0.0000000e+00
   0.0000000e+00
   0.0000000e+00
   0.0000000e+00
   0.0000000e+00
   0.0000000e+00
   0.0000000e+00
   0.0000000e+00
   0.0000000e+00
   0.0000000e+00
   0.0000000e+00
   0.0000000e+00
   0.0000000e+00
   0.0000000e+00
   0.0000000e+00
   0.0000000e+00
   0.0000000e+00
   0.0000000e+00
   0.0000000e+00
   0.0000000e+00
   0.0000000e+00
   0.0000000e+00
   0.0000000e+00
   0.0000000e+00
   0.0000000e+00
   0.0000000e+00
   0.0000000e+00
   0.0000000e+00
   0.0000000e+00
   0.0000000e+00
   0.0000000e+00
   0.0000000e+00
   0.0000000e+00
   0.0000000e+00
   0.0000000e+00
   0.0000000e+00
   0.0000000e+00
   0.0000000e+00
   0.0000000e+00
   0.0000000e+00
   0.0000000e+00
   0.0000000e+00
   0.0000000e+00
   0.0000000e+00
   0.0000000e+00
   0.0000000e+00
   0.0000000e+00
   0.0000000e+00
   0.0000000e+00
   0.0000000e+00
   0.0000000e+00
   0.0000000e+00
   0.0000000e+00
   0.0000000e+00
   0.0000000e+00
   0.0000000e+00
   0.0000000e+00
   0.0000000e+00
   0.0000000e+00
   0.0000000e+00
   0.0000000e+00
   0.0000000e+00
   0.0000000e+00
   0.0000000e+00
   0.0000000e+00
   0.0000000e+00
   0.0000000e+00
   0.0000000e+00
   0.0000000e+00
   0.0000000e+00
   0.0000000e+00
   0.0000000e+00
   0.0000000e+00
   0.0000000e+00
   0.0000000e+00
   0.0000000e+00
   0.0000000e+00
   0.0000000e+00
   0.0000000e+00
   0.0000000e+00
   0.0000000e+00
   0.0000000e+00
   0.0000000e+00
   0.0000000e+00
   0.0000000e+00
   0.0000000e+00
   0.0000000e+00
   0.0000000e+00
   0.0000000e+00
   0.0000000e+00
   0.0000000e+00
   0.0000000e+00
   0.0000000e+00
   0.0000000e+00
   0.0000000e+00
   0.0000000e+00
   0.0000000e+00
   0.0000000e+00
   0.0000000e+00
   0.0000000e+00
   0.0000000e+00
   0.0000000e+00
   0.0000000e+00
   0.0000000e+00
   0.0000000e+00
   0.0000000e+00
   0.0000000e+00
   0.0000000e+00
   0.0000000e+00
   0.0000000e+00
   0.0000000e+00
   0.0000000e+00
   0.0000000e+00
   0.0000000e+00
   0.0000000e+00
   0.0000000e+00
   0.0000000e+00
   0.0000000e+00
