   1.0503701e-03
  -9.2513072e-04
  -1.2251940e-03
  -1.3111554e-04
   1.1537126e-03
  -3.8935827e-03
   4.7926920e-03
  -2.6691072e-04
   6.3797771e-04
  -6.5910607e-04
  -5.8916245e-04
   4.4432219e-03
  -3.9549427e-03
   2.7725622e-03
  -1.2140180e-03
   2.7399292e-03
   3.1401439e-03
   2.1472145e-03
  -3.3660125e-03
   6.0282301e-03
   2.5485247e-02
   1.7866318e-02
   2.3118663e-02
   1.8917381e-02
   1.7805288e-02
   2.6408813e-02
   1.1106604e-02
   2.0649717e-02
   1.7343813e-02
   2.4219326e-02
   2.0510614e-02
   1.3165366e-02
   2.4247808e-02
   1.4960205e-02
   2.0815336e-02
   1.4651199e-02
   1.4659502e-02
   1.9622382e-02
   2.3273654e-02
   2.3114803e-02
   4.6908111e-02
   6.2220311e-02
   5.2347835e-02
   6.1275859e-02
   6.1709486e-02
   4.7586194e-02
   7.3060444e-02
   5.8278899e-02
   6.1582083e-02
   4.7612033e-02
   5.8689115e-02
   6.6576264e-02
   5.3335748e-02
   6.6514901e-02
   6.0140302e-02
   6.3641799e-02
   7.2113026e-02
   5.0450530e-02
   6.8020017e-02
   5.4595809e-03
   1.0827757e-01
   1.1572878e-01
   1.2798842e-01
   1.1314888e-01
   1.1231764e-01
   1.3500710e-01
   1.0065790e-01
   1.1511962e-01
   1.1566984e-01
   1.3290374e-01
   1.1654314e-01
   1.0865584e-01
   1.2312427e-01
   1.0790651e-01
   1.1238948e-01
   1.1538321e-01
   8.3508154e-02
   1.4303031e-01
   9.6449253e-02
   1.5516550e-03
   1.7626710e-01
   2.3589686e-01
   9.9726717e-02
   2.2001430e-01
   1.8399264e-01
   1.2372552e-01
   1.1445396e-01
   2.0499806e-01
   1.6687511e-01
   1.6023996e-01
   1.6953599e-01
   2.0344443e-01
   1.7102001e-01
   1.9794619e-01
   1.9804509e-01
   1.9004934e-01
   2.3219535e-01
   1.7052892e-01
   1.7145968e-02
   8.0545143e-05
   1.3975724e-01
   2.7921856e-01
   7.8945354e-02
   1.9986833e-01
   2.9225766e-01
   3.0694307e-01
   3.4061630e-01
   1.5686361e-01
   2.6343487e-01
   2.9321483e-01
   2.3717454e-01
   2.4122861e-01
   4.9498537e-02
   1.7273778e-02
   2.2779322e-02
   4.3161561e-02
   4.6689670e-02
   1.8905074e-02
   1.3168610e-03
   0.0000000e+00
   4.3830165e-03
   1.1279700e-02
   4.2200547e-03
   1.3773554e-02
   5.8442962e-02
   1.5076404e-01
   2.8827515e-01
   6.5775161e-02
   1.1342108e-01
   1.6494455e-01
   2.0089682e-02
   6.6657373e-03
   5.1832026e-02
   5.6498383e-02
   2.9164338e-03
   0.0000000e+00
   0.0000000e+00
   0.0000000e+00
   0.0000000e+00
   0.0000000e+00
   0.0000000e+00
   0.0000000e+00
   0.0000000e+00
   1.1395902e-06
   5.2693512e-05
   3.3560815e-03
   1.1345714e-02
   2.4492677e-03
   9.6140296e-05
   1.4020211e-04
   1.1085851e-05
   1.6730466e-02
   4.6298792e-01
   5.1110328e-01
   2.6383036e-02
   0.0000000e+00
   0.0000000e+00
   0.0000000e+00
   0.0000000e+00
   0.0000000e+00
   0.0000000e+00
   0.0000000e+00
   0.0000000e+00
   0.0000000e+00
   0.0000000e+00
   0.0000000e+00
   0.0000000e+00
   0.0000000e+00
   0.0000000e+00
   0.0000000e+00
   0.0000000e+00
   8.8905998e-03
   2.4603261e-01
   2.7160120e-01
   1.4019993e-02
   0.0000000e+00
   0.0000000e+00
   0.0000000e+00
   0.0000000e+00
   0.0000000e+00
   0.0000000e+00
   0.0000000e+00
   0.0000000e+00
   0.0000000e+00
   0.0000000e+00
   0.0000000e+00
   0.0000000e+00
   0.0000000e+00
   0.0000000e+00
   0.0000000e+00
   0.0000000e+00
   8.2130579e-05
   2.2728276e-03
   2.5090280e-03
   1.2951546e-04
   0.0000000e+00
   0.0000000e+00
   0.0000000e+00
   0.0000000e+00
   0.0000000e+00
   0.0000000e+00
   0.0000000e+00
   0.0000000e+00
   0.0000000e+00
   0.0000000e+00
   0.0000000e+00
   0.0000000e+00
   0.0000000e+00
   0.0000000e+00
   0.0000000e+00
   0.0000000e+00
   0.0000000e+00
   0.0000000e+00
   0.0000000e+00
   0.0000000e+00
   0.0000000e+00
   0.0000000e+00
   0.0000000e+00
   0.0000000e+00
   0.0000000e+00
   0.0000000e+00
   0.0000000e+00
   0.0000000e+00
   0.0000000e+00
   0.0000000e+00
   0.0000000e+00
   0.0000000e+00
   0.0000000e+00
   0.0000000e+00
   0.0000000e+00
   0.0000000e+00
   0.0000000e+00
   0.0000000e+00
   0.0000000e+00
   0.0000000e+00
   0.0000000e+00
   0.0000000e+00
   0.0000000e+00
   0.0000000e+00
   0.0000000e+00
   0.0000000e+00
   0.0000000e+00
   0.0000000e+00
   0.0000000e+00
   0.0000000e+00
   0.0000000e+00
   0.0000000e+00
   0.0000000e+00
   0.0000000e+00
   0.0000000e+00
   0.0000000e+00
   0.0000000e+00
   0.0000000e+00
   0.0000000e+00
   0.0000000e+00
   0.0000000e+00
   0.0000000e+00
   0.0000000e+00
   0.0000000e+00
   0.0000000e+00
   0.0000000e+00
   0.0000000e+00
   0.0000000e+00
   0.0000000e+00
   0.0000000e+00
   0.0000000e+00
   0.0000000e+00
   0.0000000e+00
   0.0000000e+00
   0.0000000e+00
   0.0000000e+00
   0.0000000e+00
   0.0000000e+00
   0.0000000e+00
   0.0000000e+00
   0.0000000e+00
   0.0000000e+00
   0.0000000e+00
   0.0000000e+00
   0.0000000e+00
   0.0000000e+00
   0.0000000e+00
   0.0000000e+00
   0.0000000e+00
   0.0000000e+00
   0.0000000e+00
   0.0000000e+00
   0.0000000e+00
   0.0000000e+00
   0.0000000e+00
   0.0000000e+00
   0.0000000e+00
   0.0000000e+00
   0.0000000e+00
   0.0000000e+00
   0.0000000e+00
   0.0000000e+00
   0.0000000e+00
   0.0000000e+00
   0.0000000e+00
   0.0000000e+00
   0.0000000e+00
   0.0000000e+00
   0.0000000e+00
   0.0000000e+00
   0.0000000e+00
   0.0000000e+00
   0.0000000e+00
   0.0000000e+00
   0.0000000e+00
   0.0000000e+00
   0.0000000e+00
   0.0000000e+00
   0.0000000e+00
   0.0000000e+00
   0.0000000e+00
   0.0000000e+00
   0.0000000e+00
   0.0000000e+00
   0.0000000e+00
   0.0000000e+00
   0.0000000e+00
   0.0000000e+00
   0.0000000e+00
   0.0000000e+00
   0.0000000e+00
   0.0000000e+00
   0.0000000e+00
   0.0000000e+00
   0.0000000e+00
   0.0000000e+00
   0.0000000e+00
   0.0000000e+00
   0.0000000e+00
   0.0000000e+00
   0.0000000e+00
   0.0000000e+00
   0.0000000e+00
   0.0000000e+00
   0.0000000e+00
   0.0000000e+00
   0.0000000e+00
   0.0000000e+00
   0.0000000e+00
   0.0000000e+00
   0.0000000e+00
   0.0000000e+00
   0.0000000e+00
   0.0000000e+00
   0.0000000e+00
   0.0000000e+00
   0.0000000e+00
   0.0000000e+00
   0.0000000e+00
   0.0000000e+00
   0.0000000e+00
   0.0000000e+00
   0.0000000e+00
   0.0000000e+00
   0.0000000e+00
   0.0000000e+00
   0.0000000e+00
   0.0000000e+00
   0.0000000e+00
   0.0000000e+00
   0.0000000e+00
   0.0000000e+00
   0.0000000e+00
   0.0000000e+00
   0.0000000e+00
   0.0000000e+00
   0.0000000e+00
   0.0000000e+00
   0.0000000e+00
   0.0000000e+00
   0.0000000e+00
   0.0000000e+00
   0.0000000e+00
   0.0000000e+00
   0.0000000e+00
   0.0000000e+00
   0.0000000e+00
   0.0000000e+00
   0.0000000e+00
   0.0000000e+00
   0.0000000e+00
   0.0000000e+00
   0.0000000e+00
   0.0000000e+00
   0.0000000e+00
   0.0000000e+00
   0.0000000e+00
   0.0000000e+00
   0.0000000e+00
   0.0000000e+00
   0.0000000e+00
   0.0000000e+00
   0.0000000e+00
   0.0000000e+00
   0.0000000e+00
