   4.3247714e-04
   1.8817071e-03
   7.3474267e-04
   6.4377521e-03
   1.2721950e-03
  -5.1643784e-03
  -2.2416382e-03
  -1.0304882e-03
  -3.0475445e-03
   2.6440249e-03
   1.7658468e-02
   4.0877162e-04
   7.7057448e-03
   1.6587440e-03
  -1.0545997e-03
   6.0718837e-03
  -4.3876089e-04
  -4.8153342e-03
   6.1922914e-04
   5.5539095e-03
   2.1825087e-02
   1.6014347e-02
   2.1193227e-02
   1.6954387e-02
   1.6611810e-02
   2.6757827e-02
   2.1748033e-02
   2.1841501e-02
   2.9953081e-02
   7.8602695e-03
   1.7340355e-02
   1.4449051e-02
   1.4079974e-02
   1.5474057e-02
   1.8608738e-02
   1.1971463e-02
   2.0950616e-02
   2.9969151e-02
   1.8007855e-02
   1.2157482e-02
   5.8258012e-02
   6.2931378e-02
   5.4800018e-02
   6.1513346e-02
   6.4259003e-02
   4.5734000e-02
   5.3305509e-02
   6.5127808e-02
   4.4306046e-02
   7.8333760e-02
   5.6142894e-02
   6.9939653e-02
   6.4143274e-02
   5.8768429e-02
   6.9587675e-02
   5.7506775e-02
   6.5574495e-02
   2.8205989e-02
   8.5781681e-02
   9.8719631e-03
   1.1620999e-01
   1.1194896e-01
   1.2626563e-01
   1.1244414e-01
   1.1604562e-01
   1.3597953e-01
   1.2136980e-01
   1.1108443e-01
   1.3369663e-01
   8.9141804e-02
   1.2303005e-01
   1.0366006e-01
   1.0944424e-01
   1.2092261e-01
   9.9781251e-02
   1.2453101e-01
   1.0514561e-01
   1.5900934e-01
   9.1109246e-02
   4.6917269e-03
   2.0668587e-01
   1.4294992e-01
   1.6616746e-01
   1.8813023e-01
   1.7090546e-01
   1.4213308e-01
   1.6963654e-01
   1.8365910e-01
   1.6826633e-01
   2.0257222e-01
   1.5275678e-01
   2.1453305e-01
   1.9734449e-01
   1.5898125e-01
   2.3956144e-01
   1.4999549e-01
   2.1469102e-01
   6.6972108e-02
   1.1071833e-02
   4.3506692e-05
   4.3845858e-02
   3.2399985e-01
   2.8363816e-01
   2.1090578e-01
   2.7989312e-01
   3.2953950e-01
   2.6174636e-01
   2.4772825e-01
   4.2361727e-02
   2.8590522e-01
   1.9057317e-01
   2.2327192e-01
   1.7337917e-01
   4.4392440e-02
   7.5457268e-02
   1.9240788e-01
   2.8884237e-01
   2.4568302e-02
  -1.2964080e-07
   0.0000000e+00
   3.9161764e-03
   7.2116605e-02
   6.1776663e-02
   1.7783916e-02
   6.2452658e-02
   1.7590415e-01
   5.1460015e-02
   1.6514876e-02
   1.8349626e-03
   1.1255413e-02
   7.0795745e-03
   4.5240070e-03
   3.4023722e-03
   8.7038962e-05
   1.4081301e-04
   7.9540849e-03
   1.2052494e-02
   1.0051355e-03
   0.0000000e+00
   0.0000000e+00
   0.0000000e+00
   0.0000000e+00
   0.0000000e+00
   6.5543185e-08
   2.7170298e-04
   8.9141270e-04
   1.8253205e-04
   0.0000000e+00
   0.0000000e+00
   0.0000000e+00
   0.0000000e+00
   0.0000000e+00
   0.0000000e+00
   0.0000000e+00
   0.0000000e+00
   0.0000000e+00
   0.0000000e+00
   0.0000000e+00
   0.0000000e+00
   0.0000000e+00
   0.0000000e+00
   0.0000000e+00
   0.0000000e+00
   0.0000000e+00
   0.0000000e+00
   0.0000000e+00
   0.0000000e+00
   0.0000000e+00
   0.0000000e+00
   0.0000000e+00
   0.0000000e+00
   0.0000000e+00
   0.0000000e+00
   0.0000000e+00
   0.0000000e+00
   0.0000000e+00
   0.0000000e+00
   0.0000000e+00
   0.0000000e+00
   0.0000000e+00
   0.0000000e+00
   0.0000000e+00
   0.0000000e+00
   0.0000000e+00
   0.0000000e+00
   0.0000000e+00
   0.0000000e+00
   0.0000000e+00
   0.0000000e+00
   0.0000000e+00
   0.0000000e+00
   0.0000000e+00
   0.0000000e+00
   0.0000000e+00
   0.0000000e+00
   0.0000000e+00
   0.0000000e+00
   0.0000000e+00
   0.0000000e+00
   0.0000000e+00
   0.0000000e+00
   0.0000000e+00
   0.0000000e+00
   0.0000000e+00
   0.0000000e+00
   0.0000000e+00
   0.0000000e+00
   0.0000000e+00
   0.0000000e+00
   0.0000000e+00
   0.0000000e+00
   0.0000000e+00
   0.0000000e+00
   0.0000000e+00
   0.0000000e+00
   0.0000000e+00
   0.0000000e+00
   0.0000000e+00
   0.0000000e+00
   0.0000000e+00
   0.0000000e+00
   0.0000000e+00
   0.0000000e+00
   0.0000000e+00
   0.0000000e+00
   0.0000000e+00
   0.0000000e+00
   0.0000000e+00
   0.0000000e+00
   0.0000000e+00
   0.0000000e+00
   0.0000000e+00
   0.0000000e+00
   0.0000000e+00
   0.0000000e+00
   0.0000000e+00
   0.0000000e+00
   0.0000000e+00
   0.0000000e+00
   0.0000000e+00
   0.0000000e+00
   0.0000000e+00
   0.0000000e+00
   0.0000000e+00
   0.0000000e+00
   0.0000000e+00
   0.0000000e+00
   0.0000000e+00
   0.0000000e+00
   0.0000000e+00
   0.0000000e+00
   0.0000000e+00
   0.0000000e+00
   0.0000000e+00
   0.0000000e+00
   0.0000000e+00
   0.0000000e+00
   0.0000000e+00
   0.0000000e+00
   0.0000000e+00
   0.0000000e+00
   0.0000000e+00
   0.0000000e+00
   0.0000000e+00
   0.0000000e+00
   0.0000000e+00
   0.0000000e+00
   0.0000000e+00
   0.0000000e+00
   0.0000000e+00
   0.0000000e+00
   0.0000000e+00
   0.0000000e+00
   0.0000000e+00
   0.0000000e+00
   0.0000000e+00
   0.0000000e+00
   0.0000000e+00
   0.0000000e+00
   0.0000000e+00
   0.0000000e+00
   0.0000000e+00
   0.0000000e+00
   0.0000000e+00
   0.0000000e+00
   0.0000000e+00
   0.0000000e+00
   0.0000000e+00
   0.0000000e+00
   0.0000000e+00
   0.0000000e+00
   0.0000000e+00
   0.0000000e+00
   0.0000000e+00
   0.0000000e+00
   0.0000000e+00
   0.0000000e+00
   0.0000000e+00
   0.0000000e+00
   0.0000000e+00
   0.0000000e+00
   0.0000000e+00
   0.0000000e+00
   0.0000000e+00
   0.0000000e+00
   0.0000000e+00
   0.0000000e+00
   0.0000000e+00
   0.0000000e+00
   0.0000000e+00
   0.0000000e+00
   0.0000000e+00
   0.0000000e+00
   0.0000000e+00
   0.0000000e+00
   0.0000000e+00
   0.0000000e+00
   0.0000000e+00
   0.0000000e+00
   0.0000000e+00
   0.0000000e+00
   0.0000000e+00
   0.0000000e+00
   0.0000000e+00
   0.0000000e+00
   0.0000000e+00
   0.0000000e+00
   0.0000000e+00
   0.0000000e+00
   0.0000000e+00
   0.0000000e+00
   0.0000000e+00
   0.0000000e+00
   0.0000000e+00
   0.0000000e+00
   0.0000000e+00
   0.0000000e+00
   0.0000000e+00
   0.0000000e+00
   0.0000000e+00
   0.0000000e+00
   0.0000000e+00
   0.0000000e+00
   0.0000000e+00
   0.0000000e+00
   0.0000000e+00
   0.0000000e+00
   0.0000000e+00
   0.0000000e+00
   0.0000000e+00
   0.0000000e+00
   0.0000000e+00
   0.0000000e+00
   0.0000000e+00
   0.0000000e+00
   0.0000000e+00
   0.0000000e+00
   0.0000000e+00
   0.0000000e+00
   0.0000000e+00
   0.0000000e+00
   0.0000000e+00
   0.0000000e+00
   0.0000000e+00
   0.0000000e+00
   0.0000000e+00
   0.0000000e+00
   0.0000000e+00
   0.0000000e+00
   0.0000000e+00
   0.0000000e+00
   0.0000000e+00
   0.0000000e+00
   0.0000000e+00
   0.0000000e+00
   0.0000000e+00
   0.0000000e+00
   0.0000000e+00
   0.0000000e+00
   0.0000000e+00
   0.0000000e+00
   0.0000000e+00
   0.0000000e+00
   0.0000000e+00
   0.0000000e+00
   0.0000000e+00
   0.0000000e+00
   0.0000000e+00
   0.0000000e+00
   0.0000000e+00
   0.0000000e+00
   0.0000000e+00
   0.0000000e+00
   0.0000000e+00
   0.0000000e+00
   0.0000000e+00
   0.0000000e+00
   0.0000000e+00
   0.0000000e+00
   0.0000000e+00
