   5.0299174e-04
   2.4093229e-03
   1.3024489e-03
  -9.0411920e-04
  -8.0099711e-04
   1.5100393e-03
   3.1029812e-03
  -2.0940285e-03
   1.2309753e-05
   1.4281729e-03
  -1.1771387e-03
  -1.4587767e-04
  -8.0925262e-04
   2.7412265e-03
  -7.4116312e-04
  -4.8563757e-04
   1.3810599e-03
  -9.2355248e-04
  -8.4954647e-04
   1.2207726e-02
   9.3390462e-03
   2.4253765e-02
   1.4751024e-02
   2.3007553e-02
   2.0729920e-02
   1.6007183e-02
   1.6004592e-02
   2.3277269e-02
   1.8756984e-02
   1.8087330e-02
   2.0804482e-02
   2.0005391e-02
   1.9827332e-02
   1.8353629e-02
   1.8238133e-02
   2.2525882e-02
   1.5713394e-02
   2.2278398e-02
   1.8471307e-02
   2.6225091e-02
   5.7265995e-02
   5.0242175e-02
   6.5769681e-02
   5.4906327e-02
   5.5311696e-02
   6.8157650e-02
   6.2269562e-02
   5.4707699e-02
   5.9460863e-02
   6.1122110e-02
   5.7415215e-02
   5.7777568e-02
   5.9221370e-02
   5.8927884e-02
   6.3499898e-02
   5.1169825e-02
   6.8038759e-02
   4.6569240e-02
   7.2150298e-02
   1.0370783e-02
   1.4537784e-01
   1.2237188e-01
   1.1432594e-01
   1.1751313e-01
   1.2772986e-01
   9.4220171e-02
   1.1629100e-01
   1.2222307e-01
   1.1770324e-01
   1.1397111e-01
   1.1961128e-01
   1.1952104e-01
   1.1701649e-01
   1.1778153e-01
   1.0960993e-01
   1.3159767e-01
   1.0397267e-01
   1.3648042e-01
   1.0382190e-01
   1.8429058e-03
   3.3948602e-02
   1.6786629e-01
   1.7644656e-01
   1.8148660e-01
   1.5656585e-01
   2.2981281e-01
   1.8234384e-01
   1.6412218e-01
   1.7425604e-01
   1.8707397e-01
   1.7367275e-01
   1.6539858e-01
   1.7870276e-01
   1.7895100e-01
   1.8733530e-01
   1.6825254e-01
   1.6725204e-01
   1.9970481e-01
   3.0253007e-02
   3.7015473e-05
   5.3412032e-03
   1.8067437e-01
   3.1785518e-01
   1.9355345e-01
   2.0706242e-02
   9.7642490e-02
   2.2782842e-01
   2.5944865e-01
   2.7758428e-01
   1.3217820e-01
   2.4487543e-01
   3.8291684e-01
   1.5979165e-01
   2.5550673e-01
   2.4772626e-01
   2.1221677e-01
   2.9764596e-01
   1.3698002e-01
   3.4520765e-03
   0.0000000e+00
   2.0189362e-04
   3.4749076e-02
   3.8245782e-01
   3.6260736e-01
   1.4040992e-02
   6.7131077e-04
   1.2580712e-02
   2.2955914e-01
   4.4105734e-01
   5.8910155e-02
   1.0813183e-01
   1.4436619e-01
   1.4688716e-02
   1.6279108e-02
   1.2453265e-02
   1.0182409e-02
   1.2925130e-02
   2.8548201e-03
   5.5769841e-05
   0.0000000e+00
   0.0000000e+00
   6.6127774e-03
   8.8375058e-02
   8.4948869e-02
   3.2809745e-03
   0.0000000e+00
   1.3214235e-03
   1.9431510e-01
   3.9748612e-01
   4.8618616e-02
   5.6825515e-04
   7.4699698e-04
   5.0819591e-05
   0.0000000e+00
   0.0000000e+00
   0.0000000e+00
   0.0000000e+00
   0.0000000e+00
   0.0000000e+00
   0.0000000e+00
   0.0000000e+00
   0.0000000e+00
   0.0000000e+00
   0.0000000e+00
   0.0000000e+00
   0.0000000e+00
   4.9165964e-05
   7.2298469e-03
   1.4789194e-02
   1.8084146e-03
   0.0000000e+00
   0.0000000e+00
   0.0000000e+00
   0.0000000e+00
   0.0000000e+00
   0.0000000e+00
   0.0000000e+00
   0.0000000e+00
   0.0000000e+00
   0.0000000e+00
   0.0000000e+00
   0.0000000e+00
   0.0000000e+00
   0.0000000e+00
   0.0000000e+00
   0.0000000e+00
   0.0000000e+00
   0.0000000e+00
   0.0000000e+00
   0.0000000e+00
   0.0000000e+00
   0.0000000e+00
   0.0000000e+00
   0.0000000e+00
   0.0000000e+00
   0.0000000e+00
   0.0000000e+00
   0.0000000e+00
   0.0000000e+00
   0.0000000e+00
   0.0000000e+00
   0.0000000e+00
   0.0000000e+00
   0.0000000e+00
   0.0000000e+00
   0.0000000e+00
   0.0000000e+00
   0.0000000e+00
   0.0000000e+00
   0.0000000e+00
   0.0000000e+00
   0.0000000e+00
   0.0000000e+00
   0.0000000e+00
   0.0000000e+00
   0.0000000e+00
   0.0000000e+00
   0.0000000e+00
   0.0000000e+00
   0.0000000e+00
   0.0000000e+00
   0.0000000e+00
   0.0000000e+00
   0.0000000e+00
   0.0000000e+00
   0.0000000e+00
   0.0000000e+00
   0.0000000e+00
   0.0000000e+00
   0.0000000e+00
   0.0000000e+00
   0.0000000e+00
   0.0000000e+00
   0.0000000e+00
   0.0000000e+00
   0.0000000e+00
   0.0000000e+00
   0.0000000e+00
   0.0000000e+00
   0.0000000e+00
   0.0000000e+00
   0.0000000e+00
   0.0000000e+00
   0.0000000e+00
   0.0000000e+00
   0.0000000e+00
   0.0000000e+00
   0.0000000e+00
   0.0000000e+00
   0.0000000e+00
   0.0000000e+00
   0.0000000e+00
   0.0000000e+00
   0.0000000e+00
   0.0000000e+00
   0.0000000e+00
   0.0000000e+00
   0.0000000e+00
   0.0000000e+00
   0.0000000e+00
   0.0000000e+00
   0.0000000e+00
   0.0000000e+00
   0.0000000e+00
   0.0000000e+00
   0.0000000e+00
   0.0000000e+00
   0.0000000e+00
   0.0000000e+00
   0.0000000e+00
   0.0000000e+00
   0.0000000e+00
   0.0000000e+00
   0.0000000e+00
   0.0000000e+00
   0.0000000e+00
   0.0000000e+00
   0.0000000e+00
   0.0000000e+00
   0.0000000e+00
   0.0000000e+00
   0.0000000e+00
   0.0000000e+00
   0.0000000e+00
   0.0000000e+00
   0.0000000e+00
   0.0000000e+00
   0.0000000e+00
   0.0000000e+00
   0.0000000e+00
   0.0000000e+00
   0.0000000e+00
   0.0000000e+00
   0.0000000e+00
   0.0000000e+00
   0.0000000e+00
   0.0000000e+00
   0.0000000e+00
   0.0000000e+00
   0.0000000e+00
   0.0000000e+00
   0.0000000e+00
   0.0000000e+00
   0.0000000e+00
   0.0000000e+00
   0.0000000e+00
   0.0000000e+00
   0.0000000e+00
   0.0000000e+00
   0.0000000e+00
   0.0000000e+00
   0.0000000e+00
   0.0000000e+00
   0.0000000e+00
   0.0000000e+00
   0.0000000e+00
   0.0000000e+00
   0.0000000e+00
   0.0000000e+00
   0.0000000e+00
   0.0000000e+00
   0.0000000e+00
   0.0000000e+00
   0.0000000e+00
   0.0000000e+00
   0.0000000e+00
   0.0000000e+00
   0.0000000e+00
   0.0000000e+00
   0.0000000e+00
   0.0000000e+00
   0.0000000e+00
   0.0000000e+00
   0.0000000e+00
   0.0000000e+00
   0.0000000e+00
   0.0000000e+00
   0.0000000e+00
   0.0000000e+00
   0.0000000e+00
   0.0000000e+00
   0.0000000e+00
   0.0000000e+00
   0.0000000e+00
   0.0000000e+00
   0.0000000e+00
   0.0000000e+00
   0.0000000e+00
   0.0000000e+00
   0.0000000e+00
   0.0000000e+00
   0.0000000e+00
   0.0000000e+00
   0.0000000e+00
   0.0000000e+00
   0.0000000e+00
   0.0000000e+00
   0.0000000e+00
   0.0000000e+00
   0.0000000e+00
   0.0000000e+00
   0.0000000e+00
   0.0000000e+00
   0.0000000e+00
   0.0000000e+00
   0.0000000e+00
   0.0000000e+00
   0.0000000e+00
   0.0000000e+00
   0.0000000e+00
   0.0000000e+00
   0.0000000e+00
   0.0000000e+00
   0.0000000e+00
   0.0000000e+00
   0.0000000e+00
   0.0000000e+00
   0.0000000e+00
   0.0000000e+00
   0.0000000e+00
   0.0000000e+00
   0.0000000e+00
   0.0000000e+00
   0.0000000e+00
   0.0000000e+00
   0.0000000e+00
   0.0000000e+00
   0.0000000e+00
   0.0000000e+00
   0.0000000e+00
   0.0000000e+00
   0.0000000e+00
   0.0000000e+00
   0.0000000e+00
   0.0000000e+00
   0.0000000e+00
   0.0000000e+00
   0.0000000e+00
   0.0000000e+00
   0.0000000e+00
