   4.9954285e-04
   6.6304611e-04
  -2.5667967e-03
  -1.4355017e-03
  -3.5310259e-04
   8.7810773e-04
  -3.3949096e-04
   8.9454072e-04
  -2.0260736e-03
   9.4081757e-04
  -9.7393264e-04
   4.6078846e-04
   8.8837648e-03
  -6.6247654e-03
   2.3274391e-02
   9.4044230e-03
  -2.2975803e-03
   5.9983827e-04
  -1.2231755e-02
   8.3460205e-03
   1.9155163e-02
   2.1033393e-02
   1.9853117e-02
   2.3069955e-02
   1.9057574e-02
   1.6884344e-02
   2.0342697e-02
   1.7636386e-02
   2.3992230e-02
   1.7006053e-02
   2.1951656e-02
   1.7515244e-02
   1.7313130e-02
   1.8906885e-02
   7.9189450e-03
   9.4986060e-03
   2.2170763e-02
   1.7621185e-02
   2.6598471e-02
   2.3554963e-02
   5.7730288e-02
   5.7661962e-02
   5.7604170e-02
   5.5777732e-02
   5.8243656e-02
   6.4073225e-02
   5.8642773e-02
   5.9881759e-02
   5.2876682e-02
   6.3416140e-02
   5.5926864e-02
   6.0906398e-02
   5.9905471e-02
   6.2379291e-02
   7.6130772e-02
   7.0083231e-02
   6.6348390e-02
   4.7044980e-02
   7.2268261e-02
   1.4739963e-02
   1.2244808e-01
   1.1248854e-01
   1.2529578e-01
   1.1946409e-01
   1.2027340e-01
   1.0776261e-01
   1.1941769e-01
   1.1623124e-01
   1.2557997e-01
   1.1241654e-01
   1.2014997e-01
   1.1690974e-01
   1.1512143e-01
   1.1247764e-01
   1.0103055e-01
   8.3346642e-02
   9.8699234e-02
   1.4301236e-01
   9.1424845e-02
   1.7785642e-03
   1.8821478e-01
   2.0360150e-01
   1.4355862e-01
   1.7801430e-01
   1.6531959e-01
   2.0954035e-01
   1.8297244e-01
   1.7080026e-01
   1.6309553e-01
   1.8350677e-01
   1.7265207e-01
   1.7796962e-01
   1.7965026e-01
   1.8371041e-01
   2.1312706e-01
   1.9721510e-01
   2.4939346e-01
   1.3300118e-01
   3.1387339e-02
   2.0820706e-08
   1.4011964e-02
   3.0422119e-02
   2.5486742e-01
   4.0204616e-01
   1.4020676e-01
   6.8053728e-02
   1.3795654e-01
   2.9745629e-01
   3.4985776e-01
   1.8527063e-01
   2.5963910e-01
   2.3007397e-01
   2.3914899e-01
   1.9440446e-01
   1.7565842e-01
   1.3037300e-01
   5.8079267e-02
   6.2943162e-03
   4.6942947e-04
   0.0000000e+00
   0.0000000e+00
   7.8665338e-03
   1.1175958e-01
   1.5833748e-01
   3.6283735e-02
   4.5339773e-04
   6.1298327e-03
   5.2387190e-02
   1.5981581e-01
   1.6874264e-01
   4.4122876e-01
   9.6623060e-02
   2.5217298e-03
   9.6467665e-04
   9.8817319e-04
   5.2761847e-04
   9.7557986e-06
   3.3158455e-07
   0.0000000e+00
   0.0000000e+00
   0.0000000e+00
   3.9394823e-05
   5.3990146e-04
   5.9339092e-04
   6.5812258e-05
   5.5666732e-07
   1.3521326e-10
   3.1319209e-04
   1.2273604e-03
   2.0794147e-02
   6.9572116e-02
   1.4748706e-02
   0.0000000e+00
   0.0000000e+00
   0.0000000e+00
   0.0000000e+00
   0.0000000e+00
   0.0000000e+00
   0.0000000e+00
   0.0000000e+00
   0.0000000e+00
   0.0000000e+00
   0.0000000e+00
   0.0000000e+00
   0.0000000e+00
   0.0000000e+00
   0.0000000e+00
   0.0000000e+00
   0.0000000e+00
   0.0000000e+00
   0.0000000e+00
   0.0000000e+00
   0.0000000e+00
   0.0000000e+00
   0.0000000e+00
   0.0000000e+00
   0.0000000e+00
   0.0000000e+00
   0.0000000e+00
   0.0000000e+00
   0.0000000e+00
   0.0000000e+00
   0.0000000e+00
   0.0000000e+00
   0.0000000e+00
   0.0000000e+00
   0.0000000e+00
   0.0000000e+00
   0.0000000e+00
   0.0000000e+00
   0.0000000e+00
   0.0000000e+00
   0.0000000e+00
   0.0000000e+00
   0.0000000e+00
   0.0000000e+00
   0.0000000e+00
   0.0000000e+00
   0.0000000e+00
   0.0000000e+00
   0.0000000e+00
   0.0000000e+00
   0.0000000e+00
   0.0000000e+00
   0.0000000e+00
   0.0000000e+00
   0.0000000e+00
   0.0000000e+00
   0.0000000e+00
   0.0000000e+00
   0.0000000e+00
   0.0000000e+00
   0.0000000e+00
   0.0000000e+00
   0.0000000e+00
   0.0000000e+00
   0.0000000e+00
   0.0000000e+00
   0.0000000e+00
   0.0000000e+00
   0.0000000e+00
   0.0000000e+00
   0.0000000e+00
   0.0000000e+00
   0.0000000e+00
   0.0000000e+00
   0.0000000e+00
   0.0000000e+00
   0.0000000e+00
   0.0000000e+00
   0.0000000e+00
   0.0000000e+00
   0.0000000e+00
   0.0000000e+00
   0.0000000e+00
   0.0000000e+00
   0.0000000e+00
   0.0000000e+00
   0.0000000e+00
   0.0000000e+00
   0.0000000e+00
   0.0000000e+00
   0.0000000e+00
   0.0000000e+00
   0.0000000e+00
   0.0000000e+00
   0.0000000e+00
   0.0000000e+00
   0.0000000e+00
   0.0000000e+00
   0.0000000e+00
   0.0000000e+00
   0.0000000e+00
   0.0000000e+00
   0.0000000e+00
   0.0000000e+00
   0.0000000e+00
   0.0000000e+00
   0.0000000e+00
   0.0000000e+00
   0.0000000e+00
   0.0000000e+00
   0.0000000e+00
   0.0000000e+00
   0.0000000e+00
   0.0000000e+00
   0.0000000e+00
   0.0000000e+00
   0.0000000e+00
   0.0000000e+00
   0.0000000e+00
   0.0000000e+00
   0.0000000e+00
   0.0000000e+00
   0.0000000e+00
   0.0000000e+00
   0.0000000e+00
   0.0000000e+00
   0.0000000e+00
   0.0000000e+00
   0.0000000e+00
   0.0000000e+00
   0.0000000e+00
   0.0000000e+00
   0.0000000e+00
   0.0000000e+00
   0.0000000e+00
   0.0000000e+00
   0.0000000e+00
   0.0000000e+00
   0.0000000e+00
   0.0000000e+00
   0.0000000e+00
   0.0000000e+00
   0.0000000e+00
   0.0000000e+00
   0.0000000e+00
   0.0000000e+00
   0.0000000e+00
   0.0000000e+00
   0.0000000e+00
   0.0000000e+00
   0.0000000e+00
   0.0000000e+00
   0.0000000e+00
   0.0000000e+00
   0.0000000e+00
   0.0000000e+00
   0.0000000e+00
   0.0000000e+00
   0.0000000e+00
   0.0000000e+00
   0.0000000e+00
   0.0000000e+00
   0.0000000e+00
   0.0000000e+00
   0.0000000e+00
   0.0000000e+00
   0.0000000e+00
   0.0000000e+00
   0.0000000e+00
   0.0000000e+00
   0.0000000e+00
   0.0000000e+00
   0.0000000e+00
   0.0000000e+00
   0.0000000e+00
   0.0000000e+00
   0.0000000e+00
   0.0000000e+00
   0.0000000e+00
   0.0000000e+00
   0.0000000e+00
   0.0000000e+00
   0.0000000e+00
   0.0000000e+00
   0.0000000e+00
   0.0000000e+00
   0.0000000e+00
   0.0000000e+00
   0.0000000e+00
   0.0000000e+00
   0.0000000e+00
   0.0000000e+00
   0.0000000e+00
   0.0000000e+00
   0.0000000e+00
   0.0000000e+00
   0.0000000e+00
   0.0000000e+00
   0.0000000e+00
   0.0000000e+00
   0.0000000e+00
   0.0000000e+00
   0.0000000e+00
   0.0000000e+00
   0.0000000e+00
   0.0000000e+00
   0.0000000e+00
   0.0000000e+00
   0.0000000e+00
   0.0000000e+00
   0.0000000e+00
   0.0000000e+00
   0.0000000e+00
   0.0000000e+00
   0.0000000e+00
   0.0000000e+00
   0.0000000e+00
   0.0000000e+00
   0.0000000e+00
   0.0000000e+00
   0.0000000e+00
   0.0000000e+00
   0.0000000e+00
   0.0000000e+00
   0.0000000e+00
   0.0000000e+00
   0.0000000e+00
   0.0000000e+00
   0.0000000e+00
   0.0000000e+00
   0.0000000e+00
   0.0000000e+00
   0.0000000e+00
   0.0000000e+00
   0.0000000e+00
   0.0000000e+00
   0.0000000e+00
   0.0000000e+00
   0.0000000e+00
   0.0000000e+00
   0.0000000e+00
   0.0000000e+00
   0.0000000e+00
   0.0000000e+00
   0.0000000e+00
   0.0000000e+00
   0.0000000e+00
   0.0000000e+00
