  -1.4909930e-02
  -2.8959036e-03
   2.9857794e-04
   7.4137673e-03
  -5.5229364e-03
   8.7615627e-03
   1.6270794e-03
  -7.7576832e-04
  -1.3577731e-03
   3.6953061e-04
  -9.0161960e-04
   1.7286342e-03
  -9.1592014e-04
   2.1283740e-04
   4.8423136e-03
   8.0975456e-04
  -7.0913305e-03
   2.7693334e-03
  -3.3961407e-03
  -1.0999164e-04
   4.7152157e-02
   2.1252492e-02
   1.7293728e-02
   1.4354393e-02
   2.4066064e-02
   1.2531466e-02
   1.6878212e-02
   2.0759212e-02
   2.1655242e-02
   1.9049277e-02
   2.3480674e-02
   1.3224731e-02
   2.4047958e-02
   1.7144151e-02
   1.7966785e-02
   1.6868830e-02
   2.9527623e-02
   1.9403080e-02
   2.3264563e-02
   7.4138437e-04
   1.5468610e-02
   5.6770032e-02
   6.7260931e-02
   6.0654044e-02
   5.6103867e-02
   6.4726750e-02
   6.4770281e-02
   5.6552909e-02
   5.6094292e-02
   5.8721733e-02
   5.2167168e-02
   7.2491687e-02
   4.9944712e-02
   6.4511417e-02
   5.8140795e-02
   6.3929709e-02
   3.9695562e-02
   3.7934412e-02
   7.7205515e-02
   3.0177911e-03
   1.5588461e-01
   1.2248846e-01
   1.0733523e-01
   1.1824649e-01
   1.1846909e-01
   1.1306166e-01
   1.0524872e-01
   1.2265204e-01
   1.1850625e-01
   1.2574645e-01
   1.2148090e-01
   1.0065782e-01
   1.2969523e-01
   1.1134484e-01
   1.1611826e-01
   1.1506544e-01
   1.4857974e-01
   1.9499022e-01
   5.0165180e-02
   1.2232513e-03
   1.1238050e-01
   1.6297201e-01
   2.0407797e-01
   1.6760912e-01
   1.8423100e-01
   1.7732131e-01
   2.0716577e-01
   1.6311656e-01
   1.8239031e-01
   1.0434705e-01
   1.9447273e-01
   1.8790210e-01
   1.6808522e-01
   1.6761669e-01
   2.2374470e-01
   3.5664285e-02
   1.0054993e-01
   1.3418144e-01
   1.3264442e-02
   1.9948032e-06
   1.0658562e-03
   1.5973070e-02
   1.6243585e-01
   2.7609186e-01
   2.0673684e-01
   2.4931530e-01
   1.3760289e-01
   1.7099703e-01
   3.5493196e-01
   5.2442323e-02
   1.2670593e-01
   3.0207957e-01
   2.3615930e-01
   2.8181022e-01
   2.3335071e-01
   2.7838827e-02
   2.4572098e-03
   2.9308411e-03
   2.7872851e-04
   0.0000000e+00
   0.0000000e+00
   9.1559038e-05
   2.3003062e-03
   4.9695706e-03
   3.0423992e-03
   2.9352865e-03
   9.3004461e-04
   3.6723647e-02
   7.1940607e-02
   8.6478899e-03
   7.3170250e-03
   2.0648920e-02
   2.2059787e-02
   2.3023075e-02
   1.0971487e-02
   1.1675129e-03
   0.0000000e+00
   0.0000000e+00
   0.0000000e+00
   0.0000000e+00
   0.0000000e+00
   0.0000000e+00
   0.0000000e+00
   0.0000000e+00
   0.0000000e+00
   0.0000000e+00
   0.0000000e+00
   0.0000000e+00
   0.0000000e+00
   0.0000000e+00
   0.0000000e+00
   0.0000000e+00
   0.0000000e+00
   0.0000000e+00
   0.0000000e+00
   0.0000000e+00
   0.0000000e+00
   0.0000000e+00
   0.0000000e+00
   0.0000000e+00
   0.0000000e+00
   0.0000000e+00
   0.0000000e+00
   0.0000000e+00
   0.0000000e+00
   0.0000000e+00
   0.0000000e+00
   0.0000000e+00
   0.0000000e+00
   0.0000000e+00
   0.0000000e+00
   0.0000000e+00
   0.0000000e+00
   0.0000000e+00
   0.0000000e+00
   0.0000000e+00
   0.0000000e+00
   0.0000000e+00
   0.0000000e+00
   0.0000000e+00
   0.0000000e+00
   0.0000000e+00
   0.0000000e+00
   0.0000000e+00
   0.0000000e+00
   0.0000000e+00
   0.0000000e+00
   0.0000000e+00
   0.0000000e+00
   0.0000000e+00
   0.0000000e+00
   0.0000000e+00
   0.0000000e+00
   0.0000000e+00
   0.0000000e+00
   0.0000000e+00
   0.0000000e+00
   0.0000000e+00
   0.0000000e+00
   0.0000000e+00
   0.0000000e+00
   0.0000000e+00
   0.0000000e+00
   0.0000000e+00
   0.0000000e+00
   0.0000000e+00
   0.0000000e+00
   0.0000000e+00
   0.0000000e+00
   0.0000000e+00
   0.0000000e+00
   0.0000000e+00
   0.0000000e+00
   0.0000000e+00
   0.0000000e+00
   0.0000000e+00
   0.0000000e+00
   0.0000000e+00
   0.0000000e+00
   0.0000000e+00
   0.0000000e+00
   0.0000000e+00
   0.0000000e+00
   0.0000000e+00
   0.0000000e+00
   0.0000000e+00
   0.0000000e+00
   0.0000000e+00
   0.0000000e+00
   0.0000000e+00
   0.0000000e+00
   0.0000000e+00
   0.0000000e+00
   0.0000000e+00
   0.0000000e+00
   0.0000000e+00
   0.0000000e+00
   0.0000000e+00
   0.0000000e+00
   0.0000000e+00
   0.0000000e+00
   0.0000000e+00
   0.0000000e+00
   0.0000000e+00
   0.0000000e+00
   0.0000000e+00
   0.0000000e+00
   0.0000000e+00
   0.0000000e+00
   0.0000000e+00
   0.0000000e+00
   0.0000000e+00
   0.0000000e+00
   0.0000000e+00
   0.0000000e+00
   0.0000000e+00
   0.0000000e+00
   0.0000000e+00
   0.0000000e+00
   0.0000000e+00
   0.0000000e+00
   0.0000000e+00
   0.0000000e+00
   0.0000000e+00
   0.0000000e+00
   0.0000000e+00
   0.0000000e+00
   0.0000000e+00
   0.0000000e+00
   0.0000000e+00
   0.0000000e+00
   0.0000000e+00
   0.0000000e+00
   0.0000000e+00
   0.0000000e+00
   0.0000000e+00
   0.0000000e+00
   0.0000000e+00
   0.0000000e+00
   0.0000000e+00
   0.0000000e+00
   0.0000000e+00
   0.0000000e+00
   0.0000000e+00
   0.0000000e+00
   0.0000000e+00
   0.0000000e+00
   0.0000000e+00
   0.0000000e+00
   0.0000000e+00
   0.0000000e+00
   0.0000000e+00
   0.0000000e+00
   0.0000000e+00
   0.0000000e+00
   0.0000000e+00
   0.0000000e+00
   0.0000000e+00
   0.0000000e+00
   0.0000000e+00
   0.0000000e+00
   0.0000000e+00
   0.0000000e+00
   0.0000000e+00
   0.0000000e+00
   0.0000000e+00
   0.0000000e+00
   0.0000000e+00
   0.0000000e+00
   0.0000000e+00
   0.0000000e+00
   0.0000000e+00
   0.0000000e+00
   0.0000000e+00
   0.0000000e+00
   0.0000000e+00
   0.0000000e+00
   0.0000000e+00
   0.0000000e+00
   0.0000000e+00
   0.0000000e+00
   0.0000000e+00
   0.0000000e+00
   0.0000000e+00
   0.0000000e+00
   0.0000000e+00
   0.0000000e+00
   0.0000000e+00
   0.0000000e+00
   0.0000000e+00
   0.0000000e+00
   0.0000000e+00
   0.0000000e+00
   0.0000000e+00
   0.0000000e+00
   0.0000000e+00
   0.0000000e+00
   0.0000000e+00
   0.0000000e+00
   0.0000000e+00
   0.0000000e+00
   0.0000000e+00
   0.0000000e+00
   0.0000000e+00
   0.0000000e+00
   0.0000000e+00
   0.0000000e+00
   0.0000000e+00
   0.0000000e+00
   0.0000000e+00
   0.0000000e+00
   0.0000000e+00
   0.0000000e+00
   0.0000000e+00
   0.0000000e+00
   0.0000000e+00
   0.0000000e+00
   0.0000000e+00
   0.0000000e+00
   0.0000000e+00
   0.0000000e+00
   0.0000000e+00
   0.0000000e+00
   0.0000000e+00
   0.0000000e+00
   0.0000000e+00
   0.0000000e+00
   0.0000000e+00
   0.0000000e+00
   0.0000000e+00
   0.0000000e+00
   0.0000000e+00
   0.0000000e+00
   0.0000000e+00
   0.0000000e+00
   0.0000000e+00
   0.0000000e+00
   0.0000000e+00
   0.0000000e+00
   0.0000000e+00
   0.0000000e+00
   0.0000000e+00
   0.0000000e+00
   0.0000000e+00
   0.0000000e+00
   0.0000000e+00
   0.0000000e+00
   0.0000000e+00
   0.0000000e+00
   0.0000000e+00
   0.0000000e+00
   0.0000000e+00
   0.0000000e+00
   0.0000000e+00
   0.0000000e+00
   0.0000000e+00
   0.0000000e+00
   0.0000000e+00
   0.0000000e+00
   0.0000000e+00
