  -1.7068651e-05
  -2.8645517e-05
   1.6492582e-03
  -9.0466018e-04
  -8.0322379e-04
   8.3708302e-04
  -7.8906227e-04
   4.0618622e-04
  -5.7591244e-04
   1.0439835e-03
  -3.6404587e-03
   7.6595759e-04
   2.0871321e-03
  -6.9132882e-04
  -1.2986221e-03
   2.7572599e-03
  -6.1971388e-03
   9.6711575e-04
  -6.7593980e-04
  -5.1917121e-03
   1.6937419e-02
   1.5128450e-02
   1.4845624e-02
   2.4077070e-02
   2.0582324e-02
   1.7385497e-02
   2.1505678e-02
   1.9201053e-02
   1.9509560e-02
   1.8957107e-02
   2.2423906e-02
   1.8496786e-02
   1.2843495e-02
   2.1626453e-02
   2.0792645e-02
   1.6271867e-02
   2.6148380e-02
   2.1008159e-02
   3.2133303e-02
   1.3065224e-02
   6.2838595e-02
   6.7828924e-02
   6.8843756e-02
   5.0709092e-02
   5.8185931e-02
   6.2131803e-02
   5.6369911e-02
   5.8920679e-02
   5.9690008e-02
   5.9384346e-02
   5.5336969e-02
   6.1235623e-02
   6.9055058e-02
   5.5535519e-02
   5.8727668e-02
   6.0347398e-02
   5.7161380e-02
   3.8131675e-02
   6.2735417e-02
   6.4994053e-03
   1.1433429e-01
   9.5131185e-02
   9.8060428e-02
   1.2930200e-01
   1.1809110e-01
   1.1279248e-01
   1.2057937e-01
   1.1862070e-01
   1.1508880e-01
   1.1787130e-01
   1.2172366e-01
   1.1552561e-01
   1.0155646e-01
   1.2332942e-01
   1.1645035e-01
   1.1841399e-01
   1.1418291e-01
   1.6690610e-01
   7.9548245e-02
   6.6406683e-04
   2.2387111e-01
   2.0082018e-01
   2.0590411e-01
   1.5806367e-01
   1.6880587e-01
   1.9231787e-01
   1.6618851e-01
   1.6730067e-01
   1.9106751e-01
   1.7147923e-01
   1.6530255e-01
   1.8760988e-01
   2.0534521e-01
   1.7297686e-01
   1.7514702e-01
   1.7715968e-01
   1.6110662e-01
   4.3386455e-02
   8.6753541e-03
   9.5760629e-06
   7.0853766e-02
   1.3814045e-01
   1.5285843e-01
   3.0108882e-01
   2.3670550e-01
   2.1747534e-01
   2.4661671e-01
   3.4751721e-01
   1.3162406e-01
   2.8189907e-01
   2.0701924e-01
   1.8887820e-01
   1.4013327e-01
   2.5221760e-01
   2.3146858e-01
   2.3347997e-01
   3.7566551e-01
   4.4939134e-02
   0.0000000e+00
   0.0000000e+00
   7.4418104e-02
   4.9950012e-01
   2.9197282e-01
   1.6466734e-01
   3.7002227e-01
   3.9348376e-01
   1.0544083e-01
   1.1708017e-01
   7.3128728e-02
   3.1511269e-01
   4.2255839e-01
   2.8519019e-01
   2.1464655e-02
   2.7121378e-01
   4.1588471e-01
   1.4081590e-01
   1.7353344e-01
   2.0895646e-02
   0.0000000e+00
   0.0000000e+00
   2.8322793e-02
   1.9010275e-01
   1.0180112e-01
   1.3327302e-02
   9.9282379e-02
   1.1766728e-01
   6.9101846e-03
   8.3265717e-05
   3.2789286e-03
   1.7843015e-02
   5.4079133e-02
   4.1945872e-02
   2.2132467e-03
   3.4657902e-02
   6.8305637e-02
   1.0381480e-02
   1.1851380e-03
   1.3346947e-04
   0.0000000e+00
   0.0000000e+00
   5.5279269e-05
   3.7103478e-04
   1.9844788e-04
   1.9463508e-05
   2.4185539e-05
   2.8724838e-05
   1.6709722e-06
   0.0000000e+00
   0.0000000e+00
   0.0000000e+00
   0.0000000e+00
   0.0000000e+00
   0.0000000e+00
   0.0000000e+00
   0.0000000e+00
   0.0000000e+00
   0.0000000e+00
   0.0000000e+00
   0.0000000e+00
   0.0000000e+00
   0.0000000e+00
   0.0000000e+00
   0.0000000e+00
   0.0000000e+00
   0.0000000e+00
   0.0000000e+00
   0.0000000e+00
   0.0000000e+00
   0.0000000e+00
   0.0000000e+00
   0.0000000e+00
   0.0000000e+00
   0.0000000e+00
   0.0000000e+00
   0.0000000e+00
   0.0000000e+00
   0.0000000e+00
   0.0000000e+00
   0.0000000e+00
   0.0000000e+00
   0.0000000e+00
   0.0000000e+00
   0.0000000e+00
   0.0000000e+00
   0.0000000e+00
   0.0000000e+00
   0.0000000e+00
   0.0000000e+00
   0.0000000e+00
   0.0000000e+00
   0.0000000e+00
   0.0000000e+00
   0.0000000e+00
   0.0000000e+00
   0.0000000e+00
   0.0000000e+00
   0.0000000e+00
   0.0000000e+00
   0.0000000e+00
   0.0000000e+00
   0.0000000e+00
   0.0000000e+00
   0.0000000e+00
   0.0000000e+00
   0.0000000e+00
   0.0000000e+00
   0.0000000e+00
   0.0000000e+00
   0.0000000e+00
   0.0000000e+00
   0.0000000e+00
   0.0000000e+00
   0.0000000e+00
   0.0000000e+00
   0.0000000e+00
   0.0000000e+00
   0.0000000e+00
   0.0000000e+00
   0.0000000e+00
   0.0000000e+00
   0.0000000e+00
   0.0000000e+00
   0.0000000e+00
   0.0000000e+00
   0.0000000e+00
   0.0000000e+00
   0.0000000e+00
   0.0000000e+00
   0.0000000e+00
   0.0000000e+00
   0.0000000e+00
   0.0000000e+00
   0.0000000e+00
   0.0000000e+00
   0.0000000e+00
   0.0000000e+00
   0.0000000e+00
   0.0000000e+00
   0.0000000e+00
   0.0000000e+00
   0.0000000e+00
   0.0000000e+00
   0.0000000e+00
   0.0000000e+00
   0.0000000e+00
   0.0000000e+00
   0.0000000e+00
   0.0000000e+00
   0.0000000e+00
   0.0000000e+00
   0.0000000e+00
   0.0000000e+00
   0.0000000e+00
   0.0000000e+00
   0.0000000e+00
   0.0000000e+00
   0.0000000e+00
   0.0000000e+00
   0.0000000e+00
   0.0000000e+00
   0.0000000e+00
   0.0000000e+00
   0.0000000e+00
   0.0000000e+00
   0.0000000e+00
   0.0000000e+00
   0.0000000e+00
   0.0000000e+00
   0.0000000e+00
   0.0000000e+00
   0.0000000e+00
   0.0000000e+00
   0.0000000e+00
   0.0000000e+00
   0.0000000e+00
   0.0000000e+00
   0.0000000e+00
   0.0000000e+00
   0.0000000e+00
   0.0000000e+00
   0.0000000e+00
   0.0000000e+00
   0.0000000e+00
   0.0000000e+00
   0.0000000e+00
   0.0000000e+00
   0.0000000e+00
   0.0000000e+00
   0.0000000e+00
   0.0000000e+00
   0.0000000e+00
   0.0000000e+00
   0.0000000e+00
   0.0000000e+00
   0.0000000e+00
   0.0000000e+00
   0.0000000e+00
   0.0000000e+00
   0.0000000e+00
   0.0000000e+00
   0.0000000e+00
   0.0000000e+00
   0.0000000e+00
   0.0000000e+00
   0.0000000e+00
   0.0000000e+00
   0.0000000e+00
   0.0000000e+00
   0.0000000e+00
   0.0000000e+00
   0.0000000e+00
   0.0000000e+00
   0.0000000e+00
   0.0000000e+00
   0.0000000e+00
   0.0000000e+00
   0.0000000e+00
   0.0000000e+00
   0.0000000e+00
   0.0000000e+00
   0.0000000e+00
   0.0000000e+00
   0.0000000e+00
   0.0000000e+00
   0.0000000e+00
   0.0000000e+00
   0.0000000e+00
   0.0000000e+00
   0.0000000e+00
   0.0000000e+00
   0.0000000e+00
   0.0000000e+00
   0.0000000e+00
   0.0000000e+00
   0.0000000e+00
   0.0000000e+00
   0.0000000e+00
   0.0000000e+00
   0.0000000e+00
   0.0000000e+00
   0.0000000e+00
   0.0000000e+00
   0.0000000e+00
   0.0000000e+00
   0.0000000e+00
   0.0000000e+00
   0.0000000e+00
   0.0000000e+00
   0.0000000e+00
   0.0000000e+00
   0.0000000e+00
   0.0000000e+00
   0.0000000e+00
   0.0000000e+00
   0.0000000e+00
   0.0000000e+00
   0.0000000e+00
   0.0000000e+00
   0.0000000e+00
   0.0000000e+00
   0.0000000e+00
   0.0000000e+00
   0.0000000e+00
   0.0000000e+00
   0.0000000e+00
   0.0000000e+00
   0.0000000e+00
   0.0000000e+00
   0.0000000e+00
   0.0000000e+00
   0.0000000e+00
   0.0000000e+00
   0.0000000e+00
   0.0000000e+00
   0.0000000e+00
   0.0000000e+00
   0.0000000e+00
   0.0000000e+00
   0.0000000e+00
   0.0000000e+00
