  -4.7047349e-03
  -2.3324167e-03
   2.6571337e-03
   1.1099679e-02
  -3.9885726e-03
   4.8872813e-03
  -8.2745492e-03
   3.4662237e-03
  -4.9313582e-03
   7.8844858e-03
  -2.2853744e-03
  -2.4036578e-04
  -2.0402613e-03
   1.0139188e-03
  -6.3288330e-04
   1.9167364e-03
  -1.1144978e-03
  -2.6533223e-03
   1.8481840e-03
   9.7453280e-03
   2.5026567e-02
   2.8058942e-02
   9.5728770e-03
   1.4797448e-02
   2.0437762e-02
   1.7626064e-02
   2.4662577e-02
   1.8382091e-02
   2.0845993e-02
  -2.5199768e-03
   2.6871913e-02
   1.9646233e-02
   2.1502896e-02
   1.8312637e-02
   1.9828491e-02
   1.4875073e-02
   2.1522964e-02
   2.5515658e-02
   1.3829555e-02
   7.1396154e-03
   4.6989920e-02
   4.4806242e-02
   7.5216925e-02
   6.1901000e-02
   5.9878435e-02
   5.9241067e-02
   5.4764104e-02
   5.8593930e-02
   6.3323529e-02
   7.4398089e-02
   6.1081749e-02
   5.1523606e-02
   6.1729649e-02
   5.6222536e-02
   6.2706647e-02
   6.3821599e-02
   6.1268485e-02
   4.1622381e-02
   8.0795955e-02
   6.5893842e-03
   1.3618227e-01
   1.4588721e-01
   8.6668155e-02
   1.1901009e-01
   1.1163807e-01
   1.2091630e-01
   1.1990693e-01
   1.2121138e-01
   1.0558584e-01
   1.0519896e-01
   1.0675961e-01
   1.3656750e-01
   1.0898873e-01
   1.2554121e-01
   1.0965971e-01
   1.1037693e-01
   1.1205925e-01
   1.4897793e-01
   9.0963345e-02
   3.7419503e-03
   2.6953892e-02
   6.9232727e-02
   2.8466873e-01
   1.7090281e-01
   1.9206905e-01
   1.6189139e-01
   1.7853217e-01
   1.5765044e-01
   2.1463559e-01
   2.2669103e-01
   2.0173078e-01
   1.1270602e-01
   2.0944521e-01
   1.4457840e-01
   2.0311365e-01
   2.0975114e-01
   2.0112227e-01
   5.3230757e-02
   8.5931700e-03
   6.6552821e-05
  -7.8665876e-08
   1.3355572e-02
   8.6450061e-02
   5.4912062e-02
   1.9214627e-01
   2.6762267e-01
   2.7852062e-01
   3.3652446e-01
   1.5646920e-01
   1.2528160e-01
   2.8107542e-02
   2.5869515e-02
   2.0061176e-01
   3.7012256e-01
   2.1542415e-01
   1.4653036e-01
   5.8799110e-02
   5.3105325e-03
   0.0000000e+00
   0.0000000e+00
   0.0000000e+00
   8.3596063e-07
   5.4084500e-06
   6.7624443e-05
   6.7078440e-03
   1.7988605e-02
   1.9635199e-01
   2.3134797e-01
   1.4145340e-02
   6.9429384e-04
   4.0505743e-02
   1.0900008e-01
   4.7855305e-02
   1.5459456e-01
   6.5962347e-02
   1.0226443e-03
   6.9189252e-05
   0.0000000e+00
   0.0000000e+00
   0.0000000e+00
   0.0000000e+00
   0.0000000e+00
   0.0000000e+00
   0.0000000e+00
   0.0000000e+00
   1.3662851e-04
   4.3550078e-03
   5.1589038e-03
   2.9885537e-04
   4.1014798e-04
   2.3484889e-01
   6.2753173e-01
   1.0379504e-01
   8.8243513e-04
   4.5230771e-04
   3.5685247e-06
   0.0000000e+00
   0.0000000e+00
   0.0000000e+00
   0.0000000e+00
   0.0000000e+00
   0.0000000e+00
   0.0000000e+00
   0.0000000e+00
   0.0000000e+00
   0.0000000e+00
   0.0000000e+00
   0.0000000e+00
   0.0000000e+00
   1.4752315e-04
   8.4471089e-02
   2.2571233e-01
   3.7296773e-02
   0.0000000e+00
   0.0000000e+00
   0.0000000e+00
   0.0000000e+00
   0.0000000e+00
   0.0000000e+00
   0.0000000e+00
   0.0000000e+00
   0.0000000e+00
   0.0000000e+00
   0.0000000e+00
   0.0000000e+00
   0.0000000e+00
   0.0000000e+00
   0.0000000e+00
   0.0000000e+00
   1.9411642e-07
   1.1115018e-04
   2.9700063e-04
   4.9076473e-05
   0.0000000e+00
   0.0000000e+00
   0.0000000e+00
   0.0000000e+00
   0.0000000e+00
   0.0000000e+00
   0.0000000e+00
   0.0000000e+00
   0.0000000e+00
   0.0000000e+00
   0.0000000e+00
   0.0000000e+00
   0.0000000e+00
   0.0000000e+00
   0.0000000e+00
   0.0000000e+00
   0.0000000e+00
   0.0000000e+00
   0.0000000e+00
   0.0000000e+00
   0.0000000e+00
   0.0000000e+00
   0.0000000e+00
   0.0000000e+00
   0.0000000e+00
   0.0000000e+00
   0.0000000e+00
   0.0000000e+00
   0.0000000e+00
   0.0000000e+00
   0.0000000e+00
   0.0000000e+00
   0.0000000e+00
   0.0000000e+00
   0.0000000e+00
   0.0000000e+00
   0.0000000e+00
   0.0000000e+00
   0.0000000e+00
   0.0000000e+00
   0.0000000e+00
   0.0000000e+00
   0.0000000e+00
   0.0000000e+00
   0.0000000e+00
   0.0000000e+00
   0.0000000e+00
   0.0000000e+00
   0.0000000e+00
   0.0000000e+00
   0.0000000e+00
   0.0000000e+00
   0.0000000e+00
   0.0000000e+00
   0.0000000e+00
   0.0000000e+00
   0.0000000e+00
   0.0000000e+00
   0.0000000e+00
   0.0000000e+00
   0.0000000e+00
   0.0000000e+00
   0.0000000e+00
   0.0000000e+00
   0.0000000e+00
   0.0000000e+00
   0.0000000e+00
   0.0000000e+00
   0.0000000e+00
   0.0000000e+00
   0.0000000e+00
   0.0000000e+00
   0.0000000e+00
   0.0000000e+00
   0.0000000e+00
   0.0000000e+00
   0.0000000e+00
   0.0000000e+00
   0.0000000e+00
   0.0000000e+00
   0.0000000e+00
   0.0000000e+00
   0.0000000e+00
   0.0000000e+00
   0.0000000e+00
   0.0000000e+00
   0.0000000e+00
   0.0000000e+00
   0.0000000e+00
   0.0000000e+00
   0.0000000e+00
   0.0000000e+00
   0.0000000e+00
   0.0000000e+00
   0.0000000e+00
   0.0000000e+00
   0.0000000e+00
   0.0000000e+00
   0.0000000e+00
   0.0000000e+00
   0.0000000e+00
   0.0000000e+00
   0.0000000e+00
   0.0000000e+00
   0.0000000e+00
   0.0000000e+00
   0.0000000e+00
   0.0000000e+00
   0.0000000e+00
   0.0000000e+00
   0.0000000e+00
   0.0000000e+00
   0.0000000e+00
   0.0000000e+00
   0.0000000e+00
   0.0000000e+00
   0.0000000e+00
   0.0000000e+00
   0.0000000e+00
   0.0000000e+00
   0.0000000e+00
   0.0000000e+00
   0.0000000e+00
   0.0000000e+00
   0.0000000e+00
   0.0000000e+00
   0.0000000e+00
   0.0000000e+00
   0.0000000e+00
   0.0000000e+00
   0.0000000e+00
   0.0000000e+00
   0.0000000e+00
   0.0000000e+00
   0.0000000e+00
   0.0000000e+00
   0.0000000e+00
   0.0000000e+00
   0.0000000e+00
   0.0000000e+00
   0.0000000e+00
   0.0000000e+00
   0.0000000e+00
   0.0000000e+00
   0.0000000e+00
   0.0000000e+00
   0.0000000e+00
   0.0000000e+00
   0.0000000e+00
   0.0000000e+00
   0.0000000e+00
   0.0000000e+00
   0.0000000e+00
   0.0000000e+00
   0.0000000e+00
   0.0000000e+00
   0.0000000e+00
   0.0000000e+00
   0.0000000e+00
   0.0000000e+00
   0.0000000e+00
   0.0000000e+00
   0.0000000e+00
   0.0000000e+00
   0.0000000e+00
   0.0000000e+00
   0.0000000e+00
   0.0000000e+00
   0.0000000e+00
   0.0000000e+00
   0.0000000e+00
   0.0000000e+00
   0.0000000e+00
   0.0000000e+00
   0.0000000e+00
   0.0000000e+00
   0.0000000e+00
   0.0000000e+00
   0.0000000e+00
   0.0000000e+00
   0.0000000e+00
   0.0000000e+00
   0.0000000e+00
   0.0000000e+00
   0.0000000e+00
   0.0000000e+00
   0.0000000e+00
   0.0000000e+00
   0.0000000e+00
   0.0000000e+00
   0.0000000e+00
   0.0000000e+00
   0.0000000e+00
   0.0000000e+00
   0.0000000e+00
   0.0000000e+00
   0.0000000e+00
   0.0000000e+00
   0.0000000e+00
   0.0000000e+00
   0.0000000e+00
   0.0000000e+00
   0.0000000e+00
   0.0000000e+00
   0.0000000e+00
   0.0000000e+00
   0.0000000e+00
