   5.8415203e-03
   3.0912418e-03
  -8.2161422e-04
   4.7404447e-04
  -1.7672744e-04
  -8.6981930e-05
  -1.4659881e-03
   6.6263904e-04
  -4.2585123e-04
   1.0474067e-03
  -6.4559413e-04
   9.8275570e-04
  -8.7847550e-05
  -5.6766347e-03
   2.8541443e-03
   3.9657709e-03
   3.2436342e-03
  -3.2521216e-03
  -4.9962714e-03
   8.2078801e-03
   1.1014980e-02
   2.0126966e-02
   1.6717183e-02
   2.1055629e-02
   1.7782466e-02
   2.1178178e-02
   2.1701716e-02
   1.9069490e-02
   2.0555565e-02
   1.5201913e-02
   2.2504745e-02
   1.7770206e-02
   1.9246650e-02
   2.7081050e-02
   2.0526701e-02
   1.2481066e-02
   2.5469673e-02
   1.7727236e-02
   2.9228555e-02
   2.9162615e-02
   7.1012395e-02
   6.0581904e-02
   6.3417062e-02
   5.5518764e-02
   6.3564063e-02
   5.4660210e-02
   5.7305330e-02
   5.7588848e-02
   5.9292717e-02
   6.3665036e-02
   5.2338638e-02
   6.1270147e-02
   6.1154781e-02
   3.9202871e-02
   5.8411360e-02
   7.0116931e-02
   4.0927785e-02
   6.2887262e-02
   4.4696836e-02
   9.4348434e-03
   1.1181217e-01
   1.0687305e-01
   1.1299521e-01
   1.2332566e-01
   1.0680507e-01
   1.2535157e-01
   1.1861906e-01
   1.2109526e-01
   1.1714476e-01
   1.0990531e-01
   1.3394033e-01
   1.0793034e-01
   1.2050754e-01
   1.3839931e-01
   1.1772527e-01
   1.1064466e-01
   1.2595525e-01
   1.4888676e-01
   3.4397494e-02
   5.6704669e-04
   2.9319506e-02
   2.4921145e-01
   1.6886084e-01
   1.7387387e-01
   2.1040287e-01
   1.5783521e-01
   1.6668110e-01
   1.7439825e-01
   1.7156394e-01
   2.0391807e-01
   1.3387973e-01
   2.0377101e-01
   1.7184852e-01
   1.0593934e-01
   1.8749995e-01
   1.6907503e-01
   2.0024666e-01
   1.0184368e-01
   2.0392912e-03
   0.0000000e+00
   2.5911731e-02
   2.7125469e-01
   1.7442254e-01
   1.0079916e-01
   3.0866807e-01
   3.2938434e-01
   2.1717329e-01
   2.6648140e-01
   2.3899813e-01
   1.4947022e-01
   3.3924004e-01
   1.8858081e-01
   3.2854737e-01
   2.4795788e-01
   2.4018826e-01
   2.2311635e-01
   2.5579222e-01
   2.6105315e-02
   8.5558707e-05
   0.0000000e+00
   1.4705803e-03
   1.2276786e-02
   7.3885774e-03
   5.0865314e-03
   8.8896401e-02
   1.0079881e-01
   1.9865385e-02
   1.3890061e-02
   9.1696548e-03
   1.1146734e-02
   6.5104832e-02
   4.4403246e-02
   1.8592102e-01
   2.5734661e-01
   3.7222064e-01
   6.0482379e-02
   1.3763291e-02
   1.1742529e-03
   0.0000000e+00
   0.0000000e+00
   0.0000000e+00
   0.0000000e+00
   0.0000000e+00
   7.6480798e-06
   1.9216831e-04
   2.0166225e-04
   9.5482525e-06
   0.0000000e+00
   0.0000000e+00
   0.0000000e+00
   0.0000000e+00
   2.2724731e-04
   2.1359029e-03
   1.2574914e-02
   2.6473133e-02
   3.7271795e-03
   0.0000000e+00
   0.0000000e+00
   0.0000000e+00
   0.0000000e+00
   0.0000000e+00
   0.0000000e+00
   0.0000000e+00
   0.0000000e+00
   0.0000000e+00
   0.0000000e+00
   0.0000000e+00
   0.0000000e+00
   0.0000000e+00
   0.0000000e+00
   0.0000000e+00
   0.0000000e+00
   0.0000000e+00
   0.0000000e+00
   0.0000000e+00
   0.0000000e+00
   0.0000000e+00
   0.0000000e+00
   0.0000000e+00
   0.0000000e+00
   0.0000000e+00
   0.0000000e+00
   0.0000000e+00
   0.0000000e+00
   0.0000000e+00
   0.0000000e+00
   0.0000000e+00
   0.0000000e+00
   0.0000000e+00
   0.0000000e+00
   0.0000000e+00
   0.0000000e+00
   0.0000000e+00
   0.0000000e+00
   0.0000000e+00
   0.0000000e+00
   0.0000000e+00
   0.0000000e+00
   0.0000000e+00
   0.0000000e+00
   0.0000000e+00
   0.0000000e+00
   0.0000000e+00
   0.0000000e+00
   0.0000000e+00
   0.0000000e+00
   0.0000000e+00
   0.0000000e+00
   0.0000000e+00
   0.0000000e+00
   0.0000000e+00
   0.0000000e+00
   0.0000000e+00
   0.0000000e+00
   0.0000000e+00
   0.0000000e+00
   0.0000000e+00
   0.0000000e+00
   0.0000000e+00
   0.0000000e+00
   0.0000000e+00
   0.0000000e+00
   0.0000000e+00
   0.0000000e+00
   0.0000000e+00
   0.0000000e+00
   0.0000000e+00
   0.0000000e+00
   0.0000000e+00
   0.0000000e+00
   0.0000000e+00
   0.0000000e+00
   0.0000000e+00
   0.0000000e+00
   0.0000000e+00
   0.0000000e+00
   0.0000000e+00
   0.0000000e+00
   0.0000000e+00
   0.0000000e+00
   0.0000000e+00
   0.0000000e+00
   0.0000000e+00
   0.0000000e+00
   0.0000000e+00
   0.0000000e+00
   0.0000000e+00
   0.0000000e+00
   0.0000000e+00
   0.0000000e+00
   0.0000000e+00
   0.0000000e+00
   0.0000000e+00
   0.0000000e+00
   0.0000000e+00
   0.0000000e+00
   0.0000000e+00
   0.0000000e+00
   0.0000000e+00
   0.0000000e+00
   0.0000000e+00
   0.0000000e+00
   0.0000000e+00
   0.0000000e+00
   0.0000000e+00
   0.0000000e+00
   0.0000000e+00
   0.0000000e+00
   0.0000000e+00
   0.0000000e+00
   0.0000000e+00
   0.0000000e+00
   0.0000000e+00
   0.0000000e+00
   0.0000000e+00
   0.0000000e+00
   0.0000000e+00
   0.0000000e+00
   0.0000000e+00
   0.0000000e+00
   0.0000000e+00
   0.0000000e+00
   0.0000000e+00
   0.0000000e+00
   0.0000000e+00
   0.0000000e+00
   0.0000000e+00
   0.0000000e+00
   0.0000000e+00
   0.0000000e+00
   0.0000000e+00
   0.0000000e+00
   0.0000000e+00
   0.0000000e+00
   0.0000000e+00
   0.0000000e+00
   0.0000000e+00
   0.0000000e+00
   0.0000000e+00
   0.0000000e+00
   0.0000000e+00
   0.0000000e+00
   0.0000000e+00
   0.0000000e+00
   0.0000000e+00
   0.0000000e+00
   0.0000000e+00
   0.0000000e+00
   0.0000000e+00
   0.0000000e+00
   0.0000000e+00
   0.0000000e+00
   0.0000000e+00
   0.0000000e+00
   0.0000000e+00
   0.0000000e+00
   0.0000000e+00
   0.0000000e+00
   0.0000000e+00
   0.0000000e+00
   0.0000000e+00
   0.0000000e+00
   0.0000000e+00
   0.0000000e+00
   0.0000000e+00
   0.0000000e+00
   0.0000000e+00
   0.0000000e+00
   0.0000000e+00
   0.0000000e+00
   0.0000000e+00
   0.0000000e+00
   0.0000000e+00
   0.0000000e+00
   0.0000000e+00
   0.0000000e+00
   0.0000000e+00
   0.0000000e+00
   0.0000000e+00
   0.0000000e+00
   0.0000000e+00
   0.0000000e+00
   0.0000000e+00
   0.0000000e+00
   0.0000000e+00
   0.0000000e+00
   0.0000000e+00
   0.0000000e+00
   0.0000000e+00
   0.0000000e+00
   0.0000000e+00
   0.0000000e+00
   0.0000000e+00
   0.0000000e+00
   0.0000000e+00
   0.0000000e+00
   0.0000000e+00
   0.0000000e+00
   0.0000000e+00
   0.0000000e+00
   0.0000000e+00
   0.0000000e+00
   0.0000000e+00
   0.0000000e+00
   0.0000000e+00
   0.0000000e+00
   0.0000000e+00
   0.0000000e+00
   0.0000000e+00
   0.0000000e+00
   0.0000000e+00
   0.0000000e+00
   0.0000000e+00
   0.0000000e+00
   0.0000000e+00
   0.0000000e+00
   0.0000000e+00
   0.0000000e+00
   0.0000000e+00
   0.0000000e+00
   0.0000000e+00
   0.0000000e+00
   0.0000000e+00
   0.0000000e+00
   0.0000000e+00
   0.0000000e+00
   0.0000000e+00
   0.0000000e+00
   0.0000000e+00
   0.0000000e+00
   0.0000000e+00
   0.0000000e+00
   0.0000000e+00
   0.0000000e+00
   0.0000000e+00
   0.0000000e+00
   0.0000000e+00
   0.0000000e+00
   0.0000000e+00
   0.0000000e+00
