   8.5169626e-04
  -9.2650751e-03
  -6.0581148e-03
   3.5990791e-03
  -1.1670487e-03
   1.3829345e-03
  -3.0839333e-03
   1.6272529e-03
   3.7512142e-04
   2.1264113e-03
   1.6358051e-03
   1.0396598e-03
   1.5389956e-03
   4.3707169e-03
  -2.0167624e-03
   1.7926236e-03
  -1.4474411e-03
   5.7788973e-03
  -4.7129188e-03
   9.8006383e-04
   1.5359042e-02
   4.3827828e-02
   2.0259649e-02
   1.8617548e-02
   1.8564586e-02
   1.9026491e-02
   2.1757582e-02
   1.8713884e-02
   1.4095477e-02
   2.1098129e-02
   1.3566997e-02
   1.9255093e-02
   1.5506801e-02
   1.9650246e-02
   2.1151776e-02
   1.8162714e-02
   1.8974677e-02
   1.2177796e-02
   2.5367076e-02
   1.3425866e-02
   6.4143942e-02
   2.1970890e-02
   5.6191153e-02
   6.1117809e-02
   5.9821923e-02
   6.0622440e-02
   5.5135629e-02
   6.1483859e-02
   6.5213777e-02
   5.4275712e-02
   7.1824474e-02
   5.7012199e-02
   6.8207243e-02
   5.5484875e-02
   5.8914350e-02
   5.5444701e-02
   7.4177075e-02
   4.9808113e-02
   7.6491447e-02
   1.1626742e-02
   1.0047905e-01
   1.8224723e-01
   1.1826931e-01
   1.1569452e-01
   1.1515628e-01
   1.1579390e-01
   1.2342929e-01
   1.1188500e-01
   1.1351301e-01
   1.2145906e-01
   1.0554163e-01
   1.1620432e-01
   1.0697120e-01
   1.2181282e-01
   1.1842754e-01
   1.2204091e-01
   9.6984330e-02
   1.3209140e-01
   8.4286181e-02
   1.7714787e-03
   1.4252920e-02
   8.8545765e-02
   1.1136827e-01
   2.0695188e-01
   1.8123641e-01
   1.7817959e-01
   1.5356278e-01
   2.0366035e-01
   1.7304830e-01
   1.7491723e-01
   2.1203199e-01
   1.8434395e-01
   1.9361318e-01
   1.7096041e-01
   1.7030752e-01
   1.7861505e-01
   1.8722683e-01
   2.3083489e-01
   3.0487878e-02
   0.0000000e+00
   2.3803263e-05
   2.5241539e-04
   2.3567648e-03
   6.8703710e-02
   1.6958934e-01
   3.3104609e-01
   1.4850778e-01
   4.9424670e-02
   2.7569005e-01
   2.5143999e-01
   5.8222748e-02
   5.1211952e-02
   2.4475783e-01
   2.1617038e-01
   2.6010371e-01
   2.4038902e-01
   3.8305996e-02
   2.9088178e-02
   2.8217894e-03
   0.0000000e+00
   0.0000000e+00
   0.0000000e+00
   2.6267355e-03
   2.6047865e-01
   4.8384794e-01
   9.7765818e-02
   2.1216809e-02
   1.4124466e-03
   1.2751050e-02
   1.0777647e-02
   7.8938303e-04
   3.0521947e-04
   3.6760008e-03
   3.4776958e-03
   8.0252720e-03
   6.7912239e-03
   3.7773710e-04
   0.0000000e+00
   0.0000000e+00
   0.0000000e+00
   0.0000000e+00
   0.0000000e+00
   7.5734180e-04
   7.5101344e-02
   1.3771507e-01
   1.4742411e-02
   0.0000000e+00
   0.0000000e+00
   0.0000000e+00
   0.0000000e+00
   0.0000000e+00
   0.0000000e+00
   0.0000000e+00
   0.0000000e+00
   0.0000000e+00
   0.0000000e+00
   0.0000000e+00
   0.0000000e+00
   0.0000000e+00
   0.0000000e+00
   0.0000000e+00
   0.0000000e+00
   7.1298215e-08
   7.0702446e-06
   1.2964871e-05
   1.3878906e-06
   0.0000000e+00
   0.0000000e+00
   0.0000000e+00
   0.0000000e+00
   0.0000000e+00
   0.0000000e+00
   0.0000000e+00
   0.0000000e+00
   0.0000000e+00
   0.0000000e+00
   0.0000000e+00
   0.0000000e+00
   0.0000000e+00
   0.0000000e+00
   0.0000000e+00
   0.0000000e+00
   0.0000000e+00
   0.0000000e+00
   0.0000000e+00
   0.0000000e+00
   0.0000000e+00
   0.0000000e+00
   0.0000000e+00
   0.0000000e+00
   0.0000000e+00
   0.0000000e+00
   0.0000000e+00
   0.0000000e+00
   0.0000000e+00
   0.0000000e+00
   0.0000000e+00
   0.0000000e+00
   0.0000000e+00
   0.0000000e+00
   0.0000000e+00
   0.0000000e+00
   0.0000000e+00
   0.0000000e+00
   0.0000000e+00
   0.0000000e+00
   0.0000000e+00
   0.0000000e+00
   0.0000000e+00
   0.0000000e+00
   0.0000000e+00
   0.0000000e+00
   0.0000000e+00
   0.0000000e+00
   0.0000000e+00
   0.0000000e+00
   0.0000000e+00
   0.0000000e+00
   0.0000000e+00
   0.0000000e+00
   0.0000000e+00
   0.0000000e+00
   0.0000000e+00
   0.0000000e+00
   0.0000000e+00
   0.0000000e+00
   0.0000000e+00
   0.0000000e+00
   0.0000000e+00
   0.0000000e+00
   0.0000000e+00
   0.0000000e+00
   0.0000000e+00
   0.0000000e+00
   0.0000000e+00
   0.0000000e+00
   0.0000000e+00
   0.0000000e+00
   0.0000000e+00
   0.0000000e+00
   0.0000000e+00
   0.0000000e+00
   0.0000000e+00
   0.0000000e+00
   0.0000000e+00
   0.0000000e+00
   0.0000000e+00
   0.0000000e+00
   0.0000000e+00
   0.0000000e+00
   0.0000000e+00
   0.0000000e+00
   0.0000000e+00
   0.0000000e+00
   0.0000000e+00
   0.0000000e+00
   0.0000000e+00
   0.0000000e+00
   0.0000000e+00
   0.0000000e+00
   0.0000000e+00
   0.0000000e+00
   0.0000000e+00
   0.0000000e+00
   0.0000000e+00
   0.0000000e+00
   0.0000000e+00
   0.0000000e+00
   0.0000000e+00
   0.0000000e+00
   0.0000000e+00
   0.0000000e+00
   0.0000000e+00
   0.0000000e+00
   0.0000000e+00
   0.0000000e+00
   0.0000000e+00
   0.0000000e+00
   0.0000000e+00
   0.0000000e+00
   0.0000000e+00
   0.0000000e+00
   0.0000000e+00
   0.0000000e+00
   0.0000000e+00
   0.0000000e+00
   0.0000000e+00
   0.0000000e+00
   0.0000000e+00
   0.0000000e+00
   0.0000000e+00
   0.0000000e+00
   0.0000000e+00
   0.0000000e+00
   0.0000000e+00
   0.0000000e+00
   0.0000000e+00
   0.0000000e+00
   0.0000000e+00
   0.0000000e+00
   0.0000000e+00
   0.0000000e+00
   0.0000000e+00
   0.0000000e+00
   0.0000000e+00
   0.0000000e+00
   0.0000000e+00
   0.0000000e+00
   0.0000000e+00
   0.0000000e+00
   0.0000000e+00
   0.0000000e+00
   0.0000000e+00
   0.0000000e+00
   0.0000000e+00
   0.0000000e+00
   0.0000000e+00
   0.0000000e+00
   0.0000000e+00
   0.0000000e+00
   0.0000000e+00
   0.0000000e+00
   0.0000000e+00
   0.0000000e+00
   0.0000000e+00
   0.0000000e+00
   0.0000000e+00
   0.0000000e+00
   0.0000000e+00
   0.0000000e+00
   0.0000000e+00
   0.0000000e+00
   0.0000000e+00
   0.0000000e+00
   0.0000000e+00
   0.0000000e+00
   0.0000000e+00
   0.0000000e+00
   0.0000000e+00
   0.0000000e+00
   0.0000000e+00
   0.0000000e+00
   0.0000000e+00
   0.0000000e+00
   0.0000000e+00
   0.0000000e+00
   0.0000000e+00
   0.0000000e+00
   0.0000000e+00
   0.0000000e+00
   0.0000000e+00
   0.0000000e+00
   0.0000000e+00
   0.0000000e+00
   0.0000000e+00
   0.0000000e+00
   0.0000000e+00
   0.0000000e+00
   0.0000000e+00
   0.0000000e+00
   0.0000000e+00
   0.0000000e+00
   0.0000000e+00
   0.0000000e+00
   0.0000000e+00
   0.0000000e+00
   0.0000000e+00
   0.0000000e+00
   0.0000000e+00
   0.0000000e+00
   0.0000000e+00
   0.0000000e+00
   0.0000000e+00
   0.0000000e+00
   0.0000000e+00
   0.0000000e+00
   0.0000000e+00
   0.0000000e+00
   0.0000000e+00
   0.0000000e+00
   0.0000000e+00
   0.0000000e+00
   0.0000000e+00
   0.0000000e+00
   0.0000000e+00
   0.0000000e+00
   0.0000000e+00
   0.0000000e+00
   0.0000000e+00
   0.0000000e+00
   0.0000000e+00
   0.0000000e+00
   0.0000000e+00
   0.0000000e+00
   0.0000000e+00
   0.0000000e+00
   0.0000000e+00
   0.0000000e+00
   0.0000000e+00
   0.0000000e+00
