  -8.4924476e-04
   1.7691458e-03
  -4.3041743e-03
  -1.3637817e-03
   8.2870695e-03
   3.0776259e-04
   1.0968711e-03
   1.6461259e-03
  -4.0612336e-03
   9.7787669e-04
  -1.4168937e-03
  -4.3371233e-04
  -1.5269751e-04
   4.0181079e-04
   1.4093178e-04
  -3.3286755e-03
  -3.9021681e-03
   4.8279499e-04
   8.8211125e-03
   1.0572162e-02
   2.0088776e-02
   1.9900532e-02
   2.7763414e-02
   1.7924328e-02
   1.7263713e-02
   1.5699482e-02
   1.5096281e-02
   1.8087439e-02
   2.5826509e-02
   1.8206579e-02
   2.2931137e-02
   1.9211763e-02
   2.1620786e-02
   1.7096301e-02
   2.5653633e-02
   1.7718450e-02
   2.2840976e-02
   1.7108652e-02
   1.3454149e-02
   1.6592571e-02
   7.4988524e-02
   4.9192553e-02
   5.2569869e-02
   5.6237775e-02
   6.6315935e-02
   5.9826318e-02
   6.9944471e-02
   6.0548102e-02
   4.9836228e-02
   6.0641455e-02
   5.5129549e-02
   5.8122602e-02
   5.7206252e-02
   6.1039935e-02
   5.0981265e-02
   5.9007233e-02
   6.0480892e-02
   5.1939584e-02
   8.6680191e-02
   7.4970143e-03
   5.8342527e-02
   1.5659472e-01
   1.1425141e-01
   1.2778952e-01
   1.0267616e-01
   1.1889469e-01
   9.9794300e-02
   1.1603409e-01
   1.2912096e-01
   1.1711753e-01
   1.2089535e-01
   1.2206964e-01
   1.1619150e-01
   1.1910930e-01
   1.2364474e-01
   1.2174035e-01
   1.0844668e-01
   1.3982252e-01
   7.0406832e-02
   3.1548336e-03
   3.7338058e-02
   1.5513275e-01
   1.8011558e-01
   1.5229612e-01
   2.0984677e-01
   1.9826902e-01
   2.1302895e-01
   1.8094811e-01
   1.5585867e-01
   1.7302804e-01
   1.6684161e-01
   1.6818521e-01
   1.8199714e-01
   1.6707380e-01
   1.6874059e-01
   1.5866295e-01
   2.1458201e-01
   1.4492448e-01
   6.0083725e-03
   5.9279341e-05
   2.8886626e-01
   3.5387894e-01
   1.3934039e-01
   3.3420258e-01
   1.4293020e-01
   5.0176951e-02
   8.6544381e-02
   1.7373699e-01
   3.2429028e-01
   3.0060263e-01
   2.4185007e-01
   2.7178472e-01
   2.0555139e-01
   3.6409427e-01
   2.1246953e-01
   3.2422992e-01
   9.0302055e-02
   8.3006923e-03
   3.0511622e-04
   0.0000000e+00
   1.6208480e-01
   2.1264433e-01
   5.2147812e-02
   5.3827905e-02
   1.4640754e-02
   4.5821602e-07
   4.1872599e-05
   1.6987269e-02
   6.7052196e-02
   4.9719361e-02
   3.4353162e-02
   1.7986794e-02
   1.9088734e-02
   1.3075909e-01
   1.0716557e-01
   7.5941163e-02
   1.4492690e-02
   0.0000000e+00
   0.0000000e+00
   0.0000000e+00
   1.6754561e-03
   2.3690508e-03
   4.6977227e-04
   1.9231241e-05
   0.0000000e+00
   0.0000000e+00
   0.0000000e+00
   0.0000000e+00
   0.0000000e+00
   0.0000000e+00
   0.0000000e+00
   0.0000000e+00
   8.2706713e-06
   1.1204096e-04
   8.0625832e-05
   1.7736187e-06
   0.0000000e+00
   0.0000000e+00
   0.0000000e+00
   0.0000000e+00
   0.0000000e+00
   0.0000000e+00
   0.0000000e+00
   0.0000000e+00
   0.0000000e+00
   0.0000000e+00
   0.0000000e+00
   0.0000000e+00
   0.0000000e+00
   0.0000000e+00
   0.0000000e+00
   0.0000000e+00
   0.0000000e+00
   0.0000000e+00
   0.0000000e+00
   0.0000000e+00
   0.0000000e+00
   0.0000000e+00
   0.0000000e+00
   0.0000000e+00
   0.0000000e+00
   0.0000000e+00
   0.0000000e+00
   0.0000000e+00
   0.0000000e+00
   0.0000000e+00
   0.0000000e+00
   0.0000000e+00
   0.0000000e+00
   0.0000000e+00
   0.0000000e+00
   0.0000000e+00
   0.0000000e+00
   0.0000000e+00
   0.0000000e+00
   0.0000000e+00
   0.0000000e+00
   0.0000000e+00
   0.0000000e+00
   0.0000000e+00
   0.0000000e+00
   0.0000000e+00
   0.0000000e+00
   0.0000000e+00
   0.0000000e+00
   0.0000000e+00
   0.0000000e+00
   0.0000000e+00
   0.0000000e+00
   0.0000000e+00
   0.0000000e+00
   0.0000000e+00
   0.0000000e+00
   0.0000000e+00
   0.0000000e+00
   0.0000000e+00
   0.0000000e+00
   0.0000000e+00
   0.0000000e+00
   0.0000000e+00
   0.0000000e+00
   0.0000000e+00
   0.0000000e+00
   0.0000000e+00
   0.0000000e+00
   0.0000000e+00
   0.0000000e+00
   0.0000000e+00
   0.0000000e+00
   0.0000000e+00
   0.0000000e+00
   0.0000000e+00
   0.0000000e+00
   0.0000000e+00
   0.0000000e+00
   0.0000000e+00
   0.0000000e+00
   0.0000000e+00
   0.0000000e+00
   0.0000000e+00
   0.0000000e+00
   0.0000000e+00
   0.0000000e+00
   0.0000000e+00
   0.0000000e+00
   0.0000000e+00
   0.0000000e+00
   0.0000000e+00
   0.0000000e+00
   0.0000000e+00
   0.0000000e+00
   0.0000000e+00
   0.0000000e+00
   0.0000000e+00
   0.0000000e+00
   0.0000000e+00
   0.0000000e+00
   0.0000000e+00
   0.0000000e+00
   0.0000000e+00
   0.0000000e+00
   0.0000000e+00
   0.0000000e+00
   0.0000000e+00
   0.0000000e+00
   0.0000000e+00
   0.0000000e+00
   0.0000000e+00
   0.0000000e+00
   0.0000000e+00
   0.0000000e+00
   0.0000000e+00
   0.0000000e+00
   0.0000000e+00
   0.0000000e+00
   0.0000000e+00
   0.0000000e+00
   0.0000000e+00
   0.0000000e+00
   0.0000000e+00
   0.0000000e+00
   0.0000000e+00
   0.0000000e+00
   0.0000000e+00
   0.0000000e+00
   0.0000000e+00
   0.0000000e+00
   0.0000000e+00
   0.0000000e+00
   0.0000000e+00
   0.0000000e+00
   0.0000000e+00
   0.0000000e+00
   0.0000000e+00
   0.0000000e+00
   0.0000000e+00
   0.0000000e+00
   0.0000000e+00
   0.0000000e+00
   0.0000000e+00
   0.0000000e+00
   0.0000000e+00
   0.0000000e+00
   0.0000000e+00
   0.0000000e+00
   0.0000000e+00
   0.0000000e+00
   0.0000000e+00
   0.0000000e+00
   0.0000000e+00
   0.0000000e+00
   0.0000000e+00
   0.0000000e+00
   0.0000000e+00
   0.0000000e+00
   0.0000000e+00
   0.0000000e+00
   0.0000000e+00
   0.0000000e+00
   0.0000000e+00
   0.0000000e+00
   0.0000000e+00
   0.0000000e+00
   0.0000000e+00
   0.0000000e+00
   0.0000000e+00
   0.0000000e+00
   0.0000000e+00
   0.0000000e+00
   0.0000000e+00
   0.0000000e+00
   0.0000000e+00
   0.0000000e+00
   0.0000000e+00
   0.0000000e+00
   0.0000000e+00
   0.0000000e+00
   0.0000000e+00
   0.0000000e+00
   0.0000000e+00
   0.0000000e+00
   0.0000000e+00
   0.0000000e+00
   0.0000000e+00
   0.0000000e+00
   0.0000000e+00
   0.0000000e+00
   0.0000000e+00
   0.0000000e+00
   0.0000000e+00
   0.0000000e+00
   0.0000000e+00
   0.0000000e+00
   0.0000000e+00
   0.0000000e+00
   0.0000000e+00
   0.0000000e+00
   0.0000000e+00
   0.0000000e+00
   0.0000000e+00
   0.0000000e+00
   0.0000000e+00
   0.0000000e+00
   0.0000000e+00
   0.0000000e+00
   0.0000000e+00
   0.0000000e+00
   0.0000000e+00
   0.0000000e+00
   0.0000000e+00
   0.0000000e+00
   0.0000000e+00
   0.0000000e+00
   0.0000000e+00
   0.0000000e+00
   0.0000000e+00
   0.0000000e+00
   0.0000000e+00
   0.0000000e+00
   0.0000000e+00
   0.0000000e+00
   0.0000000e+00
   0.0000000e+00
   0.0000000e+00
   0.0000000e+00
   0.0000000e+00
   0.0000000e+00
   0.0000000e+00
   0.0000000e+00
   0.0000000e+00
   0.0000000e+00
   0.0000000e+00
   0.0000000e+00
   0.0000000e+00
   0.0000000e+00
   0.0000000e+00
   0.0000000e+00
   0.0000000e+00
   0.0000000e+00
   0.0000000e+00
