  -6.8180685e-04
  -1.9997497e-03
   3.7522227e-03
  -4.6353416e-04
   1.8154999e-03
   7.0451480e-04
  -2.1811731e-03
   5.5533302e-06
   2.4862497e-03
  -1.1789795e-03
   1.2631203e-03
  -2.6413036e-03
   1.4914334e-03
   7.8091181e-04
  -1.2324490e-03
   1.2307855e-03
   9.4220065e-04
  -1.8514498e-03
   7.9845742e-03
  -2.1609659e-03
   2.7011040e-02
   1.8645476e-02
   1.7546511e-02
   1.8219515e-02
   1.7029276e-02
   1.8267629e-02
   2.3429856e-02
   2.0105179e-02
   1.5714068e-02
   1.9905636e-02
   1.8830475e-02
   2.2932902e-02
   1.7921711e-02
   1.7202040e-02
   2.2284076e-02
   1.8036909e-02
   1.8491040e-02
   2.1000679e-02
   3.1062682e-02
   1.7650002e-02
   4.6634023e-02
   6.5412956e-02
   6.1422249e-02
   6.0231473e-02
   6.3635707e-02
   5.9507534e-02
   5.5326400e-02
   5.6715986e-02
   6.5704869e-02
   5.9465293e-02
   5.9370748e-02
   5.2864280e-02
   6.2361636e-02
   6.1626268e-02
   5.7195305e-02
   5.7764126e-02
   6.5213619e-02
   4.9194321e-02
   5.8609495e-02
   4.2607905e-03
   1.3610400e-01
   1.0671736e-01
   1.1427788e-01
   1.1675058e-01
   1.0883424e-01
   1.1856382e-01
   1.2074671e-01
   1.2181558e-01
   1.0673512e-01
   1.1550587e-01
   1.1944294e-01
   1.2422543e-01
   1.1374778e-01
   1.1451911e-01
   1.1484951e-01
   1.2651619e-01
   9.6329592e-02
   1.5069712e-01
   6.1275961e-02
   2.0131173e-04
   1.5644462e-01
   2.0243774e-01
   1.8675411e-01
   1.7383678e-01
   2.1764819e-01
   1.6619608e-01
   1.7190215e-01
   1.6747213e-01
   1.8833742e-01
   1.9097100e-01
   1.6250345e-01
   1.6747953e-01
   1.7859263e-01
   1.8735811e-01
   1.8494251e-01
   1.5638279e-01
   1.9067326e-01
   1.7125394e-01
   1.3280082e-02
   0.0000000e+00
   1.8479834e-02
   1.7595366e-01
   2.8606168e-01
   1.6801907e-01
   1.4356559e-01
   2.9430816e-01
   2.4107537e-01
   2.5871617e-01
   2.0284992e-01
   1.9543631e-01
   3.1292413e-01
   2.5030343e-01
   2.6404511e-01
   1.5236209e-01
   1.8003486e-01
   3.0712002e-01
   2.5663733e-01
   6.6214476e-02
   1.5157060e-04
   0.0000000e+00
   1.2781197e-03
   1.4382335e-01
   4.9066729e-01
   2.2124198e-01
   5.3253753e-03
   3.6448740e-02
   4.1543101e-02
   2.3879866e-01
   4.2044183e-01
   3.6300872e-01
   1.1518214e-01
   2.9424104e-02
   6.1505527e-03
   1.4802783e-03
   8.9826932e-03
   1.5277212e-02
   8.2793544e-03
   1.6434695e-03
   0.0000000e+00
   0.0000000e+00
   5.9452957e-06
   8.0132007e-02
   3.6813411e-01
   1.7719271e-01
   8.4267767e-04
   0.0000000e+00
   9.8466770e-04
   2.8074595e-02
   1.3621652e-01
   1.6685234e-01
   1.4095744e-02
   4.9484719e-06
   0.0000000e+00
   0.0000000e+00
   0.0000000e+00
   0.0000000e+00
   0.0000000e+00
   0.0000000e+00
   0.0000000e+00
   0.0000000e+00
   0.0000000e+00
   2.5505534e-03
   1.1743336e-02
   5.6549304e-03
   2.6899500e-05
   0.0000000e+00
   0.0000000e+00
   3.1526634e-06
   1.8311345e-04
   2.8040273e-04
   2.3724971e-05
   0.0000000e+00
   0.0000000e+00
   0.0000000e+00
   0.0000000e+00
   0.0000000e+00
   0.0000000e+00
   0.0000000e+00
   0.0000000e+00
   0.0000000e+00
   0.0000000e+00
   0.0000000e+00
   0.0000000e+00
   0.0000000e+00
   0.0000000e+00
   0.0000000e+00
   0.0000000e+00
   0.0000000e+00
   0.0000000e+00
   0.0000000e+00
   0.0000000e+00
   0.0000000e+00
   0.0000000e+00
   0.0000000e+00
   0.0000000e+00
   0.0000000e+00
   0.0000000e+00
   0.0000000e+00
   0.0000000e+00
   0.0000000e+00
   0.0000000e+00
   0.0000000e+00
   0.0000000e+00
   0.0000000e+00
   0.0000000e+00
   0.0000000e+00
   0.0000000e+00
   0.0000000e+00
   0.0000000e+00
   0.0000000e+00
   0.0000000e+00
   0.0000000e+00
   0.0000000e+00
   0.0000000e+00
   0.0000000e+00
   0.0000000e+00
   0.0000000e+00
   0.0000000e+00
   0.0000000e+00
   0.0000000e+00
   0.0000000e+00
   0.0000000e+00
   0.0000000e+00
   0.0000000e+00
   0.0000000e+00
   0.0000000e+00
   0.0000000e+00
   0.0000000e+00
   0.0000000e+00
   0.0000000e+00
   0.0000000e+00
   0.0000000e+00
   0.0000000e+00
   0.0000000e+00
   0.0000000e+00
   0.0000000e+00
   0.0000000e+00
   0.0000000e+00
   0.0000000e+00
   0.0000000e+00
   0.0000000e+00
   0.0000000e+00
   0.0000000e+00
   0.0000000e+00
   0.0000000e+00
   0.0000000e+00
   0.0000000e+00
   0.0000000e+00
   0.0000000e+00
   0.0000000e+00
   0.0000000e+00
   0.0000000e+00
   0.0000000e+00
   0.0000000e+00
   0.0000000e+00
   0.0000000e+00
   0.0000000e+00
   0.0000000e+00
   0.0000000e+00
   0.0000000e+00
   0.0000000e+00
   0.0000000e+00
   0.0000000e+00
   0.0000000e+00
   0.0000000e+00
   0.0000000e+00
   0.0000000e+00
   0.0000000e+00
   0.0000000e+00
   0.0000000e+00
   0.0000000e+00
   0.0000000e+00
   0.0000000e+00
   0.0000000e+00
   0.0000000e+00
   0.0000000e+00
   0.0000000e+00
   0.0000000e+00
   0.0000000e+00
   0.0000000e+00
   0.0000000e+00
   0.0000000e+00
   0.0000000e+00
   0.0000000e+00
   0.0000000e+00
   0.0000000e+00
   0.0000000e+00
   0.0000000e+00
   0.0000000e+00
   0.0000000e+00
   0.0000000e+00
   0.0000000e+00
   0.0000000e+00
   0.0000000e+00
   0.0000000e+00
   0.0000000e+00
   0.0000000e+00
   0.0000000e+00
   0.0000000e+00
   0.0000000e+00
   0.0000000e+00
   0.0000000e+00
   0.0000000e+00
   0.0000000e+00
   0.0000000e+00
   0.0000000e+00
   0.0000000e+00
   0.0000000e+00
   0.0000000e+00
   0.0000000e+00
   0.0000000e+00
   0.0000000e+00
   0.0000000e+00
   0.0000000e+00
   0.0000000e+00
   0.0000000e+00
   0.0000000e+00
   0.0000000e+00
   0.0000000e+00
   0.0000000e+00
   0.0000000e+00
   0.0000000e+00
   0.0000000e+00
   0.0000000e+00
   0.0000000e+00
   0.0000000e+00
   0.0000000e+00
   0.0000000e+00
   0.0000000e+00
   0.0000000e+00
   0.0000000e+00
   0.0000000e+00
   0.0000000e+00
   0.0000000e+00
   0.0000000e+00
   0.0000000e+00
   0.0000000e+00
   0.0000000e+00
   0.0000000e+00
   0.0000000e+00
   0.0000000e+00
   0.0000000e+00
   0.0000000e+00
   0.0000000e+00
   0.0000000e+00
   0.0000000e+00
   0.0000000e+00
   0.0000000e+00
   0.0000000e+00
   0.0000000e+00
   0.0000000e+00
   0.0000000e+00
   0.0000000e+00
   0.0000000e+00
   0.0000000e+00
   0.0000000e+00
   0.0000000e+00
   0.0000000e+00
   0.0000000e+00
   0.0000000e+00
   0.0000000e+00
   0.0000000e+00
   0.0000000e+00
   0.0000000e+00
   0.0000000e+00
   0.0000000e+00
   0.0000000e+00
   0.0000000e+00
   0.0000000e+00
   0.0000000e+00
   0.0000000e+00
   0.0000000e+00
   0.0000000e+00
   0.0000000e+00
   0.0000000e+00
   0.0000000e+00
   0.0000000e+00
   0.0000000e+00
   0.0000000e+00
   0.0000000e+00
   0.0000000e+00
   0.0000000e+00
   0.0000000e+00
   0.0000000e+00
   0.0000000e+00
   0.0000000e+00
   0.0000000e+00
   0.0000000e+00
   0.0000000e+00
   0.0000000e+00
   0.0000000e+00
   0.0000000e+00
   0.0000000e+00
   0.0000000e+00
   0.0000000e+00
   0.0000000e+00
   0.0000000e+00
   0.0000000e+00
   0.0000000e+00
   0.0000000e+00
