0.0 0.0003794696901421011
0.0 0.002085944715447997
0.0 0.0025062875826853087
0.0 0.002889635588779261
0.0 0.003155366123816634
0.0 0.003319673961195758
0.0 0.003825574752138429
0.0 0.004195500840603741
0.0 0.004384211175318251
0.0 0.00501398323048904
0.0 0.005241657035001871
0.0 0.005430732039348956
0.0 0.005771964625419937
0.0 0.005872761741307385
0.0 0.005989701498778929
0.0 0.006266548257466879
0.0 0.0068085374233461905
0.0 0.006853424433803552
0.0 0.007382579050699058
0.0 0.007405914870379133
0.0 0.007452172492030128
0.0 0.007794465935214055
0.0 0.007812925658793888
0.0 0.00794945938640543
0.0 0.00796122042492332
0.0 0.007995319692773189
0.0 0.008127039578781095
0.0 0.008338623885792302
0.0 0.00851009453322028
0.0 0.008663508845961086
0.0 0.008754862005326377
0.0 0.009276038430107688
0.0 0.00938633821407507
0.0 0.00952835236192467
0.0 0.009552288456669607
0.0 0.009771999253091808
0.0 0.009806353612537537
0.0 0.009897749287168805
0.0 0.009916616954848367
0.0 0.010140037714361162
0.0 0.010504694187448885
0.0 0.010521709404253742
0.0 0.010806555612688874
0.0 0.010807193341678527
0.0 0.010816427252541392
0.0 0.01095349849458707
0.0 0.011105285080001907
0.0 0.011179290998580428
0.0 0.011411634902607163
0.0 0.011542815755778578
0.0 0.011568139670277188
0.0 0.011620517465692367
0.0 0.011717404695512305
0.0 0.012247650031433762
0.0 0.012392196874413694
0.0 0.012496333969350916
0.0 0.012500404299934074
0.0 0.012561297295763465
0.0 0.012578150549650316
0.0 0.012583324252612398
0.0 0.012615837296134035
0.0 0.012850367699553864
0.0 0.012945464226861589
0.0 0.012966817013064317
0.0 0.013193000252597367
0.0 0.013371020781656365
0.0 0.013412562245588648
0.0 0.013474759042907994
0.0 0.013508165919283383
0.0 0.013522944023283271
0.0 0.013529856803077452
0.0 0.013890390307633662
0.0 0.014006585541816493
0.0 0.014294178033980079
0.0 0.01433444302766482
0.0 0.014440274659631689
0.0 0.014465782806949531
0.0 0.01452752104675727
0.0 0.014689077032932632
0.0 0.014734518766384168
0.0 0.014738017165413116
0.0 0.014976624985293768
0.0 0.015067760506987988
0.0 0.015158265385570219
0.0 0.01521001253787341
0.0 0.01526669044876167
0.0 0.01532444844985939
0.0 0.015333352361276817
0.0 0.015468214834028176
0.0 0.015529414547133542
0.0 0.015560387930665878
0.0 0.015677974021407092
0.0 0.01573857143491112
0.0 0.01577454441126868
0.0 0.01608330545681576
0.0 0.016226515093453898
0.0 0.01625498918670774
0.0 0.01628739897886915
0.0 0.016352606261926948
0.0 0.016423973197210194
0.0 0.01652636514170589
0.0 0.016534966384920295
0.0 0.016604086084716193
0.0 0.016614322141134227
0.0 0.01665334204488679
0.0 0.016778534319164904
0.0 0.01679476300354919
0.0 0.016876914644635217
0.0 0.017006689457224687
0.0 0.017007934547156864
0.0 0.017113248910054345
0.0 0.017158430490568834
0.0 0.01720515476787734
0.0 0.017235889256105613
0.0 0.017271598030453174
0.0 0.017290784562627563
0.0 0.017681398630130598
0.0 0.01775896672063703
0.0 0.017813740554970474
0.0 0.01785123901956201
0.0 0.018035880795162777
0.0 0.018135220750922283
0.0 0.018180272761102362
0.0 0.01822083637391718
0.0 0.018386998180573363
0.0 0.018417297393459497
0.0 0.018460496952764874
0.0 0.018490429724549017
0.0 0.018579351415607733
0.0 0.018892824569800577
0.0 0.018912142696845845
0.0 0.018933993519021444
0.0 0.0190280474100445
0.0 0.019036420892905453
0.0 0.01909577827781849
0.0 0.01910221832834574
0.0 0.01916432300925547
0.0 0.019437317581165448
0.0 0.019456765278545122
0.0 0.019548582056763207
0.0 0.019598871542804337
0.0 0.019635825407084077
0.0 0.01966483499023558
0.0 0.01982910790436051
0.0 0.02007668442082579
0.0 0.0200987781873784
0.0 0.020139910694942715
0.0 0.020311504332961552
0.0 0.020333312639871176
0.0 0.020364782034839907
0.0 0.02038777267105098
0.0 0.020474133323468712
0.0 0.020507851978461264
0.0 0.02057247113367305
0.0 0.020592540363750574
0.0 0.02073630269884641
0.0 0.02073642214649844
0.0 0.020760791492049045
0.0 0.02080638607800445
0.0 0.020863241135834282
0.0 0.021008876167169573
0.0 0.021102729629081596
0.0 0.02129198532330908
0.0 0.021393621103431334
0.0 0.02145261204724238
0.0 0.021501192824498538
0.0 0.02155189126690763
0.0 0.021565208667840747
0.0 0.02156708541315315
0.0 0.021757310860352205
0.0 0.02177318525085335
0.0 0.022041865535534923
0.0 0.02248770693354182
0.0 0.022585696523472445
0.0 0.02261704039717972
0.0 0.02264011403938627
0.0 0.02274926894797699
0.0 0.0227878181469991
0.0 0.022808569645868727
0.0 0.02293990335154401
0.0 0.023001094966503478
0.0 0.023041838763064575
0.0 0.02306447510539251
0.0 0.023125535125481093
0.0 0.02314022313760784
0.0 0.02314567521433525
0.0 0.02316071549580866
0.0 0.023248742341745385
0.0 0.0234369149089587
0.0 0.02344705783669888
0.0 0.023455500153799987
0.0 0.023498452719655404
0.0 0.023583078344313987
0.0 0.02359466881563385
0.0 0.02359506157571002
0.0 0.02362861624324809
0.0 0.02368650179014374
0.0 0.02373013055118184
0.0 0.023824658183740063
0.0 0.023901979280796536
0.0 0.024020453130782077
0.0 0.024120993636671306
0.0 0.02427176491704389
0.0 0.024308133690282327
0.0 0.024400845313622403
0.0 0.024667705540012873
0.0 0.02470089174191248
0.0 0.02478398479245942
0.0 0.025340703979597336
0.0 0.02536105057117195
0.0 0.025366041053583033
0.0 0.025508088606284472
0.0 0.025517026934821975
0.0 0.025539995301131824
0.0 0.02556695605337054
0.0 0.025573718005197324
0.0 0.025646925244136424
0.0 0.025669541341099607
0.0 0.02569291866377742
0.0 0.025743860050563526
0.0 0.025776260732310798
0.0 0.025850000424342844
0.0 0.02596587679403085
0.0 0.025973179297096485
0.0 0.026004245809306676
0.0 0.026335206909571307
0.0 0.026434571159768515
0.0 0.026449425183886217
0.0 0.026453182723583976
0.0 0.026465722702510658
0.0 0.026496329644941002
0.0 0.02661636238801236
0.0 0.026747819590412624
0.0 0.026819814132003145
0.0 0.02685456327606152
0.0 0.026887921563561505
0.0 0.026901862521728943
0.0 0.027056986555522963
0.0 0.02709087932065237
0.0 0.027098886362411336
0.0 0.02716196079629263
0.0 0.0274831757779662
0.0 0.027492974534505617
0.0 0.027568352076546006
0.0 0.027578764267637373
0.0 0.027703489886257978
0.0 0.027759018872696627
0.0 0.027766657448817126
0.0 0.02776708462601337
0.0 0.027818817606561234
0.0 0.027874640150788773
0.0 0.027877820697591132
0.0 0.02791358413442352
0.0 0.027952394498650914
0.0 0.027959583627673944
0.0 0.027990674434321836
0.0 0.028165983096772453
0.0 0.028205827999138615
0.0 0.02822120435366689
0.0 0.02823352365811779
0.0 0.02828942313473138
0.0 0.02842773339309981
0.0 0.028446656735532434
0.0 0.028486926790558365
0.0 0.02856715917106601
0.0 0.028584636994455428
0.0 0.02865404822750374
0.0 0.028765282335054373
0.0 0.02881721574471327
0.0 0.02884002214810511
0.0 0.028889163721964865
0.0 0.02897916854003775
0.0 0.029180790103055063
0.0 0.0292059206743203
0.0 0.02921486912554018
0.0 0.029230172596755352
0.0 0.029269175291947877
0.0 0.029272756696972303
0.0 0.029349964419986174
0.0 0.02941493382000815
0.0 0.029446903275486224
0.0 0.029470934523445493
0.0 0.029489537989115057
0.0 0.029583614150039336
0.0 0.02967462516274034
0.0 0.02972185354963114
0.0 0.029838033599790408
0.0 0.029872649124441424
0.0 0.029876439056722784
0.0 0.029880062977013185
0.0 0.03000747110646328
0.0 0.03003796872392397
0.0 0.03006665438123946
0.0 0.03009008231732915
0.0 0.030277690038865917
0.0 0.030312556606039844
0.0 0.030414301711131752
0.0 0.030435255663648887
0.0 0.03048327361976497
0.0 0.030581534497583253
0.0 0.030611918741001342
0.0 0.030655091981332542
0.0 0.030668573369720138
0.0 0.030709940723515565
0.0 0.030737201107152595
0.0 0.0307639675038897
0.0 0.030795163586434297
0.0 0.030814880547165156
0.0 0.031007970713476454
0.0 0.03103620894823095
0.0 0.03106909754326872
0.0 0.03109026812118869
0.0 0.031120206966582256
0.0 0.03118029925823575
0.0 0.031237753578862208
0.0 0.031314926884756
0.0 0.03136739477204432
0.0 0.03158047521151061
0.0 0.03160243738319234
0.0 0.03165438294007009
0.0 0.03168151982698214
0.0 0.031734678081208466
0.0 0.03182930694059045
0.0 0.03189601541744452
0.0 0.0319639993522779
0.0 0.03196989480249335
0.0 0.032149766770158815
0.0 0.03243237789032545
0.0 0.03243459273322919
0.0 0.03245603054996388
0.0 0.03261993904752329
0.0 0.032674435520359646
0.0 0.03283819622675638
0.0 0.03288308424948198
0.0 0.032915729900142736
0.0 0.03294433862507217
0.0 0.032948942421016515
0.0 0.03301673807395771
0.0 0.03305389844095791
0.0 0.033085274707248785
0.0 0.03310442884683957
0.0 0.03314752313024825
0.0 0.03319758789274064
0.0 0.03323103728438201
0.0 0.033258874660914435
0.0 0.03335861952396896
0.0 0.03336683509298485
0.0 0.03346278192561212
0.0 0.03351995483566854
0.0 0.03354551865773944
0.0 0.033573351985198924
0.0 0.03365004952502107
0.0 0.03367535218188669
0.0 0.03370610691547972
0.0 0.033910702522578925
0.0 0.0339530902427578
0.0 0.03396399237167613
0.0 0.033999927894108904
0.0 0.03400711094952251
0.0 0.03409664809966965
0.0 0.03411128144931157
0.0 0.034122149161109824
0.0 0.034313512397807874
0.0 0.034365628015749536
0.0 0.03438908429534988
0.0 0.03448437922723216
0.0 0.0345561773887846
0.0 0.03462616156565536
0.0 0.034682836439738914
0.0 0.034711536268809726
0.0 0.03491592132411553
0.0 0.035084496378250014
0.0 0.035226043870442106
0.0 0.035293311119363305
0.0 0.03535185666514983
0.0 0.03537045405720997
0.0 0.03546711352667646
0.0 0.03553982677871564
0.0 0.03561030089341337
0.0 0.03561790910148674
0.0 0.03579621002884754
0.0 0.03586318574451632
0.0 0.035868587207831856
0.0 0.03587819160886966
0.0 0.03597793242285123
0.0 0.03601880781428321
0.0 0.0360433168528506
0.0 0.03612733916563961
0.0 0.036181657479266154
0.0 0.036193298563997896
0.0 0.03625961428077581
0.0 0.036324897483951415
0.0 0.036328687416232776
0.0 0.036348685787533676
0.0 0.03636122576646036
0.0 0.03653281737994272
0.0 0.03656588210965382
0.0 0.0367472967741133
0.0 0.036766157355915194
0.0 0.03681277028371757
0.0 0.03686629497904589
0.0 0.03688827334701941
0.0 0.03696492229796616
0.0 0.0369989669033312
0.0 0.03704651921605801
0.0 0.03709064601306898
0.0 0.03718355199191067
0.0 0.037230043447524536
0.0 0.0372894635930683
0.0 0.03733343247623421
0.0 0.03738276233198615
0.0 0.037401618864715096
0.0 0.037543089424521135
0.0 0.037567072083605
0.0 0.03775482759630445
0.0 0.03785198105267086
0.0 0.03789513202310084
0.0 0.03798249077200078
0.0 0.03798809873803677
0.0 0.03812659727829738
0.0 0.038179024674856205
0.0 0.038182786263626915
0.0 0.038337120728195645
0.0 0.03837787464743912
0.0 0.038467565662358365
0.0 0.03858730079856788
0.0 0.03863942451465544
0.0 0.038778352256648774
0.0 0.03880471981970029
0.0 0.03885872230563672
0.0 0.03886028119872254
0.0 0.03886664634140021
0.0 0.03892808292527316
0.0 0.03911915057964585
0.0 0.03915788401148719
0.0 0.03924514153356338
0.0 0.03930530265945703
0.0 0.03933794628558131
0.0 0.03934003155815065
0.0 0.03936978009711556
0.0 0.03945979908694377
0.0 0.03949460086895049
0.0 0.0394996622101382
0.0 0.03956616013519887
0.0 0.039783878787729585
0.0 0.03980187286792015
0.0 0.03987487765321174
0.0 0.039875966853835335
0.0 0.03992704590910175
0.0 0.03995009323233412
0.0 0.04016782403208369
0.0 0.040168180350503305
0.0 0.04018471271535885
0.0 0.0401929566278854
0.0 0.0402166437046439
0.0 0.04033856938931946
0.0 0.04039885198740162
0.0 0.040405796147511164
0.0 0.040414691960782685
0.0 0.04045308931956916
0.0 0.04054707640088854
0.0 0.04057776432477789
0.0 0.04060182391624781
0.0 0.04071924703180278
0.0 0.04073979202795195
0.0 0.04097643199837882
0.0 0.041015388129232416
0.0 0.04108821880438715
0.0 0.041166232292918103
0.0 0.04136035699736817
0.0 0.04137882886816685
0.0 0.04142936939673089
0.0 0.04154677631599406
0.0 0.04163717591867958
0.0 0.04165474079713743
0.0 0.0417379775897741
0.0 0.04176423987692891
0.0 0.041848452496146576
0.0 0.041860121924388975
0.0 0.04199754341124484
0.0 0.04214617273202678
0.0 0.04246252275255072
0.0 0.04252344105508605
0.0 0.04255032689947519
0.0 0.04256100835391774
0.0 0.04258280451360851
0.0 0.042623432911590535
0.0 0.04276133218905452
0.0 0.04287394905501764
0.0 0.04289649429320419
0.0 0.042903410109803086
0.0 0.0429970854125053
0.0 0.04299906945825088
0.0 0.04299947031647295
0.0 0.0430289880582797
0.0 0.04308305937845629
0.0 0.043130299912565936
0.0 0.04319361526628777
0.0 0.043315164387178966
0.0 0.04336542552970944
0.0 0.043518253739140714
0.0 0.04357511891965292
0.0 0.043637766176337967
0.0 0.043708507529850414
0.0 0.04373829655954482
0.0 0.04383529615113913
0.0 0.043960878148688695
0.0 0.04396297961754984
0.0 0.04401350394982207
0.0 0.044028489568810655
0.0 0.044063570736850945
0.0 0.04406838103551575
0.0 0.04406928397878364
0.0 0.04408931474266813
0.0 0.044171251782887805
0.0 0.04420076142654865
0.0 0.04426626327966357
0.0 0.04433988352404359
0.0 0.044422840930646704
0.0 0.04445612835937006
0.0 0.04450683085085211
0.0 0.044623529182349
0.0 0.04481641891954926
0.0 0.04512455337105731
0.0 0.045139976289924506
0.0 0.04518439057111494
0.0 0.045199453122489575
0.0 0.045316795256585544
0.0 0.04535963849747131
0.0 0.04542961862526912
0.0 0.04549980930486034
0.0 0.045550187870506374
0.0 0.04562038664824349
0.0 0.04566165884882459
0.0 0.04567144140907221
0.0 0.04575752469999285
0.0 0.04576189769877903
0.0 0.045779235829151665
0.0 0.04578291238739042
0.0 0.045799335427276315
0.0 0.04580135591467845
0.0 0.04585365374090287
0.0 0.04586018894464444
0.0 0.04598988480031138
0.0 0.04603017307616559
0.0 0.04606315682441769
0.0 0.04608667384011228
0.0 0.04612157279986981
0.0 0.046222564777392984
0.0 0.04631208168217537
0.0 0.046352831552345895
0.0 0.046507554727917844
0.0 0.04662824949441655
0.0 0.046723038292180066
0.0 0.046882195202632454
0.0 0.046934096219707754
0.0 0.0469353028434469
0.0 0.0469434698235874
0.0 0.0469671164096164
0.0 0.046973295294938364
0.0 0.0469812395760666
0.0 0.0469967029856633
0.0 0.047043121557964064
0.0 0.04707678959954474
0.0 0.047077392911414315
0.0 0.04708864933421579
0.0 0.04717303606357032
0.0 0.047192803637713054
0.0 0.0472730522145125
0.0 0.047339712102491174
0.0 0.04739309508026623
0.0 0.047433083724722123
0.0 0.04744522284542674
0.0 0.04761758378276963
0.0 0.04777879357320776
0.0 0.047783490497829956
0.0 0.04781570492222152
0.0 0.04793653330812758
0.0 0.0479948116150994
0.0 0.04809534604737921
0.0 0.04810015634604401
0.0 0.04830570753435946
0.0 0.0483562237684858
0.0 0.04848905360661617
0.0 0.04851098743478725
0.0 0.04854948602039748
0.0 0.048600577222882746
0.0 0.048626276688897484
0.0 0.04890345597770147
0.0 0.04897143586346189
0.0 0.049076663171290946
0.0 0.04913832245417615
0.0 0.04918756727939614
0.0 0.04926760125532923
0.0 0.049280513748967324
0.0 0.049569957679737375
0.0 0.049570467862929096
0.0 0.0498315561358291
0.0 0.04983576717169728
0.0 0.04987595826980068
0.0 0.05006236949028067
0.0 0.05025018169000142
0.0 0.05025486646740477
0.0 0.050347019318677716
0.0 0.050377144421426996
0.0 0.050396373468867356
0.0 0.050412699331002446
0.0 0.050495170848851544
0.0 0.050508006410103584
0.0 0.05056334104104063
0.0 0.050573224828111996
0.0 0.05071377219928539
0.0 0.050742597549617664
0.0 0.05076940646162075
0.0 0.050920748661279304
0.0 0.050969086494158454
0.0 0.050983059844909494
0.0 0.051024611431524154
0.0 0.05123422788908157
0.0 0.05124209118875081
0.0 0.051352157138755315
0.0 0.051366539445874326
0.0 0.051543686387444325
0.0 0.051575617376729374
0.0 0.05163424795304786
0.0 0.051672203962882766
0.0 0.05167356040232107
0.0 0.05167941536180702
0.0 0.05169426736138825
0.0 0.051707426848476304
0.0 0.05171237886469436
0.0 0.05191929459059402
0.0 0.05217766188647151
0.0 0.052213459740423976
0.0 0.05225638396276874
0.0 0.0524290242861452
0.0 0.05247188777239571
0.0 0.052516605734057406
0.0 0.05264334171739777
0.0 0.052649091400987016
0.0 0.05267449123560344
0.0 0.0528555414834974
0.0 0.052872640718565976
0.0 0.052950334330333866
0.0 0.05313755536540389
0.0 0.05317909075572675
0.0 0.053265194292012145
0.0 0.05329673252122103
0.0 0.05329863153643466
0.0 0.05339205579661396
0.0 0.053414949255074236
0.0 0.053476596390740594
0.0 0.05360710611007052
0.0 0.05370261564281916
0.0 0.05370466447373195
0.0 0.05385884102445562
0.0 0.05388743557762973
0.0 0.05394238554663651
0.0 0.05411656856680698
0.0 0.05412752130913719
0.0 0.05419469947845349
0.0 0.054351034185059606
0.0 0.054419171984665095
0.0 0.05457550669127121
0.0 0.0547466488576561
0.0 0.05484346624096765
0.0 0.054852973464254655
0.0 0.054979166871819696
0.0 0.05505821692302589
0.0 0.05516189343591503
0.0 0.05524934126441988
0.0 0.055364723647207965
0.0 0.05548902613770528
0.0 0.05566176363883254
0.0 0.05573331480693502
0.0 0.05577594749602737
0.0 0.05577867252212284
0.0 0.055819705827399875
0.0 0.05582554054152107
0.0 0.05598759253913283
0.0 0.055989042107249
0.0 0.05600623447099542
0.0 0.056024224502113036
0.0 0.056031201054806176
0.0 0.05609871529717734
0.0 0.056350255856060835
0.0 0.05638706597825084
0.0 0.05646143530112664
0.0 0.05646779639473136
0.0 0.05653233051941119
0.0 0.05658011767836912
0.0 0.05671896443890344
0.0 0.05678389942180534
0.0 0.056798840500991474
0.0 0.05695560036025736
0.0 0.05696162133173426
0.0 0.05708793216241486
0.0 0.05711275702867236
0.0 0.05724063889965762
0.0 0.057398411027161055
0.0 0.05745912282697592
0.0 0.05747248071863854
0.0 0.05750753354316817
0.0 0.05759644713608098
0.0 0.05760788576716522
0.0 0.05765146189025496
0.0 0.057680392516483936
0.0 0.05768141693194033
0.0 0.057748603199402525
0.0 0.05777244009186019
0.0 0.05783495777821083
0.0 0.057944388023762165
0.0 0.0581141130146145
0.0 0.05823569047901634
0.0 0.058255279893949276
0.0 0.058261195589529476
0.0 0.05829275811317606
0.0 0.058398560389364036
0.0 0.058468402848681544
0.0 0.058512679461391666
0.0 0.058597386067509256
0.0 0.0586789182004339
0.0 0.05875933683829726
0.0 0.058814043862927025
0.0 0.05881676079087659
0.0 0.05883054788427192
0.0 0.05885600440590965
0.0 0.05885873348107807
0.0 0.05887607566052365
0.0 0.059115873907851654
0.0 0.059172953689230215
0.0 0.05928379706124116
0.0 0.05929151864335713
0.0 0.05948975315685163
0.0 0.05949206517750617
0.0 0.05949459179902708
0.0 0.059528571619224924
0.0 0.059570479524259194
0.0 0.05958664747254923
0.0 0.059675403151616985
0.0 0.05984094949918475
0.0 0.05999194752764254
0.0 0.060008775474823445
0.0 0.060008929339595556
0.0 0.06006048618547009
0.0 0.06008091780757665
0.0 0.06013942286263368
0.0 0.06031826231669685
0.0 0.06037616001081135
0.0 0.06047811971676961
0.0 0.06054117592982263
0.0 0.06067725312445904
0.0 0.06073155119272084
0.0 0.06082681373201952
0.0 0.06083453126506255
0.0 0.0610080502372692
0.0 0.0610329398886939
0.0 0.06104748820780387
0.0 0.06115799955583289
0.0 0.06123713463757104
0.0 0.06134620856470276
0.0 0.06160651536652338
0.0 0.061689051669539675
0.0 0.06181694163867084
0.0 0.061862513954725015
0.0 0.06199941716024326
0.0 0.06206133963287023
0.0 0.06215644425832386
0.0 0.06215751726265565
0.0 0.06217925673532512
0.0 0.06222738401641086
0.0 0.062400218695288924
0.0 0.06240455930149151
0.0 0.062413119041708175
0.0 0.062443685493409014
0.0 0.06258682022219758
0.0 0.0626665100269299
0.0 0.06271346712593304
0.0 0.06277956824184458
0.0 0.06282305933440238
0.0 0.06288359297500744
0.0 0.06299646898163937
0.0 0.06312039895742526
0.0 0.06316634783726381
0.0 0.06323201975144263
0.0 0.06332485284697122
0.0 0.06333606472997023
0.0 0.06340653884466797
0.0 0.0634860990790659
0.0 0.06359881717185276
0.0 0.06363350557981688
0.0 0.06396396661957217
0.0 0.06405618830508528
0.0 0.06417677374661433
0.0 0.06453381290121454
0.0 0.0646686834721118
0.0 0.06469505103516332
0.0 0.06485513113424834
0.0 0.06498355558100893
0.0 0.06499284010528367
0.0 0.0649970632883707
0.0 0.06503078801697268
0.0 0.06511959633398878
0.0 0.06512966232934292
0.0 0.06514825972140305
0.0 0.06522931406371958
0.0 0.0654897909266041
0.0 0.06551941394430756
0.0 0.06565697714871668
0.0 0.0656594551813622
0.0 0.06585065645514224
0.0 0.06593627005360066
0.0 0.06595905418709128
0.0 0.0659762546489836
0.0 0.06605088311252821
0.0 0.06609655665540615
0.0 0.06647158179205101
0.0 0.06656203808175784
0.0 0.06664090592468128
0.0 0.06688433214137264
0.0 0.06699360852215186
0.0 0.06714144017556262
0.0 0.06717153693480124
0.0 0.06728583416603869
0.0 0.06738577743366776
0.0 0.0674007428072916
0.0 0.0675635317361803
0.0 0.06759254334386827
0.0 0.06760230970782408
0.0 0.06789660037891548
0.0 0.06798501188678248
0.0 0.0680114523331471
0.0 0.0682218016729085
0.0 0.06829381848440025
0.0 0.06831459832678052
0.0 0.06838429906854478
0.0 0.0684507848463866
0.0 0.0684580326869674
0.0 0.06850087997692611
0.0 0.06861452935649152
0.0 0.0687341632658773
0.0 0.06884948896164407
0.0 0.0689398156810165
0.0 0.06894621321627777
0.0 0.06894979259676572
0.0 0.06929244134610102
0.0 0.06929265189789444
0.0 0.06945203960550497
0.0 0.06949830431303364
0.0 0.06952974131541877
0.0 0.06959897236472079
0.0 0.06972761141234775
0.0 0.06993880295928279
0.0 0.0699770828949537
0.0 0.0701470467811101
0.0 0.07019360302189116
0.0 0.07031842784279906
0.0 0.0705793743981458
0.0 0.07075608403983717
0.0 0.07078631441848315
0.0 0.0708204966923285
0.0 0.0708652065558443
0.0 0.07089442466625273
0.0 0.07089485386798546
0.0 0.07095648885643296
0.0 0.0710045513523515
0.0 0.07117601339549945
0.0 0.0712150464587391
0.0 0.07121754068767641
0.0 0.07164113850343154
0.0 0.07178624108167388
0.0 0.07212239511799712
0.0 0.07214539385235409
0.0 0.07266026587055198
0.0 0.07276265072917001
0.0 0.07299960247821405
0.0 0.0730600956280896
0.0 0.07310732401498041
0.0 0.07326680080219586
0.0 0.0735961685922546
0.0 0.07374292319226061
0.0 0.07377505663519317
0.0 0.0739859485507299
0.0 0.07416281205719338
0.0 0.07417896785826457
0.0 0.07471952719525835
0.0 0.0747349622613444
0.0 0.07488777427448387
0.0 0.07532462065693196
0.0 0.07547978923052844
0.0 0.07556318393701016
0.0 0.07573048353316535
0.0 0.07592659633243394
0.0 0.07593862207909595
0.0 0.07620550457538765
0.0 0.07630503888664876
0.0 0.07689682709460811
0.0 0.07719931713842361
0.0 0.07720224866723954
0.0 0.07730116751941223
0.0 0.07732741361027524
0.0 0.07753063658164434
0.0 0.07776433287603643
0.0 0.07791279618482742
0.0 0.0785997619015535
0.0 0.0786849462982792
0.0 0.07900594060547698
0.0 0.07908582881478388
0.0 0.07952874070851132
0.0 0.07953335665167452
0.0 0.07956772518287557
0.0 0.0796131314869388
0.0 0.07963170053548828
0.0 0.07974909125845965
0.0 0.0812033886918268
0.0 0.08152325735674444
0.0 0.08156562685609504
0.0 0.08223467137594366
0.0 0.08255746347153133
0.0 0.08257629975889552
0.0 0.08263999167640172
0.0 0.08264671313749901
0.0 0.08373620529434753
0.0 0.08405741825148462
0.0 0.08424787854491478
0.0 0.08425902159367366
0.0 0.08453857768829938
0.0 0.08467180028650592
0.0 0.08485157102734764
0.0 0.0849076506877075
0.0 0.08497225769570044
0.0 0.08497656590931943
0.0 0.08515582646696941
0.0 0.08525860813473657
0.0 0.08548239229854664
0.0 0.08559748314808231
0.0 0.08624789383421425
0.0 0.0863816428119043
0.0 0.08689627998387109
0.0 0.08701865106657117
0.0 0.08702646577736499
0.0 0.08715549353599515
0.0 0.08760940271185527
0.0 0.08765280877388111
0.0 0.08791637103035367
0.0 0.08825932750923318
0.0 0.09007203268385772
0.0 0.0911983147175315
0.0 0.09136120082417098
0.0 0.09161885143413628
0.0 0.09212343880704074
0.0 0.09212994971634463
0.0 0.09214707729492384
0.0 0.09218417490129333
0.0 0.09283878042700162
0.0 0.09369405800812043
0.0 0.09378305663156519
0.0 0.09401104373309754
0.0 0.09419469348582553
0.0 0.09465925982169049
0.0 0.09473718018154359
0.0 0.09480463773689345
0.0 0.09525925145144688
0.0 0.09555455034170289
0.0 0.09622984663018658
0.0 0.09681982895161015
0.0 0.09746556700755758
0.0 0.09822590192614077
0.0 0.09852118462010497
0.0 0.09860725981287971
0.0 0.09890364385468635
0.0 0.09901746329531567
0.0 0.10074148567418555
0.0 0.10635422151810824
0.0 0.10649435183476777
0.0 0.10650760040146072
0.0 0.10985665342371469
0.0 0.11031475743915117
0.0 0.11244011583069614
0.0 0.11285294311240382
0.0 0.1148132207997703
0.0 0.11500820795675876
0.0 0.1153186422817025
0.0 0.11641534988654821
0.0 0.1165947238182408
0.0 0.1168874232036628
0.0 0.11748525262846381
0.0 0.12066106201547173
0.0 0.12104288149652699
0.0 0.13191344384214396
0.0 0.13371557283822263
0.0 0.1341187066392876
0.0 0.13560946192549808
0.0 0.14129711371714485
0.0 0.169527234129448
0.0 0.20149383906016935
0.0 0.21221225344061065
0.0 0.21699388466892705
0.0 0.9181949271659237
