0.0 0.0008463121111391811
0.0 0.001580631925817809
0.0 0.001740290288648369
0.0 0.002282318173787766
0.0 0.002417182924142659
0.0 0.003120629126977114
0.0 0.003609044502518588
0.0 0.0040032700900261165
0.0 0.004343283652072037
0.0 0.004868889762660836
0.0 0.004946554018649836
0.0 0.0050627538080397355
0.0 0.005145406015769228
0.0 0.005227753024625101
0.0 0.005754584485915445
0.0 0.005803449710546351
0.0 0.005895018989180358
0.0 0.00606760414393787
0.0 0.006206227193191701
0.0 0.006299195426529992
0.0 0.00666233400339552
0.0 0.006872738511775871
0.0 0.007124898578820744
0.0 0.007263109128767776
0.0 0.007422232128234205
0.0 0.007710657717157289
0.0 0.007774859311721088
0.0 0.007840314094362965
0.0 0.007878248846564883
0.0 0.008121503989924093
0.0 0.008175436123218019
0.0 0.008180842141740616
0.0 0.00826768767064413
0.0 0.008379972512625334
0.0 0.00846468721688882
0.0 0.008509594472710933
0.0 0.008545654504136921
0.0 0.008651445645374288
0.0 0.008651459817129612
0.0 0.008673842080129923
0.0 0.008801579196757217
0.0 0.009019524597373143
0.0 0.009287166294842997
0.0 0.009510491901141463
0.0 0.009545774510561019
0.0 0.00962642900692372
0.0 0.009810933114044181
0.0 0.009903985871780306
0.0 0.00994162200485215
0.0 0.01008549771399059
0.0 0.010159684828583631
0.0 0.010439038469561856
0.0 0.01063843709152952
0.0 0.010847326740492389
0.0 0.01093360843598759
0.0 0.011003429637672108
0.0 0.011188410523132452
0.0 0.01118902901902559
0.0 0.011196250540632221
0.0 0.011211417355635325
0.0 0.011665441930074518
0.0 0.011838913325674
0.0 0.011906432629386345
0.0 0.012497644856718533
0.0 0.012545490727234232
0.0 0.012634742417738386
0.0 0.01303938044940434
0.0 0.013054991650163725
0.0 0.013098835012068181
0.0 0.013164583858633064
0.0 0.013537413385470709
0.0 0.013542251015377926
0.0 0.01354861818259207
0.0 0.013765150456748386
0.0 0.013906218133795882
0.0 0.013966307388644664
0.0 0.01409540701831969
0.0 0.014118878481943596
0.0 0.014124041049955065
0.0 0.014163018438441652
0.0 0.01424441189061776
0.0 0.01435989853703431
0.0 0.014671762184729462
0.0 0.014690160159946803
0.0 0.014706966849494728
0.0 0.014775083391467223
0.0 0.014838434174577367
0.0 0.015167201689571247
0.0 0.015218109671505513
0.0 0.01528418244390641
0.0 0.015324772375695404
0.0 0.015334959843238035
0.0 0.01541314541736937
0.0 0.015420657459960175
0.0 0.015477749388557591
0.0 0.015529683810484729
0.0 0.01556339436733138
0.0 0.01561879985704505
0.0 0.01586311686978544
0.0 0.015934153805623248
0.0 0.01600905861839671
0.0 0.016216709251036823
0.0 0.01628347239037572
0.0 0.016350544271527073
0.0 0.01636217624584468
0.0 0.016406089454257526
0.0 0.016412442449716343
0.0 0.016521947603117256
0.0 0.016656244217923825
0.0 0.01671771218211214
0.0 0.01676346164510789
0.0 0.0168126882494996
0.0 0.01682520798306153
0.0 0.01698087054355792
0.0 0.017061748751201117
0.0 0.017111416704544396
0.0 0.01713027931088277
0.0 0.01784455804919423
0.0 0.017883747001742462
0.0 0.017946467141740616
0.0 0.01815914064937542
0.0 0.018210993077575312
0.0 0.01841044433749133
0.0 0.018525152549633214
0.0 0.01854515497000706
0.0 0.01861274614476427
0.0 0.018728940366678864
0.0 0.01894017847795283
0.0 0.0190380668410597
0.0 0.019192658421760767
0.0 0.01927018197246475
0.0 0.0194828271365889
0.0 0.01949526386415535
0.0 0.019585699908497428
0.0 0.01964486698698181
0.0 0.01969342144526379
0.0 0.019778502590629268
0.0 0.019977814157528504
0.0 0.020033466640692135
0.0 0.020079553189010984
0.0 0.020122576613643032
0.0 0.02020378482073167
0.0 0.020453470904203987
0.0 0.020731221112293943
0.0 0.020755315120883938
0.0 0.02080946742251953
0.0 0.020835802592987448
0.0 0.020881597608053883
0.0 0.020988841354212123
0.0 0.02104756505920846
0.0 0.021105037600663193
0.0 0.021170673073185473
0.0 0.02122596316432006
0.0 0.021264897025272435
0.0 0.021343789162633575
0.0 0.021362793486525204
0.0 0.021389410067563154
0.0 0.02143264404398861
0.0 0.02147170342620244
0.0 0.021526948977534578
0.0 0.02156918283294134
0.0 0.021621130414355563
0.0 0.02164876736177696
0.0 0.021717747368556077
0.0 0.021905602083542804
0.0 0.021918415374893623
0.0 0.02195992242170583
0.0 0.02202024146144453
0.0 0.0220548610351685
0.0 0.022106227574614373
0.0 0.02216308465698068
0.0 0.022186597623602325
0.0 0.02220937365894704
0.0 0.0222486091758342
0.0 0.022285510402165587
0.0 0.022302010374437534
0.0 0.02230316638476481
0.0 0.022390757955359393
0.0 0.022412471109054685
0.0 0.022469218866451337
0.0 0.022490310487448782
0.0 0.022635238955554266
0.0 0.02265619088353493
0.0 0.022660691428119044
0.0 0.022727239966591584
0.0 0.02275745212440929
0.0 0.022814995524640648
0.0 0.02282361802548804
0.0 0.022922500436004176
0.0 0.023014294944321036
0.0 0.023014991384868465
0.0 0.02310492129509177
0.0 0.023183825579671764
0.0 0.023196418196546796
0.0 0.023245355292222568
0.0 0.023278351187693513
0.0 0.023408223178033784
0.0 0.02349554750981366
0.0 0.023567189782057515
0.0 0.02358518588678455
0.0 0.02361758454399535
0.0 0.023656773496543583
0.0 0.023825698795488258
0.0 0.023936216217126712
0.0 0.024011711182282656
0.0 0.024176425445359154
0.0 0.024313664723932264
0.0 0.024514988680087734
0.0 0.024656289178829865
0.0 0.024738457016207693
0.0 0.024747727368727112
0.0 0.024749221476645725
0.0 0.024828706803194066
0.0 0.024861123681233135
0.0 0.024875208381490307
0.0 0.024875949361840188
0.0 0.024965429824966027
0.0 0.02497187999817565
0.0 0.025156501528411666
0.0 0.025165664580497904
0.0 0.025221023505872645
0.0 0.025380249250565187
0.0 0.025398617870003637
0.0 0.02545110195358376
0.0 0.02556698439688119
0.0 0.025741130975395113
0.0 0.02575404346903321
0.0 0.025834917627603458
0.0 0.025943876156156093
0.0 0.025952302276965402
0.0 0.025998054776765863
0.0 0.025998631769661263
0.0 0.02608066801216821
0.0 0.02614284557639104
0.0 0.026156037456062698
0.0 0.026161924808132248
0.0 0.02619509683827653
0.0 0.026321466380514903
0.0 0.026329975507319688
0.0 0.026337535126517656
0.0 0.026437039069731643
0.0 0.026474681276412913
0.0 0.02655770144364675
0.0 0.026641444370402195
0.0 0.026644653260715207
0.0 0.026707954442681713
0.0 0.02674798560240358
0.0 0.026757006936936563
0.0 0.026811685618055678
0.0 0.026874334899277205
0.0 0.026902006263818678
0.0 0.026961396041315314
0.0 0.026965475482312613
0.0 0.0269929018779406
0.0 0.02710703309718708
0.0 0.027126108279855336
0.0 0.02713834660284723
0.0 0.027160855399377234
0.0 0.02719973864691773
0.0 0.027237806006258764
0.0 0.02724826071261611
0.0 0.027396636966338664
0.0 0.027416104909083087
0.0 0.02750649034001329
0.0 0.027519386637359585
0.0 0.027792743601298606
0.0 0.02788237792919655
0.0 0.0279314061290137
0.0 0.027980699543109087
0.0 0.02804971599154476
0.0 0.028071923132139975
0.0 0.028161512920235464
0.0 0.02819703543722732
0.0 0.028206708672505278
0.0 0.028214912094302325
0.0 0.028531069783861135
0.0 0.028553442936447307
0.0 0.028554524038925
0.0 0.028811508576390005
0.0 0.028893793836883386
0.0 0.028920817349752832
0.0 0.02892560132944346
0.0 0.028938003639889832
0.0 0.028979929765752383
0.0 0.02902897213732486
0.0 0.029030563422994277
0.0 0.029141400721395795
0.0 0.029323540169913353
0.0 0.02945715957726901
0.0 0.02950998985658637
0.0 0.02954209495600828
0.0 0.02958248850775919
0.0 0.029595447565736212
0.0 0.029655302986622122
0.0 0.029698648312553706
0.0 0.029700280088952626
0.0 0.029737033524121333
0.0 0.0297416029029456
0.0 0.029821254241484896
0.0 0.029951152550799345
0.0 0.030174477144829574
0.0 0.030225155341873918
0.0 0.030259716204040107
0.0 0.030285733522281432
0.0 0.030339258217609747
0.0 0.03036463578232495
0.0 0.03042514107941936
0.0 0.03045821390727636
0.0 0.030481702579460302
0.0 0.030562520051009248
0.0 0.030562805510652238
0.0 0.03057300107634077
0.0 0.03057469763790689
0.0 0.03062622614027077
0.0 0.030655816765390625
0.0 0.03065977270966294
0.0 0.03073155872399653
0.0 0.03077685772762657
0.0 0.0307810809107136
0.0 0.03079456027456472
0.0 0.030910930631152647
0.0 0.030943606649860532
0.0 0.031080254763782914
0.0 0.03116029481332543
0.0 0.03125976838849229
0.0 0.03129103735434999
0.0 0.031318241050965714
0.0 0.03135548847303434
0.0 0.031386789831475644
0.0 0.03140044330546362
0.0 0.03142232854475929
0.0 0.03145989179451803
0.0 0.031494537687216176
0.0 0.031530724252171856
0.0 0.03155233010543397
0.0 0.03157460203119639
0.0 0.03165518465651423
0.0 0.031679841486244295
0.0 0.03178783633543479
0.0 0.031889544998870145
0.0 0.03196811725946822
0.0 0.03211615744013591
0.0 0.03212101632767612
0.0 0.03227013153721208
0.0 0.03228950027766923
0.0 0.03230728380606638
0.0 0.032345907912938066
0.0 0.03236958486701419
0.0 0.03240972130263277
0.0 0.03243218555936032
0.0 0.03249834336229317
0.0 0.032501157467993536
0.0 0.032502212251497055
0.0 0.03251003910950974
0.0 0.03253012858495201
0.0 0.032799308930142934
0.0 0.03289881287335692
0.0 0.03291999559849574
0.0 0.033076168342183854
0.0 0.03331680677214901
0.0 0.033542382650739534
0.0 0.03367280531500103
0.0 0.03384427140722194
0.0 0.03384945017152521
0.0 0.03389230353509335
0.0 0.0339384305741417
0.0 0.03396085434013975
0.0 0.03399686274588563
0.0 0.03402516576580732
0.0 0.03409715423378842
0.0 0.034220634762476845
0.0 0.03422524665656709
0.0 0.03431025694315594
0.0 0.03434546363245768
0.0 0.03443173722980698
0.0 0.034478665985299466
0.0 0.034517715244830924
0.0 0.034531016449472235
0.0 0.034594433030017815
0.0 0.03463082609769396
0.0 0.034636268051738986
0.0 0.03464275061753221
0.0 0.03466561978155478
0.0 0.03485012388867524
0.0 0.03494613145739676
0.0 0.03495129807448118
0.0 0.034961692044744266
0.0 0.03504835840216973
0.0 0.03509037968124661
0.0 0.03509419390796567
0.0 0.03511489276888695
0.0 0.03515538349838866
0.0 0.03521811983467862
0.0 0.03521833038647203
0.0 0.035250694626562745
0.0 0.03527032048315223
0.0 0.03542122943200512
0.0 0.03545521735034886
0.0 0.03557258782795547
0.0 0.035582823884373505
0.0 0.03577325583429302
0.0 0.035825011084742106
0.0 0.035979900272305014
0.0 0.03606160246629357
0.0 0.03611747967300594
0.0 0.03612112788773404
0.0 0.0361662548057637
0.0 0.03616993541307541
0.0 0.03617113798774161
0.0 0.036206956087058824
0.0 0.036320601417551286
0.0 0.03633138004974464
0.0 0.03634430873967454
0.0 0.03641680739084736
0.0 0.03650809374050897
0.0 0.03651607041422081
0.0 0.03682093321478511
0.0 0.036901189889730464
0.0 0.03696682536225274
0.0 0.03706670384471462
0.0 0.03708332528917507
0.0 0.03723648957166121
0.0 0.037356338081913326
0.0 0.03736796297035327
0.0 0.03738746735475425
0.0 0.037390832134375836
0.0 0.03739303887913368
0.0 0.03749124509446714
0.0 0.03751232051917278
0.0 0.03752318013282514
0.0 0.037567157114136954
0.0 0.03780710517716411
0.0 0.03787495549259013
0.0 0.03796203485545652
0.0 0.03808440188908365
0.0 0.03809718886146029
0.0 0.0381351934601706
0.0 0.038189240485909486
0.0 0.03820300733394007
0.0 0.03862568196106256
0.0 0.038671452681691296
0.0 0.03868521143157598
0.0 0.03878692414408429
0.0 0.03896990984884843
0.0 0.03896996248679678
0.0 0.03904080911620593
0.0 0.039044623342924994
0.0 0.03909417589768919
0.0 0.03910792654942797
0.0 0.03911869708347543
0.0 0.03913832698913786
0.0 0.039185227401119696
0.0 0.03918816297900857
0.0 0.03925349072198663
0.0 0.039279991904445505
0.0 0.039355260121516245
0.0 0.039372007087238155
0.0 0.03938809810314213
0.0 0.03939746360887588
0.0 0.03946968287401514
0.0 0.03949740282743201
0.0 0.039544291092195
0.0 0.039555187147503904
0.0 0.03962262445748901
0.0 0.03965520329844609
0.0 0.03966055212381327
0.0 0.039781242841239024
0.0 0.04009163667545326
0.0 0.040110557993349415
0.0 0.04026147099127525
0.0 0.04028903707992002
0.0 0.04032053076932645
0.0 0.04038943384371952
0.0 0.040449550429810716
0.0 0.04067004674638525
0.0 0.04080807559418364
0.0 0.04080849669777046
0.0 0.040944598186844566
0.0 0.04095678184735163
0.0 0.041034050306459756
0.0 0.04114544435239192
0.0 0.04122859611449664
0.0 0.04123169365530352
0.0 0.04123805069983529
0.0 0.04128214510426265
0.0 0.04128593098747107
0.0 0.041324445769373094
0.0 0.041371811824744205
0.0 0.041372127652434317
0.0 0.04140282367446956
0.0 0.041445521148729125
0.0 0.04147599447175211
0.0 0.04158759502040474
0.0 0.041589894893840434
0.0 0.0416186311645678
0.0 0.041654404724082564
0.0 0.04167273892640094
0.0 0.04170745567787571
0.0 0.04173853231276828
0.0 0.041739423108817314
0.0 0.04177445163890925
0.0 0.04187377539837695
0.0 0.04193223186455858
0.0 0.041934232106595956
0.0 0.041994385134343705
0.0 0.04199711016043917
0.0 0.042038827759044786
0.0 0.04206185078783946
0.0 0.04211414861406387
0.0 0.04216845478047157
0.0 0.042268288723131
0.0 0.042281403670416606
0.0 0.04228400317525061
0.0 0.042291615432396935
0.0 0.04242687876337036
0.0 0.042444382905733956
0.0 0.04251715284479443
0.0 0.042537248393846136
0.0 0.042695129846319214
0.0 0.0428505737568763
0.0 0.042888606699097255
0.0 0.04291257721096227
0.0 0.04295623836458397
0.0 0.04301537912409417
0.0 0.04306119843359831
0.0 0.04308762268367113
0.0 0.04309887910647261
0.0 0.043111771354745955
0.0 0.043112925340536755
0.0 0.043147885036388535
0.0 0.043220946508701424
0.0 0.043390983278170925
0.0 0.043401721419634776
0.0 0.04354075848659776
0.0 0.04356379366261129
0.0 0.04359159864656011
0.0 0.04363202054182168
0.0 0.04364106212171941
0.0 0.04365582099262278
0.0 0.04375165040213449
0.0 0.04378207513628208
0.0 0.043890213727562306
0.0 0.043903737631215876
0.0 0.04404927750933684
0.0 0.044361068273718884
0.0 0.044372170831748256
0.0 0.044454087626603175
0.0 0.044474175077508976
0.0 0.04448798646534201
0.0 0.044517698562650365
0.0 0.044557573833063656
0.0 0.04459114469689353
0.0 0.044647564479381216
0.0 0.04469166293288153
0.0 0.04480876617167344
0.0 0.04507008929080455
0.0 0.04512645643534389
0.0 0.04517191537735546
0.0 0.04529487357563331
0.0 0.04539109169614824
0.0 0.0454233142186857
0.0 0.04567394778522836
0.0 0.04579663469561855
0.0 0.04591569768571834
0.0 0.046088014083258785
0.0 0.04623427064729193
0.0 0.04627420665379947
0.0 0.046300096426242866
0.0 0.04632810791291215
0.0 0.04638485162123585
0.0 0.04647833661750941
0.0 0.04650984650320764
0.0 0.04663127010283738
0.0 0.04663854628692884
0.0 0.04671126763711392
0.0 0.0467214591537295
0.0 0.046836092458021804
0.0 0.046965282179569974
0.0 0.04698577453777079
0.0 0.047013227252372954
0.0 0.0472943584363763
0.0 0.047428710725935935
0.0 0.04746539937593744
0.0 0.04755046634954759
0.0 0.047556224131282736
0.0 0.04761819924185806
0.0 0.047644805700213635
0.0 0.04770952203317622
0.0 0.04773199843712263
0.0 0.04775597299806059
0.0 0.04802688027286476
0.0 0.048111603075274144
0.0 0.048187668959716067
0.0 0.048284263644015356
0.0 0.048314263225503175
0.0 0.04837607232408754
0.0 0.048461467272606654
0.0 0.04849559690850365
0.0 0.048560058149870376
0.0 0.048849259136263416
0.0 0.04889664138792633
0.0 0.04901408474884605
0.0 0.04902551933085733
0.0 0.04908482205328554
0.0 0.04916240229101083
0.0 0.0492125662557905
0.0 0.04922890426514444
0.0 0.04925008901481974
0.0 0.04931397528782754
0.0 0.0493459629641339
0.0 0.049380214072219396
0.0 0.049568338050557305
0.0 0.04958663581121913
0.0 0.04965521091070323
0.0 0.049748019711794114
0.0 0.04980212747362726
0.0 0.04982346203900171
0.0 0.04991685795567036
0.0 0.05004952583088273
0.0 0.05020618851239781
0.0 0.05023729349080103
0.0 0.050268050248930524
0.0 0.05033758902777677
0.0 0.05038275643653593
0.0 0.05044083228986024
0.0 0.05046119507772665
0.0 0.05049694434280372
0.0 0.05071378839557719
0.0 0.050731292537940786
0.0 0.05073463302312468
0.0 0.050756724765140815
0.0 0.05080937890978484
0.0 0.05081035473636583
0.0 0.050820934963984626
0.0 0.05083875088496538
0.0 0.05092114951950137
0.0 0.0509230323384232
0.0 0.050953092656005276
0.0 0.050964964537895174
0.0 0.05099678620221058
0.0 0.05099847871470375
0.0 0.05102368014474561
0.0 0.051153185693983895
0.0 0.051214205223342975
0.0 0.05129879845541796
0.0 0.051396223199672034
0.0 0.05141129789826552
0.0 0.05141551298320665
0.0 0.05151623772191511
0.0 0.05153624419136191
0.0 0.051615193015744354
0.0 0.051628210785279155
0.0 0.05164450830390359
0.0 0.05180221564623982
0.0 0.051810601276319625
0.0 0.0518562464756869
0.0 0.051944103260559725
0.0 0.05205762711886368
0.0 0.05220771815498063
0.0 0.05231480803636677
0.0 0.052350824540258536
0.0 0.052357728209638583
0.0 0.052516982297841776
0.0 0.0525695716573186
0.0 0.05270133658926308
0.0 0.052755626559378974
0.0 0.05276465194298491
0.0 0.05282127013004715
0.0 0.05293046148029443
0.0 0.05293989986934128
0.0 0.05307452344678858
0.0 0.05313555917243946
0.0 0.053237575565419026
0.0 0.0532394381389761
0.0 0.053353399297158675
0.0 0.05338246759186796
0.0 0.053526715815717815
0.0 0.05354463701259527
0.0 0.0535665343991098
0.0 0.053624310621035794
0.0 0.05365498639770629
0.0 0.05368640720379962
0.0 0.05372429842846733
0.0 0.05375491751811652
0.0 0.05377254313266862
0.0 0.05395463804138373
0.0 0.05405205873656485
0.0 0.05405996657603654
0.0 0.05425775164243356
0.0 0.05449712878617474
0.0 0.05452480419978916
0.0 0.054742883219812445
0.0 0.054760136319653124
0.0 0.05479369503626415
0.0 0.055186945050257744
0.0 0.055253463220683155
0.0 0.05540411302886723
0.0 0.05548031253271651
0.0 0.05554053439470441
0.0 0.05557000759670871
0.0 0.05564619090426618
0.0 0.05567806925560288
0.0 0.05573797933897361
0.0 0.0557387770063448
0.0 0.0557542323177956
0.0 0.05577003180044717
0.0 0.05581133639361187
0.0 0.05601320292554267
0.0 0.05610828325655859
0.0 0.05623089728363568
0.0 0.0563542806345733
0.0 0.05640830336587449
0.0 0.056429686520124346
0.0 0.05645907874066964
0.0 0.05658885152872263
0.0 0.05673622563689002
0.0 0.05680455779199711
0.0 0.05683304706927452
0.0 0.05684895587689574
0.0 0.056870679153273415
0.0 0.05707637610821507
0.0 0.05709307853413453
0.0 0.05715056727188106
0.0 0.05716334209703885
0.0 0.05722507021416422
0.0 0.05742403356078973
0.0 0.05743994236841096
0.0 0.05749869441691795
0.0 0.057675132770721664
0.0 0.05773758972097806
0.0 0.0577456797687325
0.0 0.05794315710558531
0.0 0.058052186492914576
0.0 0.058099682118620086
0.0 0.058302099324472105
0.0 0.05833352822871134
0.0 0.05833362135738919
0.0 0.05845876200598719
0.0 0.05853307059276873
0.0 0.05859396460086636
0.0 0.05865396781291495
0.0 0.05870752085175392
0.0 0.05872087469434358
0.0 0.05882858408389109
0.0 0.05898242051248695
0.0 0.05899747496571569
0.0 0.05906682343813328
0.0 0.059086607208567815
0.0 0.059096490995639184
0.0 0.0591098731817395
0.0 0.05940602642638798
0.0 0.05942960012910388
0.0 0.05953812338231437
0.0 0.05960273443938026
0.0 0.05962447391204973
0.0 0.05966775445281411
0.0 0.05975909748949703
0.0 0.05980758108900238
0.0 0.05988356194291235
0.0 0.06001029387717976
0.0 0.06003111825936249
0.0 0.06003669788188783
0.0 0.06021149636114673
0.0 0.06033543038600558
0.0 0.06057504237597787
0.0 0.06064228128138841
0.0 0.06088480860388483
0.0 0.06091736719947716
0.0 0.06105604389894758
0.0 0.06107228877962367
0.0 0.06109055414770189
0.0 0.061329538531366905
0.0 0.06140896109728452
0.0 0.06151102203006654
0.0 0.06153220273066888
0.0 0.061551395336452694
0.0 0.061585954174082407
0.0 0.06168847670118075
0.0 0.061770126257220954
0.0 0.06181044287658581
0.0 0.06186095101256625
0.0 0.061956727784129605
0.0 0.062049443456542626
0.0 0.06220143350787321
0.0 0.062245718218729235
0.0 0.062403138076886
0.0 0.0625261327168204
0.0 0.06258818880885474
0.0 0.06270327156024451
0.0 0.0627882211107391
0.0 0.06283741329801074
0.0 0.06291718003512911
0.0 0.06307068039067011
0.0 0.06330285018455999
0.0 0.06341125601465493
0.0 0.06353571236992434
0.0 0.06355680803999474
0.0 0.06356214876721601
0.0 0.06356799967762901
0.0 0.063585309464491
0.0 0.06370531993766113
0.0 0.06378070152877446
0.0 0.0638122276107645
0.0 0.06382616856893193
0.0 0.0639917877998128
0.0 0.06401866959512899
0.0 0.06401981143370093
0.0 0.0640462559291385
0.0 0.06423608861626139
0.0 0.06433163459066658
0.0 0.06440276060610929
0.0 0.06449792596765717
0.0 0.06452003795503805
0.0 0.06461262405711668
0.0 0.06471572155257393
0.0 0.0647301645957872
0.0 0.06493858657682433
0.0 0.06515805037979656
0.0 0.06520648539042652
0.0 0.06523763895770514
0.0 0.0654814781798374
0.0 0.06550815347243313
0.0 0.06553206729727684
0.0 0.06560617343041088
0.0 0.06569260899067819
0.0 0.06584752652175176
0.0 0.06584773302447221
0.0 0.06621638492029351
0.0 0.06650918148346631
0.0 0.0665845671236526
0.0 0.06674306808428705
0.0 0.06681425888489698
0.0 0.06683772731171617
0.0 0.06697680486940866
0.0 0.0670097359797124
0.0 0.06705200425223923
0.0 0.06726391248508645
0.0 0.06730372701940548
0.0 0.06757816103674925
0.0 0.06762957616507054
0.0 0.06783619225957188
0.0 0.0684649485035663
0.0 0.0685004183826098
0.0 0.06853279476991937
0.0 0.06856285508750144
0.0 0.06885336797353034
0.0 0.06909366425683121
0.0 0.06911395011231157
0.0 0.0692236071059481
0.0 0.06922702452351805
0.0 0.06975037530047361
0.0 0.06978898726012644
0.0 0.06995388170694922
0.0 0.06999002373210245
0.0 0.070064575263261
0.0 0.0703339276940523
0.0 0.07046024257380586
0.0 0.070529708469339
0.0 0.07099990301660469
0.0 0.07109429500521909
0.0 0.07116566396503882
0.0 0.07124508248188348
0.0 0.07125667902681276
0.0 0.07131935867608143
0.0 0.07148839937360517
0.0 0.07157267677799005
0.0 0.07158667847225174
0.0 0.07167002458985806
0.0 0.07176660307786555
0.0 0.07188626128168901
0.0 0.07200540930232076
0.0 0.0724976874934567
0.0 0.07272279165504852
0.0 0.07278006984100165
0.0 0.07331108146397892
0.0 0.07346901150532742
0.0 0.07354581432104626
0.0 0.07373312443572119
0.0 0.07374953127931529
0.0 0.07375407433916538
0.0 0.07389022846618784
0.0 0.07396623766360846
0.0 0.07425929336745006
0.0 0.07428064008004337
0.0 0.07429484422795257
0.0 0.07448412219208128
0.0 0.07468451891053117
0.0 0.0748082585798884
0.0 0.0748127692471549
0.0 0.07517951807868962
0.0 0.07553022448319577
0.0 0.075533293680492
0.0 0.07582363650545698
0.0 0.07583378348227011
0.0 0.0759022776002952
0.0 0.07624995529823463
0.0 0.0765305236610979
0.0 0.07676501357378823
0.0 0.07686262052632506
0.0 0.07709180615345067
0.0 0.07725460318048526
0.0 0.07771984976060585
0.0 0.07799791579638592
0.0 0.07801428214925052
0.0 0.07816657588105236
0.0 0.07817652850236388
0.0 0.07829351431804023
0.0 0.07837094069099342
0.0 0.07840356002268
0.0 0.07841680858937296
0.0 0.07896521502974417
0.0 0.07917524854181546
0.0 0.07930346648585558
0.0 0.07946059481075994
0.0 0.07947492043085765
0.0 0.07955282459441894
0.0 0.08080539721340856
0.0 0.08093103994705238
0.0 0.0811064700816915
0.0 0.081214993334902
0.0 0.08146655413915024
0.0 0.08172739541860029
0.0 0.08192554085248988
0.0 0.08216784547597403
0.0 0.08221947925423462
0.0 0.08318947517017768
0.0 0.08354781002812195
0.0 0.0836886529816207
0.0 0.08415551109277547
0.0 0.08420683714149184
0.0 0.08458898054838311
0.0 0.08477702759433497
0.0 0.08498852687081423
0.0 0.08516661319730867
0.0 0.08528942157988736
0.0 0.0853517287144446
0.0 0.08605472066190746
0.0 0.0864053298886628
0.0 0.08644825006193461
0.0 0.08655518607854865
0.0 0.08669092720013019
0.0 0.08712865628048141
0.0 0.0873124760942733
0.0 0.08736964900432972
0.0 0.08769214956666498
0.0 0.08785535150099458
0.0 0.08842878121219785
0.0 0.08855770369493131
0.0 0.08970247379569557
0.0 0.08994350701027337
0.0 0.09134082588908572
0.0 0.09167305232464729
0.0 0.09200380489765499
0.0 0.09204815034460526
0.0 0.09210092596143779
0.0 0.09222514342140316
0.0 0.09226245157956603
0.0 0.09265313853038216
0.0 0.09298287073700642
0.0 0.09301065547559051
0.0 0.09305645858880285
0.0 0.09321286617872207
0.0 0.09334862349659541
0.0 0.09344508051241439
0.0 0.09402962897793883
0.0 0.09528142417492202
0.0 0.09577542727113474
0.0 0.09651784909098636
0.0 0.09696003215158278
0.0 0.09700345440990042
0.0 0.09773731648953538
0.0 0.09808386854519464
0.0 0.0991858561411674
0.0 0.10246298952968041
0.0 0.10251506870596552
0.0 0.10330051597498567
0.0 0.10432796013794576
0.0 0.10511041919112868
0.0 0.10647679505445581
0.0 0.10771509064222314
0.0 0.10802436693230313
0.0 0.10883221367288362
0.0 0.11195988768065991
0.0 0.11302437276296817
0.0 0.11477640662850734
0.0 0.11720849849231958
0.0 0.12117715685370058
0.0 0.12338891436385631
0.0 0.12449058613213894
0.0 0.13774813366890323
0.0 0.13857318896952195
0.0 0.13893611547619172
0.0 0.14503452142419565
0.0 0.1456521346194312
0.0 0.17693856007969094
0.0 0.1780388551631705
0.0 0.21203521177493737
0.0 0.2814417964875037
0.0 0.9521217530969901
