0.0 0.00217509770979899
0.0 0.004968044979466989
0.0 0.005218733208494476
0.0 0.005345463118225415
0.0 0.0067342060605293
0.0 0.008242155228888588
0.0 0.011097729509876888
0.0 0.012721992853936917
0.0 0.013161977267921392
0.0 0.01423779165634423
0.0 0.014542630162470834
0.0 0.01462240094866216
0.0 0.014814692435334037
0.0 0.01619694775050351
0.0 0.016510127346907467
0.0 0.016813654965666454
0.0 0.01688636416863268
0.0 0.017091867780340966
0.0 0.017302002519236012
0.0 0.017311588699445542
0.0 0.017698196209264383
0.0 0.018140057368561262
0.0 0.01862426575730751
0.0 0.018701943172783595
0.0 0.018710508986609684
0.0 0.01876688827836787
0.0 0.018796343259543893
0.0 0.01952293117962387
0.0 0.020353778679097816
0.0 0.02042213917771556
0.0 0.020513046939056333
0.0 0.02091572319487793
0.0 0.021494005720011984
0.0 0.021650281715060324
0.0 0.022221648423595485
0.0 0.022335496207735454
0.0 0.02234929342381316
0.0 0.022923871047197807
0.0 0.02337828433264022
0.0 0.02439296986673432
0.0 0.024515430029039303
0.0 0.025140681800395345
0.0 0.025224248592477457
0.0 0.025329162097152875
0.0 0.025663164051203086
0.0 0.026000150172017577
0.0 0.02602457418005301
0.0 0.026778774753116685
0.0 0.0270265678949848
0.0 0.027080013633390587
0.0 0.027288725123143644
0.0 0.02736415125405944
0.0 0.02748573074299776
0.0 0.027541431815036793
0.0 0.027797879850335896
0.0 0.02780252211247327
0.0 0.02843198896877044
0.0 0.028460322356739263
0.0 0.028543251419831724
0.0 0.028565778437190003
0.0 0.028631662927698715
0.0 0.02905021762309441
0.0 0.029065565634112035
0.0 0.029917215245867483
0.0 0.03041359312336547
0.0 0.030459088507033594
0.0 0.0305336035965356
0.0 0.030781273241678734
0.0 0.03080555553216091
0.0 0.030874432287579804
0.0 0.03093571703121712
0.0 0.031292936369563616
0.0 0.031530979343767716
0.0 0.031715135230614463
0.0 0.031822832472943124
0.0 0.03215592541011602
0.0 0.03230337037706004
0.0 0.032306631905321403
0.0 0.032545417884411856
0.0 0.032774077132053936
0.0 0.03287166383922602
0.0 0.03289283441714599
0.0 0.03301763899268912
0.0 0.0331941866714625
0.0 0.03327140856623169
0.0 0.03327441702743367
0.0 0.033413614032778184
0.0 0.03344127932371023
0.0 0.03428950139521336
0.0 0.03436696016075014
0.0 0.034812669963886156
0.0 0.034854217501427864
0.0 0.03490760857734883
0.0 0.035061129178254574
0.0 0.035253286033250855
0.0 0.03548138245975286
0.0 0.03556542501790662
0.0 0.036085350279146326
0.0 0.036276409835373113
0.0 0.03633517808017191
0.0 0.03674360806865569
0.0 0.03704581467736468
0.0 0.03708332528917507
0.0 0.03730775325558422
0.0 0.03791971394498132
0.0 0.038270408202268624
0.0 0.038394593269650376
0.0 0.038536501129335037
0.0 0.03894680583859475
0.0 0.038968371201127366
0.0 0.039055304797367546
0.0 0.03909771478744764
0.0 0.03915142574013166
0.0 0.03939366962752157
0.0 0.03947767169494582
0.0 0.03988425530616434
0.0 0.04005915906131994
0.0 0.04008435644228885
0.0 0.0401208223932781
0.0 0.04017005912035218
0.0 0.04018045713968822
0.0 0.040294762469071564
0.0 0.040505115857905914
0.0 0.040629406201184375
0.0 0.04129645857714151
0.0 0.041588303608171014
0.0 0.04160895792928984
0.0 0.042033806908586574
0.0 0.04204644406526406
0.0 0.042542714642328866
0.0 0.04261038274947213
0.0 0.04272168771579939
0.0 0.042797134092079935
0.0 0.04283851156855774
0.0 0.04320868996488126
0.0 0.04381131349205526
0.0 0.04394822074664646
0.0 0.044152650341754716
0.0 0.04419805259674499
0.0 0.04428016374710151
0.0 0.04436218986692608
0.0 0.04437133672272052
0.0 0.04445148407269622
0.0 0.04451618016029405
0.0 0.04471764178492983
0.0 0.04535009483252775
0.0 0.04536816584510436
0.0 0.045376227549348155
0.0 0.04557421506939269
0.0 0.04563220589218504
0.0 0.045651815552482725
0.0 0.045707129938055015
0.0 0.045900456975133896
0.0 0.04596702373443472
0.0 0.04601916364681407
0.0 0.04612023660579625
0.0 0.046190439432606326
0.0 0.046397156753931426
0.0 0.04651015423275186
0.0 0.046678368919393774
0.0 0.0467982660185213
0.0 0.047395848449872345
0.0 0.04761394771526038
0.0 0.04763096596886995
0.0 0.04766065782081356
0.0 0.04774100357536381
0.0 0.047858066323426214
0.0 0.04788542590935052
0.0 0.047899690793353975
0.0 0.04811974171190399
0.0 0.04824491475308559
0.0 0.048475910315819916
0.0 0.04856226084555527
0.0 0.04862267706304478
0.0 0.04872214658913869
0.0 0.049051465790322026
0.0 0.04909639025470418
0.0 0.04939473404781871
0.0 0.049417299531370015
0.0 0.049931414372926225
0.0 0.05001684576310189
0.0 0.05006960113456967
0.0 0.05054862266086675
0.0 0.05071192582202012
0.0 0.0508533032531483
0.0 0.05090751629087815
0.0 0.050910338494724414
0.0 0.05099589135708858
0.0 0.05101421341218811
0.0 0.05134765861870767
0.0 0.05155348514398374
0.0 0.05183355547087414
0.0 0.051905669460116696
0.0 0.05193661652467486
0.0 0.05216143320208722
0.0 0.05222497125482131
0.0 0.05232706053111398
0.0 0.0523711508864684
0.0 0.052385711352797217
0.0 0.05258544807235622
0.0 0.05276852285672527
0.0 0.05281545566129071
0.0 0.05302214463910516
0.0 0.053246556409222504
0.0 0.05344077829142338
0.0 0.053874332777562976
0.0 0.053910940446105476
0.0 0.0539173096378561
0.0 0.05395770723867996
0.0 0.05398865430323812
0.0 0.054000388516647714
0.0 0.05405420069615549
0.0 0.05469056109915033
0.0 0.05473397930839502
0.0 0.05488994150028972
0.0 0.05497210123952165
0.0 0.05500387431496164
0.0 0.055082215778401555
0.0 0.055156945468769925
0.0 0.05525728554554812
0.0 0.0554754536451763
0.0 0.055827496243756006
0.0 0.05583271144971583
0.0 0.055871590648183374
0.0 0.05596242350167457
0.0 0.05601859629071229
0.0 0.056198614025003965
0.0 0.05626671133387995
0.0 0.05627819045569368
0.0 0.056328747180549525
0.0 0.05648674605613816
0.0 0.0568466762488248
0.0 0.057314647855040854
0.0 0.05737984197861157
0.0 0.05752696099518309
0.0 0.05759861743918228
0.0 0.05774888258543609
0.0 0.05806519616430347
0.0 0.05816588041228244
0.0 0.05817226984939781
0.0 0.05831579328918959
0.0 0.05843467812007957
0.0 0.05850786511365391
0.0 0.05855166393575592
0.0 0.05867411195084205
0.0 0.05874358189544814
0.0 0.0587792258846285
0.0 0.0590874696611062
0.0 0.05939298436241548
0.0 0.05961393822423339
0.0 0.059748322906376626
0.0 0.060194478107537155
0.0 0.06033642240887837
0.0 0.0604872301309075
0.0 0.06062005591996492
0.0 0.06072514151024072
0.0 0.06084625738032625
0.0 0.06088163008161895
0.0 0.060927400802247685
0.0 0.0609538736411959
0.0 0.06100223576851275
0.0 0.061060258983888706
0.0 0.061088120654858837
0.0 0.06120724438105288
0.0 0.06121061320974742
0.0 0.06134586034442904
0.0 0.06151680410623938
0.0 0.06158073491904964
0.0 0.0618055758908997
0.0 0.061807904107846055
0.0 0.0620026402223116
0.0 0.06203378569144431
0.0 0.06245479210051134
0.0 0.06283370029811543
0.0 0.06289059382213828
0.0 0.06313012483065157
0.0 0.06315296160209054
0.0 0.06327310164559508
0.0 0.0632797056835768
0.0 0.06347340118629416
0.0 0.06356753403423974
0.0 0.06407046938538052
0.0 0.06423506420080499
0.0 0.06426908451173234
0.0 0.06433163863973954
0.0 0.06441320316524779
0.0 0.06473862715825306
0.0 0.064779830524594
0.0 0.06490669202919583
0.0 0.06492711150408353
0.0 0.06535455998821428
0.0 0.06539815635666878
0.0 0.0658629534896919
0.0 0.06636368209607485
0.0 0.06648007269802753
0.0 0.06676469823198687
0.0 0.06685159943564345
0.0 0.06741204781896848
0.0 0.06766077832122455
0.0 0.06771411271012422
0.0 0.06807750081111029
0.0 0.06808543699409263
0.0 0.06840754074727877
0.0 0.06865608904125209
0.0 0.06866170105636102
0.0 0.06870658907908662
0.0 0.06878924685429143
0.0 0.06890086359923585
0.0 0.06913656013566533
0.0 0.06916363223741016
0.0 0.0695424068156069
0.0 0.06978994284134268
0.0 0.06994111093086437
0.0 0.06995737200783227
0.0 0.06997075824300554
0.0 0.07000619572946544
0.0 0.07018624990541365
0.0 0.07021474728083696
0.0 0.07052122971058133
0.0 0.07063705749139394
0.0 0.07063828840957079
0.0 0.07081192075582005
0.0 0.07082594674451943
0.0 0.07084267751394954
0.0 0.07085984558325827
0.0 0.07097527655492175
0.0 0.07117560039005853
0.0 0.07122076374974474
0.0 0.07125650896574887
0.0 0.07136815000513098
0.0 0.07150860424762653
0.0 0.07164857260136806
0.0 0.07168677965372587
0.0 0.07183026260278814
0.0 0.07185799875249682
0.0 0.07204265267531644
0.0 0.07205235425410504
0.0 0.07210535661902279
0.0 0.0722330319872876
0.0 0.07231398915185332
0.0 0.0723747819331272
0.0 0.07241336959834233
0.0 0.07242298209752604
0.0 0.07252996670301547
0.0 0.07253118142490052
0.0 0.07271551142188412
0.0 0.07279037068258688
0.0 0.07279227374687347
0.0 0.07311978706152103
0.0 0.07329331413187358
0.0 0.07333849368785159
0.0 0.073345773921016
0.0 0.07335578322934883
0.0 0.07345066110671723
0.0 0.07357819070835583
0.0 0.0736883092963087
0.0 0.07418291975346393
0.0 0.07427123813265307
0.0 0.07441723150694445
0.0 0.07454682613578764
0.0 0.07455988844512489
0.0 0.07480497073265287
0.0 0.0748696587221048
0.0 0.07488472937162534
0.0 0.07493654940724163
0.0 0.07495655182761549
0.0 0.07512172161139888
0.0 0.07529157212351266
0.0 0.07530583295844316
0.0 0.07543145139764929
0.0 0.07546125257456254
0.0 0.07553225711781675
0.0 0.07559402977474457
0.0 0.07562062408588129
0.0 0.07568395968496787
0.0 0.07589122363114124
0.0 0.07590018827865293
0.0 0.07627898715128736
0.0 0.07687679228165066
0.0 0.07693573868565926
0.0 0.07720151173596261
0.0 0.07722899684314838
0.0 0.07723480321375892
0.0 0.0772769216705866
0.0 0.07739374552334495
0.0 0.07743886839230166
0.0 0.0774493069023672
0.0 0.07777122439819763
0.0 0.07795313304955702
0.0 0.07809492348612612
0.0 0.07821501089168231
0.0 0.07824168618427804
0.0 0.07856487508901482
0.0 0.07860075797349923
0.0 0.07865632745066739
0.0 0.0789823911971988
0.0 0.07921443546982722
0.0 0.07942567560563765
0.0 0.07942787830132254
0.0 0.07951299791288105
0.0 0.07955755391162474
0.0 0.07956417009682532
0.0 0.07961464584022215
0.0 0.0796984049632694
0.0 0.0797736610331213
0.0 0.079887367099708
0.0 0.0799935985776287
0.0 0.08019055358407093
0.0 0.08026908130486655
0.0 0.08034439406173975
0.0 0.080451799770816
0.0 0.08053416601276837
0.0 0.08061531753283571
0.0 0.08061574673456844
0.0 0.08064898152534344
0.0 0.08086857894772304
0.0 0.08087962481873111
0.0 0.08101704225651402
0.0 0.08112293361230691
0.0 0.08115522901815747
0.0 0.08116842899597503
0.0 0.08128706683341505
0.0 0.08148935041985972
0.0 0.08148973103271703
0.0 0.08156601556709826
0.0 0.08170975765682933
0.0 0.08193035924930057
0.0 0.08198941902735178
0.0 0.08205162898415821
0.0 0.08208990891982913
0.0 0.08219641573471044
0.0 0.08220998012909352
0.0 0.08235410283168192
0.0 0.08244073679652378
0.0 0.08252989738288656
0.0 0.08282766620764216
0.0 0.08284073661512531
0.0 0.0829796846024834
0.0 0.08305169331582925
0.0 0.08325896536014851
0.0 0.08327397122450185
0.0 0.08331919936935527
0.0 0.08332566978792964
0.0 0.08359508700388815
0.0 0.08360443226425714
0.0 0.08367271583048884
0.0 0.08367538012049004
0.0 0.08373897486024544
0.0 0.08378588741944612
0.0 0.08387226224361918
0.0 0.08396390896077335
0.0 0.08396659754521227
0.0 0.08423909205661291
0.0 0.08446257658902467
0.0 0.0846900373110735
0.0 0.08474049685817853
0.0 0.08493858560504682
0.0 0.08497962700846975
0.0 0.0850821738300058
0.0 0.0852264584955122
0.0 0.08526594505492227
0.0 0.08540984100942546
0.0 0.08578292259105426
0.0 0.08579425189716884
0.0 0.08618125419160032
0.0 0.0863201454919371
0.0 0.0863507240908568
0.0 0.08639643812446422
0.0 0.08648539625717949
0.0 0.08674670722909175
0.0 0.08689159115739478
0.0 0.0869272391956481
0.0 0.08693287550519474
0.0 0.08706049418643824
0.0 0.08711486513801314
0.0 0.0872391068924162
0.0 0.08724456504275303
0.0 0.08737659721351222
0.0 0.08755643273952113
0.0 0.0875654135833246
0.0 0.08760973473583719
0.0 0.08763787579284088
0.0 0.08768308774140249
0.0 0.08793770964480106
0.0 0.08807756462449999
0.0 0.08810480678730874
0.0 0.08820999360440829
0.0 0.08829568818432572
0.0 0.08845450902172325
0.0 0.08847895732419638
0.0 0.08861254433896844
0.0 0.08876967266387278
0.0 0.08892318111755969
0.0 0.08907653570647447
0.0 0.08910596436867632
0.0 0.08927153905975473
0.0 0.08929777705247184
0.0 0.08933370042768576
0.0 0.08951573055123367
0.0 0.08966633986868824
0.0 0.08980165178853707
0.0 0.08987008112139497
0.0 0.09012452486558374
0.0 0.09015337046128076
0.0 0.09032296183272573
0.0 0.09036904838104459
0.0 0.09051181869326763
0.0 0.09054336097154947
0.0 0.09057448214624449
0.0 0.0906483129424179
0.0 0.09065156839706985
0.0 0.09085489664433564
0.0 0.09087448605926858
0.0 0.09090955912916296
0.0 0.09093701994191103
0.0 0.09094127146850871
0.0 0.09105858930816697
0.0 0.09107904522471123
0.0 0.09108238166082218
0.0 0.09114271284777974
0.0 0.09117878198961986
0.0 0.09120651004118263
0.0 0.09128745100945657
0.0 0.09152527735825783
0.0 0.09165969038391172
0.0 0.09165972277649533
0.0 0.09167148938248852
0.0 0.09196423735678591
0.0 0.09229022012185831
0.0 0.0924624838814504
0.0 0.09249327303216351
0.0 0.09255204127696229
0.0 0.09293438713750107
0.0 0.09308920749082383
0.0 0.09321499599109385
0.0 0.09327792668288541
0.0 0.09386433772196694
0.0 0.09386897795956783
0.0 0.0938871744934059
0.0 0.09391695947402737
0.0 0.09395188677729555
0.0 0.09397320919545114
0.0 0.09404448907566597
0.0 0.094506204864174
0.0 0.0946881297118252
0.0 0.09471096648326417
0.0 0.09474850138951227
0.0 0.09482664039930468
0.0 0.09486020721406159
0.0 0.09493407040281862
0.0 0.09529695641875888
0.0 0.09557274687554096
0.0 0.09562498801474406
0.0 0.09563302947362311
0.0 0.09575625086164273
0.0 0.0958027828079861
0.0 0.0959731192088539
0.0 0.09607284787561662
0.0 0.09635016078382797
0.0 0.09665698333570015
0.0 0.09678390557639623
0.0 0.09694726947364384
0.0 0.09702263891753833
0.0 0.09717704626542016
0.0 0.09733212575941173
0.0 0.0973619998196381
0.0 0.09739834429843883
0.0 0.0975134675405581
0.0 0.09767364076832098
0.0 0.09799576881594482
0.0 0.09803142495234403
0.0 0.09805007498235252
0.0 0.09815999111665788
0.0 0.09827100859880568
0.0 0.0984958860123123
0.0 0.09864436551739508
0.0 0.09879579274758558
0.0 0.09909876058200921
0.0 0.09978977537168546
0.0 0.09993221365992659
0.0 0.09993573635339324
0.0 0.10045782381958834
0.0 0.10056614461915132
0.0 0.10065220361563426
0.0 0.10068173755373282
0.0 0.10082987693668778
0.0 0.10089356885419398
0.0 0.100910550666147
0.0 0.10103767536049059
0.0 0.10106525764542715
0.0 0.10116441944197685
0.0 0.10127167128628099
0.0 0.10143228991206839
0.0 0.10161010090160222
0.0 0.10185713484229217
0.0 0.10188773773564956
0.0 0.10202064450616599
0.0 0.10208245765382332
0.0 0.10240690177117465
0.0 0.10242112211537564
0.0 0.10252089937101377
0.0 0.10257097020711559
0.0 0.10289208598650187
0.0 0.1029492588965583
0.0 0.10302422343315777
0.0 0.10307950137707352
0.0 0.10323203805325237
0.0 0.10324595876605507
0.0 0.10356711503617086
0.0 0.10369202083853774
0.0 0.10376512280158014
0.0 0.10401423796576648
0.0 0.10402354273540597
0.0 0.10413166108132145
0.0 0.1042202790919089
0.0 0.10425165130912684
0.0 0.10455493497124056
0.0 0.10457914842748259
0.0 0.10463801385003219
0.0 0.10469943828668629
0.0 0.10504064556605133
0.0 0.10505014469119243
0.0 0.10516335677087922
0.0 0.10521636723394287
0.0 0.10605945710548166
0.0 0.1061501806340032
0.0 0.10623487914197488
0.0 0.1062801153849742
0.0 0.10633040487101532
0.0 0.10634236583251012
0.0 0.10639669629335553
0.0 0.1065023528029173
0.0 0.10665203083359334
0.0 0.10668967911388404
0.0 0.10671755293207301
0.0 0.10672514089478163
0.0 0.10675937985564828
0.0 0.10676503236148673
0.0 0.1070006317201654
0.0 0.10703607730477119
0.0 0.1070432036731635
0.0 0.10722463453391477
0.0 0.10733084171739778
0.0 0.10733986305193076
0.0 0.10735810817464422
0.0 0.10759512470885546
0.0 0.10768716823515875
0.0 0.10779636363447898
0.0 0.10790240075689807
0.0 0.10803455439984576
0.0 0.10820946625314726
0.0 0.10831107368975887
0.0 0.10845038609368246
0.0 0.10851649935681286
0.0 0.10859118045830582
0.0 0.10872667863551036
0.0 0.10873145654159155
0.0 0.10880930401813155
0.0 0.10893471190554427
0.0 0.10900942539962083
0.0 0.10907642945880026
0.0 0.10927078496040848
0.0 0.10953990254496868
0.0 0.10987955498032086
0.0 0.10997351776720253
0.0 0.11023622971835556
0.0 0.11030473193452656
0.0 0.110409683905395
0.0 0.11069651213503924
0.0 0.11109903857516168
0.0 0.11112211829097765
0.0 0.11131213318638329
0.0 0.11133592553903851
0.0 0.1117491577280412
0.0 0.1119287098189436
0.0 0.11195021849445491
0.0 0.11199807043858004
0.0 0.11234497071451302
0.0 0.11236598540312441
0.0 0.11265231964586873
0.0 0.11279726835933897
0.0 0.11281120526843345
0.0 0.11281534342098853
0.0 0.11298271590045682
0.0 0.11330428517601353
0.0 0.11337139451108967
0.0 0.11343155563698332
0.0 0.11344928247835916
0.0 0.11350847182674477
0.0 0.11361710035585197
0.0 0.11362461543524749
0.0 0.11442881801017282
0.0 0.11538703922197678
0.0 0.11558263373990776
0.0 0.11558911225662805
0.0 0.11588089655156329
0.0 0.11589936032421608
0.0 0.11590188694573698
0.0 0.11606881402718075
0.0 0.11624199287725957
0.0 0.11626464339134283
0.0 0.11629794296728505
0.0 0.11637173327272897
0.0 0.11665410752212803
0.0 0.11693414140736187
0.0 0.11707730852873403
0.0 0.11739265033009338
0.0 0.11779181603966718
0.0 0.11790665584667995
0.0 0.1179787374433389
0.0 0.11801449885563481
0.0 0.11801807013797685
0.0 0.11835724478272092
0.0 0.11841895265448153
0.0 0.11858552341750568
0.0 0.11894461140301868
0.0 0.11911866485285474
0.0 0.11919664999787505
0.0 0.11920290986465601
0.0 0.11925316695811354
0.0 0.11980482075499078
0.0 0.11995040922198716
0.0 0.12003095338111196
0.0 0.120216060800102
0.0 0.12028951098341811
0.0 0.12035018229250348
0.0 0.12036802250792193
0.0 0.12040059325073312
0.0 0.12065949907331297
0.0 0.12077351286944389
0.0 0.12079125590711154
0.0 0.1208115093700083
0.0 0.12084999175932673
0.0 0.12087094976091682
0.0 0.12090889767260582
0.0 0.12101299933815474
0.0 0.12137546425050817
0.0 0.12143888892919966
0.0 0.12157143938129647
0.0 0.12158016918257704
0.0 0.12160341895945692
0.0 0.12180680389374403
0.0 0.121893672704817
0.0 0.12193898183112943
0.0 0.12205297943096856
0.0 0.12242403647612227
0.0 0.12274190489900251
0.0 0.12299838937595817
0.0 0.12300931377477774
0.0 0.12312328708017915
0.0 0.12341299015161802
0.0 0.12354614796465736
0.0 0.12360047842550276
0.0 0.12363138904840437
0.0 0.12365467121786786
0.0 0.12382470798733736
0.0 0.12387624458784713
0.0 0.12398107508652707
0.0 0.12398593397406728
0.0 0.12451914019458354
0.0 0.12453101207647345
0.0 0.12475058520441534
0.0 0.1249643195691631
0.0 0.12505527794391574
0.0 0.12516260267153298
0.0 0.12526842114401276
0.0 0.12527626014924428
0.0 0.1254037087694239
0.0 0.1254251931504975
0.0 0.12569986606314532
0.0 0.12590099161472623
0.0 0.12601046235100707
0.0 0.1261598812410143
0.0 0.12620881023854416
0.0 0.1263416441257475
0.0 0.12651727671403412
0.0 0.12652473510640835
0.0 0.12661546673307578
0.0 0.12665868653774592
0.0 0.12675410699088965
0.0 0.12702326506617934
0.0 0.12738091967986798
0.0 0.12744365601615795
0.0 0.12744376129205465
0.0 0.12747953080249647
0.0 0.12756303888302079
0.0 0.12786900303142754
0.0 0.1280754085741355
0.0 0.12814554661577834
0.0 0.12816252842773138
0.0 0.12865308171379053
0.0 0.12870840824658167
0.0 0.12889610707225982
0.0 0.12896038205627083
0.0 0.12906739905434386
0.0 0.12917624623339038
0.0 0.12922570970854969
0.0 0.1297296735242198
0.0 0.1299094361669156
0.0 0.13006144646361095
0.0 0.1302849309960227
0.0 0.1302872470657502
0.0 0.13029479453772932
0.0 0.13031211647181015
0.0 0.13060496972200425
0.0 0.1307949279303886
0.0 0.13091597091716103
0.0 0.13095005601325557
0.0 0.13098514527944174
0.0 0.13117945219217458
0.0 0.13118321783001824
0.0 0.13132568041269707
0.0 0.13156675411800436
0.0 0.1316192705941681
0.0 0.1316503674744254
0.0 0.13165299127369712
0.0 0.13181722167255608
0.0 0.13220010201072427
0.0 0.1323377057058629
0.0 0.13263630863964623
0.0 0.13285456986795227
0.0 0.1328741592828852
0.0 0.1332027577490834
0.0 0.13335535111228358
0.0 0.13339729950804735
0.0 0.13367339769437364
0.0 0.13444913528645927
0.0 0.13452910447722516
0.0 0.13469149659696475
0.0 0.13483886665605918
0.0 0.13519769550090335
0.0 0.1352009995444307
0.0 0.1356569089623282
0.0 0.1360251235582709
0.0 0.13614418249929772
0.0 0.13641811038252272
0.0 0.13659333806351434
0.0 0.13664654288207959
0.0 0.13678960472755505
0.0 0.13698078575597034
0.0 0.13762998172021723
0.0 0.137700289822924
0.0 0.13778128747821922
0.0 0.1378349619892467
0.0 0.13786464979211735
0.0 0.13855650678896725
0.0 0.13867650511491852
0.0 0.13876001319544284
0.0 0.13883126068307408
0.0 0.1389877492544523
0.0 0.13907355720841233
0.0 0.13946827703588682
0.0 0.13951124579803406
0.0 0.13963114694623452
0.0 0.1399423748894765
0.0 0.1400723663274688
0.0 0.14017944001256313
0.0 0.14029242534416472
0.0 0.14077786060201486
0.0 0.1409064591589123
0.0 0.14091152859824593
0.0 0.14104731830870287
0.0 0.1413948259455784
0.0 0.1415391996906897
0.0 0.141664478007768
0.0 0.1417420582454933
0.0 0.14175328227571116
0.0 0.14189111271893498
0.0 0.14244486393560044
0.0 0.14253737715436596
0.0 0.14253909396129683
0.0 0.14270104068301187
0.0 0.1428623395530549
0.0 0.1429797950611935
0.0 0.14310478184501937
0.0 0.14321630951035888
0.0 0.14323143684690073
0.0 0.14325140687469098
0.0 0.14335535467546778
0.0 0.14355082772121025
0.0 0.14380195122557987
0.0 0.14396278040316068
0.0 0.1441780777100672
0.0 0.1447707972048051
0.0 0.14502742744838695
0.0 0.14547204805089936
0.0 0.14561601688871567
0.0 0.14563647280525993
0.0 0.14651379353951946
0.0 0.14652383524043588
0.0 0.14675134455136013
0.0 0.14714449333852997
0.0 0.14748654282506865
0.0 0.1475111287960221
0.0 0.14766883208928536
0.0 0.14768689095464313
0.0 0.14778125055067393
0.0 0.14815336035479468
0.0 0.14822532047926512
0.0 0.14880002969752065
0.0 0.14888104354910767
0.0 0.14891442410650887
0.0 0.14899757586861362
0.0 0.1490234737392029
0.0 0.14904572744413705
0.0 0.14914272703573137
0.0 0.14935710115400522
0.0 0.1498265992607235
0.0 0.15016782273638035
0.0 0.1504310610670169
0.0 0.15046113758089075
0.0 0.1506515249910078
0.0 0.15082004740719396
0.0 0.15092542048164923
0.0 0.15210352255093929
0.0 0.1525290315291269
0.0 0.1533744131759555
0.0 0.15368896135901658
0.0 0.15382735867245345
0.0 0.15397952283392088
0.0 0.15438190350741712
0.0 0.15438975870894045
0.0 0.15545989629708715
0.0 0.1555295079592465
0.0 0.15567154943833852
0.0 0.1556854620529953
0.0 0.15610936759829463
0.0 0.1562356338891728
0.0 0.15624632344176123
0.0 0.15630011132683133
0.0 0.15657807208671468
0.0 0.1568219558486494
0.0 0.15694567932171485
0.0 0.15694610042530166
0.0 0.1571431931002242
0.0 0.15753943537912798
0.0 0.15761170323314264
0.0 0.15806085879735926
0.0 0.15820724088265384
0.0 0.15838154537501284
0.0 0.1584965390467977
0.0 0.15858147240100048
0.0 0.16005455753285644
0.0 0.16033072050434993
0.0 0.1604386202003261
0.0 0.1604434143026991
0.0 0.16045676004714288
0.0 0.16234817919991873
0.0 0.16276727444655328
0.0 0.16422929751110937
0.0 0.1663331310308512
0.0 0.16659544617285513
0.0 0.16694248411726842
0.0 0.16706967359677918
0.0 0.16734092909185708
0.0 0.16742749827153175
0.0 0.1679983527723387
0.0 0.1686122570167519
0.0 0.1689790868297456
0.0 0.16912563087795823
0.0 0.16943998470551772
0.0 0.17045887722640707
0.0 0.170490411406543
0.0 0.1711660559153004
0.0 0.17239119201597966
0.0 0.172517604073484
0.0 0.17264202398709685
0.0 0.17342336549614554
0.0 0.17363096956444674
0.0 0.17372826068929345
0.0 0.17497965097898163
0.0 0.17741103830410054
0.0 0.17802371163033687
0.0 0.18072083151502963
0.0 0.18115137753996727
0.0 0.18582687446811377
0.0 0.18611466637712015
0.0 0.18962435422145332
0.0 0.19053743636800877
0.0 0.19169718803868865
0.0 0.19571540705297977
0.0 0.19748749192776816
0.0 0.20001299590454086
0.0 0.20062817965600632
0.0 0.2010983256143966
0.0 0.20326985963386532
0.0 0.20510604943160085
0.0 0.20512075566455587
0.0 0.20515578824372077
0.0 0.2055395755742298
0.0 0.20656381287141337
0.0 0.2066638087769908
0.0 0.2083270707671704
0.0 0.22017810802952545
0.0 0.2420763853401014
0.0 0.262293503758058
0.0 0.2674956393103956
0.0 0.2950260151317419
0.0 0.39269509664392105
