0.0 0.0010730786069773496
0.0 0.002275575455057493
0.0 0.0028661605822165232
0.0 0.004990499113512165
0.0 0.008188501975494103
0.0 0.008265095757821903
0.0 0.009463218974448212
0.0 0.009769244871217454
0.0 0.010127063472360575
0.0 0.010259592666824397
0.0 0.01158640908742836
0.0 0.011945044589039179
0.0 0.012114178415240788
0.0 0.012632753310651614
0.0 0.012821589925828757
0.0 0.013061338572013118
0.0 0.01481331170145803
0.0 0.014885279924074376
0.0 0.015240873559631378
0.0 0.01591146178854225
0.0 0.016205354638216304
0.0 0.017378821531246664
0.0 0.017435615852982242
0.0 0.017584722964372305
0.0 0.018011588381998223
0.0 0.018277191371237667
0.0 0.018291932021312764
0.0 0.018480106613062555
0.0 0.018648786943093746
0.0 0.019480628489976958
0.0 0.019572427047366767
0.0 0.019846498672681494
0.0 0.019954558307039193
0.0 0.020195356675385887
0.0 0.02057442683590798
0.0 0.020985784304134746
0.0 0.02170615892177269
0.0 0.02188451248708184
0.0 0.022166821951313687
0.0 0.022359691443149202
0.0 0.022982086593538897
0.0 0.02310106252857026
0.0 0.02312997898304391
0.0 0.023479308702746993
0.0 0.023743470222016175
0.0 0.023966312976365336
0.0 0.023980592032124114
0.0 0.024356177965372587
0.0 0.02470845136111045
0.0 0.024754145149353132
0.0 0.024929431541902528
0.0 0.025279494143809596
0.0 0.025329935470086357
0.0 0.025594866313216072
0.0 0.02595278006757352
0.0 0.026103273986449016
0.0 0.02631863000491331
0.0 0.02648359328597624
0.0 0.026517405069646647
0.0 0.026765645634075755
0.0 0.027069034572086197
0.0 0.027310952509103613
0.0 0.02733226885364979
0.0 0.028607672170468952
0.0 0.029044364688144936
0.0 0.029330609851284353
0.0 0.029371566224175336
0.0 0.029389627114069575
0.0 0.029389981407952716
0.0 0.02940139574459925
0.0 0.03001874979916598
0.0 0.030301885274279666
0.0 0.030652899408330023
0.0 0.03108036813782552
0.0 0.031128458977254705
0.0 0.031164596953334987
0.0 0.031492547567861164
0.0 0.031596821319010454
0.0 0.03192625591877288
0.0 0.031965507631951835
0.0 0.03198657900758453
0.0 0.0322570307616818
0.0 0.03231568968151093
0.0 0.032735044068814285
0.0 0.03344597422379596
0.0 0.03346640179682957
0.0 0.033533525303661035
0.0 0.033633709491130655
0.0 0.03390285339466502
0.0 0.03508309539900925
0.0 0.03524719217846085
0.0 0.03526469632082444
0.0 0.03550185052351598
0.0 0.035635235084640525
0.0 0.035880612954493865
0.0 0.03617073712951954
0.0 0.03629872832547446
0.0 0.03653374461764831
0.0 0.03673269581705498
0.0 0.03720609723009722
0.0 0.03733150916658288
0.0 0.03741108964634555
0.0 0.03748321578280695
0.0 0.03837210471848512
0.0 0.03838209783052615
0.0 0.03843340363387777
0.0 0.0384636785523262
0.0 0.03848745065961666
0.0 0.03856558966940907
0.0 0.03857299137476198
0.0 0.03883957423965537
0.0 0.038895678194452936
0.0 0.03900432291985194
0.0 0.03903392164311769
0.0 0.039093544242308965
0.0 0.03919104591894909
0.0 0.03931993600909895
0.0 0.039360248579390855
0.0 0.03962898150202078
0.0 0.03973660181196338
0.0 0.039849263217728956
0.0 0.03986324466662589
0.0 0.04008806539311121
0.0 0.040170577401689805
0.0 0.04017637567415445
0.0 0.04021588247892927
0.0 0.040232507972462674
0.0 0.04026699797585224
0.0 0.04057520935974633
0.0 0.04093382360372416
0.0 0.04098267566886798
0.0 0.041522850343931494
0.0 0.0417260652171547
0.0 0.041850472983548714
0.0 0.0419493837375755
0.0 0.04199813862496851
0.0 0.042101628880501944
0.0 0.042338629218421374
0.0 0.04241063793176723
0.0 0.043013528697755946
0.0 0.043201316603039
0.0 0.04335107156610108
0.0 0.04348419698655682
0.0 0.04391803085872998
0.0 0.04400805389763114
0.0 0.04413826398556275
0.0 0.04433707346741617
0.0 0.044789646449202726
0.0 0.04500877013004715
0.0 0.045224739583063396
0.0 0.04556376036303535
0.0 0.04577364001033453
0.0 0.04622939961253287
0.0 0.04643524638317369
0.0 0.046446818633665274
0.0 0.04697797602326876
0.0 0.047022511776647694
0.0 0.04704569676836037
0.0 0.047103367714389666
0.0 0.04714684261065566
0.0 0.04721407746699325
0.0 0.047389499503486476
0.0 0.04751192322413491
0.0 0.047675987611002904
0.0 0.04795826468265115
0.0 0.04807318952019587
0.0 0.04824321009337357
0.0 0.0483846563587419
0.0 0.048517202761765764
0.0 0.0485748372661385
0.0 0.04860461009954111
0.0 0.04879378278777312
0.0 0.04887401111920782
0.0 0.04896000128145061
0.0 0.049020206947146705
0.0 0.04910435883027012
0.0 0.04917443208674578
0.0 0.04931489037831428
0.0 0.04932812679778839
0.0 0.049510075939877295
0.0 0.049569253141044045
0.0 0.0497206034388485
0.0 0.04992179782466957
0.0 0.04995983076689053
0.0 0.050237633612928836
0.0 0.05029148223409317
0.0 0.05038719422048932
0.0 0.05058777719629491
0.0 0.0506135697909875
0.0 0.050736710197548114
0.0 0.05092068792518505
0.0 0.05099186252950316
0.0 0.05102970921436842
0.0 0.05137489673244348
0.0 0.051439945089387984
0.0 0.05210257992675648
0.0 0.05213372134681625
0.0 0.05222821861132735
0.0 0.05252260646016956
0.0 0.05254826138638185
0.0 0.053294987370779506
0.0 0.05333498006430835
0.0 0.0533538689896209
0.0 0.053436741365692056
0.0 0.0535240029368412
0.0 0.05354514314671405
0.0 0.05381069349800514
0.0 0.05389933985210324
0.0 0.053925468519850694
0.0 0.05398014315189686
0.0 0.05402774810257202
0.0 0.054094901977450614
0.0 0.0541688744911773
0.0 0.054449815368751986
0.0 0.054627654701796466
0.0 0.05501281466803562
0.0 0.055024042747326446
0.0 0.05522390498814691
0.0 0.05533010002441105
0.0 0.055563905643772796
0.0 0.055860026495837684
0.0 0.055913680761500405
0.0 0.05592123633162542
0.0 0.05607558699248596
0.0 0.056117685203948886
0.0 0.056145271537958404
0.0 0.05633646471359255
0.0 0.05634048949210502
0.0 0.056342947279385776
0.0 0.05652335777375361
0.0 0.05658002050061831
0.0 0.05674254219069229
0.0 0.057055183260393875
0.0 0.057087790444861605
0.0 0.05714204397332095
0.0 0.05716686883957845
0.0 0.05726326511930318
0.0 0.057540314837772756
0.0 0.05779598950013838
0.0 0.05801757906640946
0.0 0.05804352147680121
0.0 0.05851674473063364
0.0 0.058615311313459664
0.0 0.058788773598645004
0.0 0.058815631099523494
0.0 0.05884447669522051
0.0 0.058847910309082256
0.0 0.05888642104191134
0.0 0.0589316613339836
0.0 0.058966868023285345
0.0 0.05900327323818033
0.0 0.0590189512486434
0.0 0.05905629179938988
0.0 0.05910000154188698
0.0 0.059137414975946566
0.0 0.05932229969592434
0.0 0.05967360131415416
0.0 0.05982131959352231
0.0 0.05986261608854111
0.0 0.0598800635438834
0.0 0.05990002952260069
0.0 0.060044589525067714
0.0 0.06059440504282559
0.0 0.0606998307552292
0.0 0.06071769121601241
0.0 0.061137171124577214
0.0 0.06139257854812812
0.0 0.06140353938860424
0.0 0.06145858248628887
0.0 0.06183240099919459
0.0 0.061947171971967196
0.0 0.061960351704420005
0.0 0.06222854205127461
0.0 0.06224317944998948
0.0 0.06237903394561363
0.0 0.06252080413681799
0.0 0.06278961399183396
0.0 0.06289256976973796
0.0 0.06305015968895863
0.0 0.0631707856212172
0.0 0.06343273634665558
0.0 0.06345256465689257
0.0 0.06360832844421271
0.0 0.06364795672117604
0.0 0.0636611647971395
0.0 0.06367981887622094
0.0 0.0637001857131603
0.0 0.06391887614319906
0.0 0.06393335562806887
0.0 0.0639800292919655
0.0 0.06400373661408876
0.0 0.06411219508213205
0.0 0.06444385869655353
0.0 0.06455381937066133
0.0 0.06492330537551037
0.0 0.06501789981777228
0.0 0.06502473465291217
0.0 0.0651506932142461
0.0 0.06521708181433711
0.0 0.06536732671522617
0.0 0.0653807979809314
0.0 0.06556021240335348
0.0 0.0656078456975393
0.0 0.06570040750518022
0.0 0.06581415001342349
0.0 0.0658901997015736
0.0 0.06595245824725544
0.0 0.06602254365094996
0.0 0.06611101184583826
0.0 0.06623746034499915
0.0 0.06683645185373686
0.0 0.06684361871285867
0.0 0.06694197879296422
0.0 0.06704391825355774
0.0 0.0671376947830837
0.0 0.06725406513967164
0.0 0.0673381562867008
0.0 0.06740250820309787
0.0 0.06753641104556003
0.0 0.0676394194614124
0.0 0.06786635380397771
0.0 0.06787377980376832
0.0 0.06795372874916945
0.0 0.06801679710944132
0.0 0.06813233335700151
0.0 0.06844941625972943
0.0 0.06876828075455543
0.0 0.06890855683784117
0.0 0.06891473572316313
0.0 0.06896914716546754
0.0 0.06900575888308298
0.0 0.06953500511025398
0.0 0.06961575172302631
0.0 0.0697337174143566
0.0 0.06977054778191136
0.0 0.06995460244193435
0.0 0.07027550766952724
0.0 0.07030178615297385
0.0 0.07047515935855428
0.0 0.07057398103297617
0.0 0.07118565018912086
0.0 0.07125657375091607
0.0 0.07132146419401551
0.0 0.07170283017890035
0.0 0.07191841092091338
0.0 0.0721433207270036
0.0 0.07235464994241894
0.0 0.07239702753991543
0.0 0.07249124136932003
0.0 0.07250129926652825
0.0 0.07269219685983704
0.0 0.0727790818672018
0.0 0.07285054800477234
0.0 0.0729397085911351
0.0 0.07313213673401905
0.0 0.07317426328899264
0.0 0.07322035793545739
0.0 0.07337789926580265
0.0 0.07340753038165201
0.0 0.0734569938568113
0.0 0.07370178461108687
0.0 0.07394519868055938
0.0 0.07399709159948877
0.0 0.07404794795574292
0.0 0.07413522977225681
0.0 0.07439619252389536
0.0 0.07440335128487126
0.0 0.07462397717178021
0.0 0.07466521293070474
0.0 0.07470747715415864
0.0 0.07480613686566251
0.0 0.07489193672147665
0.0 0.07498357534048493
0.0 0.07519845154380463
0.0 0.07533175512347016
0.0 0.07548038849332506
0.0 0.07550912071497948
0.0 0.07574202339107333
0.0 0.07583445562837984
0.0 0.07587071102757567
0.0 0.07606457254228398
0.0 0.07614735988782319
0.0 0.07657834321263943
0.0 0.07692687931404428
0.0 0.07692867710243416
0.0 0.0771114198628213
0.0 0.07711798745914647
0.0 0.0775648998369487
0.0 0.07758821439899578
0.0 0.07772747821404398
0.0 0.07781884149609164
0.0 0.07788839647122968
0.0 0.07790588036822853
0.0 0.07797136197597869
0.0 0.0780043619205226
0.0 0.07819993214401587
0.0 0.07820951225061598
0.0 0.0782737710383352
0.0 0.07834336650420275
0.0 0.07844231774895903
0.0 0.07845691060787145
0.0 0.07848483301493583
0.0 0.07849527152500137
0.0 0.07850364500786233
0.0 0.07853473378997375
0.0 0.07880403763188965
0.0 0.07889872115375646
0.0 0.07909059052457328
0.0 0.0792708147615854
0.0 0.07927368960338002
0.0 0.07936716650150769
0.0 0.07960099236623418
0.0 0.07964319180452087
0.0 0.07964708701269893
0.0 0.07967859689839717
0.0 0.07970592814081082
0.0 0.07985946898708132
0.0 0.08005252068719959
0.0 0.08006305637501594
0.0 0.08008143106806381
0.0 0.08010388722664546
0.0 0.08013729207848438
0.0 0.0802064907352028
0.0 0.08064741858318468
0.0 0.08065615648261114
0.0 0.08074943092709129
0.0 0.08075218429669741
0.0 0.08105243925224442
0.0 0.08138670642057287
0.0 0.08152179969048239
0.0 0.08152941194762871
0.0 0.08155369018903794
0.0 0.08165350793540556
0.0 0.08167444974070384
0.0 0.08168693708168218
0.0 0.08188733380013206
0.0 0.08236914918676476
0.0 0.08237685862166189
0.0 0.08253381688550232
0.0 0.08254372901608434
0.0 0.0829136442226661
0.0 0.08321682260888313
0.0 0.08342423232168271
0.0 0.08357403182454726
0.0 0.0835940504412129
0.0 0.08365426825412785
0.0 0.08373627007951473
0.0 0.08385720779039044
0.0 0.08406133775410038
0.0 0.0841042822218099
0.0 0.08441069986638707
0.0 0.08447577656684223
0.0 0.08451255024737568
0.0 0.08451574091686041
0.0 0.08464729529701148
0.0 0.0846641880293596
0.0 0.08490841191342213
0.0 0.08507203495133857
0.0 0.08520655325288916
0.0 0.08525134409786396
0.0 0.08526881989671689
0.0 0.08530305885758355
0.0 0.08544323776311848
0.0 0.08565081753698196
0.0 0.08574530670334717
0.0 0.08577255696430182
0.0 0.0859113996757632
0.0 0.08594006711225041
0.0 0.08608052945289185
0.0 0.08612976617996594
0.0 0.08629399657882489
0.0 0.08661733934833378
0.0 0.08664795033983708
0.0 0.08671630678938187
0.0 0.08704176317497074
0.0 0.08708425414650985
0.0 0.08709303253666581
0.0 0.08714609158860485
0.0 0.087225064707425
0.0 0.08734983284131158
0.0 0.08736743821049893
0.0 0.0875865821367081
0.0 0.08763912290730953
0.0 0.08764389271524484
0.0 0.08785088132445759
0.0 0.08785221751853114
0.0 0.08795520163994582
0.0 0.08814512745574654
0.0 0.0886210230977261
0.0 0.08864028048867711
0.0 0.08869014887113141
0.0 0.0887347453606046
0.0 0.08891246727053354
0.0 0.08894128857179284
0.0 0.08901619642137101
0.0 0.08913229953914424
0.0 0.08914617976121743
0.0 0.08920280199735262
0.0 0.08930738145350965
0.0 0.08941681979720688
0.0 0.08979261425771229
0.0 0.08997427996469468
0.0 0.09006312472336733
0.0 0.09009633521970464
0.0 0.09031932576521648
0.0 0.09036841672566436
0.0 0.09046419349722772
0.0 0.09054050232604664
0.0 0.09068456024346784
0.0 0.09085084757138548
0.0 0.09108112644820762
0.0 0.09113290599309443
0.0 0.09128750769647787
0.0 0.09143303947645293
0.0 0.09158321959217477
0.0 0.09161264015623073
0.0 0.09165939885065931
0.0 0.09178487152323922
0.0 0.09185463705017068
0.0 0.09190137954830745
0.0 0.09232885637594884
0.0 0.09257052934405277
0.0 0.09258202871123127
0.0 0.09267104353096783
0.0 0.09269275466012665
0.0 0.09270969598135016
0.0 0.09278886345567192
0.0 0.09285674211460859
0.0 0.09313480005224276
0.0 0.09388286627978693
0.0 0.09390013962499236
0.0 0.09400668693060317
0.0 0.09410852111529998
0.0 0.09413931026601308
0.0 0.09425013339265927
0.0 0.09425849877737433
0.0 0.09429278632711638
0.0 0.09441477679695914
0.0 0.09470826170253346
0.0 0.09471021335569545
0.0 0.09482282617258561
0.0 0.09483315130860855
0.0 0.09494394204267113
0.0 0.09514238710795904
0.0 0.09523427676949023
0.0 0.09553406203257502
0.0 0.09556468112222422
0.0 0.09566773002880608
0.0 0.09584878837484594
0.0 0.09597571871368792
0.0 0.09602471249638499
0.0 0.09607854897033047
0.0 0.09655969221085343
0.0 0.09658682909776548
0.0 0.09658684529405728
0.0 0.0969391794258894
0.0 0.09713593197868413
0.0 0.09752338776928603
0.0 0.09753574553992995
0.0 0.09765653748417946
0.0 0.09766272446764733
0.0 0.09767922848899223
0.0 0.09780479833932294
0.0 0.09795569109188403
0.0 0.0979576589413378
0.0 0.09806099128302619
0.0 0.09807235298172437
0.0 0.09809039565079032
0.0 0.09809382926465207
0.0 0.09822752155532083
0.0 0.0982880228033423
0.0 0.09829489812921169
0.0 0.09863021805650718
0.0 0.09871044638794188
0.0 0.09882149626267328
0.0 0.09889027381580488
0.0 0.09921705019917552
0.0 0.0992190504412129
0.0 0.09931515113861226
0.0 0.0994242736546194
0.0 0.0994526819504378
0.0 0.09947031161406283
0.0 0.09990485812307523
0.0 0.09994957608473692
0.0 0.09998949994402562
0.0 0.09998989675317473
0.0 0.09999051221226316
0.0 0.10021543821464518
0.0 0.10034837737774521
0.0 0.10038257584788235
0.0 0.10047852268050962
0.0 0.10055019936987356
0.0 0.10072291662563607
0.0 0.10087325060613002
0.0 0.10116499441033577
0.0 0.10118519928435712
0.0 0.10122517983066712
0.0 0.10134211705746807
0.0 0.101619057450968
0.0 0.1017561185703313
0.0 0.10178749078754923
0.0 0.10187117702728336
0.0 0.10188243345008484
0.0 0.10216604671580665
0.0 0.10221046504607002
0.0 0.1022122871288976
0.0 0.10237879310675456
0.0 0.10243134197550188
0.0 0.10265794429408527
0.0 0.10279179044952613
0.0 0.10292046188973668
0.0 0.10295274919744135
0.0 0.10309590822066761
0.0 0.10337748885176842
0.0 0.10353663361500197
0.0 0.10370483210535208
0.0 0.10374426197774085
0.0 0.10388430321479548
0.0 0.10434266637090078
0.0 0.10434358955953342
0.0 0.10446902174138384
0.0 0.10458146449721009
0.0 0.1047469825012672
0.0 0.10483274996449773
0.0 0.10533025145973939
0.0 0.10553225161107754
0.0 0.10578389339678479
0.0 0.10619425074399286
0.0 0.10625107543377557
0.0 0.10633042106730713
0.0 0.10635169489658733
0.0 0.10670967343611197
0.0 0.10682750145896197
0.0 0.10686233158447934
0.0 0.10687241377612526
0.0 0.10728297357698084
0.0 0.1074119770411733
0.0 0.10746437204514853
0.0 0.10748680390929247
0.0 0.1076482647422535
0.0 0.10773093871375011
0.0 0.10779644461593799
0.0 0.10793732806016625
0.0 0.10794120707205251
0.0 0.10796983401781023
0.0 0.10800080942587903
0.0 0.10808008217609749
0.0 0.10827703718253973
0.0 0.10856569559315744
0.0 0.10863728320291648
0.0 0.10882571895987155
0.0 0.10882822938510066
0.0 0.10899101021584344
0.0 0.10899335058000864
0.0 0.10905323636894168
0.0 0.10938254747197912
0.0 0.10946884941283908
0.0 0.1095190012303999
0.0 0.1096561514293681
0.0 0.10979697818657506
0.0 0.10991459565763165
0.0 0.10994991977004893
0.0 0.11011819924185806
0.0 0.11030881340006032
0.0 0.11045726051255951
0.0 0.11055854402333509
0.0 0.1105915601641708
0.0 0.11059672678125522
0.0 0.11080306753879594
0.0 0.11111808541431928
0.0 0.1113734685434325
0.0 0.11140854971147278
0.0 0.11147743254050109
0.0 0.11166141431721098
0.0 0.1117066667565021
0.0 0.11175080165165897
0.0 0.11181987073804299
0.0 0.11214029007688185
0.0 0.11216213077637507
0.0 0.11222239717816543
0.0 0.11222549876804526
0.0 0.11232925221332045
0.0 0.11267433850457176
0.0 0.11270952494850875
0.0 0.11275921517175325
0.0 0.11280863815618304
0.0 0.11295312527533696
0.0 0.11300815217672978
0.0 0.11301946528655257
0.0 0.11358426237422607
0.0 0.11388563487390733
0.0 0.11394484851673065
0.0 0.11437090816883948
0.0 0.11457522438990513
0.0 0.11458515271677894
0.0 0.11470048651069163
0.0 0.11498196186589574
0.0 0.11513351056827476
0.0 0.1155241165376319
0.0 0.11568629000743215
0.0 0.11573368035724096
0.0 0.11581028881745821
0.0 0.11592661868331662
0.0 0.11605443172006173
0.0 0.11656836435333519
0.0 0.11680576150040374
0.0 0.11692913675319547
0.0 0.11717383842786612
0.0 0.1176716557507979
0.0 0.11773769613061519
0.0 0.11774780261669882
0.0 0.11798556418033289
0.0 0.11802704288363444
0.0 0.11845765369373927
0.0 0.11877557880364083
0.0 0.11897407245780413
0.0 0.11940556596581209
0.0 0.11941634459800544
0.0 0.11965762885510615
0.0 0.11968647445080319
0.0 0.11974051337839617
0.0 0.11986091661164247
0.0 0.11993793807730062
0.0 0.11997461458008328
0.0 0.12001377721365733
0.0 0.12001389058769994
0.0 0.12018021030820118
0.0 0.12018400833862844
0.0 0.1202232276592238
0.0 0.12037812089585966
0.0 0.12055264403815795
0.0 0.12056525285132477
0.0 0.12073265772337667
0.0 0.12078432389422085
0.0 0.12082893657998584
0.0 0.12108204413010105
0.0 0.1212200527325347
0.0 0.12166709468067131
0.0 0.12244784502506927
0.0 0.12256029587904142
0.0 0.1225951179064129
0.0 0.12269982693290434
0.0 0.12272777363440641
0.0 0.1229942431252572
0.0 0.12305327860887069
0.0 0.12307107023541375
0.0 0.12308264248590534
0.0 0.12314493342417078
0.0 0.12330982787099355
0.0 0.12354610747392786
0.0 0.12358885758613576
0.0 0.12384107434020195
0.0 0.12390917974722383
0.0 0.12396444149484777
0.0 0.12419041215805093
0.0 0.12445632287683459
0.0 0.12461009856933619
0.0 0.12486230722525647
0.0 0.12490423942472845
0.0 0.12492827472176066
0.0 0.12497523586983675
0.0 0.1256775151804604
0.0 0.12577151035992565
0.0 0.1260912980433843
0.0 0.12616150087019437
0.0 0.12645169792853314
0.0 0.1266416561369175
0.0 0.1269820050128171
0.0 0.12700407246039552
0.0 0.12705791703248692
0.0 0.12713938438024436
0.0 0.12749311949131722
0.0 0.12750961541451622
0.0 0.1275393356099705
0.0 0.12759798238258077
0.0 0.12761912664152655
0.0 0.1276814580705215
0.0 0.12770835201305655
0.0 0.12784774539843916
0.0 0.12787152965294846
0.0 0.12789949255074234
0.0 0.12862716764690943
0.0 0.12868336068131192
0.0 0.12907651756662766
0.0 0.1291105297794091
0.0 0.12941708509246658
0.0 0.12945955986771387
0.0 0.12954250917617108
0.0 0.12965951118813923
0.0 0.1299464446936802
0.0 0.12998117764144676
0.0 0.13015611378918596
0.0 0.13025614208734698
0.0 0.1304075045323703
0.0 0.13042935333000943
0.0 0.13058085344351303
0.0 0.1305826026430275
0.0 0.13065210093114424
0.0 0.13079663663917357
0.0 0.13079669332619487
0.0 0.13097096542597025
0.0 0.1310269155159957
0.0 0.1316239189299149
0.0 0.13168261429140057
0.0 0.13175602398398717
0.0 0.13216912660265548
0.0 0.1322024504730354
0.0 0.13221619302662826
0.0 0.1323327496405719
0.0 0.13289211287234626
0.0 0.13303131190222725
0.0 0.13328785306620422
0.0 0.1333414789883563
0.0 0.1335355348585662
0.0 0.1336862818445011
0.0 0.13411764578217464
0.0 0.1343030123418335
0.0 0.1343811594497718
0.0 0.13461452372018198
0.0 0.13468966641599125
0.0 0.1347515605451076
0.0 0.13500574514862754
0.0 0.13579910430619233
0.0 0.13601080603631907
0.0 0.13604323101250407
0.0 0.13614881463875272
0.0 0.1364197300117028
0.0 0.13651566064803825
0.0 0.13674430369938853
0.0 0.13699978400625254
0.0 0.13709514777237497
0.0 0.13715301712297884
0.0 0.13720103912816786
0.0 0.13734377704780731
0.0 0.1373903575830261
0.0 0.13741197963258
0.0 0.13745394422463558
0.0 0.13779573457050545
0.0 0.13797360224706057
0.0 0.13817650939073955
0.0 0.13824250927982734
0.0 0.13917914083466099
0.0 0.1391796591159986
0.0 0.13922714664355823
0.0 0.13999086658712775
0.0 0.14002440910744698
0.0 0.14004771557134815
0.0 0.14023321170134143
0.0 0.14054369461516056
0.0 0.14107222820549234
0.0 0.14110060410872713
0.0 0.14112509290192976
0.0 0.14129806929836108
0.0 0.14157677508766728
0.0 0.14176534851310266
0.0 0.14224846770122532
0.0 0.14225185272621166
0.0 0.1423097544693991
0.0 0.14233584669549001
0.0 0.1423679963347144
0.0 0.14238087238669592
0.0 0.14252702772390533
0.0 0.14274653606668
0.0 0.1428508563821682
0.0 0.1429428351233043
0.0 0.14358236190134618
0.0 0.14358449981186389
0.0 0.14409350067428403
0.0 0.14414192758676808
0.0 0.14451074954365328
0.0 0.14488318327361005
0.0 0.14510994755511145
0.0 0.1452932733820034
0.0 0.1462240742717888
0.0 0.1463449148049137
0.0 0.1464912321050411
0.0 0.14734566747898628
0.0 0.1475418207689844
0.0 0.14760649256214453
0.0 0.14883830153504565
0.0 0.14906310606523918
0.0 0.14911990646058418
0.0 0.14967858134995704
0.0 0.1497126259553221
0.0 0.1500765404357917
0.0 0.15026634477940393
0.0 0.15038794653824347
0.0 0.15073875821864632
0.0 0.1508565700452045
0.0 0.15092564722973442
0.0 0.1510974736894479
0.0 0.1511823746510671
0.0 0.1513925053408892
0.0 0.1519194840872081
0.0 0.15222998319731904
0.0 0.15254001261496775
0.0 0.15307628803278026
0.0 0.15395198913785973
0.0 0.15398747521319503
0.0 0.15418494040282898
0.0 0.1545509927938163
0.0 0.15502458856236012
0.0 0.15524111678744348
0.0 0.1556356422594164
0.0 0.15565679461650808
0.0 0.15610068638588948
0.0 0.15671413713413224
0.0 0.1573810032527337
0.0 0.1577737471326085
0.0 0.1581633165392904
0.0 0.15845501175462073
0.0 0.15852242072109518
0.0 0.15863671795233264
0.0 0.15890170548248364
0.0 0.15891142325756405
0.0 0.160365493942846
0.0 0.16046003169808662
0.0 0.160573357151816
0.0 0.1607333117296396
0.0 0.16078967482510595
0.0 0.16105605523635183
0.0 0.16123222230226789
0.0 0.16170411746017266
0.0 0.16218352769747296
0.0 0.16218739861121334
0.0 0.16270273222372755
0.0 0.16303895104521798
0.0 0.16350874068518867
0.0 0.16371156684740865
0.0 0.16378987591826497
0.0 0.16423990608223882
0.0 0.16429937886573093
0.0 0.16450691814886492
0.0 0.16491015722582658
0.0 0.16494169140596251
0.0 0.16496648792870935
0.0 0.1650192392511042
0.0 0.16503473910235744
0.0 0.16562055897678826
0.0 0.1656688563189379
0.0 0.16635274474022185
0.0 0.16691313643652556
0.0 0.16720612735519996
0.0 0.1678512904427885
0.0 0.16856185415666816
0.0 0.16872098272360989
0.0 0.16900872604374087
0.0 0.1693826336362515
0.0 0.16991097287108167
0.0 0.17037157921360135
0.0 0.170930594225102
0.0 0.17181504132775385
0.0 0.17215228051562773
0.0 0.17216837962967763
0.0 0.1722034122088425
0.0 0.1730324517972442
0.0 0.17319880391032905
0.0 0.1733323585325175
0.0 0.17421693520550374
0.0 0.1742351236411959
0.0 0.1744620822781989
0.0 0.17513618813923523
0.0 0.17529998123821558
0.0 0.17539911874032757
0.0 0.17603393239745543
0.0 0.1779275542459162
0.0 0.17851160872454072
0.0 0.1786503623563972
0.0 0.17867062391743985
0.0 0.17936278864383395
0.0 0.18012129338144367
0.0 0.18045864594336014
0.0 0.18109252021556357
0.0 0.1819365089812973
0.0 0.18250668323784863
0.0 0.18404108753046197
0.0 0.1853693778136198
0.0 0.18725929071125821
0.0 0.191941509100502
0.0 0.19252174125426158
0.0 0.19438570769243527
0.0 0.19471188481300927
0.0 0.19655202650594417
0.0 0.19712404713976078
0.0 0.19929378337083964
0.0 0.20022275407965154
0.0 0.20249282633843563
0.0 0.20457971853695398
0.0 0.20637889980792493
0.0 0.21225454195850224
0.0 0.21543711329733697
0.0 0.21735715129772465
0.0 0.22032265993384656
0.0 0.22136600885535493
0.0 0.22864254926523256
0.0 0.22944322914669124
0.0 0.24709516267296344
0.0 0.31907835066293366
0.0 0.3210559178917974
