0.0 0.000544502944246954
0.0 0.005061009163732331
0.0 0.0058466153588657725
0.0 0.006036354411176685
0.0 0.006260617377863115
0.0 0.006753496350198035
0.0 0.007661446802923262
0.0 0.007723353079258433
0.0 0.008180600715765964
0.0 0.008296660812139083
0.0 0.008894912352795143
0.0 0.010636038015806544
0.0 0.010861726256171435
0.0 0.011321853795814775
0.0 0.011337430579454084
0.0 0.011636617592010486
0.0 0.011863636965107746
0.0 0.01209579562404701
0.0 0.012321496011630751
0.0 0.012509643272138129
0.0 0.012593780983506215
0.0 0.013344660304482512
0.0 0.013612015530041141
0.0 0.013714001554973583
0.0 0.014082324463617686
0.0 0.014359434918181516
0.0 0.014481674406010716
0.0 0.014600755616938781
0.0 0.01495188110049527
0.0 0.015250709770095582
0.0 0.01559030349388998
0.0 0.016125852103107925
0.0 0.0162480936154736
0.0 0.016433394377697006
0.0 0.016810070523837314
0.0 0.016914855470446563
0.0 0.01696799550384461
0.0 0.016991635003995947
0.0 0.017173298686441865
0.0 0.017230544479811385
0.0 0.017407416084420774
0.0 0.01792080006830948
0.0 0.018013623041155686
0.0 0.0189725548652624
0.0 0.019010838850006272
0.0 0.01920183969467528
0.0 0.01931094196531765
0.0 0.019600626815928238
0.0 0.020342722685407374
0.0 0.02038033654857799
0.0 0.020915486324110343
0.0 0.02124224853572565
0.0 0.02124232344357523
0.0 0.021365392991359214
0.0 0.021641195595360138
0.0 0.021681844238706907
0.0 0.021740298680352058
0.0 0.02192113635191614
0.0 0.022177481135855014
0.0 0.022224472651978227
0.0 0.022271763799499755
0.0 0.022319947767606794
0.0 0.022456905635609866
0.0 0.022679359678955808
0.0 0.022875822723034598
0.0 0.022880819279055113
0.0 0.022953882775904478
0.0 0.02315505489182432
0.0 0.02340890544682589
0.0 0.02348391654776429
0.0 0.023519584831382348
0.0 0.02358762950230998
0.0 0.02374939401574228
0.0 0.02380765815095877
0.0 0.023840979996802205
0.0 0.024081359286098555
0.0 0.024149507208386413
0.0 0.02417827587169738
0.0 0.024297952296349123
0.0 0.024577048821195012
0.0 0.02470779946036547
0.0 0.02473693456477843
0.0 0.024829538887685323
0.0 0.024948804331432622
0.0 0.024958550450023684
0.0 0.02503447461691235
0.0 0.02529072627217337
0.0 0.025504126588402728
0.0 0.02551192105383181
0.0 0.02551258712633211
0.0 0.025548144060444044
0.0 0.025564759431295072
0.0 0.02563994059329738
0.0 0.025644020034294675
0.0 0.025714892982678
0.0 0.025963807717753314
0.0 0.026169122035301178
0.0 0.026330345997494627
0.0 0.026459315044567014
0.0 0.02660100425431236
0.0 0.026688861039185177
0.0 0.026813149357927165
0.0 0.026941219510804613
0.0 0.027282119060625443
0.0 0.027370496151372357
0.0 0.02738566802771665
0.0 0.027721522432641567
0.0 0.027773903264861458
0.0 0.02777770534436167
0.0 0.027816110801294047
0.0 0.027862956550791053
0.0 0.028324360560681935
0.0 0.028430405781246924
0.0 0.028743678506328734
0.0 0.0288562508324894
0.0 0.028882436187258158
0.0 0.029057615279374373
0.0 0.029058129511639046
0.0 0.029242757115484484
0.0 0.029284484836772477
0.0 0.029320920419714593
0.0 0.02940106574515381
0.0 0.029652709555397536
0.0 0.030009323557337982
0.0 0.03001155054746058
0.0 0.030189171230565744
0.0 0.030233273733139013
0.0 0.030276351820255887
0.0 0.030385537096893733
0.0 0.030504081805655902
0.0 0.030945037997148418
0.0 0.031123786347070206
0.0 0.03126561727436881
0.0 0.031323662759645994
0.0 0.031395918466441804
0.0 0.03139704613325842
0.0 0.03141572653131404
0.0 0.0314473720609561
0.0 0.0315371238119696
0.0 0.031569862591308215
0.0 0.031689881162624244
0.0 0.03199085280408343
0.0 0.032089654233140565
0.0 0.032289145983786086
0.0 0.03240039426309205
0.0 0.03283982192954587
0.0 0.032888350068853676
0.0 0.03318040565167659
0.0 0.03327333997402892
0.0 0.033459012238695504
0.0 0.033662787908522306
0.0 0.034059765094166534
0.0 0.034149443961866935
0.0 0.03425491016500005
0.0 0.03442783797255597
0.0 0.03447873886861257
0.0 0.03454276685917363
0.0 0.034593582724698285
0.0 0.03490573790564585
0.0 0.03497355582848827
0.0 0.035018439802140915
0.0 0.03505544832890548
0.0 0.035142296894613706
0.0 0.03530904176777472
0.0 0.03564824070695648
0.0 0.03565352474715645
0.0 0.03568967082138263
0.0 0.03581212693461466
0.0 0.0358745393450686
0.0 0.036002113486509654
0.0 0.03606763963406228
0.0 0.03618773918683731
0.0 0.03619741242211527
0.0 0.03644774635725962
0.0 0.03653541688477673
0.0 0.03656108395820787
0.0 0.03660189051539969
0.0 0.03676541637556532
0.0 0.036891123894376335
0.0 0.0370992745875258
0.0 0.03709970783833146
0.0 0.03717346170211884
0.0 0.03719272719121575
0.0 0.037274976010052585
0.0 0.037404250762132704
0.0 0.037543822306725115
0.0 0.03759537105445375
0.0 0.03760443287971623
0.0 0.0376852078359992
0.0 0.03774913459973651
0.0 0.03779961439220629
0.0 0.037890588963250746
0.0 0.03792619651077455
0.0 0.03792833847036519
0.0 0.03797773716035728
0.0 0.03808938224881236
0.0 0.03812487237322061
0.0 0.038165435986035424
0.0 0.03827534402219488
0.0 0.0383123242054488
0.0 0.03838362433102836
0.0 0.03867808101411073
0.0 0.038966180652661324
0.0 0.03899265349160955
0.0 0.039000990532813945
0.0 0.0390697073498513
0.0 0.039225114818751836
0.0 0.039356248095316085
0.0 0.039496625405425576
0.0 0.03951069998300037
0.0 0.0395892843908173
0.0 0.039596038244498186
0.0 0.03966709137662779
0.0 0.03969117121346246
0.0 0.03993220037896732
0.0 0.04030053644709851
0.0 0.04032681088147217
0.0 0.04034692262681567
0.0 0.04037214430222229
0.0 0.04043541511614167
0.0 0.04046685616759975
0.0 0.040519692520526535
0.0 0.04077163798670505
0.0 0.04078731194809516
0.0 0.04089102490264085
0.0 0.04129473772113769
0.0 0.041476674716007744
0.0 0.04201243185248262
0.0 0.04204824185365393
0.0 0.04205385791783582
0.0 0.042113537204048396
0.0 0.04213865360355831
0.0 0.04217643145418341
0.0 0.04217682421425958
0.0 0.04229796032970986
0.0 0.042466681150470545
0.0 0.04259962436264352
0.0 0.04292198320742552
0.0 0.04302835235382652
0.0 0.043240240341308994
0.0 0.04329060675973617
0.0 0.04329382982180451
0.0 0.04347738239678168
0.0 0.04348825820672584
0.0 0.043648326158592016
0.0 0.04366616232493752
0.0 0.043771102148587114
0.0 0.04387137339112516
0.0 0.043874098417220626
0.0 0.043965793723250206
0.0 0.04405003468597852
0.0 0.04446402810069584
0.0 0.044503526807324764
0.0 0.044560132847168164
0.0 0.04472956225569513
0.0 0.044804275749771694
0.0 0.04503592726232395
0.0 0.04533034345467681
0.0 0.04539863916812736
0.0 0.04542575580967465
0.0 0.04546181280429593
0.0 0.04546872862089482
0.0 0.045539267520759756
0.0 0.04554098432769063
0.0 0.04556723851669954
0.0 0.0456052876552123
0.0 0.04574578238843735
0.0 0.045752783235568195
0.0 0.04593825507112375
0.0 0.046064136700071624
0.0 0.046474651961124755
0.0 0.04652941567277582
0.0 0.046555277101708564
0.0 0.04667629579404329
0.0 0.04668509442956401
0.0 0.04674316623381537
0.0 0.0467687766202252
0.0 0.04689580818589093
0.0 0.04694306491629238
0.0 0.04704040867908745
0.0 0.047078923460989484
0.0 0.04722720051242476
0.0 0.0472755221490121
0.0 0.04750128226042186
0.0 0.04786870728713926
0.0 0.04788518701404646
0.0 0.048078489756687645
0.0 0.04814331946369284
0.0 0.04843296179903745
0.0 0.04849248317140497
0.0 0.048694459028305416
0.0 0.04885371311650861
0.0 0.04890167843467634
0.0 0.04899380294243864
0.0 0.04906426086084457
0.0 0.04910689354993693
0.0 0.049223178875992896
0.0 0.04927897105217331
0.0 0.049330872069248605
0.0 0.04946157614408014
0.0 0.04960260130586166
0.0 0.04960784485533213
0.0 0.049636253151150535
0.0 0.04981368352782704
0.0 0.04989428842304611
0.0 0.04992176543208597
0.0 0.0499957419948856
0.0 0.050010695221290584
0.0 0.05005601649482185
0.0 0.05014137905075736
0.0 0.050220076832616894
0.0 0.0502249114257194
0.0 0.05031938034671985
0.0 0.05040371848719897
0.0 0.05042774568608529
0.0 0.050448258289650855
0.0 0.05057360544096931
0.0 0.05063101724632979
0.0 0.050824392872284074
0.0 0.05093806249721424
0.0 0.0510033497494628
0.0 0.05128723835214522
0.0 0.051302236118352655
0.0 0.051344188563189376
0.0 0.05135025812354169
0.0 0.051504066208626895
0.0 0.05155982599222371
0.0 0.05156994867459914
0.0 0.05158982152463858
0.0 0.0516766376977632
0.0 0.05182416162162975
0.0 0.0518253925398066
0.0 0.05199933261560006
0.0 0.052007038001424234
0.0 0.05207986462750602
0.0 0.05227841091961767
0.0 0.05227977140812893
0.0 0.052365607705599615
0.0 0.0523865738053356
0.0 0.052410767016212875
0.0 0.05241757350784212
0.0 0.05264801434758227
0.0 0.05272952623514217
0.0 0.05275241159545654
0.0 0.052853735596961625
0.0 0.05288650474434736
0.0 0.0531744950579283
0.0 0.053363870199807824
0.0 0.053454006612751584
0.0 0.05355681662402939
0.0 0.05355859821612746
0.0 0.05359627888900176
0.0 0.053600109312012624
0.0 0.053715382369831054
0.0 0.053790978561810754
0.0 0.05384996545654885
0.0 0.054104097422120453
0.0 0.054721807795106804
0.0 0.05475607105041115
0.0 0.054966359654078305
0.0 0.05497086222319889
0.0 0.05507538904140757
0.0 0.05508745527879908
0.0 0.05519493792026138
0.0 0.0551955047904744
0.0 0.05533970442544886
0.0 0.05538537391925384
0.0 0.05550044047435181
0.0 0.055558079027797504
0.0 0.05565081494557528
0.0 0.0557045906834265
0.0 0.055790560600304545
0.0 0.055831719426843035
0.0 0.05584453474273033
0.0 0.055920900258570556
0.0 0.05602245910630676
0.0 0.0560364810459332
0.0 0.05612774715023006
0.0 0.05613623805620657
0.0 0.05623946512199825
0.0 0.05637005177371422
0.0 0.05668732093379785
0.0 0.05673397435232973
0.0 0.056762670132327595
0.0 0.056769557605415834
0.0 0.056773080298882485
0.0 0.05679252394718921
0.0 0.056811919006620526
0.0 0.05686552063433489
0.0 0.05701381388206197
0.0 0.057105881702802966
0.0 0.05736016753314668
0.0 0.05740689788406461
0.0 0.05755952768892132
0.0 0.0578224137502112
0.0 0.05791749408122712
0.0 0.05810439119046114
0.0 0.05821135555058581
0.0 0.05833463767469968
0.0 0.05835144942558879
0.0 0.058402573020657655
0.0 0.05840891791797058
0.0 0.058422988446472424
0.0 0.058536184329867416
0.0 0.05853960174743736
0.0 0.058611626657075006
0.0 0.058658616148661746
0.0 0.0588098530724236
0.0 0.05883828161360675
0.0 0.05895370448712434
0.0 0.05908398745836905
0.0 0.059199390086521884
0.0 0.05933805058970051
0.0 0.05943268957176486
0.0 0.059725967974618724
0.0 0.05986445436766049
0.0 0.06014340715041665
0.0 0.06034630619594974
0.0 0.06035264299511675
0.0 0.060588396218567535
0.0 0.060614739487181345
0.0 0.06066263597110892
0.0 0.060699579712706286
0.0 0.060709139573941646
0.0 0.060810767255918
0.0 0.06096400037264428
0.0 0.060965458038906344
0.0 0.06104187214362198
0.0 0.061082711093397406
0.0 0.061177252897710956
0.0 0.061328838041746526
0.0 0.06133480637527508
0.0 0.06142842094188304
0.0 0.061441969139974316
0.0 0.061586399572106924
0.0 0.061628428949329704
0.0 0.06165133860408178
0.0 0.06168905976768557
0.0 0.061826128985194774
0.0 0.06194648362956567
0.0 0.06195298644072365
0.0 0.06200292770649106
0.0 0.06205283657967487
0.0 0.06211289647874477
0.0 0.06219452174034727
0.0 0.06221040625353079
0.0 0.06230385885722075
0.0 0.06231546754936889
0.0 0.062491452407002185
0.0 0.0625471474054318
0.0 0.06257198441890814
0.0 0.0626537352017721
0.0 0.0627149166940492
0.0 0.06297593613270905
0.0 0.06301464527011269
0.0 0.0630928652613641
0.0 0.06316218134119808
0.0 0.06316233520597019
0.0 0.06322612025215424
0.0 0.0633491432355993
0.0 0.06347357934550396
0.0 0.06350363561401308
0.0 0.06356267514669953
0.0 0.06358339020391261
0.0 0.06368704242236405
0.0 0.0638078384156865
0.0 0.06396757839264372
0.0 0.06399658595125875
0.0 0.06400817439804214
0.0 0.06413621418287246
0.0 0.06429780053709495
0.0 0.0643215483499477
0.0 0.0643344527454399
0.0 0.06446486933609197
0.0 0.06452025255590442
0.0 0.06452535033874868
0.0 0.06453256578674589
0.0 0.06469695005037694
0.0 0.06476531054899469
0.0 0.06482292480800268
0.0 0.06497500393893817
0.0 0.06497522258887747
0.0 0.06500492253896699
0.0 0.06511962872657238
0.0 0.06526124910207758
0.0 0.06545432509663356
0.0 0.06547927953322547
0.0 0.06548636541088826
0.0 0.0655403112098034
0.0 0.06555543044819934
0.0 0.06557194661676309
0.0 0.06574151774284331
0.0 0.06578330822476203
0.0 0.06583861046311547
0.0 0.0658617104242962
0.0 0.0658677232976272
0.0 0.06600633521193042
0.0 0.06603941208886037
0.0 0.06607169939656504
0.0 0.06608657569058397
0.0 0.06643560577888874
0.0 0.06647112424680765
0.0 0.06648481416245218
0.0 0.06650704357294862
0.0 0.06664523843273797
0.0 0.06671330334903035
0.0 0.06678614212233099
0.0 0.06700260151317419
0.0 0.06701389842670517
0.0 0.06702495644493209
0.0 0.06711337605094499
0.0 0.0673572679110256
0.0 0.0675128656863548
0.0 0.06754723421755585
0.0 0.06762133225254398
0.0 0.06762489948581309
0.0 0.06763093665358179
0.0 0.06783895372732389
0.0 0.06787082802958765
0.0 0.06788096690825488
0.0 0.0680516758238341
0.0 0.06814309579290306
0.0 0.0681933528863606
0.0 0.06838773268240653
0.0 0.0686401437919743
0.0 0.06865785443705837
0.0 0.06898041978456082
0.0 0.06898135107133935
0.0 0.06899603300985667
0.0 0.06905287389593118
0.0 0.06910607061635053
0.0 0.06917333381619878
0.0 0.069242386706291
0.0 0.0693342601715304
0.0 0.06942786663999245
0.0 0.06943615914139441
0.0 0.06961844840561113
0.0 0.0699203958736513
0.0 0.06995163042238893
0.0 0.06997658890805378
0.0 0.07001870736488146
0.0 0.07022080469397042
0.0 0.07037964982580565
0.0 0.07050033649415845
0.0 0.0707852211687866
0.0 0.07085776435976188
0.0 0.07105240329647662
0.0 0.07113140070973446
0.0 0.07131224850398092
0.0 0.07135805971533916
0.0 0.0717110983858646
0.0 0.07178437850811681
0.0 0.07186365935648116
0.0 0.07204035280188074
0.0 0.07229088514159965
0.0 0.07242296590123423
0.0 0.07243465152576843
0.0 0.0724834833455475
0.0 0.0726723321079435
0.0 0.07267653504566576
0.0 0.07276204336822749
0.0 0.07282171860536711
0.0 0.0730810374333879
0.0 0.0731450775711678
0.0 0.0731827420477503
0.0 0.07326916546079876
0.0 0.0733929132283019
0.0 0.07344691976331127
0.0 0.07360910942940334
0.0 0.0738204872336941
0.0 0.0738275893076487
0.0 0.07393283281176954
0.0 0.07393671182365581
0.0 0.07399530190924479
0.0 0.07403973643579997
0.0 0.07447457447806478
0.0 0.07453596652213527
0.0 0.07470549310841305
0.0 0.07471050586072536
0.0 0.07472275835547258
0.0 0.07474731193384242
0.0 0.07476283607953338
0.0 0.07477849789370464
0.0 0.07491764833471024
0.0 0.07494800828369062
0.0 0.07494932018332648
0.0 0.07500450904763731
0.0 0.07501236424916065
0.0 0.07505494430030464
0.0 0.07516161307810396
0.0 0.07516201798539898
0.0 0.07530852154288208
0.0 0.07537451333382397
0.0 0.0754274023246991
0.0 0.07547640420554208
0.0 0.07550872390583035
0.0 0.07553736704787986
0.0 0.07559087959598933
0.0 0.07560497036985593
0.0 0.07563526553366912
0.0 0.07572531691608092
0.0 0.07578414184790101
0.0 0.0758027270927423
0.0 0.07612035257124554
0.0 0.0762018361152948
0.0 0.0762564581093926
0.0 0.0763694434409942
0.0 0.07664959070027065
0.0 0.07681203140888562
0.0 0.07695039632973888
0.0 0.07697613223741016
0.0 0.07698652215860032
0.0 0.07700198151912406
0.0 0.07703897384959683
0.0 0.07712711406957616
0.0 0.07722439709627697
0.0 0.07737808370917368
0.0 0.0774446504684745
0.0 0.077525056959119
0.0 0.07756256757092939
0.0 0.07762826782861887
0.0 0.07773392433818065
0.0 0.07798996341711179
0.0 0.07811924221826486
0.0 0.07816139306767614
0.0 0.07819784282237359
0.0 0.07823001675603565
0.0 0.07840348713936689
0.0 0.07863592822114443
0.0 0.07865902413325221
0.0 0.0787013045529979
0.0 0.07873834547234607
0.0 0.07876093929940801
0.0 0.07891477977707684
0.0 0.07902595112399674
0.0 0.07905330666084809
0.0 0.07909058242642737
0.0 0.07917892510005421
0.0 0.07939281332957407
0.0 0.07964827744014628
0.0 0.07996430758390716
0.0 0.07996680991099037
0.0 0.08003790353384947
0.0 0.080232396703938
0.0 0.08038036602582907
0.0 0.0804024496696993
0.0 0.08043864028372794
0.0 0.08047150255979153
0.0 0.08049849368007737
0.0 0.0805087054420577
0.0 0.08059512075696026
0.0 0.08060968122328907
0.0 0.08080351034541378
0.0 0.0809151189922123
0.0 0.081103830086128
0.0 0.08110976602707294
0.0 0.08116420176381504
0.0 0.08122704337600171
0.0 0.08127421507587121
0.0 0.08130192693114217
0.0 0.0813778713433956
0.0 0.08138168557011466
0.0 0.08138514347841411
0.0 0.08140249780507854
0.0 0.08146933990133996
0.0 0.08148064491301685
0.0 0.08149433077958843
0.0 0.08157539322005085
0.0 0.08175815217672978
0.0 0.0818812763869986
0.0 0.08204316642169235
0.0 0.08210510104153818
0.0 0.08215845162672963
0.0 0.08216723001688561
0.0 0.08219110335099981
0.0 0.082221398514813
0.0 0.08229257311913112
0.0 0.08260552596744986
0.0 0.08278176591667902
0.0 0.08295734181794436
0.0 0.08297881000272617
0.0 0.08300261855167317
0.0 0.08304919098874604
0.0 0.08314895204809236
0.0 0.08334694361720985
0.0 0.08345361239500916
0.0 0.08371250202129722
0.0 0.08372046249871726
0.0 0.08372770224115215
0.0 0.08384093051713075
0.0 0.08391081751625071
0.0 0.08397829126789237
0.0 0.08436339049803727
0.0 0.08437081649782788
0.0 0.08451029896281538
0.0 0.08459297293431199
0.0 0.08470219262806991
0.0 0.08484190184114263
0.0 0.08494917797988447
0.0 0.08508500818107091
0.0 0.0850964103704986
0.0 0.08510054042490778
0.0 0.08523654068715814
0.0 0.08529339776952444
0.0 0.0856211621266949
0.0 0.08580592132541123
0.0 0.08597972373272439
0.0 0.08604282448557986
0.0 0.08621332284936567
0.0 0.08640792939349681
0.0 0.08645701225579878
0.0 0.08650269389682262
0.0 0.08697503445275191
0.0 0.08705768412981081
0.0 0.08707787280754037
0.0 0.08711203888509392
0.0 0.08733014624862785
0.0 0.08749616633773077
0.0 0.08749962424603022
0.0 0.0875837963745184
0.0 0.08780216287872113
0.0 0.08790922036752366
0.0 0.08806894009911612
0.0 0.08807820437802612
0.0 0.08832126212907901
0.0 0.0884251856354181
0.0 0.08850633715548543
0.0 0.08853941808148834
0.0 0.0885690087066082
0.0 0.08896901662335563
0.0 0.08897858863180982
0.0 0.08903283811119622
0.0 0.08938606303907738
0.0 0.08963771292293053
0.0 0.08974919199939464
0.0 0.08982556561338079
0.0 0.090052589035551
0.0 0.09025996635576697
0.0 0.09029776040268386
0.0 0.09034633308179413
0.0 0.09036391415654377
0.0 0.09046459030637682
0.0 0.09062856156456697
0.0 0.0906859936152922
0.0 0.09069418084079744
0.0 0.0907188639895017
0.0 0.09074453511200578
0.0 0.09088274616808693
0.0 0.09110908934600151
0.0 0.09131946298020062
0.0 0.0913472639150765
0.0 0.09147175671200246
0.0 0.09170562306745846
0.0 0.09174880238139908
0.0 0.091829500405296
0.0 0.09196470704924813
0.0 0.09212752027257452
0.0 0.0922474781077963
0.0 0.09234713389124592
0.0 0.09244551826578919
0.0 0.0930483118540271
0.0 0.09323340307672533
0.0 0.09325667714804292
0.0 0.09325981113050635
0.0 0.09327925477881308
0.0 0.0937288314466165
0.0 0.09380363402029797
0.0 0.09410866688192618
0.0 0.09418052982864582
0.0 0.09420675972321703
0.0 0.0942415574561508
0.0 0.09442149015991053
0.0 0.09453991744555713
0.0 0.09459296030120438
0.0 0.09461153744789977
0.0 0.0948060306179883
0.0 0.09532653894573283
0.0 0.0953895587171293
0.0 0.0956115693869872
0.0 0.09564891803587958
0.0 0.09581578843030204
0.0 0.09582018572352594
0.0 0.09585895154795088
0.0 0.09589405701042886
0.0 0.0959659685460239
0.0 0.09615038762261241
0.0 0.0961550764490887
0.0 0.09636660002000566
0.0 0.09672852235658377
0.0 0.0967595625498198
0.0 0.09693528421771133
0.0 0.09695507608629177
0.0 0.09699060265235657
0.0 0.09703399251809061
0.0 0.09740091141068924
0.0 0.09750223541219433
0.0 0.09755602329726441
0.0 0.09765150853557535
0.0 0.09768827411796291
0.0 0.09770330427675394
0.0 0.0977353243456439
0.0 0.09825476371812958
0.0 0.09841059633968988
0.0 0.09863529559398669
0.0 0.09866201137731193
0.0 0.09874458817105772
0.0 0.09887794033959867
0.0 0.09893446539798306
0.0 0.0991788269505259
0.0 0.0993324082875259
0.0 0.09933440043141739
0.0 0.09943979780031034
0.0 0.09948262889397726
0.0 0.09950353020854605
0.0 0.09975082328990481
0.0 0.09976910080520189
0.0 0.09981928501534632
0.0 0.09983187763222134
0.0 0.1000054370951575
0.0 0.10007955132643742
0.0 0.10025180698788362
0.0 0.10045611511080337
0.0 0.10069117999185262
0.0 0.10079433417433119
0.0 0.10081270076923315
0.0 0.10086218853883015
0.0 0.1009103644087913
0.0 0.10109099355309845
0.0 0.10109757734571542
0.0 0.10195566498346165
0.0 0.10208254673342822
0.0 0.10223512390033657
0.0 0.10258694784897697
0.0 0.1026469632082444
0.0 0.10273302220472735
0.0 0.10288052183415619
0.0 0.10289428058404088
0.0 0.10302070073969112
0.0 0.1033225186373969
0.0 0.10342168853209249
0.0 0.10345377338614965
0.0 0.10345669681681968
0.0 0.10346215496715651
0.0 0.10383589249860323
0.0 0.10384382058343966
0.0 0.10389694442054592
0.0 0.10393340227338926
0.0 0.103948618689536
0.0 0.10400248755606509
0.0 0.10403049904273437
0.0 0.10418737632511581
0.0 0.10453667365223529
0.0 0.1047258382423214
0.0 0.10484297792276986
0.0 0.10500492464448492
0.0 0.10519057463925027
0.0 0.10541221279439676
0.0 0.10545895529253353
0.0 0.10594389656348377
0.0 0.10607664137108218
0.0 0.10621427745880441
0.0 0.10622445682820114
0.0 0.1063248900336572
0.0 0.10656945403984754
0.0 0.10669039984886916
0.0 0.10706592707055985
0.0 0.10771971468353224
0.0 0.10791534969219271
0.0 0.1081915693507075
0.0 0.10825342298909432
0.0 0.10828737851485447
0.0 0.10838503405626669
0.0 0.1087204997501884
0.0 0.10873562708673024
0.0 0.10882635061525178
0.0 0.10910881394425573
0.0 0.10917811787687087
0.0 0.10924683874298118
0.0 0.10930105582978397
0.0 0.1093915121194908
0.0 0.1097271478744764
0.0 0.10998544633611373
0.0 0.11014130325211174
0.0 0.11029199355102531
0.0 0.1105349460261815
0.0 0.11057806055495492
0.0 0.11058028754507752
0.0 0.11066654899520798
0.0 0.11079156007347156
0.0 0.1108680632577921
0.0 0.11091620673516964
0.0 0.11102023551740545
0.0 0.111030916971848
0.0 0.11104656258972746
0.0 0.11128757960801346
0.0 0.11157393814519548
0.0 0.11188093885627748
0.0 0.11226690458803372
0.0 0.11230625347896347
0.0 0.11245632022064272
0.0 0.11254902779490986
0.0 0.11284815710817672
0.0 0.11287218430706303
0.0 0.11315842947020245
0.0 0.11387222434429636
0.0 0.11439556702310602
0.0 0.11508393371907286
0.0 0.11528680037202234
0.0 0.11586108848669105
0.0 0.11591595342516588
0.0 0.11615881682071716
0.0 0.11662540769305721
0.0 0.11698822082568436
0.0 0.11699818964328769
0.0 0.11738487611002905
0.0 0.11768134923144061
0.0 0.11789868727111401
0.0 0.11860998791627061
0.0 0.11874738915776173
0.0 0.11900469964559922
0.0 0.11903200659357517
0.0 0.11906376752179632
0.0 0.11932262475550078
0.0 0.11960233471489862
0.0 0.11987155757535552
0.0 0.1199774570292943
0.0 0.12010922196123877
0.0 0.12082025536758068
0.0 0.12101268351046462
0.0 0.12227776776487027
0.0 0.12232025873640937
0.0 0.1226043821853229
0.0 0.12335350926998001
0.0 0.12375385730885526
0.0 0.1238209342513478
0.0 0.12386306890446727
0.0 0.12386519871683907
0.0 0.12414128880501946
0.0 0.12418873584184956
0.0 0.12422533136317321
0.0 0.12433350639610999
0.0 0.12494864155870003
0.0 0.1252362391122048
0.0 0.12528791338119488
0.0 0.1253168399583509
0.0 0.12631389177974703
0.0 0.12778007729129587
0.0 0.12819331757844446
0.0 0.1290704844479319
0.0 0.12910039090074188
0.0 0.12918538904011187
0.0 0.12977585725028945
0.0 0.12984659455472897
0.0 0.13011144441639966
0.0 0.13306425515974984
0.0 0.13497105269159046
0.0 0.1360702464272276
0.0 0.1371139516671556
0.0 0.13790256531122275
0.0 0.1379553976150766
0.0 0.14009042519282658
0.0 0.1407496952505735
0.0 0.14117891317958345
0.0 0.14185727866536335
0.0 0.14229869240209925
0.0 0.14474728018911048
0.0 0.1447847584083373
0.0 0.144796646486519
0.0 0.14501837372127038
0.0 0.14511490362040247
0.0 0.14520769217612858
0.0 0.14630576836763146
0.0 0.14650435110139967
0.0 0.14676723311361659
0.0 0.1476365042908512
0.0 0.14782658397142404
0.0 0.14798517806073636
0.0 0.14844008330854222
0.0 0.1489355926598924
0.0 0.1514115845726304
0.0 0.15389528592026552
0.0 0.15648910585585352
0.0 0.1569086545986585
0.0 0.1577480112249372
0.0 0.15810782804358123
0.0 0.16455089108110377
0.0 0.16473235433443864
0.0 0.16535346592870315
0.0 0.16869644534153186
0.0 0.17080172033124397
0.0 0.1742021803836733
0.0 0.17449855632733405
0.0 0.18592802031040906
0.0 0.18601993426637795
0.0 0.1937817641674795
0.0 0.21512262989944306
0.0 0.22406675670941106
0.0 0.2861472727517733
0.0 0.3736764066414644
