0.0 0.002834077499628781
0.0 0.0030464964218018414
0.0 0.003695215607708839
0.0 0.004259248685930061
0.0 0.004658444763550984
0.0 0.0049459932220462365
0.0 0.0058547165415708275
0.0 0.006107321500506102
0.0 0.006386693868446721
0.0 0.0064938718171695204
0.0 0.007059441265508273
0.0 0.007196824286171114
0.0 0.007244044574916012
0.0 0.008221063101757025
0.0 0.008286879264159705
0.0 0.008750712717820689
0.0 0.008953583419843127
0.0 0.00900108208235335
0.0 0.009247935839297025
0.0 0.009345162178976539
0.0 0.009527485860313331
0.0 0.01007358736590766
0.0 0.010129630584610983
0.0 0.010231352407533426
0.0 0.010716857511891966
0.0 0.01144491119637991
0.0 0.011653933452481894
0.0 0.011837840321342203
0.0 0.012071933424883413
0.0 0.012227956352872367
0.0 0.012523992174405299
0.0 0.013540410711722073
0.0 0.013595969053939613
0.0 0.013741346969142566
0.0 0.013909397668330005
0.0 0.014366411470874661
0.0 0.014407671524236908
0.0 0.014422661192298443
0.0 0.014676537054005952
0.0 0.01512737905710631
0.0 0.015133301838564175
0.0 0.015228585635495845
0.0 0.015619023568325547
0.0 0.015629178643284575
0.0 0.015876655957462578
0.0 0.01619448895095452
0.0 0.01651525954687181
0.0 0.016625669668077082
0.0 0.01728664843460896
0.0 0.018171259524715284
0.0 0.018283742771271042
0.0 0.018502099152791412
0.0 0.01873134349147479
0.0 0.018785483645891533
0.0 0.019149815180875003
0.0 0.01961032232110742
0.0 0.019709972030947615
0.0 0.01983475838566247
0.0 0.019840046474935397
0.0 0.02025060830032745
0.0 0.020384784455213755
0.0 0.020541819651440252
0.0 0.020712447585560474
0.0 0.020913348413592655
0.0 0.02107906887129727
0.0 0.021220033296984537
0.0 0.02134724707093302
0.0 0.021669160517690498
0.0 0.021778819535863515
0.0 0.02190365650399025
0.0 0.021967615660311156
0.0 0.02198659771430156
0.0 0.022111511614814346
0.0 0.02218942590105802
0.0 0.022297607007604223
0.0 0.022415022025013293
0.0 0.022424952376423588
0.0 0.022474387508072232
0.0 0.022539865066749452
0.0 0.022658336892198518
0.0 0.0229372066689592
0.0 0.02300496183117089
0.0 0.023195924209646872
0.0 0.023349434687870246
0.0 0.023351277016062575
0.0 0.023755900875973204
0.0 0.023817226110340022
0.0 0.023935987444505025
0.0 0.02401119492548151
0.0 0.02413338784897178
0.0 0.024197440133970544
0.0 0.02425003759159327
0.0 0.02433799965236279
0.0 0.02433910100020524
0.0 0.024388315457378098
0.0 0.02439538311421262
0.0 0.024454574487134704
0.0 0.024476508315305782
0.0 0.02462409297526658
0.0 0.024626702602782963
0.0 0.024628091434804874
0.0 0.02506471714277718
0.0 0.025119488952574147
0.0 0.025257590683685643
0.0 0.025410384475996837
0.0 0.02542413917680857
0.0 0.025425805370327563
0.0 0.025578846156088717
0.0 0.026013362297053984
0.0 0.026053377260484054
0.0 0.02612169524383582
0.0 0.02614248723343495
0.0 0.02644688641514646
0.0 0.026830489512836272
0.0 0.026999827817221867
0.0 0.027346661283451174
0.0 0.02780813817665516
0.0 0.027851414668346588
0.0 0.028025547075105184
0.0 0.02848714746503415
0.0 0.02855495324065772
0.0 0.02864956185467495
0.0 0.028919296922860042
0.0 0.028993498209208407
0.0 0.029020133011074634
0.0 0.029048215356520548
0.0 0.02967766196745297
0.0 0.029786735894584686
0.0 0.029929983997415848
0.0 0.029985110101095957
0.0 0.0303132915127803
0.0 0.03032349922568768
0.0 0.030324041801463003
0.0 0.03037956066521928
0.0 0.03040234277417342
0.0 0.030453494712752934
0.0 0.030504268063011607
0.0 0.030544155480643747
0.0 0.030593450919275608
0.0 0.03081702048221932
0.0 0.031163872169276904
0.0 0.03127217677254809
0.0 0.03143050767211864
0.0 0.031437492322957686
0.0 0.03176840888341987
0.0 0.03212165405666577
0.0 0.03221576868378308
0.0 0.032502400533389236
0.0 0.03287805530087787
0.0 0.03295761148620283
0.0 0.03296844073180807
0.0 0.03323378255584222
0.0 0.03338298886951956
0.0 0.033449478696434325
0.0 0.03350626289548753
0.0 0.03363395041097118
0.0 0.03373999765607265
0.0 0.03384694177083258
0.0 0.03409404859483564
0.0 0.034554816900273344
0.0 0.03455545665379947
0.0 0.03475029399508876
0.0 0.034761967472404114
0.0 0.03478481639106193
0.0 0.034887573764391375
0.0 0.03492499529659686
0.0 0.03496038014510841
0.0 0.03501678778037725
0.0 0.03505670354152004
0.0 0.03505897102237213
0.0 0.03506204831781426
0.0 0.03516056631176488
0.0 0.035334765528227154
0.0 0.035634186374746434
0.0 0.03586640475751171
0.0 0.03592239128919373
0.0 0.036102558839184555
0.0 0.03614349901578374
0.0 0.03633123833219139
0.0 0.036332805323423104
0.0 0.03642978466965266
0.0 0.0364709475452641
0.0 0.036493071679863834
0.0 0.036792043079285644
0.0 0.03679387326025912
0.0 0.036884880223887175
0.0 0.036922548749542615
0.0 0.03696635162071757
0.0 0.037037854199944646
0.0 0.03710514574330354
0.0 0.037153382349358936
0.0 0.037208380907241115
0.0 0.037813413632820474
0.0 0.03787103194090142
0.0 0.03787775745107165
0.0 0.03791058328547869
0.0 0.03797830403057031
0.0 0.03809684873933247
0.0 0.038153604594875025
0.0 0.038222791104374605
0.0 0.038263184656125514
0.0 0.03832232946470867
0.0 0.038378295751025936
0.0 0.03864748216982628
0.0 0.038770906011493404
0.0 0.03904734431994751
0.0 0.03904832419560145
0.0 0.039124280755073716
0.0 0.039259365926837334
0.0 0.03932665747019623
0.0 0.039383883018201005
0.0 0.039415068978063225
0.0 0.039491470935560005
0.0 0.039609756503653365
0.0 0.03963660590638595
0.0 0.03976861378270744
0.0 0.03977989045087367
0.0 0.039868119750457905
0.0 0.03991202789752956
0.0 0.039983680292455796
0.0 0.04012461232555946
0.0 0.04020779243117483
0.0 0.04035981892416197
0.0 0.040438451920854296
0.0 0.04054058978602237
0.0 0.04070175503665804
0.0 0.04075214979859587
0.0 0.04078271625029672
0.0 0.04082437311280808
0.0 0.04088133547107109
0.0 0.040965090545045386
0.0 0.041009541267892365
0.0 0.04109238530045287
0.0 0.04136643870493933
0.0 0.0414461568531823
0.0 0.0416610654490856
0.0 0.041769248580168276
0.0 0.041813715499307055
0.0 0.041960579424282725
0.0 0.042131559627749615
0.0 0.04236083838355307
0.0 0.04240499352407469
0.0 0.042676888772678695
0.0 0.04270866994626459
0.0 0.042846654254260534
0.0 0.042902677227599106
0.0 0.04295057776059963
0.0 0.042994890814966304
0.0 0.04301614034980881
0.0 0.04312921071194234
0.0 0.043205381872280964
0.0 0.043419124335174614
0.0 0.04349850641036272
0.0 0.043564951697475034
0.0 0.04360413457641384
0.0 0.04364694137564306
0.0 0.043693647432123284
0.0 0.043723651062684055
0.0 0.043901053095849914
0.0 0.04404292046480507
0.0 0.04423540529471032
0.0 0.04424633374260283
0.0 0.04440868132253995
0.0 0.04453454270612308
0.0 0.04464580718172084
0.0 0.044683329940750076
0.0 0.044718200556996955
0.0 0.0447476292191988
0.0 0.04479066681558617
0.0 0.04480014974443547
0.0 0.044832501837307345
0.0 0.044875608267934866
0.0 0.04494448299881728
0.0 0.04500478584226419
0.0 0.045175502855989313
0.0 0.045232570490149025
0.0 0.04530863637459095
0.0 0.04538165330710139
0.0 0.04575364973717953
0.0 0.046214146754729575
0.0 0.04628665350404829
0.0 0.04629614858011645
0.0 0.046516203547739415
0.0 0.0465346754185381
0.0 0.04665175841196525
0.0 0.0467852239545488
0.0 0.04680733999100264
0.0 0.046910700676201664
0.0 0.04708493633432049
0.0 0.047149579783969976
0.0 0.04716520920555763
0.0 0.04734205651572932
0.0 0.04735758875956618
0.0 0.047438286783463096
0.0 0.047514883096461485
0.0 0.04786950495451045
0.0 0.04800291785914564
0.0 0.048190256317331225
0.0 0.048242995492507205
0.0 0.04848397606913666
0.0 0.04868718284421396
0.0 0.049013497633268274
0.0 0.049072541215027674
0.0 0.049089195052071724
0.0 0.0490969490267713
0.0 0.049115469486445386
0.0 0.04911736445258607
0.0 0.049270063091682935
0.0 0.04933796604505731
0.0 0.04943596575767031
0.0 0.04952072905080919
0.0 0.049525110147741275
0.0 0.04952693223056886
0.0 0.04961684189542741
0.0 0.049683311476977424
0.0 0.049731094586862395
0.0 0.04977445206001283
0.0 0.04977925426053174
0.0 0.049793843070371206
0.0 0.04982182216445689
0.0 0.04983709121855198
0.0 0.04985890762360751
0.0 0.04986877116531412
0.0 0.04993339841867181
0.0 0.0502225629634083
0.0 0.05022322701137213
0.0 0.050262794552241204
0.0 0.05049811452488631
0.0 0.05054293371337176
0.0 0.050611476420272264
0.0 0.05066219105897316
0.0 0.05071290569767406
0.0 0.05078074386588123
0.0 0.05091797504630844
0.0 0.05113985614583193
0.0 0.05126459998528081
0.0 0.0513400018217589
0.0 0.051420865857646776
0.0 0.051514954165789904
0.0 0.05153419940952207
0.0 0.05153576640075379
0.0 0.05155166711022911
0.0 0.051637705861347305
0.0 0.051641358125148355
0.0 0.051660202510658455
0.0 0.05173979108856702
0.0 0.05191320883394992
0.0 0.05195566336383246
0.0 0.05216006461543007
0.0 0.05218855794178042
0.0 0.05222101126147605
0.0 0.052387715643907554
0.0 0.052616763602552845
0.0 0.05270454345503961
0.0 0.05299180493548952
0.0 0.05315690183595981
0.0 0.05317530082344539
0.0 0.053178455051273575
0.0 0.05338472697457415
0.0 0.05339403174421365
0.0 0.05353304451673893
0.0 0.05360685506754761
0.0 0.054096238171524175
0.0 0.05448469003407182
0.0 0.05449177996080756
0.0 0.05451794911928452
0.0 0.05454528036169818
0.0 0.054566424620643976
0.0 0.054626188937388506
0.0 0.0547760086856178
0.0 0.05477793604434208
0.0 0.05482474332764606
0.0 0.05482495792851242
0.0 0.054908959995936674
0.0 0.05497646614016193
0.0 0.05499512831738927
0.0 0.05503190199792273
0.0 0.055033221995704484
0.0 0.055064513231463406
0.0 0.0552201110067926
0.0 0.05536765112695094
0.0 0.0553926501033453
0.0 0.055448482770255214
0.0 0.05547302015233325
0.0 0.055924346019651155
0.0 0.05616577604337807
0.0 0.056179457860876705
0.0 0.05621644614227652
0.0 0.05628543829627449
0.0 0.05628748307811433
0.0 0.05632939503222155
0.0 0.05639270228779748
0.0 0.056449591762747386
0.0 0.05663124127343798
0.0 0.056648850691698276
0.0 0.056676331749811085
0.0 0.056692329637037214
0.0 0.05679524087513877
0.0 0.05679641105722137
0.0 0.05694138001605636
0.0 0.057065188519653746
0.0 0.05710595458611607
0.0 0.05714786249115034
0.0 0.057192236281611276
0.0 0.057193175666535714
0.0 0.05721852691227674
0.0 0.05729784015322469
0.0 0.05740539972707305
0.0 0.05748807369856965
0.0 0.05749521626325375
0.0 0.05751565193443327
0.0 0.05754992328788352
0.0 0.05759220370762921
0.0 0.05773695806559783
0.0 0.05777186917257421
0.0 0.05783024465729683
0.0 0.05802574199747701
0.0 0.05808144914312546
0.0 0.05813126083855847
0.0 0.05856967421223828
0.0 0.05876877117827116
0.0 0.058815631099523494
0.0 0.058828422120973084
0.0 0.058941686838608225
0.0 0.05898396725835392
0.0 0.0589847487294333
0.0 0.05900436648787688
0.0 0.05905112113323251
0.0 0.059145472631117406
0.0 0.059153092986409625
0.0 0.05916213456630736
0.0 0.05920843976456552
0.0 0.059240731121343135
0.0 0.059408148140613876
0.0 0.059460838726914454
0.0 0.05947967501427865
0.0 0.05961535135069299
0.0 0.059662899614346857
0.0 0.05972925582185427
0.0 0.05980191643594509
0.0 0.059831596140669845
0.0 0.059879290170949916
0.0 0.060005677934016566
0.0 0.06001228602107125
0.0 0.060036592605991125
0.0 0.06018136316025155
0.0 0.060185914318247546
0.0 0.06045854244905553
0.0 0.06046442575205214
0.0 0.060581865063898906
0.0 0.060679176434110374
0.0 0.060703009277495085
0.0 0.060859518094238056
0.0 0.06094506690752928
0.0 0.06111017190614547
0.0 0.06117138174193321
0.0 0.061324566269784095
0.0 0.061532255368617235
0.0 0.06160828076232965
0.0 0.06166579784358684
0.0 0.0616789735269667
0.0 0.06186194708451199
0.0 0.06188093318757534
0.0 0.0620522656603889
0.0 0.062052427623306906
0.0 0.062113892550690504
0.0 0.062211135086661824
0.0 0.062323023119493906
0.0 0.062353431657349696
0.0 0.062403668505442475
0.0 0.062454261671954864
0.0 0.06253948251033713
0.0 0.06259672830370665
0.0 0.06260321491857282
0.0 0.06261162889216328
0.0 0.06283031122405613
0.0 0.06286380515549995
0.0 0.0630754906893349
0.0 0.06327119453223555
0.0 0.06329288946510256
0.0 0.06357590346802774
0.0 0.06365233781810813
0.0 0.06381100479073354
0.0 0.06383530327750753
0.0 0.06388100516389611
0.0 0.06460342051430094
0.0 0.06470138783433034
0.0 0.06471679860597869
0.0 0.06477412538080721
0.0 0.06485621223672604
0.0 0.06499867886847782
0.0 0.06504370455968372
0.0 0.06510905254802654
0.0 0.06517307648951465
0.0 0.06553324962657829
0.0 0.06567509270109576
0.0 0.0656785749038329
0.0 0.06575596888420247
0.0 0.06581046940611178
0.0 0.06582379895426374
0.0 0.06610774019489452
0.0 0.0663296131962721
0.0 0.06638831260683074
0.0 0.06643288075279327
0.0 0.06654581749551945
0.0 0.06667196636328204
0.0 0.06668525946977746
0.0 0.06668824768561468
0.0 0.06671760751357637
0.0 0.06683617246770329
0.0 0.06690205493367554
0.0 0.06726895358090942
0.0 0.06745236848740628
0.0 0.06746447116645435
0.0 0.067680651171264
0.0 0.06772107711559851
0.0 0.06801667563725282
0.0 0.06813341041040626
0.0 0.06827366219925429
0.0 0.06832412984450523
0.0 0.06859651098186326
0.0 0.06859986361426601
0.0 0.06860601010700436
0.0 0.06860990531518243
0.0 0.06868362273731325
0.0 0.06877339878276445
0.0 0.06889493575643679
0.0 0.06905471217505056
0.0 0.06906459191304898
0.0 0.06913178222958412
0.0 0.0692968467374708
0.0 0.0693108322354407
0.0 0.06950640245893398
0.0 0.06968489369272343
0.0 0.07002337189692007
0.0 0.07004301799887429
0.0 0.07018829873632644
0.0 0.07025220930377195
0.0 0.07031178736316077
0.0 0.07031525336960612
0.0 0.07042632753877522
0.0 0.0704495935119469
0.0 0.07070861270856937
0.0 0.07080728861636504
0.0 0.07083974598513362
0.0 0.07084443481160992
0.0 0.07086364361368552
0.0 0.07091766634498671
0.0 0.07091880818355867
0.0 0.07093822753742769
0.0 0.07110824811060538
0.0 0.0711890919011285
0.0 0.07120120672739542
0.0 0.07135837554302928
0.0 0.07143534841981203
0.0 0.07153499610511575
0.0 0.07154011413332477
0.0 0.07155810821351533
0.0 0.07157238524473764
0.0 0.071649633458481
0.0 0.07170886329759611
0.0 0.07203397146291127
0.0 0.0721292461494288
0.0 0.07214960488822227
0.0 0.07230546180422026
0.0 0.07248141831834291
0.0 0.0725284199571485
0.0 0.07262946052354707
0.0 0.07288453592311607
0.0 0.07289716093257471
0.0 0.0730625250718597
0.0 0.07319803944535605
0.0 0.0733434578512885
0.0 0.07335856089339264
0.0 0.07336455352135889
0.0 0.07338560060255388
0.0 0.07338865360355831
0.0 0.07347828388238331
0.0 0.07353823445648354
0.0 0.07396844035929336
0.0 0.07399387663556634
0.0 0.07418242576656402
0.0 0.07424052996339897
0.0 0.07437992334878157
0.0 0.0744631560923453
0.0 0.07451596410176144
0.0 0.07456457727160119
0.0 0.07459670261638784
0.0 0.07496577561579597
0.0 0.07502451146801116
0.0 0.07507817788089273
0.0 0.07511924357875337
0.0 0.07520574797326082
0.0 0.07524153367999445
0.0 0.07529127249211436
0.0 0.07533709180161849
0.0 0.07546762581538612
0.0 0.07549973496388097
0.0 0.07557202711233334
0.0 0.07572922832055079
0.0 0.07590644004728798
0.0 0.07594662304724549
0.0 0.07605996469726668
0.0 0.07643874737360933
0.0 0.07660982880389997
0.0 0.07670084386567391
0.0 0.07713957711611678
0.0 0.07721265478472147
0.0 0.07728152141745799
0.0 0.07731119302403686
0.0 0.07737237451631394
0.0 0.07739881496267856
0.0 0.07744392973348938
0.0 0.0774517120516996
0.0 0.07750739490291035
0.0 0.07751975267355428
0.0 0.07765178484431347
0.0 0.07775693926882941
0.0 0.077900316941995
0.0 0.07802453440196035
0.0 0.07816204901749407
0.0 0.07816423551688716
0.0 0.0782074958122868
0.0 0.0786022237379072
0.0 0.078734531245627
0.0 0.07885112835030014
0.0 0.07896676177561113
0.0 0.07899571264720485
0.0 0.07908530243530035
0.0 0.07914488859283507
0.0 0.07941046728763682
0.0 0.07941713206171279
0.0 0.07944477103367066
0.0 0.07952219740662385
0.0 0.07956327930077628
0.0 0.08013460349404547
0.0 0.08046508882823845
0.0 0.08056519000971259
0.0 0.08056673675557956
0.0 0.08064404165634423
0.0 0.08075948072615362
0.0 0.08080170445887801
0.0 0.08089168295797672
0.0 0.08097413827953401
0.0 0.08103128689515272
0.0 0.08125208284312557
0.0 0.08125958982437519
0.0 0.0812645944785416
0.0 0.08127218244125022
0.0 0.08149304317439027
0.0 0.0815696678308993
0.0 0.0816096159846257
0.0 0.08186816548878595
0.0 0.08187013333823973
0.0 0.08189369084466383
0.0 0.08199666686793258
0.0 0.08200862782942739
0.0 0.08207223876547458
0.0 0.08209301860785487
0.0 0.08216621774864806
0.0 0.08219603512185313
0.0 0.08223845321007912
0.0 0.08239499037033275
0.0 0.08242256455712342
0.0 0.08257791938807559
0.0 0.08266626206170243
0.0 0.08268032854113133
0.0 0.08277832420467138
0.0 0.0827955246665637
0.0 0.08292187193890085
0.0 0.08320050484489394
0.0 0.08330646098585402
0.0 0.08373953363231255
0.0 0.08393935538240352
0.0 0.08404946587221047
0.0 0.0840993909416861
0.0 0.08411013718129585
0.0 0.0841848587735183
0.0 0.08421624718702804
0.0 0.08440711238775322
0.0 0.08441486231337984
0.0 0.08444486594394061
0.0 0.0844940459839934
0.0 0.08450736743399946
0.0 0.08456823309858644
0.0 0.08465378191187765
0.0 0.0850137202027102
0.0 0.08502147012833683
0.0 0.08504412064242009
0.0 0.08516402179062056
0.0 0.0851813275284096
0.0 0.0851933775695093
0.0 0.08523372253238481
0.0 0.08523960178630846
0.0 0.08526557254021086
0.0 0.08532580654941761
0.0 0.08533602640954384
0.0 0.08550892992266206
0.0 0.08551837236078186
0.0 0.08558882623011484
0.0 0.08565438881932401
0.0 0.08582735711760944
0.0 0.08608319374289307
0.0 0.08608989090955264
0.0 0.08609838586460211
0.0 0.08621475622119004
0.0 0.08665812161108791
0.0 0.08671854997579626
0.0 0.08673889251829792
0.0 0.08682262734690746
0.0 0.0868968711485218
0.0 0.0873952634398125
0.0 0.08741680450790743
0.0 0.08742974534505617
0.0 0.08753715105413241
0.0 0.08757337406074464
0.0 0.0876645348891448
0.0 0.08770158390663887
0.0 0.08773353109221572
0.0 0.08778597468506634
0.0 0.08780597710544019
0.0 0.08789189843344283
0.0 0.08836424708751803
0.0 0.08846178115674175
0.0 0.08848765473289334
0.0 0.08857734979688554
0.0 0.08886421851725929
0.0 0.08886958758799121
0.0 0.0889709196876422
0.0 0.08905192544108333
0.0 0.08921778356726826
0.0 0.08928328946945613
0.0 0.08928639105933596
0.0 0.08937347042220234
0.0 0.08949876493557245
0.0 0.08978532592640198
0.0 0.08981322403902865
0.0 0.08993340052418974
0.0 0.08995734674161705
0.0 0.09025105839527658
0.0 0.09029571966991698
0.0 0.09047176526364453
0.0 0.09062566242833464
0.0 0.09081454358331424
0.0 0.09082801889809242
0.0 0.09096730700757831
0.0 0.09103501560545108
0.0 0.09125582774971572
0.0 0.09126671165780578
0.0 0.09137219000815774
0.0 0.09138822433704043
0.0 0.09149060109751256
0.0 0.09156541176933992
0.0 0.09177201166754947
0.0 0.09188204117589743
0.0 0.09206299424604059
0.0 0.09220961117756629
0.0 0.09227080076798928
0.0 0.09229890943240937
0.0 0.0923609169355683
0.0 0.09252175421129501
0.0 0.09263085243286442
0.0 0.09281885088994088
0.0 0.09285061181816202
0.0 0.09308768503939456
0.0 0.09328523930863343
0.0 0.09349515944666212
0.0 0.09366664578424777
0.0 0.09379053122023122
0.0 0.09405342133059405
0.0 0.09423505464499284
0.0 0.09448804882106544
0.0 0.09453289635306154
0.0 0.09512934909305949
0.0 0.09522588709033747
0.0 0.09533866187014564
0.0 0.09534285670972202
0.0 0.09550413128532735
0.0 0.09553615135421731
0.0 0.09577848837028506
0.0 0.09604605111083239
0.0 0.09632614978123345
0.0 0.09632719444205459
0.0 0.09636121475298193
0.0 0.09648625012568322
0.0 0.09650979953396142
0.0 0.09665659462469693
0.0 0.09678284471928328
0.0 0.09694959364151724
0.0 0.09695978920720577
0.0 0.09699479749193295
0.0 0.0972933923275704
0.0 0.09741970720732394
0.0 0.09780452300236232
0.0 0.09781726948400947
0.0 0.09820437705433765
0.0 0.09840989989914245
0.0 0.09851832597460214
0.0 0.09911389601669696
0.0 0.09929592614024485
0.0 0.0993583952377201
0.0 0.0995779197767866
0.0 0.09964944260137842
0.0 0.09998315909578565
0.0 0.10008693683549855
0.0 0.1000976182899411
0.0 0.1001381495101723
0.0 0.10030904468310724
0.0 0.10033720193640273
0.0 0.10037213733781682
0.0 0.10044201623879087
0.0 0.10049872755453097
0.0 0.10055462095753513
0.0 0.10058885991840179
0.0 0.10083569950359013
0.0 0.10093243185636973
0.0 0.10109206250835728
0.0 0.10125234101201687
0.0 0.10129544744264439
0.0 0.10140097438187176
0.0 0.10149347950249138
0.0 0.1017090197537749
0.0 0.10171625949620981
0.0 0.10177638013137395
0.0 0.10187240794546022
0.0 0.10240333048883259
0.0 0.10253128929220391
0.0 0.10265296393435656
0.0 0.10291646950380781
0.0 0.10325601666326328
0.0 0.10339374183059041
0.0 0.10354909666154259
0.0 0.1036271708861678
0.0 0.10363019149458863
0.0 0.10371088951848555
0.0 0.10376326022802305
0.0 0.1038562917281262
0.0 0.10403475866747795
0.0 0.10405736869083171
0.0 0.10411007952249704
0.0 0.10425944172548296
0.0 0.10433679521512304
0.0 0.10468704812345876
0.0 0.10476967350607996
0.0 0.10532588655909911
0.0 0.1054273401309386
0.0 0.10572903655645587
0.0 0.10600355560433158
0.0 0.10631535041778659
0.0 0.10635376802193781
0.0 0.10640727247190138
0.0 0.10647191997062382
0.0 0.10702137916996207
0.0 0.10751011847133957
0.0 0.10755212355412463
0.0 0.10760097966834141
0.0 0.10771094439152216
0.0 0.10779997540755053
0.0 0.10883235134136393
0.0 0.10903084499552723
0.0 0.10933656619955698
0.0 0.10935542678135887
0.0 0.1094599495504946
0.0 0.10958804602234622
0.0 0.10977117749373658
0.0 0.10980111633913013
0.0 0.10989524918707572
0.0 0.10998705786714791
0.0 0.11009453645953726
0.0 0.11043185662887013
0.0 0.11045798934569054
0.0 0.1105113885197574
0.0 0.11074136776518123
0.0 0.11095260790099168
0.0 0.11096733842838441
0.0 0.11103956579166956
0.0 0.11107306782125928
0.0 0.11113181177162036
0.0 0.11117337145638093
0.0 0.11139077428122153
0.0 0.1114517209272675
0.0 0.11176258445394396
0.0 0.11194649334734075
0.0 0.11200505913849203
0.0 0.11213735044992003
0.0 0.11241975709190269
0.0 0.11268879369500387
0.0 0.11281084895001384
0.0 0.11293663745028386
0.0 0.11307836310168576
0.0 0.11309837362020551
0.0 0.11319076536678252
0.0 0.11358188151933138
0.0 0.11393754398912853
0.0 0.11402301991910666
0.0 0.11404749251601748
0.0 0.11414075886235173
0.0 0.11445746925036823
0.0 0.11461612002670185
0.0 0.11472172794738822
0.0 0.11549415339780063
0.0 0.11551876366319176
0.0 0.11555764286165932
0.0 0.11556965241202952
0.0 0.1156188972372495
0.0 0.11582126990329907
0.0 0.11599082078401454
0.0 0.1161528808797722
0.0 0.11639682942687413
0.0 0.11640747848873308
0.0 0.11684993688629011
0.0 0.11699348462051959
0.0 0.11722109110919463
0.0 0.11778290807917681
0.0 0.11779809210273995
0.0 0.11798788834820628
0.0 0.11813282896353061
0.0 0.1182767249180338
0.0 0.11876258937761668
0.0 0.11896549652129566
0.0 0.11901876612502811
0.0 0.11928176960943356
0.0 0.11950367500339475
0.0 0.11952286760917856
0.0 0.1198169193849659
0.0 0.12029353576193058
0.0 0.12049045027764331
0.0 0.1207995646048053
0.0 0.1210171455888557
0.0 0.12177920541251566
0.0 0.12201356575487159
0.0 0.12242100776955553
0.0 0.12265726307805214
0.0 0.12267420439927565
0.0 0.12335990680524128
0.0 0.12342399553189659
0.0 0.12345050886157431
0.0 0.12350927710637309
0.0 0.12370116267348172
0.0 0.12389123425590867
0.0 0.12402383329688088
0.0 0.12407743492459525
0.0 0.12463214172247693
0.0 0.12483525941794933
0.0 0.12515983310563505
0.0 0.1252574643526096
0.0 0.12525870336893236
0.0 0.12704230380719106
0.0 0.1277517175843529
0.0 0.12817594705548824
0.0 0.12895655163325997
0.0 0.13011845741074937
0.0 0.13073634594294553
0.0 0.13090039818259466
0.0 0.1309437313613074
0.0 0.131068661458112
0.0 0.1312011228306039
0.0 0.13240326829507207
0.0 0.1326565216118135
0.0 0.13388995831204062
0.0 0.13534718727422368
0.0 0.13594074087798932
0.0 0.13608250702012073
0.0 0.13609517252030887
0.0 0.1382390594696738
0.0 0.13841227881048213
0.0 0.13939947518831752
0.0 0.14171765043374965
0.0 0.14185650124335694
0.0 0.1418936393404559
0.0 0.14306882607722185
0.0 0.14396731536486487
0.0 0.14640715715430375
0.0 0.14662839850030113
0.0 0.14685806191803485
0.0 0.14711566393912476
0.0 0.1494838695299292
0.0 0.14952586651456837
0.0 0.1503981178094943
0.0 0.15202545642445997
0.0 0.1525295336141727
0.0 0.15255149578585445
0.0 0.15700706326763944
0.0 0.15775588262275234
0.0 0.15782742164363597
0.0 0.1601622142844556
0.0 0.1626497541532475
0.0 0.16867079041531957
0.0 0.16963508523654877
0.0 0.17489115444058267
0.0 0.1805758908997053
0.0 0.18331286985851955
0.0 0.18386516340892295
0.0 0.18647927729813718
0.0 0.19550066041999448
0.0 0.20186282297997257
0.0 0.20772074638731994
0.0 0.21316663613125786
0.0 0.23117807874662988
