0.20356517241949768 0.02647868293403857
0.20307516401970696 0.015340475851623804
0.2020484240848179 0.009538161302220929
0.20101600594651778 0.02150474375194568
0.17592532258112847 0.046069897829690135
0.17483076537065817 0.029743971060740844
0.15143547535495766 0.08187028946578515
0.1498759349488702 0.09093903549054094
0.14976969345065902 0.012354190488905872
0.1494433894537347 0.045633562583409254
0.1481019460144104 0.08554690048120879
0.14690529676206776 0.07621230662525805
0.14186812654561026 0.0028277709919285977
0.1320113949081244 0.0315120377061226
0.07994394611197403 0.007609300012055583
0.07883421062700113 3.420410991381846e-05
0.07873026224939825 0.003027111902175629
0.07226443293081648 0.009586792159715299
0.07216402379538496 0.17653583864403527
0.07159594009869238 0.004873780555635392
0.07069063278313116 0.01758015454547361
0.07013411746239252 0.002866721925734681
0.07005859864168702 0.004541477189948728
0.06905673617490994 0.0022084871149312146
0.06749061187912077 0.02169869550759784
0.06672999597762878 0.0014638524013200912
0.0644577254239287 0.004001270645749283
0.06425181989390104 0.015575337649724998
0.06229850507388744 0.0041866151699865095
0.061311140011068195 0.0009580233963241682
0.05945958322096159 0.00021618924457641087
0.059436992450150904 0.0005886575490970852
0.059313671378557406 0.014087250110995549
0.05872417879954693 8.266153811848445e-05
0.0586017120277879 0.009764178206547226
0.058184736628883585 0.027203064960596497
0.05812380513843429 0.009096803029845661
0.05676064449805486 0.0027287878306568713
0.05619885564224782 0.001318390190407728
0.05574352025378383 0.004620477443062353
0.05514542686666545 0.00037350245695187147
0.05409025737487901 0.0008384663826479423
0.05406233525923669 0.01719534064484883
0.053368043214442384 1.628629496459844e-05
0.053129070499844507 0.0009861928092869945
0.05258596062086928 0.0066409961128361915
0.052041447249308856 0.0070201992547737
0.052008990278906125 0.0006085376843427693
0.05198807920288276 0.005994528800504484
0.05154644151665186 0.012001364657270917
0.05130553859829264 0.015201819134505561
0.05097444923763391 0.002569933024595154
0.050747989125122815 0.0028137328544231236
0.05033285721533499 0.00902532125760605
0.050144172571444205 0.008782552368555765
0.04942325591902684 0.004467795435052688
0.04908409567308985 0.005413084625197674
0.049043673801974795 0.013720373295241067
0.04901700101954904 0.003694085622188063
0.0489818302019278 0.011975212162714275
0.048780944486341 0.0015117156736248456
0.048769221951018425 0.010211375265009188
0.048439494331449215 0.013177022542252361
0.048405405841061865 0.019329131122373888
0.04821882483022212 0.019781906822987992
0.04815490329035219 0.01377799357091842
0.04797670469518147 0.003979463518395778
0.04778355906456108 0.003462862627517137
0.047567472592897085 0.0043046851880862
0.047440734321965716 0.006601553796042614
0.04738098793166273 0.0060992222817223855
0.04692970564993219 0.006310449521621158
0.046917019618555704 0.0006150894575093599
0.046631057201408616 0.01889190945972341
0.0464816896198244 0.008058558952072916
0.046304062698979 6.896704753890493e-05
0.046113592375734966 0.007051580321249561
0.04586335318061336 0.005079483751491745
0.04575523607675057 0.002043176885308298
0.045627110371501564 0.0002910593112722734
0.04548108612122442 0.0006971761096490112
0.045132062887348896 0.0031858703586319552
0.04496902972006672 0.0005674349426829525
0.04484033876379943 0.003152119091863475
0.04451604526197427 0.01984861286645372
0.04416840946241638 0.013439019600885184
0.04394771747961469 0.004244858506445392
0.0438236834209413 0.017874492954982692
0.04371702761942693 0.008474696109410321
0.04371658119958862 0.005410740118133159
0.04311475908274161 0.006045333947427178
0.04269140855161393 0.0026614972662517703
0.04254715071076895 0.005378337745840153
0.042338425348956835 0.0024078248135247326
0.04227947223707157 0.0002966315301173884
0.041966824190884676 0.00709728857404707
0.0418088911293812 0.011876579071675471
0.041549463393558805 0.014011076112973394
0.041416269699066234 0.0046923735186051455
0.041286290869740214 0.013743844059114324
0.041221977508141695 0.006650358082826688
0.04108274269339111 0.0074532843076993895
0.04082932074963808 0.0032871787570471185
0.04045773243817998 0.3886284007721316
0.04021815272106814 0.003537890065235138
0.04021769666626929 0.002179569386699851
0.04016452131905397 0.003285637163360862
0.04016301826520988 0.002489782999523863
0.040042048123987914 0.0002737484988370169
0.03992519211091615 0.004620788973453117
0.03986693913949673 0.00648398800754447
0.03984009613943479 0.003769389262108185
0.0398214717607127 0.0020193688978161722
0.03976187631812483 0.0025767577883103526
0.0396392393287296 0.02414590803980643
0.039582884444536386 0.005726683320824425
0.039498299125963594 0.008791846893822487
0.03948675001993072 0.01270938009752642
0.03929099973831126 0.005688435739137696
0.03920428830511284 0.0031522604046180483
0.039181283230998974 0.018828720176854455
0.03899267245513899 0.0068644115778169305
0.03883079869477502 0.004543734982368391
0.03872527018364373 0.007145556514694466
0.03868010148863641 0.013859598475031118
0.03866415884059771 0.003974022977344697
0.03855996958898135 0.0059065487641684145
0.038319342872824264 0.004805092921952121
0.037942818249916625 0.009047372470626546
0.03769293875998848 0.0032416021820436446
0.037341850432904077 0.007904720748798558
0.037119832037201504 0.00503743036039207
0.03703077609693857 0.011957522375164481
0.036719595776407134 0.004059892957322704
0.036604355225052426 0.0033461158106648163
0.0363490095008451 0.009521900700484434
0.03618279037327799 0.013198627335434544
0.036059292660741274 0.008752455963485119
0.03540517840139503 0.017453387369660622
0.03499441112873142 0.00986452632056199
0.03488625548502647 0.01275634089519401
0.03440635094718776 0.0008391536764997316
0.03439067807804415 0.0032165609196025137
0.033930120540967966 0.012775954463198114
0.03368042411529006 0.007421488937920347
0.033653076885626576 0.004455501225404792
0.0336325094565291 0.00020934842259364716
0.03357822608885179 0.0028105179892565758
0.033397772912914916 0.002200541484139967
0.03332882192364357 0.020286020805007954
0.03306647158312432 0.010762038953047073
0.032880266335745596 0.019173510451399797
0.03284946015524857 0.001088439010527964
0.032365836522641765 0.005270066482608731
0.032357739944135405 0.0028904367752749286
0.03219712194029503 0.020894825056592306
0.03219072753815058 0.0023261107131925937
0.03216278615258718 0.003982508165926135
0.031938587044149265 0.003728151631000821
0.031465693545929506 0.008241029046415976
0.0314411500897829 0.013783385937166806
0.03138971545877165 0.002308819170678415
0.03136832584637484 0.000760185539921237
0.03134889534262098 0.007041502152525659
0.03130737829765798 0.005363695817474229
0.031282221415690384 0.0056123099159182364
0.030397128247340203 0.011097492950830025
0.030046351450646564 0.0017958313900019382
0.029666107732970834 0.007621298749580281
0.029598791475337626 0.01811089313511663
0.02934734148684161 0.0028037381886905598
0.029307109103283824 0.0003800831350000794
0.029155734238253964 0.014594986838178213
0.02894043783335418 0.0012956195670003128
0.028399547206956456 0.0017413360531927673
0.028140569102625888 0.0073502865795363696
0.027965341286954718 0.013900540634015282
0.027570555202171967 0.008446558812982626
0.027382853324256173 0.0012373794421949435
0.027134981117773675 0.00021625347764667156
0.02708411173778072 0.0019893238792017334
0.025902602220098526 0.0014181698417506869
0.02476323762564113 0.002939319747570072
0.024722950643973625 0.0021160107636768962
0.0245982196564879 0.0029694996556320578
0.02450329923691016 0.002203382191672246
0.024295323796193338 0.0023126378267054135
0.024223906257023985 0.002283916009338345
0.023060229445472917 0.002307706332736149
0.02017599919061193 0.003663878415071216
0.01957789135105274 0.0029624243829428428
0.018848324109898017 0.002895389144992028
0.01306032630894287 0.002041420913750046
