0.1530218009513438 0.0035565722537204605
0.14790645908837902 0.0031307198445061253
0.13468196188389697 0.022805771743461944
0.1321123692945742 8.864163695975488e-07
0.13076198461186964 0.009279623194421643
0.1302202300506769 0.014771011143920614
0.12634186296156444 0.00856162593504763
0.12330308633382946 0.004694705179055608
0.12190823951989042 0.02617150754543789
0.1182038155850439 0.00358750690035801
0.11709227515079669 0.02144670274965812
0.11593933007945942 0.041767322697961996
0.11560192660799407 0.0007648231675940589
0.11539125498415305 0.012867322793990435
0.11223476483185833 0.04579283490442766
0.10719452427464235 0.01543019660416394
0.10702187220508864 0.017406243507742787
0.10682291026995615 0.0448690862743946
0.10634221566535323 0.0051524428843473516
0.10587429059511815 0.02380421058759414
0.104387018816381 0.0034770067495885413
0.10401224454463798 0.005151472964986415
0.10347675913110269 0.004515462796493148
0.10336807677622159 0.015245635723383893
0.10325875851394492 0.002790490117949292
0.1032425910501603 0.010203224088393106
0.10319051730009997 0.011223444366650702
0.10248270098236227 0.0007606159014919836
0.10207254713551965 0.0024630556189883888
0.10173066019575008 0.003032308357559719
0.10156889563160557 0.0007431445063810754
0.10114523999339414 0.002005606962512819
0.10093925096037513 0.02161965671464206
0.10088824347928112 0.03236764147191609
0.10039698895792734 0.011372766985085733
0.10008123845444686 0.014222679116333192
0.09971045947967404 0.0369306238937881
0.09905341940397742 0.011136395709833413
0.0983387943807921 0.0030808107489135677
0.09706931767338789 0.012279519544727818
0.09616189066650806 9.949702583381182e-06
0.09611999785808403 0.0012219956218675078
0.09610096559936579 0.00718597838580952
0.09595182925683453 0.004357860535301514
0.09559399324571924 0.0008744818651431122
0.09452030535977664 0.04406308328545641
0.09359229165387827 0.05836164735099558
0.0934691761281096 0.01500005342585619
0.0929854561458974 0.003295843798225286
0.09261257032642004 0.012621033932689863
0.09239192973007455 0.03466037668180123
0.09177120703230333 0.01965190872374089
0.0916923288220232 0.021353840999982235
0.09078339233799226 0.004789802239576564
0.09053497093875904 0.002701064837532357
0.09006226050478952 0.007832432851527175
0.08946889467164233 0.002750106786676395
0.0893892071246769 0.004974157574531775
0.08917645434935945 0.04319796017865028
0.08875119288439151 0.00047712324589641974
0.08865676384780127 0.004584596850014731
0.08848551205917923 0.02021838659367696
0.0884603712354792 0.018587560326214198
0.08842973848427188 0.04226743495970472
0.08839803946409823 0.029269275824900277
0.08825257082987883 0.06268310700538036
0.08813975186527295 0.0212127466378476
0.08813359833714199 0.0015791764556661375
0.08793155963794401 0.011858336879721433
0.08772975860110599 0.04914677751470375
0.08715837332460201 0.03669894163266481
0.08665139454764842 0.0015484345082393703
0.0864913578530939 0.02651556556298226
0.08644417866298743 0.006466022017792554
0.08636780554244745 0.030875070464882446
0.08602047163831979 0.02146967249558334
0.08485274011420851 0.026071965556454895
0.084460597220267 0.027990440359159083
0.08430771608973953 0.013887131980598363
0.08424173587996774 0.030601867947142643
0.08421675563894336 0.041467874547713675
0.08406405436101261 0.000899063861131879
0.08391661377153622 0.0006332096066299012
0.08383496069262082 0.07027150557637311
0.08365440795542504 0.009499537957073175
0.0835567479954007 0.014600440225843347
0.08354318839426866 0.05590210528095046
0.08261841203511143 0.05136730190700181
0.08261678693843383 0.003259083212115092
0.08251030135455566 0.013608289799289673
0.08232624149172364 0.01482508896577309
0.08143307422644169 0.05474064932780365
0.08143175102519433 0.027310327764624824
0.08071523754974333 0.0067028493478437255
0.0806851957427824 0.04037936809246194
0.08062078924323202 0.0010551502218653604
0.08040106717979126 0.003242575313058094
0.08030734470697388 0.024705516182878116
0.07995652294713107 0.009640169841101933
0.0796633696377683 0.002919508662874918
0.07951013522535438 0.014133915436539942
0.07949177099056685 0.06719857622518054
0.07932536237544248 0.032636900079141884
0.07861911334461914 0.01069388766550048
0.07853372832432161 0.0028193179198822906
0.07844878008890184 0.005730726792597335
0.07779649968371155 0.007365291424749267
0.07760784073304887 0.012027860798753452
0.07739070726233963 0.00013868562199985997
0.07728112564447488 0.08657811746109502
0.07724617643094604 0.09674553803612482
0.07722700285947322 0.007724335017585457
0.07701835457734542 0.02389823495584174
0.07564614992067328 0.13490566639769389
0.07480856995439494 0.04624069356351331
0.0747590334106099 0.031002675882262336
0.07469093350951951 0.05043199132432183
0.07466139272050662 0.015236392584573379
0.07457089474781632 0.004355368292175399
0.07413578635317743 0.013812159140990083
0.07403986710935713 0.0026682931250853518
0.07403633429049279 0.10869215684761255
0.07393523143790247 0.012229192934178564
0.07381416494707511 0.12105097211757718
0.0734390502400597 0.00692071507555394
0.073161685419367 0.016480619272058114
0.07279153592868275 0.02864846320083069
0.07262492176773354 0.02470464261312257
0.07243964147656656 0.06912068019635446
0.07212479665937675 0.0008819457479074046
0.07200565716065722 0.009113477934885338
0.07199139741905936 0.0034544480953129864
0.07181132000658351 0.025392244783649227
0.07141117367208749 0.022851274450434618
0.07080007308824132 0.0019443478834051972
0.07075444833843515 0.05056274416214449
0.07074868663203278 0.012202131541677735
0.07051938741781616 0.007087984413819808
0.07027113302456561 0.013596785656405984
0.0700766288645092 0.04775246383524788
0.06964703166729867 0.025617632203886968
0.06955384232896446 0.025869592845291556
0.06951957398598038 0.03762951823806659
0.0694264167641813 0.001858089293352114
0.06899928611686877 0.016821305053413796
0.0689288224387928 0.006288134953012594
0.0688673256973252 0.022289479171320552
0.06883574871998506 0.0075099121824412154
0.06872138816169292 0.019332830947220905
0.06865748910339758 0.020522202592703005
0.06864632539578627 0.011170811788879092
0.06847032035996495 0.017775712127882287
0.06838200631166352 0.012936488964047147
0.0682855603566671 0.013796563351530787
0.06825188295792942 0.0035003040841720943
0.06786118530806876 0.027865397841282596
0.06784522339010898 0.0017383460037721321
0.06768690171853042 0.020550034782046964
0.06756306035906781 0.0033039178951570548
0.06742039228671179 0.022148147146825954
0.06735210610971765 0.05690547080157165
0.0671033121586769 0.0001927891370804408
0.06694416830379901 0.012216256393828062
0.06671494616926671 0.03648904080566692
0.06667938031826337 0.011638968098167118
0.06660013597948275 0.015500441889801032
0.06649086910366228 0.014029202685400961
0.06613634751897245 0.003066724436605398
0.06607358538602073 0.01566890596317375
0.06598151370310905 0.09843334546021583
0.06569710251460877 0.014340893658840968
0.06556198182800836 0.016807732605667713
0.06524835101584649 0.010750419190636915
0.06523717446162113 0.003420507340987237
0.0633717882914874 0.014588775500284005
0.06333998007509431 0.022723733266124986
0.06317447714626061 0.0299891229966978
0.06303908668076512 0.004905839281002503
0.062484305652923525 0.007613083339893938
0.06229003273192006 0.01587840854513602
0.0621815045364076 0.012339121410622713
0.06210892116701301 0.009263950325278034
0.061955018730668394 0.026294109206644472
0.06180570895884742 0.00850224246159162
0.06136169786067038 0.009641672894946033
0.06119355495264897 0.008378625917874917
0.06053127988172611 0.01892741750096352
0.059915650866426556 0.028122766907203136
0.05906292474218074 0.00925843270454264
0.05896284319540756 0.006641545305586921
0.05859749191507177 0.002300250479105639
0.058487447819101146 0.009544674535545363
0.05673098166620848 0.03350842079974598
0.05666461605801513 0.01473746863463048
0.05655413517716674 0.0073529458286451625
0.05561074407424796 0.03656752077091144
0.05529610480288298 0.012921496965448302
0.05502890165390553 0.017189302736244326
0.05488938100199228 0.017259477365504133
0.054536381741067626 0.010954545464618368
0.05423111407465368 0.006301707400758678
0.054229726640336054 0.005912461418285911
0.05407511121691154 0.018867256807357357
0.053017738530815164 0.0023005716444569426
0.05298703512323055 0.029403163236551663
0.05268823251533835 0.03030171644477497
0.05260063145411682 0.0015495039888592107
0.05257986169084802 0.002311780315217433
0.05136284413192572 0.011856943022096778
0.05096149342736233 0.008767110738465094
0.05084945810621363 0.012615904922029547
0.05080751712298691 0.00622800637594156
0.05065794078392435 9.796185545458127e-05
0.05049609271678848 0.006512928217350424
0.04914286893237838 0.006517578691637298
0.04833221546915332 0.0029741453124386623
0.04781067505517163 0.0023784446071874925
0.04747250078686314 0.017053555777208892
0.04657521297012397 0.0018200601041042713
0.04515118186071199 0.0003245664923737633
0.0447098653398324 0.005143745726634054
0.04362594833745079 0.006210252355321505
0.043122406029756144 0.013614433692460109
0.042913674244637 0.003025149581879165
0.042858639350037635 0.005149038531623535
0.04184088241002454 0.01010719243669986
0.04090874815266894 0.006739015778054008
0.04020431049442696 0.0072613205655717985
0.03662178486866767 0.0017371609036258224
0.03262276880368453 0.00941433600102588
0.02823127262114101 0.00018189520836422743
0.021603468375109607 0.0009562618043722687
