0.1798362815300912 0.014931182727922675
0.14141491084846486 0.004571210678172403
0.12860379199095254 0.01762651797558778
0.12810940289577005 0.006807921804176165
0.12112326001484856 0.012814690216218824
0.11595394952625075 0.025576786394508194
0.1140425275146612 0.007903609516683048
0.1134463290031155 0.006634903606121965
0.11185056114540103 0.014092221750633726
0.1110553171957315 0.00021636267386611474
0.1104743419218376 0.005188310630780922
0.1095786246036663 0.01161788680450756
0.1087877741960026 0.0025127848619842163
0.10830591054952095 0.004121553493119455
0.10804387816269949 0.015057195165160102
0.10464079725367398 0.00828539803969855
0.10393334064112973 0.011654660237231806
0.10319437770762263 0.02328340243061342
0.10227353241236535 0.008732119773440582
0.1014525310015213 0.052767075397429836
0.10140762566210204 0.019783053383292146
0.10130539230747512 0.0061102800047677635
0.101136086780882 0.002079481416619641
0.1006246951920015 0.0027196731579868794
0.09996020408015464 0.01619153191604284
0.09969629608768156 0.0018874373831542241
0.0992036669786242 0.0021749831454832376
0.09918324728558833 0.022690614695098574
0.09908984597812226 0.020058825223842374
0.09908714176586429 0.0004833024672554983
0.09895387741499442 0.011555599996275766
0.09878862499513474 0.0037073272696223044
0.09878554823106926 0.024160787630532317
0.09863979054803369 6.789435526555138e-06
0.09813134725707816 0.029659870701848518
0.09805444100205504 0.05274344405088093
0.09802484240327891 0.05749360806279962
0.09792728521616698 0.016690680681731653
0.09772124479669175 0.008855620697630816
0.09752489714751887 0.003688532673264026
0.0973214324741611 0.0031450245492531813
0.09631847162188255 0.01739615891571186
0.09615711172608067 0.015661589816471054
0.09583769993759532 0.007007468260248031
0.09496664169509711 0.025537861153930214
0.09434900860800542 0.008659658446879496
0.09362757487937247 0.031092878382829425
0.09320957175134398 0.028131695303969372
0.09271513126970528 0.0005405212862437227
0.0924660546931554 0.0034476201199442748
0.0923735333787519 0.005835439543736315
0.09213675101184991 0.007319409742662055
0.09152959433851775 0.0232873142245923
0.09055214043843972 0.046361612318279066
0.09053571604237405 0.027691403300560434
0.09049145303365741 0.019999062775271827
0.09035482929321292 0.07714913953170321
0.09033812227163812 0.0034326216980384034
0.09005507282422735 0.020025353370929526
0.09005371108313782 0.0584856364465198
0.08992675441976757 0.004821584762741553
0.08978850558264548 0.0071192145325805565
0.08978295584537495 0.002235908212625504
0.08970800227568776 0.0123534582319049
0.08927855923784585 0.03186547375192503
0.0892180838021954 0.01692252994883762
0.08797424893643926 0.037462775610976856
0.08796535265620815 0.04306476648415771
0.08778440809728379 0.0396938149568766
0.08778198008722793 0.04652186740527246
0.08712159989187776 0.028307501217272886
0.08686777006812858 0.004969134548437389
0.08658324326010182 0.059554211380069645
0.08579810959569133 0.019693698759252497
0.08570581309703375 0.022727857029235722
0.08543203248166159 0.039559522876882566
0.08533131502749283 0.0021947540845094786
0.085087177974046 0.027075787131874935
0.08506734922525652 0.04382269102000577
0.08453408627595226 0.0018747641983917897
0.08451601751328792 0.0063699743078317415
0.08416510582714673 0.008473555972413194
0.08415764194438244 0.016609413001237826
0.08415397423607056 0.007815899259242073
0.083685438951668 0.0270042250682975
0.08368035169250335 0.012064942550214949
0.08364181185034693 0.011095132385497945
0.08356115438402058 0.023702150662256925
0.08313640678361472 0.061067940760447165
0.08266758245039599 0.0024846764704381376
0.0821396379993093 0.017046987945774736
0.08210259478768997 0.01281425343134105
0.08195815388259475 0.06994179080341796
0.08103662771679271 0.05157136394791301
0.08074452140647519 0.008656960657928547
0.08068747601677666 0.0020302788847999507
0.0804580419131125 0.026350827007684662
0.08036583534075327 0.008473157727377577
0.08015838821703934 0.01089821306199974
0.07999759357225575 0.06701582029367482
0.07991418050721522 0.0018194916414324641
0.07971414587980938 0.02380498780774429
0.07929770361538822 0.041822717297754816
0.07920849030410315 0.015385573890253836
0.07841186534342302 0.007276392855508469
0.07811674007880325 0.01888963560903618
0.07788547533263665 0.010548136405771943
0.07763211441030038 0.04769101205692947
0.07760186705751462 0.0011821646949988526
0.07753403693531934 0.000723893855223946
0.07746765848051193 0.008566860930273874
0.0774357153746713 0.0017606991122228529
0.07729446685316803 0.016110996492549986
0.07727560802373949 0.00466860728260869
0.07725403855874595 0.0035724570919959298
0.07722052174268391 0.016174381686283237
0.07717373437430604 0.0040437993615688875
0.07710072706664772 0.030399007064645326
0.07704882032257006 0.03567362767193554
0.07697613418026307 0.05426198448822098
0.07695554105793749 0.06825608380072447
0.07683110233092146 0.07951177959195306
0.0766781505440167 0.012921702511273137
0.07633600024865907 0.01112764074235688
0.07627994404824255 0.015857417177774828
0.07549748247955491 0.04267340723367337
0.07535623395805165 0.003611382332573909
0.07516828157116184 0.020626061044007517
0.07494177649550156 0.01211165926221555
0.07489744925371465 0.021358844756155543
0.07485307704877857 0.023723816476855855
0.07481926476059335 0.08389282826561868
0.07477331242212884 0.005856713536606656
0.07473018633875582 0.049882753610443725
0.07466258745561347 0.006585238596196398
0.07457911658080969 0.02815983581205058
0.07443285145651907 0.035183426572934044
0.07432113730072168 0.0015114491063832637
0.07406244503355376 0.04876933757054489
0.07401881793223271 0.0033224555592342906
0.07373151625557069 0.0028991981660584872
0.07317020272448357 0.006854844062001601
0.07281839819866576 0.001331654319416561
0.0727561948934253 0.038251409977716554
0.07241079440471249 4.0884349220930416e-05
0.07216742814810878 0.0027667881150230966
0.0718662906681126 0.021209547830948618
0.07182952365869538 0.003608986439053185
0.07150355367373643 0.026483725230054034
0.07090011609517236 0.05556255642493838
0.07049641767189094 0.09256817242825584
0.07045413946504535 0.012968920241221772
0.06971910117213116 0.01476000159567793
0.06875480220484254 0.031520760557064
0.06870085284913058 0.00013961700151864
0.06863286214425963 0.005349734759653067
0.06831306495735273 0.0411825062864665
0.0682322918714999 0.021793940304180394
0.06807407297283377 0.009494662667040387
0.06787019720782633 0.008250435979555654
0.06780640092244342 0.004961946867875218
0.06776804735619076 0.0017988407093436516
0.06772537090430955 0.0034446718220193092
0.06760833825029457 0.05512631110495587
0.06758563828326444 0.0008858896584214111
0.06754623771796653 0.014494828211720717
0.0674449871293146 0.04971103292040879
0.06733686360214478 0.09850118200571815
0.06672261559785583 0.009745505653022441
0.06651760290750479 0.01456558093861287
0.06647919153148889 0.03277226485140927
0.06580523888839264 0.02087703891943712
0.06515995346455372 0.01468892128012745
0.06508739578838725 0.01033267299488948
0.06473425521470802 0.004676495103636703
0.06436052151870321 0.0006655509575061595
0.06420233473657219 0.00446792390119321
0.06419406794042964 0.024793547605670395
0.0641770076369684 0.03789271324345977
0.06393998760770646 0.021183706866782743
0.06370730973399412 0.020811874469657647
0.06360585359951736 0.04030801799801636
0.06335167049388175 0.00887327836864548
0.06323894145557424 0.015556234734629469
0.06284156356640647 0.006004481714741378
0.06253181243168833 0.005902203396965278
0.06239472621313796 0.0008845343406389105
0.06232142985666349 0.0018636004907804813
0.062220294887538025 0.009638043726476303
0.06168065359435688 0.005518706274280844
0.06166120382068194 0.00013272479307966775
0.061044688389012794 0.01956985739978988
0.06093820922844164 0.007785851028974122
0.06065623889661126 0.006549749824877366
0.06054155074966079 0.02819276168386621
0.06029152352367105 0.015989358327397313
0.06009170728870409 0.004775150676250099
0.05991592706862868 0.002433193664624193
0.059579551326287485 0.0009249947515961204
0.05947820438803016 0.00019621275972533567
0.05937104435691425 0.0009239798690860014
0.05919020899420933 0.005360821387580063
0.05918577048905432 0.0011056309917832382
0.05915557452272476 0.0039052293590954965
0.05914791794074969 0.04314652875929255
0.05913468592827598 0.0026858287532665207
0.05894335488189046 0.008252022536391094
0.0583488392767856 0.010854817199731618
0.05829541663224978 0.01951142457577373
0.05821251100846431 0.007250706050711219
0.05811729190510986 0.02491331658847848
0.05804569772499729 0.035597376594229076
0.0579595354845496 0.0018034333738672912
0.05765399161593354 0.006644050395327088
0.05692067476930235 0.002359120087999563
0.05673245902682447 0.0015655205049287142
0.05669892294084136 0.017035278257066213
0.056579661399288335 0.04778557598296727
0.05623780015274688 0.012575813851226336
0.05579166936325125 0.002465958953764172
0.055771082664232696 0.007856423903269544
0.05539055953270133 0.037258829189592134
0.055171357757129696 0.013587696676964096
0.054993618428411335 0.04401257682231043
0.05463666241035862 0.0469708565663947
0.05432738660036041 0.0012598417468651073
0.054178462226960995 0.002406190081886598
0.053548885000454335 0.004960119437026301
0.053259437939245605 0.006611326857682778
0.0530424104531023 0.0067653866650495345
0.05237407178034682 0.004031582231605303
0.05233601368621736 0.0073411140971031425
0.05202733845542609 0.003465017647024383
0.05180420240430099 0.0025702734598675356
0.05156058885037677 0.02164044574783193
0.051443039120146195 0.0036776194746267346
0.05073052415331893 0.0032969004322310745
0.05068836156599981 0.003801033684172115
0.05000198624711514 0.006492566334077785
0.048574952241668475 0.0005193789711674159
0.04848362245071831 0.016958783093692757
0.04825118866267297 0.008423550527215246
0.047947925068051164 0.022656429855105836
0.04787364915725521 0.001645522793938406
0.04718655763963713 0.0006184713286585854
0.047053328616955915 0.011110583650549153
0.04568085096973517 0.0025077457776222652
0.04321046635743004 0.005815077660463676
0.04218237752806551 0.00010310050107543664
0.041600053359696125 0.01048541602431589
0.036480905687318405 0.0055514073303505615
0.03538338412065558 0.0018328810249283055
0.034177080637852755 0.0029118617158603827
0.03305041331555914 0.004201578263703738
0.030372131948048255 0.003278006274613892
0.029244128577893217 0.00302627687226224
