   1.0635914e+00   4.0458000e-01   4.4837291e-01
   1.3989225e+00   1.6072356e-01   7.2561084e-01
   1.8320990e+00   8.0342360e-02   4.6649102e-01
   2.1175828e+00   8.2380136e-02   1.4991596e-01
   2.2277429e+00   1.4063921e-01   4.9400388e-02
   2.1543602e+00   2.7435630e-01   2.7790526e-02
   1.9307369e+00   4.9515796e-01   3.0498023e-02
   1.5864360e+00   7.0970260e-01   6.0405356e-02
   1.2506351e+00   6.9747296e-01   1.7147935e-01
   1.1482072e+00   4.2048185e-01   4.7840885e-01
   1.4487887e+00   1.6780763e-01   8.0464895e-01
   1.8554311e+00   7.7342159e-02   5.4010494e-01
   2.1298785e+00   7.4102314e-02   1.6709153e-01
   2.2383415e+00   1.2557915e-01   4.9527476e-02
   2.1797638e+00   2.4829013e-01   2.4878474e-02
   1.9718021e+00   4.6175275e-01   2.4708318e-02
   1.6358718e+00   6.9542942e-01   4.5636535e-02
   1.2777879e+00   7.3555249e-01   1.2694796e-01
   1.1157853e+00   4.8907842e-01   3.7350754e-01
   1.3279128e+00   2.1077281e-01   7.3069792e-01
   1.7463887e+00   9.0730719e-02   6.1604502e-01
   2.0713668e+00   7.3308174e-02   2.2357683e-01
   2.2179097e+00   1.1332648e-01   6.5560037e-02
   2.2028507e+00   2.1927513e-01   2.9718752e-02
   2.0217587e+00   4.1559905e-01   2.6066333e-02
   1.7078411e+00   6.5551507e-01   4.3332572e-02
   1.3424130e+00   7.4332194e-01   1.1362062e-01
   1.1350641e+00   5.3329282e-01   3.3782679e-01
   1.2849226e+00   2.3849137e-01   7.2064239e-01
   1.6953347e+00   9.5908397e-02   6.8746796e-01
   2.0434413e+00   6.8529437e-02   2.6373580e-01
   2.2112318e+00   1.0029986e-01   7.2294664e-02
   2.2249351e+00   1.9348912e-01   2.9004578e-02
   2.0639375e+00   3.7598762e-01   2.2448281e-02
   1.7680802e+00   6.2190043e-01   3.3761104e-02
   1.3943010e+00   7.5924779e-01   8.3984179e-02
   1.1353311e+00   6.0196398e-01   2.5505921e-01
   1.1955809e+00   2.9729573e-01   6.1414583e-01
   1.5851901e+00   1.1806158e-01   7.3033173e-01
   1.9709435e+00   7.1925593e-02   3.4489647e-01
   2.1810000e+00   9.2231086e-02   9.9227533e-02
   2.2425394e+00   1.7085994e-01   3.6607453e-02
   2.1065745e+00   3.3534113e-01   2.5018989e-02
   1.8343764e+00   5.7563295e-01   3.3559584e-02
   1.4659164e+00   7.4708575e-01   7.7272010e-02
   1.1739048e+00   6.3762943e-01   2.3091527e-01
   1.1780047e+00   3.3201522e-01   5.8895349e-01
   1.5436762e+00   1.2811265e-01   7.8216609e-01
   1.9409141e+00   6.9952219e-02   4.0082148e-01
   2.1706834e+00   8.3081754e-02   1.1215341e-01
   2.2458443e+00   1.5184839e-01   3.7271607e-02
   2.1352402e+00   3.0139779e-01   2.2638534e-02
   1.8858912e+00   5.3584207e-01   2.7292816e-02
   1.5241101e+00   7.3941144e-01   5.8498556e-02
   1.1982958e+00   6.8985152e-01   1.7301801e-01
   1.1286710e+00   3.9939457e-01   4.7742694e-01
   1.4520326e+00   1.6129967e-01   7.6272691e-01
   1.8627200e+00   7.9674571e-02   4.9211040e-01
   2.1311231e+00   8.0714025e-02   1.5683474e-01
   2.2338063e+00   1.3774863e-01   5.0635052e-02
   2.1613764e+00   2.6948189e-01   2.7899636e-02
   1.9395051e+00   4.8913115e-01   3.0073786e-02
   1.5960563e+00   7.0704708e-01   5.8840102e-02
   1.2562784e+00   7.0272191e-01   1.6641089e-01
   1.1449368e+00   4.2882713e-01   4.6776231e-01
   1.4395472e+00   1.7198050e-01   8.0235669e-01
   1.8466103e+00   7.8357174e-02   5.5195883e-01
   2.1253443e+00   7.3588920e-02   1.7299974e-01
   2.2371252e+00   1.2365631e-01   5.0923455e-02
   2.1832043e+00   2.4420683e-01   2.5188027e-02
   1.9785997e+00   4.5564975e-01   2.4604353e-02
   1.6452119e+00   6.9089108e-01   4.4843868e-02
   1.2853351e+00   7.3807658e-01   1.2392891e-01
   1.1163269e+00   4.9637386e-01   3.6587612e-01
   1.3184991e+00   2.1534149e-01   7.2644536e-01
   1.7365565e+00   9.1829012e-02   6.2573530e-01
   2.0659791e+00   7.2807053e-02   2.2984262e-01
   2.2163144e+00   1.1150954e-01   6.6936654e-02
   2.2060212e+00   2.1548502e-01   2.9856303e-02
   2.0280659e+00   4.0976242e-01   2.5734344e-02
   1.7167916e+00   6.5067809e-01   4.2179868e-02
   1.3500518e+00   7.4556588e-01   1.0978206e-01
   1.1354268e+00   5.4214799e-01   3.2739904e-01
   1.2733414e+00   2.4523341e-01   7.0999493e-01
   1.6820263e+00   9.8066755e-02   6.9645791e-01
   2.0353570e+00   6.8515925e-02   2.7319747e-01
   2.2082260e+00   9.8817468e-02   7.4873508e-02
   2.2280477e+00   1.8996263e-01   2.9595242e-02
   2.0702452e+00   3.7005688e-01   2.2487960e-02
   1.7775066e+00   6.1579205e-01   3.3287297e-02
   1.4037272e+00   7.5897736e-01   8.1992210e-02
   1.1389800e+00   6.0888522e-01   2.4892093e-01
   1.1895972e+00   3.0366914e-01   6.0625709e-01
   1.5756301e+00   1.2025234e-01   7.3640628e-01
   1.9641963e+00   7.1983070e-02   3.5421832e-01
   2.1783155e+00   9.1008973e-02   1.0199089e-01
   2.2425323e+00   1.6798135e-01   3.7128344e-02
   2.1110335e+00   3.2999164e-01   2.4947477e-02
   1.8426027e+00   5.6930429e-01   3.2929836e-02
   1.4752853e+00   7.4562326e-01   7.4988386e-02
   1.1783367e+00   6.4457254e-01   2.2365234e-01
   1.1721376e+00   3.4018879e-01   5.7664063e-01
   1.5326674e+00   1.3157838e-01   7.8466671e-01
   1.9321635e+00   7.0632022e-02   4.1298068e-01
   2.1666644e+00   8.2291101e-02   1.1667864e-01
   2.2450481e+00   1.4942102e-01   3.8406456e-02
   2.1392902e+00   2.9644228e-01   2.2954928e-02
   1.8938404e+00   5.2912818e-01   2.7219245e-02
   1.5342075e+00   7.3584982e-01   5.7609878e-02
   1.2052115e+00   6.9393554e-01   1.6956887e-01
   1.1277426e+00   4.0600119e-01   4.7067947e-01
   1.4458960e+00   1.6431540e-01   7.6438570e-01
   1.8566765e+00   8.0189492e-02   5.0240135e-01
   2.1281722e+00   7.9954648e-02   1.6114924e-01
   2.2333345e+00   1.3566712e-01   5.1538522e-02
   2.1649029e+00   2.6537479e-01   2.7968332e-02
   1.9461460e+00   4.8346942e-01   2.9688360e-02
   1.6045972e+00   7.0385116e-01   5.7413658e-02
   1.2620733e+00   7.0692524e-01   1.6164268e-01
   1.1427597e+00   4.3679473e-01   4.5707715e-01
   1.4274682e+00   1.7635650e-01   7.9859557e-01
   1.8359168e+00   7.9395784e-02   5.6335007e-01
   2.1199651e+00   7.3045465e-02   1.7891048e-01
   2.2356275e+00   1.2166209e-01   5.2274397e-02
   2.1866309e+00   2.3998777e-01   2.5439250e-02
   1.9855543e+00   4.4931761e-01   2.4420435e-02
   1.6548610e+00   6.8614016e-01   4.3890127e-02
   1.2931501e+00   7.4081692e-01   1.2045912e-01
   1.1166543e+00   5.0449481e-01   3.5695260e-01
   1.3077947e+00   2.2066421e-01   7.2032295e-01
   1.7252124e+00   9.3246393e-02   6.3579798e-01
   2.0596006e+00   7.2407291e-02   2.3714347e-01
   2.2142705e+00   1.0967760e-01   6.8683666e-02
   2.2093404e+00   2.1154094e-01   3.0132237e-02
   2.0347373e+00   4.0357098e-01   2.5496807e-02
   1.7263666e+00   6.4529327e-01   4.1159087e-02
   1.3585226e+00   7.4736921e-01   1.0623873e-01
   1.1365970e+00   5.5092573e-01   3.1759821e-01
   1.2626080e+00   2.5203654e-01   6.9989211e-01
   1.6691629e+00   1.0021828e-01   7.0559355e-01
   2.0274261e+00   6.8462982e-02   2.8285348e-01
   2.2052923e+00   9.7289449e-02   7.7459971e-02
   2.2312583e+00   1.8638344e-01   3.0144152e-02
   2.0766414e+00   3.6404126e-01   2.2473483e-02
   1.7870638e+00   6.0955115e-01   3.2725099e-02
   1.4133225e+00   7.5869501e-01   7.9790487e-02
   1.1426196e+00   6.1624459e-01   2.4214658e-01
   1.1830509e+00   3.1070064e-01   5.9688608e-01
   1.5651058e+00   1.2280868e-01   7.4181153e-01
   1.9566044e+00   7.2191229e-02   3.6440357e-01
   2.1751701e+00   8.9845800e-02   1.0522697e-01
   2.2423208e+00   1.6509802e-01   3.7816804e-02
   2.1155614e+00   3.2452399e-01   2.4973918e-02
   1.8510828e+00   5.6265271e-01   3.2418542e-02
   1.4851667e+00   7.4366123e-01   7.2961521e-02
   1.1834809e+00   6.5112574e-01   2.1703462e-01
   1.1672005e+00   3.4821258e-01   5.6526730e-01
   1.5224410e+00   1.3497980e-01   7.8733275e-01
   1.9238341e+00   7.1260816e-02   4.2509608e-01
   2.1628326e+00   8.1465381e-02   1.2117077e-01
   2.2443402e+00   1.4697941e-01   3.9484893e-02
   2.1433548e+00   2.9150144e-01   2.3213865e-02
   1.9017610e+00   5.2242813e-01   2.7067500e-02
   1.5442768e+00   7.3229556e-01   5.6563293e-02
   1.2120520e+00   6.9824866e-01   1.6568419e-01
   1.1264322e+00   4.1316353e-01   4.6275506e-01
   1.4390273e+00   1.6775923e-01   7.6477406e-01
   1.8498320e+00   8.0912610e-02   5.1319164e-01
   2.1247066e+00   7.9296278e-02   1.6609470e-01
   2.2326026e+00   1.3363582e-01   5.2682767e-02
   2.1684516e+00   2.6125111e-01   2.8161218e-02
   1.9529085e+00   4.7764734e-01   2.9428598e-02
   1.6134463e+00   7.0025676e-01   5.6225966e-02
   1.2684400e+00   7.1059452e-01   1.5749045e-01
   1.1414873e+00   4.4432910e-01   4.4764740e-01
   1.4153238e+00   1.8049983e-01   7.9561108e-01
   1.8253072e+00   8.0244655e-02   5.7443067e-01
   2.1147354e+00   7.2368408e-02   1.8437996e-01
   2.2342778e+00   1.1955610e-01   5.3373138e-02
   2.1900895e+00   2.3566541e-01   2.5524337e-02
   1.9925666e+00   4.4288280e-01   2.4060813e-02
   1.6645902e+00   6.8139991e-01   4.2624481e-02
   1.3008770e+00   7.4408059e-01   1.1617727e-01
   1.1162350e+00   5.1389570e-01   3.4578101e-01
   1.2947523e+00   2.2719399e-01   7.1078149e-01
   1.7112718e+00   9.5225646e-02   6.4594112e-01
   2.0515085e+00   7.2226769e-02   2.4604064e-01
   2.2114163e+00   1.0789068e-01   7.1082883e-02
   2.2128051e+00   2.0745393e-01   3.0676723e-02
   2.0418469e+00   3.9696898e-01   2.5456026e-02
   1.7367195e+00   6.3918080e-01   4.0421011e-02
   1.3681277e+00   7.4838059e-01   1.0334534e-01
   1.1391095e+00   5.5911152e-01   3.0936658e-01
   1.2537969e+00   2.5842124e-01   6.9188167e-01
   1.6578853e+00   1.0211345e-01   7.1518767e-01
   2.0204132e+00   6.8259041e-02   2.9212112e-01
   2.2028054e+00   9.5673433e-02   7.9759628e-02
   2.2345401e+00   1.8277109e-01   3.0523510e-02
   2.0830019e+00   3.5802953e-01   2.2315260e-02
   1.7965505e+00   6.0334813e-01   3.1958088e-02
   1.4227917e+00   7.5864724e-01   7.7127411e-02
   1.1458343e+00   6.2442444e-01   2.3404999e-01
   1.1751787e+00   3.1887543e-01   5.8458613e-01
   1.5526634e+00   1.2604880e-01   7.4564061e-01
   1.9473871e+00   7.2714861e-02   3.7594843e-01
   2.1711213e+00   8.8834301e-02   1.0934815e-01
   2.2416817e+00   1.6226248e-01   3.8855466e-02
   2.1201429e+00   3.1892905e-01   2.5219137e-02
   1.8598980e+00   5.5555075e-01   3.2172462e-02
   1.4957977e+00   7.4087120e-01   7.1493741e-02
   1.1898270e+00   6.5672030e-01   2.1187061e-01
   1.1641759e+00   3.5543247e-01   5.5655893e-01
   1.5142530e+00   1.3791632e-01   7.9127646e-01
   1.9169534e+00   7.1650081e-02   4.3651976e-01
   2.1597532e+00   8.0519489e-02   1.2510671e-01
   2.2439811e+00   1.4450549e-01   4.0294112e-02
   2.1473893e+00   2.8665211e-01   2.3290882e-02
   1.9094600e+00   5.1594674e-01   2.6705521e-02
   1.5539607e+00   7.2907869e-01   5.5114506e-02
   1.2182941e+00   7.0323858e-01   1.6073125e-01
   1.1239159e+00   4.2147366e-01   4.5212966e-01
   1.4299943e+00   1.7209932e-01   7.6224297e-01
   1.8409512e+00   8.2085925e-02   5.2472599e-01
   2.1200031e+00   7.8858257e-02   1.7229047e-01
   2.2312623e+00   1.3170428e-01   5.4346105e-02
   2.1720393e+00   2.5707552e-01   2.8630458e-02
   1.9599437e+00   4.7150798e-01   2.9440759e-02
   1.6229114e+00   6.9594358e-01   5.5526211e-02
   1.2758929e+00   7.1322810e-01   1.5457244e-01
   1.1419750e+00   4.5077409e-01   4.4098164e-01
   1.4065137e+00   1.8391040e-01   7.9513238e-01
   1.8172260e+00   8.0772256e-02   5.8493245e-01
   2.1108220e+00   7.1585533e-02   1.8898526e-01
   2.2334724e+00   1.1750381e-01   5.4114441e-02
   2.1933878e+00   2.3160811e-01   2.5434611e-02
   1.9990675e+00   4.3691161e-01   2.3563449e-02
   1.6735574e+00   6.7709666e-01   4.1180577e-02
   1.3078359e+00   7.4756295e-01   1.1153293e-01
   1.1151450e+00   5.2370597e-01   3.3351154e-01
   1.2806820e+00   2.3436598e-01   6.9864794e-01
   1.6960252e+00   9.7618297e-02   6.5495724e-01
   2.0423933e+00   7.2300790e-02   2.5574324e-01
   2.2079719e+00   1.0632799e-01   7.3961754e-02
   2.2160929e+00   2.0362113e-01   3.1456818e-02
   2.0487235e+00   3.9059966e-01   2.5621091e-02
   1.7468552e+00   6.3294254e-01   4.0030358e-02
   1.3779360e+00   7.4851123e-01   1.0134767e-01
   1.1427029e+00   5.6590146e-01   3.0343947e-01
   1.2476962e+00   2.6371836e-01   6.8686735e-01
   1.6493158e+00   1.0352887e-01   7.2455812e-01
   2.0150711e+00   6.7901499e-02   3.0005073e-01
   2.2010576e+00   9.4106972e-02   8.1495577e-02
   2.2375825e+00   1.7944892e-01   3.0677208e-02
   2.0887341e+00   3.5256556e-01   2.2019968e-02
   1.8050933e+00   5.9775391e-01   3.1053929e-02
   1.4312566e+00   7.5885360e-01   7.4250430e-02
   1.1483150e+00   6.3269574e-01   2.2538083e-01
   1.1666971e+00   3.2750558e-01   5.7038995e-01
   1.5393807e+00   1.2974222e-01   7.4722357e-01
   1.9372780e+00   7.3545284e-02   3.8778576e-01
   2.1664557e+00   8.8089623e-02   1.1407926e-01
   2.2406257e+00   1.5975085e-01   4.0196794e-02
   2.1243528e+00   3.1373416e-01   2.5685888e-02
   1.8682355e+00   5.4866294e-01   3.2234162e-02
   1.5062023e+00   7.3749688e-01   7.0742761e-02
   1.1968220e+00   6.6076066e-01   2.0869026e-01
   1.1634247e+00   3.6103425e-01   5.5157726e-01
   1.5090452e+00   1.4000723e-01   7.9655314e-01
   1.9123758e+00   7.1712323e-02   4.4609279e-01
   2.1578499e+00   7.9517390e-02   1.2796140e-01
   2.2440714e+00   1.4221643e-01   4.0700627e-02
   2.1510154e+00   2.8234264e-01   2.3153192e-02
   1.9162027e+00   5.1030594e-01   2.6148534e-02
   1.5623128e+00   7.2655388e-01   5.3375009e-02
   1.2232775e+00   7.0851397e-01   1.5511928e-01
   1.1203250e+00   4.3025932e-01   4.3961671e-01
   1.4138502e+00   1.7704476e-01   7.5659674e-01
   1.8273262e+00   8.3340639e-02   5.3580597e-01
   2.1131670e+00   7.8305932e-02   1.7861765e-01
   2.2292426e+00   1.2947046e-01   5.5947286e-02
   2.1758103e+00   2.5231503e-01   2.8974084e-02
   1.9677619e+00   4.6452419e-01   2.9242388e-02
   1.6335477e+00   6.9113573e-01   5.4335186e-02
   1.2840938e+00   7.1683490e-01   1.5021195e-01
   1.1415350e+00   4.5941424e-01   4.3070868e-01
   1.3936471e+00   1.8884176e-01   7.9149482e-01
   1.8053952e+00   8.1803354e-02   5.9786911e-01
   2.1048513e+00   7.0837216e-02   1.9563079e-01
   2.2319018e+00   1.1514603e-01   5.5431763e-02
   2.1973149e+00   2.2675372e-01   2.5530990e-02
   2.0069901e+00   4.2956715e-01   2.3156988e-02
   1.6847009e+00   6.7137077e-01   3.9789925e-02
   1.3170024e+00   7.5084042e-01   1.0685517e-01
   1.1151964e+00   5.3458031e-01   3.2092472e-01
   1.2663313e+00   2.4240311e-01   6.8624016e-01
   1.6797597e+00   1.0022502e-01   6.6538700e-01
   2.0325291e+00   7.2281909e-02   2.6675370e-01
   2.2042974e+00   1.0446611e-01   7.7125867e-02
   2.2199582e+00   1.9919743e-01   3.2228157e-02
   2.0566142e+00   3.8329259e-01   2.5679064e-02
   1.7584508e+00   6.2579798e-01   3.9370381e-02
   1.3891081e+00   7.4888466e-01   9.8551619e-02
   1.1464056e+00   5.7451927e-01   2.9521518e-01
   1.2392707e+00   2.7077730e-01   6.7842725e-01
   1.6376669e+00   1.0564126e-01   7.3481081e-01
   2.0076102e+00   6.7688511e-02   3.1050536e-01
   2.1983866e+00   9.2384757e-02   8.4070582e-02
   2.2411692e+00   1.7561338e-01   3.1067361e-02
   2.0955350e+00   3.4612547e-01   2.1823377e-02
   1.8152896e+00   5.9089699e-01   3.0214507e-02
   1.4416684e+00   7.5841829e-01   7.1414645e-02
   1.1521441e+00   6.4155548e-01   2.1664869e-01
   1.1584698e+00   3.3698791e-01   5.5596861e-01
   1.5255437e+00   1.3375302e-01   7.4941880e-01
   1.9265272e+00   7.4366912e-02   4.0094811e-01
   2.1615096e+00   8.7163623e-02   1.1926909e-01
   2.2396045e+00   1.5685782e-01   4.1583705e-02
   2.1291602e+00   3.0785667e-01   2.6090916e-02
   1.8776379e+00   5.4091765e-01   3.2129050e-02
   1.5178758e+00   7.3384546e-01   6.9516680e-02
   1.2044151e+00   6.6595040e-01   2.0405800e-01
   1.1615301e+00   3.6836819e-01   5.4357003e-01
   1.5015790e+00   1.4299853e-01   8.0093562e-01
   1.9057951e+00   7.2055253e-02   4.5813047e-01
   2.1549065e+00   7.8499771e-02   1.3204283e-01
   2.2438110e+00   1.3965122e-01   4.1461327e-02
   2.1551906e+00   2.7735310e-01   2.3160500e-02
   1.9241232e+00   5.0356708e-01   2.5694546e-02
   1.5723709e+00   7.2305590e-01   5.1755710e-02
   1.2298455e+00   7.1377371e-01   1.4968909e-01
   1.1175790e+00   4.3962752e-01   4.2737653e-01
   1.3978976e+00   1.8228908e-01   7.5154594e-01
   1.8134377e+00   8.4583645e-02   5.4799449e-01
   2.1061664e+00   7.7610767e-02   1.8540548e-01
   2.2272622e+00   1.2697304e-01   5.7557847e-02
   2.1799917e+00   2.4710028e-01   2.9233180e-02
   1.9762895e+00   4.5689908e-01   2.8894107e-02
   1.6451317e+00   6.8590278e-01   5.2806764e-02
   1.2929408e+00   7.2108598e-01   1.4488123e-01
   1.1405271e+00   4.6972509e-01   4.1788728e-01
   1.3779466e+00   1.9500730e-01   7.8516858e-01
   1.7907214e+00   8.3254035e-02   6.1245440e-01
   2.0972469e+00   7.0138833e-02   2.0395720e-01
   2.2296990e+00   1.1259600e-01   5.7221280e-02
   2.2016728e+00   2.2136737e-01   2.5771550e-02
   2.0158921e+00   4.2125508e-01   2.2819921e-02
   1.6974003e+00   6.6452439e-01   3.8452030e-02
   1.3278649e+00   7.5379336e-01   1.0220925e-01
   1.1162526e+00   5.4621550e-01   3.0817861e-01
   1.2519683e+00   2.5120283e-01   6.7332773e-01
   1.6627363e+00   1.0306843e-01   6.7656731e-01
   2.0220043e+00   7.2238494e-02   2.7893093e-01
   2.2003686e+00   1.0243220e-01   8.0598202e-02
   2.2242213e+00   1.9441257e-01   3.3023404e-02
   2.0651709e+00   3.7537339e-01   2.5680660e-02
   1.7710315e+00   6.1795355e-01   3.8559345e-02
   1.4013178e+00   7.4921261e-01   9.5311536e-02
   1.1504154e+00   5.8427857e-01   2.8563442e-01
   1.2295988e+00   2.7911693e-01   6.6756028e-01
   1.6240534e+00   1.0829167e-01   7.4530951e-01
   1.9986745e+00   6.7606494e-02   3.2284325e-01
   2.1950374e+00   9.0594829e-02   8.7305202e-02
   2.2451169e+00   1.7149575e-01   3.1637599e-02
   2.1029874e+00   3.3910980e-01   2.1702855e-02
   1.8264987e+00   5.8319920e-01   2.9438603e-02
   1.4533744e+00   7.5739322e-01   6.8674279e-02
   1.1570129e+00   6.5064517e-01   2.0805374e-01
   1.1506883e+00   3.4704539e-01   5.4147663e-01
   1.5115299e+00   1.3802405e-01   7.5166786e-01
   1.9153764e+00   7.5213674e-02   4.1499296e-01
   2.1563486e+00   8.6151404e-02   1.2485258e-01
   2.2385688e+00   1.5377158e-01   4.3024901e-02
   2.1342888e+00   3.0162258e-01   2.6464028e-02
   1.8876188e+00   5.3266922e-01   3.1928593e-02
   1.5303044e+00   7.2991358e-01   6.8029514e-02
   1.2124659e+00   6.7171868e-01   1.9862267e-01
   1.1591044e+00   3.7681177e-01   5.3367422e-01
   1.4928141e+00   1.4662064e-01   8.0437892e-01
   1.8979433e+00   7.2609562e-02   4.7175420e-01
   2.1512655e+00   7.7501903e-02   1.3701546e-01
   2.2432911e+00   1.3695876e-01   4.2475836e-02
   2.1596585e+00   2.7200973e-01   2.3269752e-02
   1.9326894e+00   4.9619143e-01   2.5318396e-02
   1.5834367e+00   7.1886779e-01   5.0251085e-02
   1.2374684e+00   7.1884969e-01   1.4449555e-01
   1.1155555e+00   4.4929510e-01   4.1548231e-01
   1.3823861e+00   1.8774331e-01   7.4669667e-01
   1.7995139e+00   8.5839518e-02   5.6074922e-01
   2.0990781e+00   7.6854141e-02   1.9253777e-01
   2.2252866e+00   1.2436741e-01   5.9189300e-02
   2.1843549e+00   2.4170331e-01   2.9444880e-02
   1.9851140e+00   4.4897533e-01   2.8467701e-02
   1.6571673e+00   6.8035879e-01   5.1125181e-02
   1.3022021e+00   7.2551235e-01   1.3913386e-01
   1.1394012e+00   4.8095733e-01   4.0377335e-01
   1.3609700e+00   2.0200053e-01   7.7679101e-01
   1.7744397e+00   8.5022222e-02   6.2764880e-01
   2.0885998e+00   6.9526518e-02   2.1345638e-01
   2.2270422e+00   1.1001855e-01   5.9363515e-02
   2.2061891e+00   2.1581489e-01   2.6124351e-02
   2.0251718e+00   4.1254321e-01   2.2552096e-02
   1.7107913e+00   6.5701270e-01   3.7214857e-02
   1.3396905e+00   7.5623882e-01   9.7802533e-02
   1.1181818e+00   5.5797299e-01   2.9584829e-01
   1.2382910e+00   2.6036092e-01   6.6030141e-01
   1.6457713e+00   1.0605260e-01   6.8766672e-01
   2.0112815e+00   7.2211941e-02   2.9171537e-01
   2.1963248e+00   1.0037755e-01   8.4261331e-02
   2.2286171e+00   1.8958272e-01   3.3831784e-02
   2.0738646e+00   3.6733722e-01   2.5655687e-02
   1.7838346e+00   6.0983992e-01   3.7697155e-02
   1.4138969e+00   7.4932054e-01   9.1956919e-02
   1.1546864e+00   5.9439183e-01   2.7562083e-01
   1.2196821e+00   2.8812785e-01   6.5530709e-01
   1.6096627e+00   1.1128679e-01   7.5524888e-01
   1.9889887e+00   6.7651230e-02   3.3619689e-01
   2.1912824e+00   8.8855959e-02   9.0976532e-02
   2.2485927e+00   1.6738624e-01   3.2335228e-02
   2.1103889e+00   3.3193592e-01   2.1649889e-02
   1.8379701e+00   5.7504292e-01   2.8745504e-02
   1.4657310e+00   7.5574357e-01   6.6119593e-02
   1.1627151e+00   6.5949581e-01   1.9987783e-01
   1.1437199e+00   3.5730329e-01   5.2727436e-01
   1.4979273e+00   1.4245359e-01   7.5358746e-01
   1.9042300e+00   7.6103815e-02   4.2940497e-01
   2.1511198e+00   8.5141424e-02   1.3071743e-01
   2.2375029e+00   1.5067719e-01   4.4517871e-02
   2.1394672e+00   2.9536263e-01   2.6831311e-02
   1.8976793e+00   5.2430435e-01   3.1699867e-02
   1.5429254e+00   7.2576278e-01   6.6481511e-02
   1.2207579e+00   6.7752339e-01   1.9299923e-01
   1.1566858e+00   3.8569974e-01   5.2304597e-01
   1.4836920e+00   1.5056912e-01   8.0695477e-01
   1.8895827e+00   7.3293989e-02   4.8600987e-01
   2.1472954e+00   7.6554595e-02   1.4248641e-01
   2.2426160e+00   1.3428401e-01   4.3631957e-02
   2.1641619e+00   2.6663539e-01   2.3436297e-02
   1.9413672e+00   4.8865171e-01   2.4995785e-02
   1.5947904e+00   7.1431303e-01   4.8856931e-02
   1.2455731e+00   7.2359668e-01   1.3959657e-01
   1.1141005e+00   4.5894330e-01   4.0404646e-01
   1.3675801e+00   1.9328536e-01   7.4173768e-01
   1.7858282e+00   8.7122708e-02   5.7346814e-01
   2.0920108e+00   7.6113527e-02   1.9984839e-01
   2.2232963e+00   1.2180481e-01   6.0844663e-02
   2.1886744e+00   2.3639309e-01   2.9644691e-02
   1.9938233e+00   4.4111047e-01   2.8031201e-02
   1.6691326e+00   6.7467391e-01   4.9459425e-02
   1.3115802e+00   7.2970185e-01   1.3347593e-01
   1.1385170e+00   4.9233097e-01   3.8959054e-01
   1.3441785e+00   2.0934708e-01   7.6722997e-01
   1.7578292e+00   8.6973517e-02   6.4246941e-01
   2.0795684e+00   6.9018000e-02   2.2351130e-01
   2.2241512e+00   1.0755603e-01   6.1705211e-02
   2.2106115e+00   2.1042764e-01   2.6547070e-02
   2.0342676e+00   4.0397087e-01   2.2344948e-02
   1.7240395e+00   6.4932906e-01   3.6106833e-02
   1.3517075e+00   7.5810422e-01   9.3780863e-02
   1.1207386e+00   5.6927619e-01   2.8438267e-01
   1.2258051e+00   2.6946198e-01   6.4756913e-01
   1.6295778e+00   1.0906841e-01   6.9798104e-01
   2.0008042e+00   7.2231913e-02   3.0451074e-01
   2.1923110e+00   9.8430780e-02   8.7981572e-02
   2.2329037e+00   1.8497974e-01   3.4640379e-02
   2.0822289e+00   3.5962292e-01   2.5631073e-02
   1.7961759e+00   6.0187930e-01   3.6870086e-02
   1.4262026e+00   7.4912174e-01   8.8765366e-02
   1.1591053e+00   6.0414781e-01   2.6598426e-01
   1.2103528e+00   2.9718053e-01   6.4277524e-01
   1.5956002e+00   1.1440346e-01   7.6408114e-01
   1.9792856e+00   6.7796159e-02   3.4965410e-01
   2.1874201e+00   8.7255886e-02   9.4820820e-02
   2.2484699e+00   1.6351988e-01   3.3094699e-02
   2.1163920e+00   3.2461504e-01   2.1646564e-02
   1.8492605e+00   5.6609659e-01   2.8107201e-02
   1.4789488e+00   7.5299476e-01   6.3645563e-02
   1.1697372e+00   6.6810308e-01   1.9169910e-01
   1.1377110e+00   3.6825026e-01   5.1229905e-01
   1.4844469e+00   1.4742325e-01   7.5461703e-01
   1.8926157e+00   7.7220713e-02   4.4499239e-01
   2.1454850e+00   8.4211802e-02   1.3745052e-01
   2.2362292e+00   1.4758129e-01   4.6299823e-02
   2.1447991e+00   2.8897849e-01   2.7331951e-02
   1.9080676e+00   5.1558335e-01   3.1593384e-02
   1.5561634e+00   7.2101173e-01   6.5156091e-02
   1.2299050e+00   6.8286610e-01   1.8791323e-01
   1.1552315e+00   3.9447591e-01   5.1327829e-01
   1.4753637e+00   1.5447763e-01   8.0990367e-01
   1.8816609e+00   7.3920864e-02   5.0044801e-01
   2.1435313e+00   7.5557526e-02   1.4797420e-01
   2.2420477e+00   1.3157223e-01   4.4722257e-02
   2.1687136e+00   2.6123310e-01   2.3536829e-02
   1.9500795e+00   4.8104641e-01   2.4594395e-02
   1.6062321e+00   7.0964929e-01   4.7324182e-02
   1.2537609e+00   7.2850459e-01   1.3433429e-01
   1.1124141e+00   4.6929039e-01   3.9145258e-01
   1.3516879e+00   1.9949799e-01   7.3481973e-01
   1.7707922e+00   8.8707385e-02   5.8638025e-01
   2.0840357e+00   7.5500156e-02   2.0806503e-01
   2.2208694e+00   1.1929626e-01   6.2835770e-02
   2.1930227e+00   2.3105669e-01   2.9984290e-02
   2.0026927e+00   4.3304022e-01   2.7712283e-02
   1.6814985e+00   6.6846704e-01   4.8002132e-02
   1.3216968e+00   7.3325774e-01   1.2835137e-01
   1.1386322e+00   5.0341025e-01   3.7645855e-01
   1.3288403e+00   2.1667753e-01   7.5805238e-01
   1.7420075e+00   8.8916443e-02   6.5701167e-01
   2.0708099e+00   6.8513490e-02   2.3367656e-01
   2.2213391e+00   1.0514955e-01   6.4039987e-02
   2.2149771e+00   2.0518302e-01   2.6935103e-02
   2.0431504e+00   3.9557423e-01   2.2106503e-02
   1.7370398e+00   6.4162929e-01   3.4979052e-02
   1.3636697e+00   7.5971490e-01   8.9774336e-02
   1.1234324e+00   5.8063260e-01   2.7281161e-01
   1.2134348e+00   2.7901134e-01   6.3361325e-01
   1.6130106e+00   1.1239379e-01   7.0714114e-01
   1.9897799e+00   7.2424919e-02   3.1791310e-01
   2.1879261e+00   9.6637916e-02   9.2099320e-02
   2.2371234e+00   1.8057538e-01   3.5601146e-02
   2.0904194e+00   3.5212238e-01   2.5714762e-02
   1.8082977e+00   5.9387785e-01   3.6218973e-02
   1.4385812e+00   7.4832943e-01   8.6038583e-02
   1.1641686e+00   6.1309160e-01   2.5754081e-01
   1.2025323e+00   3.0576645e-01   6.3158444e-01
   1.5829459e+00   1.1735244e-01   7.7246932e-01
   1.9703644e+00   6.7902149e-02   3.6260465e-01
   2.1838685e+00   8.5719764e-02   9.8486540e-02
   2.2484035e+00   1.5986089e-01   3.3768972e-02
   2.1220701e+00   3.1770152e-01   2.1593352e-02
   1.8599339e+00   5.5756175e-01   2.7440963e-02
   1.4915482e+00   7.5022122e-01   6.1200124e-02
   1.1765057e+00   6.7640503e-01   1.8365453e-01
   1.1318679e+00   3.7928663e-01   4.9689938e-01
   1.4710168e+00   1.5266408e-01   7.5386916e-01
   1.8807159e+00   7.8539431e-02   4.6035497e-01
   2.1395334e+00   8.3466465e-02   1.4462407e-01
   2.2346995e+00   1.4473729e-01   4.8285040e-02
   2.1498421e+00   2.8295881e-01   2.7954583e-02
   1.9179942e+00   5.0715533e-01   3.1639983e-02
   1.5690412e+00   7.1598023e-01   6.4185543e-02
   1.2392816e+00   6.8725608e-01   1.8382232e-01
   1.1549740e+00   4.0235834e-01   5.0533203e-01
   1.4686439e+00   1.5797034e-01   8.1329822e-01
   1.8749614e+00   7.4405436e-02   5.1390797e-01
   2.1403689e+00   7.4569867e-02   1.5295019e-01
   2.2416809e+00   1.2902253e-01   4.5621900e-02
   2.1729631e+00   2.5621679e-01   2.3545011e-02
   1.9581430e+00   4.7397521e-01   2.4130509e-02
   1.6168490e+00   7.0527602e-01   4.5749052e-02
   1.2613439e+00   7.3324820e-01   1.2906284e-01
   1.1105431e+00   4.7960888e-01   3.7854038e-01
   1.3357846e+00   2.0598778e-01   7.2620530e-01
   1.7553861e+00   9.0522526e-02   5.9835766e-01
   2.0756323e+00   7.5086103e-02   2.1665939e-01
   2.2181215e+00   1.1704682e-01   6.5072436e-02
   2.1970684e+00   2.2610856e-01   3.0466087e-02
   2.0110535e+00   4.2538832e-01   2.7554572e-02
   1.6933249e+00   6.6221461e-01   4.6885572e-02
   1.3317946e+00   7.3586189e-01   1.2419324e-01
   1.1397946e+00   5.1321277e-01   3.6555630e-01
   1.3162944e+00   2.2328868e-01   7.5043266e-01
   1.7284573e+00   9.0632059e-02   6.7025248e-01
   2.0631976e+00   6.8018324e-02   2.4298545e-01
   2.2189242e+00   1.0296194e-01   6.6109852e-02
   2.2189580e+00   2.0046709e-01   2.7227195e-02
   2.0511372e+00   3.8799967e-01   2.1832626e-02
   1.7487701e+00   6.3456325e-01   3.3884208e-02
   1.3745757e+00   7.6105886e-01   8.6006692e-02
   1.1259092e+00   5.9127455e-01   2.6182462e-01
   1.2018759e+00   2.8836886e-01   6.1924094e-01
   1.5970986e+00   1.1583769e-01   7.1427923e-01
   1.9788808e+00   7.2807463e-02   3.3096182e-01
   2.1834131e+00   9.5144736e-02   9.6385964e-02
   2.2409686e+00   1.7669449e-01   3.6682468e-02
   2.0978573e+00   3.4538717e-01   2.5926360e-02
   1.8193242e+00   5.8644117e-01   3.5818529e-02
   1.4501211e+00   7.4700391e-01   8.4021841e-02
   1.1695281e+00   6.2044239e-01   2.5105858e-01
   1.1969308e+00   3.1303988e-01   6.2306953e-01
   1.5729248e+00   1.1978814e-01   7.8018245e-01
   1.9631685e+00   6.7903364e-02   3.7382642e-01
   2.1810536e+00   8.4328571e-02   1.0153629e-01
   2.2484793e+00   1.5665541e-01   3.4249639e-02
   2.1270184e+00   3.1169841e-01   2.1461565e-02
   1.8691859e+00   5.5012315e-01   2.6758143e-02
   1.5025046e+00   7.4777902e-01   5.8881095e-02
   1.1823312e+00   6.8395605e-01   1.7612019e-01
   1.1263192e+00   3.8972349e-01   4.8183388e-01
   1.4583044e+00   1.5788263e-01   7.5112792e-01
   1.8691552e+00   8.0019760e-02   4.7436021e-01
   2.1335537e+00   8.2988400e-02   1.5183276e-01
   2.2329516e+00   1.4235942e-01   5.0401431e-02
   2.1542436e+00   2.7772364e-01   2.8700473e-02
   1.9267867e+00   4.9960428e-01   3.1883199e-02
   1.5806856e+00   7.1100147e-01   6.3715932e-02
   1.2482976e+00   6.9025114e-01   1.8120848e-01
   1.1561424e+00   4.0851366e-01   5.0031745e-01
   1.4643827e+00   1.6059835e-01   8.1754605e-01
   1.8703569e+00   7.4622541e-02   5.2518618e-01
   2.1382782e+00   7.3622354e-02   1.5676291e-01
   2.2416585e+00   1.2679957e-01   4.6165018e-02
   2.1765930e+00   2.5195340e-01   2.3414818e-02
   1.9649295e+00   4.6800612e-01   2.3597772e-02
   1.6257605e+00   7.0165375e-01   4.4175607e-02
   1.2675712e+00   7.3766624e-01   1.2398392e-01
   1.1083332e+00   4.8931226e-01   3.6583501e-01
   1.3205293e+00   2.1242311e-01   7.1603021e-01
   1.7403079e+00   9.2519886e-02   6.0840545e-01
   2.0671518e+00   7.4941599e-02   2.2515841e-01
   2.2151250e+00   1.1522975e-01   6.7494926e-02
   2.2005329e+00   2.2188643e-01   3.1109694e-02
   2.0183634e+00   4.1867250e-01   2.7611275e-02
   1.7038329e+00   6.5634748e-01   4.6240326e-02
   1.3412173e+00   7.3727198e-01   1.2139889e-01
   1.1420391e+00   5.2080393e-01   3.5801599e-01
   1.3077705e+00   2.2842448e-01   7.4582454e-01
   1.7186617e+00   9.1855038e-02   6.8145832e-01
   2.0576676e+00   6.7501056e-02   2.5038152e-01
   2.2172815e+00   1.0110530e-01   6.7604068e-02
   2.2222809e+00   1.9658098e-01   2.7340518e-02
   2.0576596e+00   3.8178485e-01   2.1498503e-02
   1.7583548e+00   6.2874816e-01   3.2831211e-02
   1.3834831e+00   7.6228534e-01   8.2570256e-02
   1.1276796e+00   6.0068061e-01   2.5176838e-01
   1.1914012e+00   2.9703274e-01   6.0492954e-01
   1.5824710e+00   1.1925507e-01   7.1873552e-01
   1.9685615e+00   7.3401832e-02   3.4285141e-01
   2.1789326e+00   9.4067673e-02   1.0066369e-01
   2.2404489e+00   1.7358061e-01   3.7876795e-02
   2.1029470e+00   3.3926646e-01   2.6298708e-02
   1.8289546e+00   5.7893686e-01   3.5689078e-02
   1.4614089e+00   7.4446670e-01   8.2646891e-02
   1.1760445e+00   6.2618314e-01   2.4611143e-01
   1.1939208e+00   3.1939967e-01   6.1644332e-01
   1.5654805e+00   1.2196306e-01   7.8756716e-01
   1.9574947e+00   6.7898720e-02   3.8421639e-01
   2.1788290e+00   8.3095208e-02   1.0435120e-01
   2.2486386e+00   1.5383359e-01   3.4684340e-02
   2.1314192e+00   3.0641147e-01   2.1342466e-02
   1.8773681e+00   5.4349854e-01   2.6158305e-02
   1.5122750e+00   7.4543565e-01   5.6868003e-02
   1.1876701e+00   6.9053026e-01   1.6956575e-01
   1.1216304e+00   3.9915703e-01   4.6836112e-01
   1.4470597e+00   1.6273476e-01   7.4779854e-01
   1.8586650e+00   8.1455781e-02   4.8677125e-01
   2.1280185e+00   8.2635826e-02   1.5860133e-01
   2.2312594e+00   1.4031671e-01   5.2424607e-02
   2.1581165e+00   2.7315230e-01   2.9424193e-02
   1.9345408e+00   4.9291681e-01   3.2149144e-02
   1.5910489e+00   7.0639865e-01   6.3387413e-02
   1.2565180e+00   6.9261552e-01   1.7910713e-01
   1.1575771e+00   4.1382658e-01   4.9620952e-01
   1.4610110e+00   1.6288491e-01   8.2137875e-01
   1.8665341e+00   7.4797243e-02   5.3516080e-01
   2.1365421e+00   7.2787836e-02   1.6011421e-01
   2.2416753e+00   1.2486485e-01   4.6617468e-02
   2.1797532e+00   2.4824990e-01   2.3283533e-02
   1.9708260e+00   4.6278731e-01   2.3120539e-02
   1.6335524e+00   6.9839903e-01   4.2799568e-02
   1.2730949e+00   7.4144666e-01   1.1956471e-01
   1.1064998e+00   4.9795022e-01   3.5460341e-01
   1.3071950e+00   2.1832479e-01   7.0629939e-01
   1.7267960e+00   9.4423308e-02   6.1681067e-01
   2.0593928e+00   7.4902141e-02   2.3296522e-01
   2.2122985e+00   1.1371723e-01   6.9798374e-02
   2.2035174e+00   2.1828382e-01   3.1749111e-02
   2.0246838e+00   4.1286306e-01   2.7721269e-02
   1.7129818e+00   6.5110189e-01   4.5780353e-02
   1.3496098e+00   7.3815164e-01   1.1923070e-01
   1.1444281e+00   5.2710344e-01   3.5204133e-01
   1.3011479e+00   2.3275476e-01   7.4224879e-01
   1.7107384e+00   9.2866006e-02   6.9104776e-01
   2.0531519e+00   6.7044440e-02   2.5669938e-01
   2.2159611e+00   9.9531522e-02   6.8841065e-02
   2.2251025e+00   1.9330980e-01   2.7407424e-02
   2.0631476e+00   3.7653604e-01   2.1192495e-02
   1.7664504e+00   6.2376241e-01   3.1918953e-02
   1.3910843e+00   7.6321934e-01   7.9639371e-02
   1.1292608e+00   6.0876439e-01   2.4312923e-01
   1.1824997e+00   3.0472881e-01   5.9203368e-01
   1.5697219e+00   1.2240149e-01   7.2163887e-01
   1.9593547e+00   7.4034136e-02   3.5331869e-01
   2.1748320e+00   9.3239820e-02   1.0463058e-01
   2.2396559e+00   1.7102163e-01   3.9022944e-02
   2.1071390e+00   3.3411292e-01   2.6695069e-02
   1.8371072e+00   5.7244708e-01   3.5676670e-02
   1.4711852e+00   7.4193466e-01   8.1692024e-02
   1.1820446e+00   6.3063647e-01   2.4244057e-01
   1.1921472e+00   3.2456463e-01   6.1156747e-01
   1.5599059e+00   1.2370748e-01   7.9397268e-01
   1.9531346e+00   6.7852682e-02   3.9288144e-01
   2.1771465e+00   8.2048959e-02   1.0663224e-01
   2.2488435e+00   1.5148822e-01   3.4996256e-02
   2.1350700e+00   3.0203874e-01   2.1206082e-02
   1.8841316e+00   5.3799256e-01   2.5620233e-02
   1.5203859e+00   7.4343829e-01   5.5133978e-02
   1.1921144e+00   6.9607906e-01   1.6395484e-01
   1.1176193e+00   4.0737011e-01   4.5650213e-01
   1.4373281e+00   1.6711132e-01   7.4386129e-01
   1.8493867e+00   8.2835576e-02   4.9723058e-01
   2.1230072e+00   8.2442674e-02   1.6475353e-01
   2.2296268e+00   1.3868465e-01   5.4330885e-02
   2.1613326e+00   2.6938269e-01   3.0139439e-02
   1.9410322e+00   4.8728777e-01   3.2476173e-02
   1.5998373e+00   7.0228928e-01   6.3300968e-02
   1.2637549e+00   6.9414048e-01   1.7782237e-01
   1.1594686e+00   4.1785511e-01   4.9373481e-01
   1.4590285e+00   1.6456341e-01   8.2523846e-01
   1.8640052e+00   7.4838441e-02   5.4321622e-01
   2.1354494e+00   7.2056585e-02   1.6261382e-01
   2.2418401e+00   1.2326787e-01   4.6869586e-02
   2.1823242e+00   2.4524397e-01   2.3110055e-02
   1.9755778e+00   4.5856540e-01   2.2670407e-02
   1.6398305e+00   6.9578276e-01   4.1583457e-02
   1.2774991e+00   7.4466770e-01   1.1573221e-01
   1.1047671e+00   5.0540421e-01   3.4472816e-01
   1.2956384e+00   2.2360579e-01   6.9690824e-01
   1.7148704e+00   9.6229037e-02   6.2333086e-01
   2.0523891e+00   7.4996502e-02   2.3993011e-01
   2.2096361e+00   1.1255928e-01   7.1975677e-02
   2.2059393e+00   2.1538369e-01   3.2406120e-02
   2.0298826e+00   4.0808751e-01   2.7918999e-02
   1.7205804e+00   6.4659877e-01   4.5573580e-02
   1.3568044e+00   7.3842384e-01   1.1787128e-01
   1.1470212e+00   5.3173846e-01   3.4815586e-01
   1.2969647e+00   2.3593053e-01   7.4051145e-01
   1.7053506e+00   9.3527336e-02   6.9883702e-01
   2.0500892e+00   6.6613940e-02   2.6144146e-01
   2.2151548e+00   9.8258773e-02   6.9662583e-02
   2.2273409e+00   1.9073374e-01   2.7379840e-02
   2.0674255e+00   3.7242258e-01   2.0889037e-02
   1.7727651e+00   6.1985568e-01   3.1118196e-02
   1.3970030e+00   7.6403216e-01   7.7155161e-02
   1.1303420e+00   6.1547291e-01   2.3579610e-01
   1.1749803e+00   3.1133278e-01   5.8050444e-01
   1.5588395e+00   1.2523597e-01   7.2292024e-01
   1.9513175e+00   7.4712230e-02   3.6214247e-01
   2.1711359e+00   9.2689723e-02   1.0822589e-01
   2.2387911e+00   1.6906775e-01   4.0125710e-02
   2.1104233e+00   3.3004514e-01   2.7135854e-02
   1.8436261e+00   5.6715666e-01   3.5824226e-02
   1.4792019e+00   7.3949957e-01   8.1271794e-02
   1.1873913e+00   6.3355298e-01   2.4040182e-01
   1.1918636e+00   3.2812541e-01   6.0922916e-01
   1.5567235e+00   1.2481062e-01   7.9961427e-01
   1.9505510e+00   6.7696929e-02   3.9920141e-01
   2.1762463e+00   8.1185058e-02   1.0809884e-01
   2.2491804e+00   1.4966737e-01   3.5104042e-02
   2.1378671e+00   2.9871416e-01   2.1015718e-02
   1.8892372e+00   5.3384686e-01   2.5110770e-02
   1.5264625e+00   7.4204046e-01   5.3621224e-02
   1.1952779e+00   7.0066547e-01   1.5915647e-01
   1.1139996e+00   4.1427846e-01   4.4606177e-01
   1.4289656e+00   1.7097384e-01   7.3917514e-01
   1.8412902e+00   8.4173749e-02   5.0551844e-01
   2.1185057e+00   8.2446000e-02   1.7020553e-01
   2.2280221e+00   1.3752077e-01   5.6131060e-02
   2.1638029e+00   2.6650339e-01   3.0876746e-02
   1.9461254e+00   4.8283309e-01   3.2915030e-02
   1.6068830e+00   6.9872565e-01   6.3569862e-02
   1.2699350e+00   6.9461743e-01   1.7767157e-01
   1.1620708e+00   4.2017706e-01   4.9365509e-01
   1.4589621e+00   1.6536521e-01   8.2969018e-01
   1.8632993e+00   7.4646420e-02   5.4880758e-01
   2.1353033e+00   7.1407167e-02   1.6386608e-01
   2.2422762e+00   1.2203874e-01   4.6804851e-02
   2.1842142e+00   2.4303952e-01   2.2848021e-02
   1.9789807e+00   4.5554157e-01   2.2211888e-02
   1.6442652e+00   6.9405365e-01   4.0473752e-02
   1.2804060e+00   7.4745769e-01   1.1236382e-01
   1.1028245e+00   5.1165853e-01   3.3594881e-01
   1.2855584e+00   2.2825808e-01   6.8756431e-01
   1.7043726e+00   9.7966879e-02   6.2776843e-01
   2.0460615e+00   7.5263383e-02   2.4600205e-01
   2.2070823e+00   1.1179998e-01   7.4059788e-02
   2.2077370e+00   2.1324243e-01   3.3119530e-02
   2.0338829e+00   4.0442212e-01   2.8249956e-02
   1.7265241e+00   6.4289905e-01   4.5699629e-02
   1.3627294e+00   7.3798709e-01   1.1752099e-01
   1.1499482e+00   5.3434603e-01   3.4691590e-01
   1.2958064e+00   2.3760244e-01   7.4149254e-01
   1.7031895e+00   9.3694232e-02   7.0472174e-01
   2.0489368e+00   6.6167160e-02   2.6411345e-01
   2.2150671e+00   9.7294550e-02   6.9902547e-02
   2.2289286e+00   1.8891531e-01   2.7204548e-02
   2.0703436e+00   3.6958588e-01   2.0557422e-02
   1.7770477e+00   6.1725073e-01   3.0390932e-02
   1.4009008e+00   7.6490695e-01   7.5035299e-02
   1.1306111e+00   6.2082340e-01   2.2958009e-01
   1.1685750e+00   3.1679985e-01   5.7011477e-01
   1.5496833e+00   1.2775925e-01   7.2244909e-01
   1.9444007e+00   7.5461563e-02   3.6919821e-01
   2.1678122e+00   9.2451331e-02   1.1144109e-01
   2.2378187e+00   1.6776349e-01   4.1211510e-02
   2.1127399e+00   3.2712430e-01   2.7655146e-02
   1.8484227e+00   5.6313791e-01   3.6186682e-02
   1.4853610e+00   7.3715710e-01   8.1512370e-02
   1.1920989e+00   6.3469145e-01   2.4034969e-01
   1.1934060e+00   3.2972471e-01   6.1019157e-01
   1.5564672e+00   1.2508495e-01   8.0478097e-01
   1.9501903e+00   6.7366970e-02   4.0266396e-01
   2.1763580e+00   8.0492293e-02   1.0850500e-01
   2.2497370e+00   1.4840074e-01   3.4935266e-02
   2.1397404e+00   2.9653360e-01   2.0737677e-02
   1.8925088e+00   5.3124755e-01   2.4597672e-02
   1.5302132e+00   7.4145965e-01   5.2269812e-02
   1.1968370e+00   7.0438154e-01   1.5502382e-01
   1.1104918e+00   4.1985978e-01   4.3678368e-01
   1.4176946e+00   1.7431950e-01   7.3355160e-01
   1.8318764e+00   8.5251767e-02   5.1148940e-01
   2.1136208e+00   8.2367726e-02   1.7442150e-01
   2.2263376e+00   1.3641172e-01   5.7466809e-02
   2.1658356e+00   2.6388169e-01   3.1356586e-02
   1.9505822e+00   4.7885899e-01   3.3097715e-02
   1.6130537e+00   6.9576520e-01   6.3396554e-02
   1.2750599e+00   6.9577778e-01   1.7643647e-01
   1.1632203e+00   4.2339012e-01   4.9104229e-01
   1.4571221e+00   1.6684303e-01   8.3160981e-01
   1.8610165e+00   7.4809861e-02   5.5499321e-01
   2.1342161e+00   7.0953065e-02   1.6607586e-01
   2.2422348e+00   1.2094075e-01   4.7134365e-02
   2.1860492e+00   2.4090415e-01   2.2801862e-02
   1.9824159e+00   4.5245670e-01   2.1972252e-02
   1.6488976e+00   6.9194466e-01   3.9765971e-02
   1.2838902e+00   7.4935892e-01   1.1006340e-01
   1.1021939e+00   5.1658287e-01   3.2990798e-01
   1.2784963e+00   2.3179942e-01   6.8169923e-01
   1.6967484e+00   9.9161733e-02   6.3206994e-01
   2.0414943e+00   7.5300598e-02   2.5070860e-01
   2.2053513e+00   1.1099976e-01   7.5514030e-02
   2.2094090e+00   2.1128269e-01   3.3528157e-02
   2.0373936e+00   4.0120700e-01   2.8335677e-02
   1.7316380e+00   6.3986477e-01   4.5473887e-02
   1.3675555e+00   7.3825559e-01   1.1638855e-01
   1.1515280e+00   5.3779299e-01   3.4369800e-01
   1.2923889e+00   2.4008384e-01   7.3935351e-01
   1.6988743e+00   9.4291420e-02   7.1002731e-01
   2.0464186e+00   6.5933117e-02   2.6779793e-01
   2.2143110e+00   9.6451765e-02   7.0627009e-02
   2.2304726e+00   1.8715287e-01   2.7248398e-02
   2.0733226e+00   3.6671741e-01   2.0398464e-02
   1.7814911e+00   6.1440868e-01   2.9921888e-02
   1.4052056e+00   7.6518791e-01   7.3537070e-02
   1.1317384e+00   6.2516964e-01   2.2507871e-01
   1.1640604e+00   3.2120743e-01   5.6284950e-01
   1.5427560e+00   1.2966532e-01   7.2316576e-01
   1.9391450e+00   7.5909742e-02   3.7507809e-01
   2.1653713e+00   9.2074268e-02   1.1388832e-01
   2.2372550e+00   1.6645351e-01   4.1944736e-02
   2.1149471e+00   3.2441294e-01   2.7927394e-02
   1.8527771e+00   5.5960388e-01   3.6240032e-02
   1.4907200e+00   7.3553727e-01   8.1120251e-02
   1.1956271e+00   6.3679733e-01   2.3866787e-01
   1.1929388e+00   3.3238078e-01   6.0793226e-01
   1.5539147e+00   1.2597972e-01   8.0825999e-01
   1.9481061e+00   6.7327147e-02   4.0729747e-01
   2.1755643e+00   7.9942366e-02   1.0968871e-01
   2.2498755e+00   1.4718851e-01   3.5075099e-02
   2.1416273e+00   2.9427498e-01   2.0650606e-02
   1.8960067e+00   5.2835524e-01   2.4307827e-02
   1.5344708e+00   7.4030455e-01   5.1372670e-02
   1.1992557e+00   7.0722974e-01   1.5212568e-01
   1.1085027e+00   4.2436747e-01   4.3035123e-01
   1.4093298e+00   1.7687625e-01   7.3050825e-01
   1.8247880e+00   8.5936421e-02   5.1683823e-01
   2.1100241e+00   8.2109783e-02   1.7766091e-01
   2.2252454e+00   1.3527207e-01   5.8350795e-02
   2.1677804e+00   2.6143505e-01   3.1572932e-02
   1.9546159e+00   4.7531716e-01   3.3017084e-02
   1.6184657e+00   6.9344596e-01   6.2774347e-02
   1.2791277e+00   6.9771642e-01   1.7412247e-01
   1.1628336e+00   4.2754370e-01   4.8595242e-01
   1.4534127e+00   1.6899667e-01   8.3106359e-01
   1.8570967e+00   7.5312268e-02   5.6178790e-01
   2.1321719e+00   7.0670184e-02   1.6923809e-01
   2.2417279e+00   1.1993801e-01   4.7840346e-02
   2.1878729e+00   2.3878370e-01   2.2951503e-02
   1.9859582e+00   4.4924945e-01   2.1921779e-02
   1.6538110e+00   6.8945163e-01   3.9393388e-02
   1.2879664e+00   7.5051513e-01   1.0863934e-01
   1.1027031e+00   5.2042464e-01   3.2614188e-01
   1.2739201e+00   2.3438929e-01   6.7892908e-01
   1.6915455e+00   9.9863563e-02   6.3653483e-01
   2.0384565e+00   7.5110132e-02   2.5426655e-01
   2.2043613e+00   1.1012422e-01   7.6391975e-02
   2.2110199e+00   2.0941541e-01   3.3650425e-02
   2.0405686e+00   3.9829046e-01   2.8187671e-02
   1.7361593e+00   6.3734334e-01   4.4907521e-02
   1.3715210e+00   7.3920560e-01   1.1448604e-01
   1.1518920e+00   5.4217305e-01   3.3851488e-01
   1.2867231e+00   2.4344642e-01   7.3413458e-01
   1.6923397e+00   9.5332010e-02   7.1488973e-01
   2.0424825e+00   6.5896899e-02   2.7260750e-01
   2.2128761e+00   9.5695330e-02   7.1855955e-02
   2.2320359e+00   1.8538216e-01   2.7505117e-02
   2.0764686e+00   3.6372145e-01   2.0395833e-02
   1.7862408e+00   6.1125025e-01   2.9673607e-02
   1.4100382e+00   7.6492970e-01   7.2551998e-02
   1.1336960e+00   6.2873136e-01   2.2198871e-01
   1.1611193e+00   3.2475157e-01   5.5828505e-01
   1.5376763e+00   1.3102465e-01   7.2521578e-01
   1.9353089e+00   7.6067018e-02   3.8008457e-01
   2.1637162e+00   9.1536531e-02   1.1564760e-01
   2.2370844e+00   1.6507523e-01   4.2343920e-02
   2.1171423e+00   3.2178418e-01   2.7959730e-02
   1.8568855e+00   5.5638868e-01   3.5987996e-02
   1.4955227e+00   7.3455995e-01   8.0093254e-02
   1.1981421e+00   6.3995398e-01   2.3533319e-01
   1.1904781e+00   3.3620969e-01   6.0240964e-01
   1.5489803e+00   1.2753722e-01   8.1014382e-01
   1.9442100e+00   6.7574476e-02   4.1329395e-01
   2.1738293e+00   7.9508095e-02   1.1171249e-01
   2.2496036e+00   1.4597486e-01   3.5528188e-02
   2.1436142e+00   2.9184009e-01   2.0744890e-02
   1.8998823e+00   5.2505168e-01   2.4216762e-02
   1.5394097e+00   7.3854651e-01   5.0860206e-02
   1.2026077e+00   7.0937871e-01   1.5025051e-01
   1.1078581e+00   4.2803937e-01   4.2633806e-01
   1.4035996e+00   1.7875806e-01   7.2995789e-01
   1.8198033e+00   8.6264761e-02   5.2194342e-01
   2.1076060e+00   8.1669804e-02   1.8010130e-01
   2.2247112e+00   1.3406239e-01   5.8835351e-02
   2.1697217e+00   2.5906549e-01   3.1550432e-02
   1.9583984e+00   4.7205183e-01   3.2694512e-02
   1.6233626e+00   6.9163243e-01   6.1734016e-02
   1.2823668e+00   7.0041797e-01   1.7078899e-01
   1.1610602e+00   4.3268901e-01   4.7849471e-01
   1.4479006e+00   1.7185288e-01   8.2815761e-01
   1.8515454e+00   7.6151465e-02   5.6928508e-01
   2.1291685e+00   7.0539625e-02   1.7340757e-01
   2.2407677e+00   1.1899383e-01   4.8928421e-02
   2.1897468e+00   2.3661467e-01   2.3288720e-02
   1.9897084e+00   4.4583717e-01   2.2041811e-02
   1.6591289e+00   6.8653706e-01   3.9308234e-02
   1.2927027e+00   7.5103391e-01   1.0794624e-01
   1.1042506e+00   5.2340249e-01   3.2428514e-01
   1.2714192e+00   2.3617883e-01   6.7892660e-01
   1.6883821e+00   1.0012472e-01   6.4139235e-01
   2.0367381e+00   7.4698479e-02   2.5687691e-01
   2.2040320e+00   1.0914578e-01   7.6753257e-02
   2.2126283e+00   2.0756307e-01   3.3509177e-02
   2.0435478e+00   3.9553599e-01   2.7821070e-02
   1.7403058e+00   6.3518900e-01   4.4016937e-02
   1.3748548e+00   7.4079934e-01   1.1183630e-01
   1.1511840e+00   5.4756405e-01   3.3139302e-01
   1.2788557e+00   2.4776859e-01   7.2583561e-01
   1.6835310e+00   9.6842726e-02   7.1935707e-01
   2.0370641e+00   6.6055699e-02   2.7865800e-01
   2.2107360e+00   9.5003700e-02   7.3627795e-02
   2.2336690e+00   1.8355797e-01   2.7979652e-02
   2.0798651e+00   3.6052696e-01   2.0543552e-02
   1.7914111e+00   6.0770907e-01   2.9626018e-02
   1.4155028e+00   7.6415320e-01   7.2015999e-02
   1.1364913e+00   6.3164608e-01   2.2012502e-01
   1.1595685e+00   3.2755926e-01   5.5616444e-01
   1.5342121e+00   1.3188290e-01   7.2870725e-01
   1.9327429e+00   7.5940412e-02   3.8441611e-01
   2.1627865e+00   9.0824198e-02   1.1677087e-01
   2.2372969e+00   1.6358744e-01   4.2422482e-02
   2.1193906e+00   3.1915190e-01   2.7759141e-02
   1.8608823e+00   5.5337435e-01   3.5437529e-02
   1.4999430e+00   7.3415747e-01   7.8440879e-02
   1.1997759e+00   6.4420878e-01   2.3035183e-01
   1.1860688e+00   3.4130698e-01   5.9357869e-01
   1.5416104e+00   1.2981011e-01   8.1037019e-01
   1.9384141e+00   6.8122321e-02   4.2077698e-01
   2.1711014e+00   7.9182032e-02   1.1465722e-01
   2.2489081e+00   1.4473353e-01   3.6315166e-02
   2.1457500e+00   2.8917623e-01   2.1024089e-02
   1.9042245e+00   5.2126597e-01   2.4318667e-02
   1.5451405e+00   7.3614994e-01   5.0705975e-02
   1.2069632e+00   7.1089221e-01   1.4930880e-01
   1.1085081e+00   4.3097800e-01   4.2456985e-01
   1.4002763e+00   1.8000821e-01   7.3192107e-01
   1.8167718e+00   8.6240395e-02   5.2700720e-01
   2.1063087e+00   8.1033323e-02   1.8179724e-01
   2.2247268e+00   1.3274613e-01   5.8926537e-02
   2.1717148e+00   2.5669881e-01   3.1289080e-02
   1.9620451e+00   4.6895435e-01   3.2127478e-02
   1.6279047e+00   6.9024965e-01   6.0265283e-02
   1.2849034e+00   7.0393623e-01   1.6639236e-01
   1.1579106e+00   4.3897547e-01   4.6851845e-01
   1.4390083e+00   1.7552419e-01   8.2267242e-01
   1.8433389e+00   7.7296166e-02   5.7759563e-01
   2.1247852e+00   7.0475474e-02   1.7858371e-01
   2.2392679e+00   1.1794932e-01   5.0343087e-02
   2.1918354e+00   2.3411525e-01   2.3751731e-02
   1.9940625e+00   4.4183013e-01   2.2242570e-02
   1.6653999e+00   6.8298446e-01   3.9309751e-02
   1.2984431e+00   7.5135721e-01   1.0739180e-01
   1.1064542e+00   5.2655038e-01   3.2275840e-01
   1.2692647e+00   2.3800316e-01   6.7979424e-01
   1.6854162e+00   1.0029236e-01   6.4717271e-01
   2.0351859e+00   7.4157874e-02   2.5962591e-01
   2.2038629e+00   1.0799103e-01   7.7013223e-02
   2.2144796e+00   2.0543910e-01   3.3266950e-02
   2.0469146e+00   3.9240755e-01   2.7337329e-02
   1.7449784e+00   6.3278024e-01   4.2909497e-02
   1.3785516e+00   7.4276603e-01   1.0860913e-01
   1.1501323e+00   5.5407361e-01   3.2268468e-01
   1.2692630e+00   2.5311670e-01   7.1516427e-01
   1.6726817e+00   9.8784760e-02   7.2408007e-01
   2.0302840e+00   6.6331043e-02   2.8611230e-01
   2.2079895e+00   9.4256806e-02   7.5912510e-02
   2.2355605e+00   1.8148232e-01   2.8621083e-02
   2.0838151e+00   3.5684070e-01   2.0776882e-02
   1.7974331e+00   6.0353332e-01   2.9656149e-02
   1.4219666e+00   7.6302136e-01   7.1593897e-02
   1.1400376e+00   6.3466507e-01   2.1851069e-01
   1.1584109e+00   3.3045467e-01   5.5472441e-01
   1.5309580e+00   1.3266043e-01   7.3324509e-01
   1.9303511e+00   7.5686442e-02   3.8909044e-01
   2.1620237e+00   8.9952912e-02   1.1779548e-01
   2.2376869e+00   1.6186764e-01   4.2384187e-02
   2.1219461e+00   3.1617797e-01   2.7442513e-02
   1.8653546e+00   5.5002626e-01   3.4706872e-02
   1.5048166e+00   7.3387188e-01   7.6358765e-02
   1.2013422e+00   6.4941293e-01   2.2415020e-01
   1.1804282e+00   3.4762250e-01   5.8226416e-01
   1.5323452e+00   1.3272745e-01   8.0963249e-01
   1.9310427e+00   6.8896172e-02   4.2984181e-01
   2.1675583e+00   7.8879733e-02   1.1845782e-01
   2.2479121e+00   1.4334547e-01   3.7375686e-02
   2.1482017e+00   2.8610844e-01   2.1430541e-02
   1.9092832e+00   5.1681645e-01   2.4525834e-02
   1.5519160e+00   7.3314427e-01   5.0701417e-02
   1.2123297e+00   7.1225336e-01   1.4868581e-01
   1.1098727e+00   4.3392682e-01   4.2360788e-01
   1.3976891e+00   1.8112333e-01   7.3525928e-01
   1.8142892e+00   8.6055654e-02   5.3269043e-01
   2.1053744e+00   8.0237964e-02   1.8336409e-01
   2.2249927e+00   1.3123558e-01   5.8851046e-02
   2.1739543e+00   2.5406481e-01   3.0893404e-02
   1.9660475e+00   4.6556078e-01   3.1395708e-02
   1.6328343e+00   6.8884468e-01   5.8466442e-02
   1.2874865e+00   7.0816025e-01   1.6109719e-01
   1.1539050e+00   4.4652264e-01   4.5633050e-01
   1.4240616e+00   1.8007039e-01   8.1504760e-01
   1.8308145e+00   7.8564192e-02   5.8706375e-01
   2.1184302e+00   7.0229027e-02   1.8448876e-01
   2.2372014e+00   1.1642395e-01   5.1825863e-02
   2.1945001e+00   2.3066065e-01   2.4135086e-02
   1.9998539e+00   4.3639114e-01   2.2268058e-02
   1.6737680e+00   6.7837456e-01   3.8870333e-02
   1.3058288e+00   7.5261005e-01   1.0547458e-01
   1.1082266e+00   5.3247237e-01   3.1752492e-01
   1.2630541e+00   2.4205268e-01   6.7629300e-01
   1.6778717e+00   1.0131283e-01   6.5479412e-01
   2.0307440e+00   7.3771351e-02   2.6535619e-01
   2.2024910e+00   1.0653373e-01   7.8302740e-02
   2.2171331e+00   2.0241428e-01   3.3367532e-02
   2.0520212e+00   3.8768208e-01   2.7016260e-02
   1.7522769e+00   6.2862433e-01   4.1894880e-02
   1.3850071e+00   7.4430015e-01   1.0534456e-01
   1.1506460e+00   5.6166814e-01   3.1363190e-01
   1.2595249e+00   2.5934714e-01   7.0462819e-01
   1.6609448e+00   1.0089494e-01   7.3097322e-01
   2.0228902e+00   6.6459342e-02   2.9500599e-01
   2.2051123e+00   9.3140627e-02   7.8423615e-02
   2.2381273e+00   1.7869548e-01   2.9217699e-02
   2.0889516e+00   3.5201133e-01   2.0884283e-02
   1.8052143e+00   5.9820076e-01   2.9406018e-02
   1.4301518e+00   7.6203324e-01   7.0362809e-02
   1.1439220e+00   6.3979591e-01   2.1447520e-01
   1.1548872e+00   3.3573350e-01   5.4888142e-01
   1.5240050e+00   1.3459171e-01   7.3711152e-01
   1.9250021e+00   7.5797833e-02   3.9683639e-01
   2.1597859e+00   8.9027497e-02   1.2031735e-01
   2.2376040e+00   1.5966964e-01   4.2846211e-02
   2.1253937e+00   3.1207461e-01   2.7364955e-02
   1.8717252e+00   5.4501895e-01   3.4159631e-02
   1.5122485e+00   7.3242005e-01   7.4470585e-02
   1.2050508e+00   6.5485826e-01   2.1817500e-01
   1.1758045e+00   3.5459121e-01   5.7149480e-01
   1.5232472e+00   1.3581532e-01   8.1058814e-01
   1.9235814e+00   6.9567630e-02   4.4036116e-01
   2.1640424e+00   7.8327646e-02   1.2253953e-01
   2.2471101e+00   1.4149945e-01   3.8392932e-02
   2.1513469e+00   2.8224819e-01   2.1730314e-02
   1.9155491e+00   5.1137441e-01   2.4533367e-02
   1.5601362e+00   7.2980077e-01   5.0182945e-02
   1.2183978e+00   7.1494291e-01   1.4649421e-01
   1.1100112e+00   4.3913800e-01   4.1893998e-01
   1.3906694e+00   1.8368367e-01   7.3588985e-01
   1.8079257e+00   8.6356437e-02   5.4068378e-01
   2.1023592e+00   7.9454310e-02   1.8676610e-01
   2.2245016e+00   1.2934459e-01   5.9357486e-02
   2.1769273e+00   2.5047632e-01   3.0710280e-02
   1.9717108e+00   4.6063138e-01   3.0768791e-02
   1.6401716e+00   6.8610336e-01   5.6692283e-02
   1.2922680e+00   7.1254123e-01   1.5558707e-01
   1.1507630e+00   4.5527458e-01   4.4344880e-01
   1.4082997e+00   1.8532419e-01   8.0756386e-01
   1.8171047e+00   7.9938705e-02   5.9864447e-01
   2.1114267e+00   6.9823702e-02   1.9141945e-01
   2.2350148e+00   1.1450255e-01   5.3462460e-02
   2.1978236e+00   2.2643531e-01   2.4486353e-02
   2.0068951e+00   4.2978698e-01   2.2178299e-02
   1.6838994e+00   6.7282691e-01   3.8127777e-02
   1.3146738e+00   7.5444518e-01   1.0261358e-01
   1.1098747e+00   5.4050255e-01   3.0966528e-01
   1.2539891e+00   2.4785162e-01   6.6949948e-01
   1.6669180e+00   1.0299800e-01   6.6374612e-01
   2.0240923e+00   7.3498696e-02   2.7345810e-01
   2.2001944e+00   1.0484450e-01   8.0395255e-02
   2.2204118e+00   1.9871147e-01   3.3716001e-02
   2.0584454e+00   3.8174390e-01   2.6799025e-02
   1.7615742e+00   6.2309795e-01   4.0921456e-02
   1.3936022e+00   7.4546151e-01   1.0199230e-01
   1.1523673e+00   5.7021244e-01   3.0412534e-01
   1.2495290e+00   2.6646521e-01   6.9366420e-01
   1.6482387e+00   1.0324133e-01   7.3934952e-01
   2.0147748e+00   6.6517754e-02   3.0532571e-01
   2.2020016e+00   9.1765084e-02   8.1238323e-02
   2.2412285e+00   1.7538017e-01   2.9819366e-02
   2.0950125e+00   3.4630183e-01   2.0918902e-02
   1.8143804e+00   5.9190064e-01   2.8977015e-02
   1.4397803e+00   7.6097761e-01   6.8606056e-02
   1.1482845e+00   6.4639706e-01   2.0883069e-01
   1.1498825e+00   3.4279973e-01   5.3995018e-01
   1.5144856e+00   1.3739977e-01   7.4037911e-01
   1.9175074e+00   7.6180979e-02   4.0691169e-01
   2.1564610e+00   8.8060159e-02   1.2399572e-01
   2.2371729e+00   1.5712273e-01   4.3676333e-02
   2.1294977e+00   3.0715031e-01   2.7450179e-02
   1.8794839e+00   5.3878175e-01   3.3725324e-02
   1.5215773e+00   7.3006725e-01   7.2682356e-02
   1.2103587e+00   6.6052106e-01   2.1225203e-01
   1.1718566e+00   3.6220910e-01   5.6078775e-01
   1.5140856e+00   1.3914137e-01   8.1248971e-01
   1.9158494e+00   7.0207300e-02   4.5220372e-01
   2.1604254e+00   7.7609295e-02   1.2699201e-01
   2.2463953e+00   1.3932368e-01   3.9423041e-02
   2.1550098e+00   2.7779557e-01   2.1970253e-02
   1.9227379e+00   5.0514446e-01   2.4412957e-02
   1.5695184e+00   7.2607716e-01   4.9328280e-02
   1.2251512e+00   7.1848978e-01   1.4326455e-01
   1.1094542e+00   4.4599575e-01   4.1173646e-01
   1.3806623e+00   1.8732267e-01   7.3453084e-01
   1.7988203e+00   8.7013790e-02   5.5037712e-01
   2.0978431e+00   7.8679043e-02   1.9156159e-01
   2.2234615e+00   1.2718605e-01   6.0287532e-02
   2.1804242e+00   2.4621702e-01   3.0670933e-02
   1.9785494e+00   4.5459760e-01   3.0206823e-02
   1.6492441e+00   6.8234050e-01   5.4927796e-02
   1.2986856e+00   7.1698148e-01   1.4991784e-01
   1.1482959e+00   4.6499951e-01   4.2995326e-01
   1.3919058e+00   1.9123563e-01   7.9971223e-01
   1.8023403e+00   8.1454996e-02   6.1173388e-01
   2.1037881e+00   6.9334933e-02   1.9931512e-01
   2.2326533e+00   1.1232478e-01   5.5278003e-02
   2.2016033e+00   2.2168954e-01   2.4836358e-02
   2.0148076e+00   4.2235149e-01   2.2023843e-02
   1.6953117e+00   6.6649832e-01   3.7207212e-02
   1.3246990e+00   7.5649948e-01   9.9194177e-02
   1.1116721e+00   5.4996052e-01   3.0016137e-01
   1.2432312e+00   2.5495534e-01   6.6030762e-01
   1.6536767e+00   1.0519853e-01   6.7339583e-01
   2.0158577e+00   7.3330694e-02   2.8336101e-01
   2.1972073e+00   1.0302291e-01   8.3116238e-02
   2.2241180e+00   1.9458638e-01   3.4251508e-02
   2.0657344e+00   3.7501609e-01   2.6659508e-02
   1.7722002e+00   6.1659435e-01   3.9990978e-02
   1.4037070e+00   7.4622354e-01   9.8632843e-02
   1.1550535e+00   5.7934442e-01   2.9440860e-01
   1.2395513e+00   2.7426675e-01   6.8225592e-01
   1.6349200e+00   1.0580397e-01   7.4848045e-01
   2.0061154e+00   6.6557012e-02   3.1676881e-01
   2.1986821e+00   9.0244829e-02   8.4332741e-02
   2.2446831e+00   1.7175791e-01   3.0442375e-02
   2.1016441e+00   3.4005886e-01   2.0914875e-02
   1.8244084e+00   5.8494463e-01   2.8449155e-02
   1.4503844e+00   7.5973522e-01   6.6564720e-02
   1.1530982e+00   6.5384012e-01   2.0228625e-01
   1.1441442e+00   3.5106388e-01   5.2905147e-01
   1.5034300e+00   1.4083689e-01   7.4292344e-01
   1.9086046e+00   7.6773671e-02   4.1852411e-01
   2.1523837e+00   8.7094500e-02   1.2852653e-01
   2.2364757e+00   1.5439397e-01   4.4775816e-02
   2.1339772e+00   3.0176082e-01   2.7652463e-02
   1.8880603e+00   5.3178439e-01   3.3377719e-02
   1.5320928e+00   7.2704197e-01   7.0999000e-02
   1.2167730e+00   6.6618302e-01   2.0647701e-01
   1.1685278e+00   3.7022128e-01   5.5020591e-01
   1.5050376e+00   1.4264344e-01   8.1479175e-01
   1.9079939e+00   7.0841151e-02   4.6489879e-01
   2.1567453e+00   7.6802504e-02   1.3173586e-01
   2.2457225e+00   1.3697235e-01   4.0470576e-02
   2.1589583e+00   2.7302546e-01   2.2173400e-02
   1.9304320e+00   4.9846104e-01   2.4215611e-02
   1.5795762e+00   7.2206160e-01   4.8282155e-02
   1.2323672e+00   7.2246510e-01   1.3945076e-01
   1.1085753e+00   4.5388236e-01   4.0299323e-01
   1.3689429e+00   1.9169988e-01   7.3164608e-01
   1.7879952e+00   8.7932722e-02   5.6102587e-01
   2.0923303e+00   7.7941131e-02   1.9733013e-01
   2.2220288e+00   1.2490858e-01   6.1520534e-02
   2.1841923e+00   2.4161568e-01   3.0737769e-02
   1.9860209e+00   4.4794185e-01   2.9706908e-02
   1.6593153e+00   6.7787935e-01   5.3227870e-02
   1.3061723e+00   7.2124897e-01   1.4432830e-01
   1.1464885e+00   4.7519951e-01   4.1638654e-01
   1.3755947e+00   1.9756667e-01   7.9146673e-01
   1.7871395e+00   8.3083891e-02   6.2546977e-01
   2.0957953e+00   6.8827943e-02   2.0786585e-01
   2.2301656e+00   1.1005530e-01   5.7227915e-02
   2.2055806e+00   2.1674854e-01   2.5192942e-02
   2.0230748e+00   4.1455969e-01   2.1842133e-02
   1.7072956e+00   6.5971575e-01   3.6219471e-02
   1.3353713e+00   7.5846971e-01   9.5578222e-02
   1.1137273e+00   5.6007451e-01   2.8997274e-01
   1.2318958e+00   2.6283278e-01   6.4962537e-01
   1.6393303e+00   1.0774659e-01   6.8297137e-01
   2.0067253e+00   7.3269225e-02   2.9435133e-01
   2.1937799e+00   1.0119596e-01   8.6267576e-02
   2.2279999e+00   1.9034476e-01   3.4919722e-02
   2.0733494e+00   3.6800414e-01   2.6587144e-02
   1.7833564e+00   6.0959952e-01   3.9136717e-02
   1.4145597e+00   7.4655038e-01   9.5430896e-02
   1.1584477e+00   5.8850439e-01   2.8497588e-01
   1.2301103e+00   2.8233338e-01   6.7083824e-01
   1.6216971e+00   1.0847374e-01   7.5760010e-01
   1.9973453e+00   6.6604588e-02   3.2871887e-01
   2.1952951e+00   8.8702426e-02   8.7576740e-02
   2.2482584e+00   1.6809130e-01   3.1073077e-02
   2.1083950e+00   3.3371702e-01   2.0892455e-02
   1.8346189e+00   5.7778018e-01   2.7888672e-02
   1.4612887e+00   7.5829208e-01   6.4454087e-02
   1.1581594e+00   6.6147624e-01   1.9550009e-01
   1.1383171e+00   3.5986175e-01   5.1727467e-01
   1.4918606e+00   1.4462663e-01   7.4458947e-01
   1.8990667e+00   7.7516616e-02   4.3074985e-01
   2.1479061e+00   8.6190475e-02   1.3356108e-01
   2.2355890e+00   1.5167973e-01   4.6046773e-02
   2.1385059e+00   2.9631160e-01   2.7937449e-02
   1.8968052e+00   5.2456572e-01   3.3112760e-02
   1.5429835e+00   7.2360583e-01   6.9479276e-02
   1.2237517e+00   6.7151628e-01   2.0110244e-01
   1.1658842e+00   3.7817577e-01   5.4017424e-01
   1.4965305e+00   1.4615013e-01   8.1712323e-01
   1.9003944e+00   7.1458714e-02   4.7769065e-01
   2.1531644e+00   7.5980780e-02   1.3654064e-01
   2.2450931e+00   1.3461937e-01   4.1497857e-02
   2.1629146e+00   2.6826995e-01   2.2345662e-02
   1.9381086e+00   4.9176516e-01   2.3978678e-02
   1.5896552e+00   7.1796274e-01   4.7167513e-02
   1.2396426e+00   7.2647767e-01   1.3545807e-01
   1.1076175e+00   4.6213711e-01   3.9362904e-01
   1.3566915e+00   1.9644875e-01   7.2764235e-01
   1.7764586e+00   8.9022368e-02   5.7177771e-01
   2.0863252e+00   7.7283113e-02   2.0360402e-01
   2.2203506e+00   1.2267980e-01   6.2940611e-02
   2.1879497e+00   2.3702984e-01   3.0886168e-02
   1.9935380e+00   4.4119351e-01   2.9283774e-02
   1.6695798e+00   6.7309269e-01   5.1679243e-02
   1.3141005e+00   7.2507318e-01   1.3913968e-01
   1.1453627e+00   4.8520053e-01   4.0354581e-01
   1.3603368e+00   2.0392565e-01   7.8320256e-01
   1.7724313e+00   8.4738737e-02   6.3886036e-01
   2.0879255e+00   6.8352292e-02   2.1654488e-01
   2.2276851e+00   1.0786313e-01   5.9205356e-02
   2.2094707e+00   2.1196664e-01   2.5544299e-02
   2.0311133e+00   4.0696050e-01   2.1658157e-02
   1.7190141e+00   6.5293447e-01   3.5256058e-02
   1.3459750e+00   7.6015218e-01   9.2079582e-02
   1.1159810e+00   5.7004659e-01   2.7997798e-01
   1.2209638e+00   2.7088032e-01   6.3840198e-01
   1.6250541e+00   1.1044611e-01   6.9172214e-01
   1.9974230e+00   7.3311967e-02   3.0559207e-01
   2.1901867e+00   9.9492778e-02   8.9614223e-02
   2.2317836e+00   1.8629748e-01   3.5663872e-02
   2.0807307e+00   3.6123191e-01   2.6576358e-02
   1.7942075e+00   6.0265149e-01   3.8400914e-02
   1.4253288e+00   7.4645509e-01   9.2569472e-02
   1.1622380e+00   5.9706965e-01   2.7639581e-01
   1.2217602e+00   2.9012042e-01   6.6011021e-01
   1.6094187e+00   1.1107800e-01   7.6604580e-01
   1.9890353e+00   6.6664700e-02   3.4036333e-01
   2.1920564e+00   8.7250003e-02   9.0760878e-02
   2.2500582e+00   1.6463864e-01   3.1675547e-02
   2.1142870e+00   3.2748148e-01   2.0860077e-02
   1.8444478e+00   5.7042483e-01   2.7325155e-02
   1.4723008e+00   7.5637174e-01   6.2347788e-02
   1.1636632e+00   6.6895474e-01   1.8863242e-01
   1.1328657e+00   3.6906625e-01   5.0474620e-01
   1.4802256e+00   1.4879585e-01   7.4513916e-01
   1.8891130e+00   7.8460062e-02   4.4349447e-01
   2.1430736e+00   8.5408276e-02   1.3918642e-01
   2.2344823e+00   1.4907004e-01   4.7550687e-02
   2.1429882e+00   2.9094161e-01   2.8353532e-02
   1.9055369e+00   5.1727306e-01   3.2996889e-02
   1.5540578e+00   7.1973475e-01   6.8273607e-02
   1.2312957e+00   6.7616309e-01   1.9655555e-01
   1.1643568e+00   3.8559316e-01   5.3161443e-01
   1.4892723e+00   1.4939773e-01   8.1994755e-01
   1.8936701e+00   7.1964317e-02   4.8999319e-01
   2.1500136e+00   7.5130935e-02   1.4104810e-01
   2.2446324e+00   1.3231810e-01   4.2388303e-02
   2.1667562e+00   2.6367999e-01   2.2434959e-02
   1.9454943e+00   4.8530608e-01   2.3662599e-02
   1.5993588e+00   7.1400871e-01   4.5934413e-02
   1.2465974e+00   7.3057622e-01   1.3119028e-01
   1.1063290e+00   4.7075683e-01   3.8337800e-01
   1.3436791e+00   2.0164628e-01   7.2191125e-01
   1.7639917e+00   9.0362727e-02   5.8228286e-01
   2.0796563e+00   7.6776512e-02   2.1046667e-01
   2.2183083e+00   1.2058421e-01   6.4635587e-02
   2.1915966e+00   2.3257755e-01   3.1176124e-02
   2.0009482e+00   4.3449104e-01   2.9003467e-02
   1.6798583e+00   6.6801022e-01   5.0406986e-02
   1.3224257e+00   7.2817137e-01   1.3468953e-01
   1.1452368e+00   4.9446461e-01   3.9230823e-01
   1.3471366e+00   2.0991644e-01   7.7593015e-01
   1.7591989e+00   8.6271679e-02   6.5152197e-01
   2.0807473e+00   6.7877306e-02   2.2483158e-01
   2.2254421e+00   1.0579296e-01   6.1043847e-02
   2.2131596e+00   2.0748879e-01   2.5832036e-02
   2.0386456e+00   3.9982009e-01   2.1439432e-02
   1.7300317e+00   6.4645774e-01   3.4287662e-02
   1.3560400e+00   7.6164462e-01   8.8662097e-02
   1.1181370e+00   5.7975160e-01   2.7011603e-01
   1.2103490e+00   2.7903382e-01   6.2640081e-01
   1.6108504e+00   1.1332692e-01   6.9914803e-01
   1.9879269e+00   7.3514278e-02   3.1692916e-01
   2.1863745e+00   9.7990943e-02   9.3195274e-02
   2.2353609e+00   1.8256752e-01   3.6529171e-02
   2.0877009e+00   3.5488358e-01   2.6676161e-02
   1.8044893e+00   5.9591810e-01   3.7867727e-02
   1.4357818e+00   7.4584251e-01   9.0264256e-02
   1.1664827e+00   6.0454991e-01   2.6929167e-01
   1.2151490e+00   2.9710914e-01   6.5120104e-01
   1.5989831e+00   1.1338202e-01   7.7391111e-01
   1.9818492e+00   6.6666114e-02   3.5099041e-01
   2.1892805e+00   8.5897569e-02   9.3596668e-02
   2.2501220e+00   1.6149175e-01   3.2158905e-02
   2.1191340e+00   3.2158160e-01   2.0773592e-02
   1.8535139e+00   5.6321905e-01   2.6721619e-02
   1.4829106e+00   7.5419732e-01   6.0200500e-02
   1.1691965e+00   6.7622016e-01   1.8161222e-01
   1.1275889e+00   3.7861094e-01   4.9123939e-01
   1.4684378e+00   1.5339099e-01   7.4395444e-01
   1.8786529e+00   7.9674872e-02   4.5646362e-01
   2.1377884e+00   8.4827259e-02   1.4547472e-01
   2.2330601e+00   1.4667530e-01   4.9360887e-02
   2.1472861e+00   2.8581559e-01   2.8960092e-02
   1.9140310e+00   5.1008447e-01   3.3108983e-02
   1.5650789e+00   7.1541851e-01   6.7553512e-02
   1.2393871e+00   6.7971630e-01   1.9331613e-01
   1.1644266e+00   3.9188925e-01   5.2560050e-01
   1.4840910e+00   1.5205245e-01   8.2390876e-01
   1.8885745e+00   7.2236294e-02   5.0110938e-01
   2.1477036e+00   7.4234695e-02   1.4479314e-01
   2.2444985e+00   1.3012944e-01   4.2994698e-02
   2.1703371e+00   2.5943051e-01   2.2379503e-02
   1.9522669e+00   4.7937827e-01   2.3223704e-02
   1.6082152e+00   7.1048085e-01   4.4531756e-02
   1.2527708e+00   7.3482251e-01   1.2655584e-01
   1.1044159e+00   4.7971129e-01   3.7198432e-01
   1.3296880e+00   2.0736491e-01   7.1378031e-01
   1.7503798e+00   9.2046097e-02   5.9205195e-01
   2.0721389e+00   7.6507385e-02   2.1798428e-01
   2.2157655e+00   1.1872444e-01   6.6709630e-02
   2.1950112e+00   2.2840496e-01   3.1680253e-02
   2.0080606e+00   4.2801592e-01   2.8943707e-02
   1.6899123e+00   6.6270191e-01   4.9553469e-02
   1.3310509e+00   7.3023789e-01   1.3135671e-01
   1.1464401e+00   5.0233508e-01   3.8368660e-01
   1.3371368e+00   2.1502033e-01   7.7095696e-01
   1.7486391e+00   8.7481935e-02   6.6308569e-01
   2.0749861e+00   6.7355770e-02   2.3203208e-01
   2.2237400e+00   1.0388947e-01   6.2514797e-02
   2.2165111e+00   2.0347578e-01   2.5978516e-02
   2.0453496e+00   3.9344296e-01   2.1143996e-02
   1.7398406e+00   6.4065378e-01   3.3275825e-02
   1.3649962e+00   7.6310054e-01   8.5273131e-02
   1.1198094e+00   5.8906832e-01   2.6028789e-01
   1.1999019e+00   2.8722466e-01   6.1330940e-01
   1.5966788e+00   1.1643176e-01   7.0463035e-01
   1.9781806e+00   7.3947109e-02   3.2816541e-01
   2.1822646e+00   9.6783381e-02   9.7067534e-02
   2.2386033e+00   1.7929621e-01   3.7578097e-02
   2.0940612e+00   3.4917015e-01   2.6950442e-02
   1.8139027e+00   5.8959888e-01   3.7641159e-02
   1.4456470e+00   7.4461495e-01   8.8772743e-02
   1.1712440e+00   6.1035974e-01   2.6440605e-01
   1.2110414e+00   3.0263909e-01   6.4553122e-01
   1.5914926e+00   1.1507390e-01   7.8145193e-01
   1.9766317e+00   6.6509536e-02   3.5969887e-01
   2.1873778e+00   8.4648293e-02   9.5693621e-02
   2.2504060e+00   1.5875026e-01   3.2401207e-02
   2.1233079e+00   3.1653907e-01   2.0574800e-02
   1.8612187e+00   5.5710389e-01   2.6050913e-02
   1.4918744e+00   7.5249417e-01   5.8052260e-02
   1.1736285e+00   6.8301337e-01   1.7473595e-01
   1.1221820e+00   3.8781122e-01   4.7738796e-01
   1.4568422e+00   1.5810080e-01   7.4054564e-01
   1.8681384e+00   8.1118375e-02   4.6832343e-01
   2.1322675e+00   8.4540115e-02   1.5195854e-01
   2.2313275e+00   1.4473408e-01   5.1386370e-02
   2.1509891e+00   2.8139975e-01   2.9749435e-02
   1.9215340e+00   5.0363697e-01   3.3485935e-02
   1.5750885e+00   7.1100659e-01   6.7459019e-02
   1.2473841e+00   6.8171535e-01   1.9185523e-01
   1.1663090e+00   3.9624568e-01   5.2316262e-01
   1.4818147e+00   1.5370135e-01   8.2920369e-01
   1.8859307e+00   7.2176527e-02   5.0979892e-01
   2.1466587e+00   7.3345238e-02   1.4718206e-01
   2.2448004e+00   1.2824558e-01   4.3180414e-02
   2.1733110e+00   2.5592660e-01   2.2150789e-02
   1.9577513e+00   4.7458441e-01   2.2675905e-02
   1.6153022e+00   7.0781936e-01   4.3046524e-02
   1.2574299e+00   7.3894550e-01   1.2187665e-01
   1.1018579e+00   4.8827300e-01   3.6024081e-01
   1.3157110e+00   2.1318478e-01   7.0358345e-01
   1.7365901e+00   9.3993062e-02   5.9997314e-01
   2.0642641e+00   7.6544744e-02   2.2557325e-01
   2.2128456e+00   1.1729752e-01   6.9065786e-02
   2.1978696e+00   2.2490831e-01   3.2404981e-02
   2.0142324e+00   4.2237269e-01   2.9152598e-02
   1.6988276e+00   6.5765739e-01   4.9253046e-02
   1.3392133e+00   7.3100019e-01   1.2956652e-01
   1.1489896e+00   5.0782815e-01   3.7885260e-01
   1.3316458e+00   2.1849291e-01   7.6956807e-01
   1.7422546e+00   8.8131555e-02   6.7258067e-01
   2.0715497e+00   6.6784963e-02   2.3710232e-01
   2.2229178e+00   1.0230549e-01   6.3339479e-02
   2.2192032e+00   2.0029593e-01   2.5919906e-02
   2.0505640e+00   3.8845679e-01   2.0766607e-02
   1.7474409e+00   6.3618595e-01   3.2267717e-02
   1.3718282e+00   7.6457056e-01   8.2113072e-02
   1.1205878e+00   5.9726657e-01   2.5112495e-01
   1.1902279e+00   2.9478735e-01   5.9995416e-01
   1.5835287e+00   1.1954801e-01   7.0743560e-01
   1.9688687e+00   7.4617748e-02   3.3829008e-01
   2.1781162e+00   9.6005970e-02   1.0096978e-01
   2.2387112e+00   1.7678905e-01   3.8774805e-02
   2.0984796e+00   3.4423052e-01   2.7419845e-02
   1.8218560e+00   5.8353466e-01   3.7754990e-02
   1.4549088e+00   7.4236878e-01   8.8125381e-02
   1.1769119e+00   6.1421598e-01   2.6168613e-01
   1.2098992e+00   3.0668377e-01   6.4292720e-01
   1.5873033e+00   1.1621431e-01   7.8870136e-01
   1.9735444e+00   6.6254576e-02   3.6663355e-01
   2.1863734e+00   8.3560321e-02   9.7164602e-02
   2.2508760e+00   1.5648573e-01   3.2476421e-02
   2.1267446e+00   3.1244803e-01   2.0328386e-02
   1.8674480e+00   5.5217571e-01   2.5406257e-02
   1.4990751e+00   7.5121411e-01   5.6114873e-02
   1.1770292e+00   6.8890044e-01   1.6861714e-01
   1.1172308e+00   3.9598577e-01   4.6464168e-01
   1.4464331e+00   1.6248837e-01   7.3596597e-01
   1.8585093e+00   8.2594294e-02   4.7834364e-01
   2.1270597e+00   8.4468801e-02   1.5803382e-01
   2.2295369e+00   1.4324735e-01   5.3395710e-02
   2.1540073e+00   2.7781173e-01   3.0595176e-02
   1.9277754e+00   4.9821667e-01   3.3998795e-02
   1.5836004e+00   7.0692852e-01   6.7755066e-02
   1.2546249e+00   6.8258089e-01   1.9159195e-01
   1.1691368e+00   3.9901361e-01   5.2310802e-01
   1.4815272e+00   1.5457738e-01   8.3490887e-01
   1.8850418e+00   7.1918208e-02   5.1623209e-01
   2.1464926e+00   7.2542280e-02   1.4850595e-01
   2.2453442e+00   1.2671980e-01   4.3091840e-02
   2.1756428e+00   2.5319328e-01   2.1842358e-02
   1.9619559e+00   4.7091033e-01   2.2121352e-02
   1.6206773e+00   7.0591433e-01   4.1668693e-02
   1.2607656e+00   7.4258507e-01   1.1765811e-01
   1.0992027e+00   4.9577357e-01   3.4948462e-01
   1.3031707e+00   2.1853743e-01   6.9306095e-01
   1.7240207e+00   9.5942057e-02   6.0583904e-01
   2.0568872e+00   7.6782559e-02   2.3250178e-01
   2.2099429e+00   1.1628361e-01   7.1408326e-02
   2.2001127e+00   2.2217176e-01   3.3214473e-02
   2.0192342e+00   4.1779567e-01   2.9517271e-02
   1.7061786e+00   6.5327309e-01   4.9328753e-02
   1.3462999e+00   7.3087840e-01   1.2890059e-01
   1.1521306e+00   5.1127905e-01   3.7684262e-01
   1.3294927e+00   2.2056623e-01   7.7068695e-01
   1.7391478e+00   8.8346516e-02   6.7995006e-01
   2.0699531e+00   6.6229500e-02   2.4028487e-01
   2.2227547e+00   1.0106623e-01   6.3655788e-02
   2.2212259e+00   1.9793143e-01   2.5733801e-02
   2.0543557e+00   3.8480721e-01   2.0374112e-02
   1.7529425e+00   6.3298711e-01   3.1360421e-02
   1.3766725e+00   7.6593123e-01   7.9402970e-02
   1.1207184e+00   6.0398461e-01   2.4326886e-01
   1.1819629e+00   3.0123820e-01   5.8772259e-01
   1.5722686e+00   1.2239276e-01   7.0817798e-01
   1.9606912e+00   7.5388609e-02   3.4670342e-01
   2.1743132e+00   9.5580876e-02   1.0454995e-01
   2.2377171e+00   1.7500359e-01   3.9971904e-02
   2.1015380e+00   3.4039506e-01   2.7980906e-02
   1.8280431e+00   5.7849647e-01   3.8098249e-02
   1.4625860e+00   7.3987543e-01   8.8158810e-02
   1.1823478e+00   6.1626614e-01   2.6090615e-01
   1.2108489e+00   3.0905435e-01   6.4315051e-01
   1.5859717e+00   1.1672290e-01   7.9507386e-01
   1.9724420e+00   6.5908060e-02   3.7121331e-01
   2.1862104e+00   8.2682989e-02   9.7863796e-02
   2.2514760e+00   1.5479836e-01   3.2366685e-02
   2.1292675e+00   3.0949374e-01   2.0041239e-02
   1.8719008e+00   5.4869133e-01   2.4810552e-02
   1.5041288e+00   7.5050327e-01   5.4453338e-02
   1.1791451e+00   6.9366634e-01   1.6346963e-01
   1.1128474e+00   4.0271039e-01   4.5357353e-01
   1.4376420e+00   1.6629881e-01   7.3063509e-01
   1.8502470e+00   8.4013153e-02   4.8601498e-01
   2.1224474e+00   8.4606657e-02   1.6332660e-01
   2.2277943e+00   1.4227209e-01   5.5274072e-02
   2.1562069e+00   2.7520046e-01   3.1455832e-02
   1.9324808e+00   4.9407366e-01   3.4626638e-02
   1.5902140e+00   7.0342075e-01   6.8432439e-02
   1.2607312e+00   6.8230996e-01   1.9254719e-01
   1.1727434e+00   4.0002352e-01   5.2550747e-01
   1.4832462e+00   1.5460392e-01   8.4086138e-01
   1.8859830e+00   7.1462475e-02   5.2000186e-01
   2.1472367e+00   7.1858616e-02   1.4864248e-01
   2.2461161e+00   1.2561720e-01   4.2724971e-02
   2.1772281e+00   2.5135111e-01   2.1467966e-02
   1.9646896e+00   4.6853849e-01   2.1583988e-02
   1.6240691e+00   7.0491127e-01   4.0451717e-02
   1.2625594e+00   7.4563093e-01   1.1405948e-01
   1.0964920e+00   5.0183948e-01   3.4018512e-01
   1.2925692e+00   2.2311364e-01   6.8287329e-01
   1.7132873e+00   9.7774848e-02   6.0943337e-01
   2.0504069e+00   7.7196201e-02   2.3834902e-01
   2.2072261e+00   1.1571336e-01   7.3598556e-02
   2.2016481e+00   2.2029574e-01   3.4065345e-02
   2.0228642e+00   4.1447550e-01   3.0017802e-02
   1.7116475e+00   6.4978423e-01   4.9766573e-02
   1.3519524e+00   7.2996092e-01   1.2935014e-01
   1.1556361e+00   5.1255577e-01   3.7768218e-01
   1.3306588e+00   2.2112228e-01   7.7433272e-01
   1.7394177e+00   8.8107448e-02   6.8488886e-01
   2.0702679e+00   6.5708423e-02   2.4137524e-01
   2.2232641e+00   1.0021346e-01   6.3441545e-02
   2.2225034e+00   1.9646035e-01   2.5430787e-02
   2.0565949e+00   3.8262902e-01   1.9984565e-02
   1.7561369e+00   6.3122153e-01   3.0586698e-02
   1.3792962e+00   7.6720750e-01   7.7227929e-02
   1.1201183e+00   6.0895518e-01   2.3699939e-01
   1.1753530e+00   3.0622165e-01   5.7728801e-01
   1.5633882e+00   1.2478277e-01   7.0711234e-01
   1.9540827e+00   7.6194464e-02   3.5294174e-01
   2.1710848e+00   9.5498473e-02   1.0756883e-01
   2.2366615e+00   1.7397718e-01   4.1090635e-02
   2.1034471e+00   3.3792587e-01   2.8595331e-02
   1.8321622e+00   5.7498006e-01   3.8652409e-02
   1.4680218e+00   7.3753061e-01   8.8897458e-02
   1.1869398e+00   6.1637673e-01   2.6225839e-01
   1.2137271e+00   3.0939860e-01   6.4659986e-01
   1.5876761e+00   1.1644736e-01   8.0022837e-01
   1.9735459e+00   6.5446750e-02   3.7273792e-01
   2.1869942e+00   8.2055316e-02   9.7577942e-02
   2.2522129e+00   1.5379581e-01   3.2027156e-02
   2.1306897e+00   3.0789666e-01   1.9702569e-02
   1.8742180e+00   5.4697208e-01   2.4265421e-02
   1.5065536e+00   7.5057912e-01   5.3090031e-02
   1.1796066e+00   6.9716107e-01   1.5939308e-01
   1.1089951e+00   4.0763298e-01   4.4449059e-01
   1.4307297e+00   1.6932867e-01   7.2475609e-01
   1.8436946e+00   8.5317244e-02   4.9088794e-01
   2.1186327e+00   8.4971123e-02   1.6752482e-01
   2.2261601e+00   1.4188805e-01   5.6939090e-02
   2.1574301e+00   2.7373424e-01   3.2315906e-02
   1.9353587e+00   4.9145618e-01   3.5383880e-02
   1.5945411e+00   7.0065762e-01   6.9558506e-02
   1.2654105e+00   6.8075305e-01   1.9494679e-01
   1.1771991e+00   3.9893597e-01   5.3084248e-01
   1.4872997e+00   1.5361172e-01   8.4708865e-01
   1.8890730e+00   7.0774299e-02   5.2049099e-01
   2.1490478e+00   7.1317551e-02   1.4734954e-01
   2.2471528e+00   1.2501420e-01   4.2034434e-02
   2.1779323e+00   2.5056278e-01   2.1019604e-02
   1.9656828e+00   4.6772663e-01   2.1066922e-02
   1.6250852e+00   7.0503669e-01   3.9414242e-02
   1.2624599e+00   7.4802896e-01   1.1115395e-01
   1.0936319e+00   5.0616061e-01   3.3258548e-01
   1.2841832e+00   2.2666724e-01   6.7336667e-01
   1.7048111e+00   9.9411504e-02   6.1052067e-01
   2.0451069e+00   7.7787165e-02   2.4277111e-01
   2.2048035e+00   1.1564009e-01   7.5537906e-02
   2.2023601e+00   2.1940092e-01   3.4940841e-02
   2.0249032e+00   4.1260923e-01   3.0664211e-02
   1.7149189e+00   6.4738403e-01   5.0609346e-02
   1.3558737e+00   7.2821363e-01   1.3105473e-01
   1.1594578e+00   5.1135840e-01   3.8174336e-01
   1.3355408e+00   2.1993525e-01   7.8083070e-01
   1.7434987e+00   8.7357247e-02   6.8692878e-01
   2.0727373e+00   6.5234825e-02   2.4003283e-01
   2.2245239e+00   9.9806876e-02   6.2633998e-02
   2.2229241e+00   1.9601301e-01   2.5005215e-02
   2.0570585e+00   3.8214744e-01   1.9605389e-02
   1.7566722e+00   6.3114463e-01   2.9968597e-02
   1.3793214e+00   7.6844402e-01   7.5658077e-02
   1.1186183e+00   6.1188119e-01   2.3255599e-01
   1.1706099e+00   3.0937579e-01   5.6918654e-01
   1.5573571e+00   1.2654456e-01   7.0437015e-01
   1.9494606e+00   7.6986650e-02   3.5653685e-01
   2.1686426e+00   9.5775469e-02   1.0979431e-01
   2.2356063e+00   1.7379052e-01   4.2062407e-02
   2.1040606e+00   3.3699871e-01   2.9240190e-02
   1.8339190e+00   5.7323348e-01   3.9415626e-02
   1.4708341e+00   7.3547885e-01   9.0377425e-02
   1.1904172e+00   6.1441773e-01   2.6588274e-01
   1.2185626e+00   3.0752926e-01   6.5345228e-01
   1.5925854e+00   1.1533374e-01   8.0382279e-01
   1.9769804e+00   6.4881388e-02   3.7083156e-01
   2.1887626e+00   8.1720126e-02   9.6240264e-02
   2.2530669e+00   1.5356537e-01   3.1459066e-02
   2.1308792e+00   3.0781928e-01   1.9324092e-02
   1.8741499e+00   5.4723900e-01   2.3793312e-02
   1.5060283e+00   7.5155673e-01   5.2082513e-02
   1.1782091e+00   6.9918974e-01   1.5657185e-01
   1.1057812e+00   4.1037366e-01   4.3789373e-01
   1.4253470e+00   1.7132850e-01   7.1880022e-01
   1.8388758e+00   8.6361748e-02   4.9260384e-01
   2.1157506e+00   8.5485542e-02   1.7016852e-01
   2.2247423e+00   1.4205258e-01   5.8187791e-02
   2.1576270e+00   2.7341179e-01   3.3062904e-02
   1.9363185e+00   4.9044197e-01   3.6159150e-02
   1.5963982e+00   6.9886615e-01   7.0935859e-02
   1.2683053e+00   6.7830513e-01   1.9829868e-01
   1.1818425e+00   3.9620976e-01   5.3802805e-01
   1.4928382e+00   1.5189467e-01   8.5268787e-01
   1.8935827e+00   6.9987273e-02   5.1807498e-01
   2.1515161e+00   7.0971508e-02   1.4503462e-01
   2.2482711e+00   1.2491390e-01   4.1173303e-02
   2.1778038e+00   2.5077032e-01   2.0572472e-02
   1.9650760e+00   4.6834980e-01   2.0635862e-02
   1.6239481e+00   7.0612430e-01   3.8659207e-02
   1.2607466e+00   7.4958552e-01   1.0919282e-01
   1.0909859e+00   5.0841873e-01   3.2739743e-01
   1.2787285e+00   2.2883961e-01   6.6581995e-01
   1.6993950e+00   1.0063763e-01   6.0946392e-01
   2.0415609e+00   7.8435334e-02   2.4534002e-01
   2.2029857e+00   1.1598351e-01   7.6973306e-02
   2.2022874e+00   2.1943473e-01   3.5710536e-02
   2.0253453e+00   4.1219547e-01   3.1344527e-02
   1.7159259e+00   6.4621751e-01   5.1680289e-02
   1.3578210e+00   7.2602881e-01   1.3358683e-01
   1.1630233e+00   5.0827605e-01   3.8795155e-01
   1.3428727e+00   2.1748174e-01   7.8874594e-01
   1.7501695e+00   8.6303826e-02   6.8615137e-01
   2.0766228e+00   6.4877141e-02   2.3686995e-01
   2.2262099e+00   9.9835880e-02   6.1469781e-02
   2.2225713e+00   1.9648912e-01   2.4547559e-02
   2.0559736e+00   3.8316156e-01   1.9293313e-02
   1.7548999e+00   6.3250834e-01   2.9569824e-02
   1.3771515e+00   7.6948569e-01   7.4812640e-02
   1.1165607e+00   6.1265900e-01   2.3026903e-01
   1.1680927e+00   3.1048473e-01   5.6430556e-01
   1.5546253e+00   1.2747728e-01   7.0083303e-01
   1.9472508e+00   7.7626817e-02   3.5736116e-01
   2.1672704e+00   9.6297211e-02   1.1096324e-01
   2.2347371e+00   1.7431911e-01   4.2741801e-02
   2.1035108e+00   3.3748168e-01   2.9802851e-02
   1.8334536e+00   5.7321909e-01   4.0231665e-02
   1.4710366e+00   7.3400302e-01   9.2246233e-02
   1.1924192e+00   6.1107369e-01   2.7083606e-01
   1.2242620e+00   3.0415337e-01   6.6200315e-01
   1.5993422e+00   1.1372968e-01   8.0540196e-01
   1.9817487e+00   6.4333464e-02   3.6639243e-01
   2.1910303e+00   8.1687472e-02   9.4285178e-02
   2.2538645e+00   1.5401613e-01   3.0807671e-02
   2.1300159e+00   3.0901856e-01   1.8979514e-02
   1.8721136e+00   5.4911648e-01   2.3460088e-02
   1.5031368e+00   7.5313055e-01   5.1529284e-02
   1.1754909e+00   6.9966966e-01   1.5523311e-01
   1.1036072e+00   4.1082581e-01   4.3444760e-01
   1.4222512e+00   1.7210395e-01   7.1392914e-01
   1.8364108e+00   8.6999017e-02   4.9148011e-01
   2.1141921e+00   8.6034430e-02   1.7103315e-01
   2.2237699e+00   1.4264988e-01   5.8858957e-02
   2.1569248e+00   2.7410617e-01   3.3584892e-02
   1.9354970e+00   4.9094619e-01   3.6823305e-02
   1.5958610e+00   6.9818658e-01   7.2313046e-02
   1.2692183e+00   6.7549472e-01   2.0195199e-01
   1.1859129e+00   3.9253609e-01   5.4567003e-01
   1.4987545e+00   1.4984873e-01   8.5678071e-01
   1.8985596e+00   6.9247079e-02   5.1354999e-01
   2.1541328e+00   7.0846955e-02   1.4224735e-01
   2.2492738e+00   1.2525612e-01   4.0311166e-02
   2.1769920e+00   2.5179140e-01   2.0196881e-02
   1.9632076e+00   4.7009706e-01   2.0341605e-02
   1.6211584e+00   7.0786661e-01   3.8250114e-02
   1.2579212e+00   7.5020131e-01   1.0830391e-01
   1.0889024e+00   5.0858699e-01   3.2499895e-01
   1.2765316e+00   2.2948462e-01   6.6116095e-01
   1.6974030e+00   1.0130347e-01   6.0690507e-01
   2.0400807e+00   7.9015687e-02   2.4592636e-01
   2.2019894e+00   1.1661167e-01   7.7728162e-02
   2.2015715e+00   2.2022943e-01   3.6256043e-02
   2.0243863e+00   4.1304800e-01   3.1938590e-02
   1.7148917e+00   6.4625756e-01   5.2768684e-02
   1.3578173e+00   7.2383490e-01   1.3640864e-01
   1.1658048e+00   5.0414713e-01   3.9494934e-01
   1.3510669e+00   2.1441038e-01   7.9645031e-01
   1.7578697e+00   8.5189410e-02   6.8306884e-01
   2.0810072e+00   6.4682750e-02   2.3276092e-01
   2.2279499e+00   1.0022909e-01   6.0222467e-02
   2.2216317e+00   1.9766506e-01   2.4144172e-02
   2.0537701e+00   3.8526714e-01   1.9089837e-02
   1.7514833e+00   6.3485358e-01   2.9418747e-02
   1.3735025e+00   7.7018326e-01   7.4706387e-02
   1.1143796e+00   6.1150326e-01   2.3015044e-01
   1.1678466e+00   3.0968109e-01   5.6295097e-01
   1.5551218e+00   1.2753816e-01   6.9734110e-01
   1.9474633e+00   7.8017212e-02   3.5575040e-01
   2.1670528e+00   9.6926787e-02   1.1101862e-01
   2.2341875e+00   1.7535093e-01   4.3042711e-02
   2.1020817e+00   3.3905840e-01   3.0190317e-02
   1.8312069e+00   5.7465147e-01   4.0945123e-02
   1.4690200e+00   7.3326013e-01   9.4116700e-02
   1.1928384e+00   6.0716568e-01   2.7604809e-01
   1.2296923e+00   3.0014465e-01   6.7042772e-01
   1.6064316e+00   1.1202015e-01   8.0490116e-01
   1.9867525e+00   6.3904471e-02   3.6066061e-01
   2.1932912e+00   8.1916997e-02   9.2191301e-02
   2.2544630e+00   1.5496101e-01   3.0208138e-02
   2.1284211e+00   3.1107979e-01   1.8724334e-02
   1.8687854e+00   5.5201082e-01   2.3299048e-02
   1.4987778e+00   7.5491405e-01   5.1445305e-02
   1.1721556e+00   6.9876686e-01   1.5534713e-01
   1.1026779e+00   4.0929417e-01   4.3420572e-01
   1.4232418e+00   1.7171317e-01   7.1087147e-01
   1.8373193e+00   8.7273304e-02   4.8826397e-01
   2.1143656e+00   8.6639373e-02   1.7044964e-01
   2.2233744e+00   1.4369065e-01   5.9070599e-02
   2.1554359e+00   2.7580807e-01   3.3951570e-02
   1.9329864e+00   4.9291680e-01   3.7456468e-02
   1.5930575e+00   6.9847283e-01   7.3851688e-02
   1.2683870e+00   6.7203840e-01   2.0633359e-01
   1.1899085e+00   3.8757684e-01   5.5465639e-01
   1.5056841e+00   1.4727093e-01   8.5988789e-01
   1.9045179e+00   6.8463241e-02   5.0654597e-01
   2.1571758e+00   7.0908173e-02   1.3871911e-01
   2.2502837e+00   1.2604181e-01   3.9345276e-02
   2.1754605e+00   2.5367750e-01   1.9836600e-02
   1.9599633e+00   4.7307853e-01   2.0128396e-02
   1.6165281e+00   7.1041061e-01   3.8089248e-02
   1.2537431e+00   7.5005016e-01   1.0823602e-01
   1.0870474e+00   5.0692813e-01   3.2472978e-01
   1.2769129e+00   2.2885676e-01   6.5845865e-01
   1.6981835e+00   1.0154925e-01   6.0277086e-01
   2.0402530e+00   7.9603812e-02   2.4484371e-01
   2.2016050e+00   1.1756912e-01   7.7961971e-02
   2.2001940e+00   2.2179790e-01   3.6663683e-02
   2.0220608e+00   4.1512457e-01   3.2527711e-02
   1.7119228e+00   6.4735276e-01   5.4012208e-02
   1.3561029e+00   7.2133630e-01   1.3985981e-01
   1.1682700e+00   4.9858984e-01   4.0354382e-01
   1.3610891e+00   2.1044918e-01   8.0481140e-01
   1.7674136e+00   8.3901727e-02   6.7748758e-01
   2.0863380e+00   6.4617587e-02   2.2736951e-01
   2.2299300e+00   1.0100322e-01   5.8768277e-02
   2.2200504e+00   1.9962281e-01   2.3743141e-02
   2.0502840e+00   3.8861940e-01   1.8958690e-02
   1.7461642e+00   6.3835589e-01   2.9470859e-02
   1.3680921e+00   7.7062402e-01   7.5251587e-02
   1.1118481e+00   6.0846332e-01   2.3196272e-01
   1.1696285e+00   3.0708004e-01   5.6456324e-01
   1.5585777e+00   1.2682937e-01   6.9346441e-01
   1.9498704e+00   7.8230201e-02   3.5180663e-01
   2.1678435e+00   9.7730435e-02   1.1008761e-01
   2.2338570e+00   1.7696472e-01   4.3035642e-02
   2.0996808e+00   3.4181637e-01   3.0463161e-02
   1.8270768e+00   5.7755163e-01   4.1651228e-02
   1.4647695e+00   7.3305631e-01   9.6222938e-02
   1.1919089e+00   6.0226739e-01   2.8214733e-01
   1.2355710e+00   2.9511506e-01   6.7971254e-01
   1.6146712e+00   1.1002972e-01   8.0237362e-01
   1.9925442e+00   6.3536759e-02   3.5313979e-01
   2.1958010e+00   8.2413716e-02   8.9749430e-02
   2.2549458e+00   1.5647070e-01   2.9586336e-02
   2.1259683e+00   3.1417446e-01   1.8517579e-02
   1.8638833e+00   5.5616635e-01   2.3271002e-02
   1.4925785e+00   7.5707116e-01   5.1770194e-02
   1.1678881e+00   6.9649569e-01   1.5677488e-01
   1.1027733e+00   4.0582326e-01   4.3677212e-01
   1.4275885e+00   1.7025016e-01   7.0900914e-01
   1.8410893e+00   8.7235019e-02   4.8283568e-01
   2.1160103e+00   8.7336565e-02   1.6848072e-01
   2.2234352e+00   1.4521068e-01   5.8858110e-02
   2.1530967e+00   2.7855321e-01   3.4187305e-02
   1.9287380e+00   4.9635812e-01   3.8091934e-02
   1.5879873e+00   6.9963648e-01   7.5628963e-02
   1.2659164e+00   6.6776360e-01   2.1165112e-01
   1.1940972e+00   3.8119998e-01   5.6533167e-01
   1.5139273e+00   1.4411237e-01   8.6201767e-01
   1.9116518e+00   6.7620027e-02   4.9690965e-01
   2.1607309e+00   7.1157323e-02   1.3440418e-01
   2.2513284e+00   1.2729423e-01   3.8255365e-02
   2.1731707e+00   2.5648513e-01   1.9478749e-02
   1.9552517e+00   4.7737424e-01   1.9984038e-02
   1.6099370e+00   7.1380283e-01   3.8159459e-02
   1.2481200e+00   7.4912002e-01   1.0895332e-01
   1.0853683e+00   5.0345655e-01   3.2647645e-01
   1.2797956e+00   2.2700319e-01   6.5746683e-01
   1.7016448e+00   1.0140820e-01   5.9698828e-01
   2.0420054e+00   8.0226068e-02   2.4215803e-01
   2.2017853e+00   1.1888716e-01   7.7709547e-02
   2.1981198e+00   2.2418209e-01   3.6954669e-02
   2.0183166e+00   4.1846157e-01   3.3138301e-02
   1.7069763e+00   6.4947180e-01   5.5468421e-02
   1.3527135e+00   7.1838638e-01   1.4410070e-01
   1.1706066e+00   4.9143610e-01   4.1407993e-01
   1.3733831e+00   2.0552480e-01   8.1397531e-01
   1.7791063e+00   8.2423447e-02   6.6916845e-01
   2.0927471e+00   6.4689627e-02   2.2062068e-01
   2.2321885e+00   1.0219465e-01   5.7087479e-02
   2.2177720e+00   2.0244471e-01   2.3336141e-02
   2.0453827e+00   3.9334409e-01   1.8897113e-02
   1.7387535e+00   6.4310601e-01   2.9732271e-02
   1.3607706e+00   7.7075321e-01   7.6484008e-02
   1.1089479e+00   6.0341489e-01   2.3580118e-01
   1.1735743e+00   3.0263343e-01   5.6914377e-01
   1.5651264e+00   1.2535450e-01   6.8896772e-01
   1.9545256e+00   7.8285257e-02   3.4546082e-01
   2.1696445e+00   9.8746628e-02   1.0817796e-01
   2.2337171e+00   1.7923310e-01   4.2728834e-02
   2.0962050e+00   3.4587218e-01   3.0633686e-02
   1.8208964e+00   5.8201240e-01   4.2381359e-02
   1.4581484e+00   7.3331856e-01   9.8665907e-02
   1.1896603e+00   5.9616048e-01   2.8941416e-01
   1.2422072e+00   2.8891763e-01   6.9014915e-01
   1.6243909e+00   1.0771333e-01   7.9758502e-01
   1.9993138e+00   6.3227700e-02   3.4364216e-01
   2.1986310e+00   8.3205744e-02   8.6910813e-02
   2.2553158e+00   1.5861786e-01   2.8925915e-02
   2.1225457e+00   3.1844153e-01   1.8352668e-02
   1.8571965e+00   5.6173912e-01   2.3377006e-02
   1.4843098e+00   7.5962435e-01   5.2527116e-02
   1.1625794e+00   6.9271755e-01   1.5960351e-01
   1.1039706e+00   4.0030688e-01   4.4224060e-01
   1.4330233e+00   1.6769750e-01   7.0812782e-01
   1.8463939e+00   8.6749461e-02   4.7500506e-01
   2.1186569e+00   8.7962564e-02   1.6482573e-01
   2.2239072e+00   1.4698818e-01   5.7993976e-02
   2.1500551e+00   2.8203450e-01   3.4097716e-02
   1.9230930e+00   5.0097100e-01   3.8466930e-02
   1.5809927e+00   7.0181647e-01   7.7083265e-02
   1.2616124e+00   6.6376375e-01   2.1639322e-01
   1.1969299e+00   3.7494549e-01   5.7453590e-01
   1.5211214e+00   1.4121610e-01   8.6167857e-01
   1.9179665e+00   6.7005134e-02   4.8673153e-01
   2.1637630e+00   7.1626829e-02   1.3045405e-01
   2.2520255e+00   1.2884821e-01   3.7376039e-02
   2.1704885e+00   2.5975539e-01   1.9263343e-02
   1.9498967e+00   4.8220559e-01   2.0015029e-02
   1.6026168e+00   7.1727421e-01   3.8605435e-02
   1.2422829e+00   7.4719695e-01   1.1076273e-01
   1.0846982e+00   4.9825534e-01   3.3104630e-01
   1.2858880e+00   2.2379821e-01   6.5978235e-01
   1.7083454e+00   1.0066276e-01   5.9063244e-01
   2.0457660e+00   8.0657009e-02   2.3781878e-01
   2.2028606e+00   1.2029939e-01   7.6727005e-02
   2.1956782e+00   2.2702563e-01   3.6920847e-02
   2.0136147e+00   4.2265224e-01   3.3527914e-02
   1.7005753e+00   6.5252654e-01   5.6682592e-02
   1.3477579e+00   7.1586341e-01   1.4794758e-01
   1.1717185e+00   4.8442414e-01   4.2364104e-01
   1.3845256e+00   2.0090163e-01   8.2088780e-01
   1.7897721e+00   8.1186317e-02   6.5967078e-01
   2.0984645e+00   6.4951749e-02   2.1422496e-01
   2.2340465e+00   1.0360918e-01   5.5657144e-02
   2.2152188e+00   2.0559640e-01   2.3066365e-02
   2.0400400e+00   3.9849403e-01   1.8969446e-02
   1.7307706e+00   6.4805330e-01   3.0236844e-02
   1.3531541e+00   7.7029999e-01   7.8380347e-02
   1.1065849e+00   5.9702947e-01   2.4150552e-01
   1.1795773e+00   2.9692585e-01   5.7674365e-01
   1.5741911e+00   1.2323313e-01   6.8500040e-01
   1.9610042e+00   7.8081392e-02   3.3765896e-01
   2.1723581e+00   9.9732979e-02   1.0545953e-01
   2.2339156e+00   1.8171440e-01   4.2071171e-02
   2.0922950e+00   3.5050969e-01   3.0579751e-02
   1.8137221e+00   5.8731934e-01   4.2873996e-02
   1.4501896e+00   7.3422017e-01   1.0072291e-01
   1.1861346e+00   5.9038189e-01   2.9581116e-01
   1.2475594e+00   2.8313285e-01   6.9856622e-01
   1.6328776e+00   1.0570812e-01   7.9114817e-01
   2.0051781e+00   6.3110410e-02   3.3452315e-01
   2.2009579e+00   8.4165035e-02   8.4447573e-02
   2.2547086e+00   1.6097610e-01   2.8430131e-02
   2.1186431e+00   3.2288583e-01   1.8306287e-02
   1.8502168e+00   5.6728807e-01   2.3643363e-02
   1.4760600e+00   7.6169835e-01   5.3650391e-02
   1.1578082e+00   6.8805459e-01   1.6346165e-01
   1.1064710e+00   3.9387528e-01   4.4988217e-01
   1.4401890e+00   1.6456353e-01   7.0878986e-01
   1.8531714e+00   8.5961478e-02   4.6656383e-01
   2.1221574e+00   8.8448467e-02   1.6042607e-01
   2.2247882e+00   1.4875257e-01   5.6757759e-02
   2.1469032e+00   2.8568664e-01   3.3771449e-02
   1.9170507e+00   5.0596706e-01   3.8592208e-02
   1.5733250e+00   7.0452882e-01   7.8105544e-02
   1.2563867e+00   6.6044244e-01   2.2011042e-01
   1.1983565e+00   3.6953125e-01   5.8148107e-01
   1.5266356e+00   1.3885993e-01   8.5950171e-01
   1.9229022e+00   6.6631765e-02   4.7740140e-01
   2.1660419e+00   7.2207147e-02   1.2724039e-01
   2.2523783e+00   1.3045061e-01   3.6750662e-02
   2.1678156e+00   2.6299669e-01   1.9176586e-02
   1.9446740e+00   4.8686995e-01   2.0173514e-02
   1.5956105e+00   7.2036700e-01   3.9287511e-02
   1.2369990e+00   7.4471869e-01   1.1320571e-01
   1.0849101e+00   4.9238137e-01   3.3722562e-01
   1.2937309e+00   2.2000312e-01   6.6417446e-01
   1.7166638e+00   9.9580343e-02   5.8448180e-01
   2.0505381e+00   8.0910233e-02   2.3281159e-01
   2.2044445e+00   1.2163338e-01   7.5347361e-02
   2.1932366e+00   2.2990492e-01   3.6659017e-02
   2.0087204e+00   4.2701761e-01   3.3712353e-02
   1.6938053e+00   6.5591735e-01   5.7583073e-02
   1.3422125e+00   7.1390105e-01   1.5107894e-01
   1.1718306e+00   4.7828787e-01   4.3142167e-01
   1.3935983e+00   1.9701229e-01   8.2537501e-01
   1.7985151e+00   8.0257388e-02   6.5043610e-01
   2.1030553e+00   6.5321109e-02   2.0880921e-01
   2.2354137e+00   1.0503138e-01   5.4558597e-02
   2.2127425e+00   2.0864453e-01   2.2921459e-02
   2.0349573e+00   4.0338221e-01   1.9129748e-02
   1.7232569e+00   6.5256822e-01   3.0866399e-02
   1.3461969e+00   7.6942836e-01   8.0569726e-02
   1.1049240e+00   5.9038204e-01   2.4797053e-01
   1.1864723e+00   2.9099865e-01   5.8558938e-01
   1.5840562e+00   1.2093015e-01   6.8162289e-01
   1.9680098e+00   7.7741659e-02   3.2971504e-01
   2.1753720e+00   1.0061011e-01   1.0253038e-01
   2.2342991e+00   1.8409989e-01   4.1262371e-02
   2.0884799e+00   3.5508288e-01   3.0385592e-02
   1.8065965e+00   5.9265204e-01   4.3157614e-02
   1.4421509e+00   7.3542016e-01   1.0230979e-01
   1.1821428e+00   5.8539222e-01   3.0096274e-01
   1.2515268e+00   2.7822653e-01   7.0472498e-01
   1.6396807e+00   1.0411940e-01   7.8429275e-01
   2.0098423e+00   6.3134066e-02   3.2664036e-01
   2.2027133e+00   8.5141508e-02   8.2488536e-02
   2.2523709e+00   1.6324200e-01   2.8092793e-02
   2.1144573e+00   3.2683506e-01   1.8343696e-02
   1.8438494e+00   5.7190491e-01   2.3981451e-02
   1.4690741e+00   7.6294096e-01   5.4860438e-02
   1.1542950e+00   6.8339693e-01   1.6742110e-01
   1.1096634e+00   3.8788634e-01   4.5766027e-01
   1.4475090e+00   1.6162969e-01   7.1008066e-01
   1.8598448e+00   8.5163300e-02   4.5908046e-01
   2.1256075e+00   8.8812638e-02   1.5638723e-01
   2.2257408e+00   1.5027575e-01   5.5556649e-02
   2.1441519e+00   2.8892202e-01   3.3395268e-02
   1.9116672e+00   5.1044618e-01   3.8594514e-02
   1.5664258e+00   7.0707323e-01   7.8801689e-02
   1.2515073e+00   6.5784503e-01   2.2287426e-01
   1.1990065e+00   3.6523649e-01   5.8646689e-01
   1.5306758e+00   1.3707245e-01   8.5679642e-01
   1.9265594e+00   6.6417536e-02   4.6977273e-01
   2.1676776e+00   7.2758503e-02   1.2480459e-01
   2.2525304e+00   1.3185893e-01   3.6322381e-02
   2.1655075e+00   2.6578715e-01   1.9157721e-02
   1.9402178e+00   4.9081853e-01   2.0367504e-02
   1.5897084e+00   7.2284051e-01   3.9986995e-02
   1.2327124e+00   7.4230274e-01   1.1561688e-01
   1.0855260e+00   4.8702737e-01   3.4329090e-01
   1.3013236e+00   2.1650778e-01   6.6876826e-01
   1.7245354e+00   9.8522947e-02   5.7917412e-01
   2.0550574e+00   8.1065857e-02   2.2824776e-01
   2.2060040e+00   1.2276609e-01   7.4012402e-02
   2.1911177e+00   2.3242756e-01   3.6344852e-02
   2.0043895e+00   4.3088196e-01   3.3790181e-02
   1.6877796e+00   6.5897694e-01   5.8238317e-02
   1.3371825e+00   7.1239364e-01   1.5351083e-01
   1.1715542e+00   4.7332639e-01   4.3744056e-01
   1.4006477e+00   1.9395859e-01   8.2820866e-01
   1.8053062e+00   7.9585060e-02   6.4255272e-01
   2.1065649e+00   6.5689744e-02   2.0455039e-01
   2.2363910e+00   1.0627527e-01   5.3747450e-02
   2.2106183e+00   2.1125780e-01   2.2848098e-02
   2.0306397e+00   4.0752211e-01   1.9307356e-02
   1.7169249e+00   6.5628346e-01   3.1472697e-02
   1.3404588e+00   7.6844561e-01   8.2620042e-02
   1.1038311e+00   5.8448506e-01   2.5395603e-01
   1.1929150e+00   2.8579991e-01   5.9373404e-01
   1.5929695e+00   1.1889060e-01   6.7875654e-01
   1.9742699e+00   7.7411303e-02   3.2279109e-01
   2.1780745e+00   1.0134446e-01   9.9950715e-02
   2.2323982e+00   1.8615524e-01   4.0517806e-02
   2.0844697e+00   3.5868987e-01   3.0170407e-02
   1.8006364e+00   5.9659994e-01   4.3287279e-02
   1.4359442e+00   7.3611080e-01   1.0330075e-01
   1.1791989e+00   5.8178077e-01   3.0416320e-01
   1.2542276e+00   2.7501218e-01   7.0782520e-01
   1.6442021e+00   1.0323084e-01   7.7864219e-01
   2.0127960e+00   6.3304286e-02   3.2151955e-01
   2.2037037e+00   8.5973758e-02   8.1414263e-02
   2.2506510e+00   1.6502914e-01   2.7997961e-02
   2.1113185e+00   3.2988260e-01   1.8481917e-02
   1.8390365e+00   5.7535512e-01   2.4387451e-02
   1.4639083e+00   7.6355701e-01   5.6125779e-02
   1.1520673e+00   6.7917745e-01   1.7142093e-01
   1.1131740e+00   3.8250714e-01   4.6570092e-01
