  -7.1048189e-03
  -8.5998902e-03
   2.2046042e-03
   7.4253804e-04
  -1.9172803e-03
   3.0647209e-03
  -9.2833719e-03
   8.7058625e-03
   1.3184175e-02
  -1.1324026e-02
  -3.2820874e-03
   3.9099330e-03
   4.0381473e-04
  -1.6338050e-03
   6.4585568e-03
  -1.4043503e-03
   4.6433605e-04
  -1.0359283e-03
   1.3600809e-03
  -1.0691321e-03
   4.1923867e-02
   2.3161021e-02
   1.6374604e-02
   1.6930631e-02
   2.2893426e-02
   1.6456708e-02
   2.3878257e-02
   1.4319623e-02
   3.4188951e-03
   2.8476346e-02
   1.6861559e-02
   1.7817894e-02
   2.0008790e-02
   2.1327340e-02
   1.4005181e-02
   1.9597780e-02
   1.9842295e-02
   2.3243877e-02
   1.2538956e-02
   2.5600731e-02
   2.7177430e-02
   5.0874480e-02
   6.6591244e-02
   6.3529594e-02
   5.3650316e-02
   6.3736784e-02
   5.5314298e-02
   6.4075140e-02
   8.1185290e-02
   4.8827180e-02
   6.2634583e-02
   6.1308091e-02
   5.7242861e-02
   5.5885430e-02
   6.7410008e-02
   5.6081771e-02
   6.1098491e-02
   4.7405811e-02
   8.7738251e-02
   4.0257384e-02
   1.3916586e-01
   1.4008065e-01
   1.0049449e-01
   1.1236196e-01
   1.2596735e-01
   1.0877265e-01
   1.2251605e-01
   1.0769995e-01
   9.6578740e-02
   1.2720094e-01
   1.1495323e-01
   1.1434502e-01
   1.2068365e-01
   1.2167974e-01
   1.0583507e-01
   1.2234239e-01
   1.1356784e-01
   1.3784256e-01
   6.9187501e-02
   6.2001222e-03
   1.6619676e-01
   1.4648762e-01
   2.0740475e-01
   1.9250551e-01
   1.5481623e-01
   1.9064721e-01
   1.8382068e-01
   2.1356477e-01
   1.9335364e-01
   1.7133572e-01
   1.7342006e-01
   1.8832386e-01
   1.6783788e-01
   1.7382668e-01
   1.9508951e-01
   1.7659928e-01
   1.6322588e-01
   1.8510345e-01
   1.3562654e-02
   0.0000000e+00
   5.4454107e-03
   7.6892642e-03
   8.6992818e-02
   2.0959086e-01
   3.1234677e-01
   1.9913513e-01
   6.3202365e-02
   1.5093901e-01
   1.6034313e-01
   2.5133577e-01
   2.5522557e-01
   1.6873263e-01
   2.9665836e-01
   1.9178568e-01
   2.1353638e-01
   2.1755790e-01
   3.1345657e-01
   7.3534201e-02
   1.7461777e-04
   0.0000000e+00
   0.0000000e+00
   7.9939395e-07
   3.3495195e-04
   1.1004381e-02
   2.4561801e-02
   1.1823610e-02
   4.2142756e-04
   3.4413195e-05
   6.6090336e-02
   3.7985603e-01
   1.4797631e-01
   5.9609952e-03
   4.1618545e-02
   3.4356766e-01
   4.2949032e-01
   6.2213303e-02
   7.0871248e-02
   9.9258008e-03
   0.0000000e+00
   0.0000000e+00
   0.0000000e+00
   0.0000000e+00
   0.0000000e+00
   0.0000000e+00
   0.0000000e+00
   0.0000000e+00
   0.0000000e+00
   0.0000000e+00
   1.3458749e-03
   7.5366392e-03
   2.6218940e-03
   2.6478156e-06
   5.8536246e-03
   2.0810888e-01
   2.8747076e-01
   2.2157448e-02
   0.0000000e+00
   0.0000000e+00
   0.0000000e+00
   0.0000000e+00
   0.0000000e+00
   0.0000000e+00
   0.0000000e+00
   0.0000000e+00
   0.0000000e+00
   0.0000000e+00
   0.0000000e+00
   0.0000000e+00
   0.0000000e+00
   0.0000000e+00
   0.0000000e+00
   0.0000000e+00
   7.3886638e-05
   3.7445045e-03
   5.4466094e-03
   4.2935315e-04
   0.0000000e+00
   0.0000000e+00
   0.0000000e+00
   0.0000000e+00
   0.0000000e+00
   0.0000000e+00
   0.0000000e+00
   0.0000000e+00
   0.0000000e+00
   0.0000000e+00
   0.0000000e+00
   0.0000000e+00
   0.0000000e+00
   0.0000000e+00
   0.0000000e+00
   0.0000000e+00
   0.0000000e+00
   0.0000000e+00
   0.0000000e+00
   0.0000000e+00
   0.0000000e+00
   0.0000000e+00
   0.0000000e+00
   0.0000000e+00
   0.0000000e+00
   0.0000000e+00
   0.0000000e+00
   0.0000000e+00
   0.0000000e+00
   0.0000000e+00
   0.0000000e+00
   0.0000000e+00
   0.0000000e+00
   0.0000000e+00
   0.0000000e+00
   0.0000000e+00
   0.0000000e+00
   0.0000000e+00
   0.0000000e+00
   0.0000000e+00
   0.0000000e+00
   0.0000000e+00
   0.0000000e+00
   0.0000000e+00
   0.0000000e+00
   0.0000000e+00
   0.0000000e+00
   0.0000000e+00
   0.0000000e+00
   0.0000000e+00
   0.0000000e+00
   0.0000000e+00
   0.0000000e+00
   0.0000000e+00
   0.0000000e+00
   0.0000000e+00
   0.0000000e+00
   0.0000000e+00
   0.0000000e+00
   0.0000000e+00
   0.0000000e+00
   0.0000000e+00
   0.0000000e+00
   0.0000000e+00
   0.0000000e+00
   0.0000000e+00
   0.0000000e+00
   0.0000000e+00
   0.0000000e+00
   0.0000000e+00
   0.0000000e+00
   0.0000000e+00
   0.0000000e+00
   0.0000000e+00
   0.0000000e+00
   0.0000000e+00
   0.0000000e+00
   0.0000000e+00
   0.0000000e+00
   0.0000000e+00
   0.0000000e+00
   0.0000000e+00
   0.0000000e+00
   0.0000000e+00
   0.0000000e+00
   0.0000000e+00
   0.0000000e+00
   0.0000000e+00
   0.0000000e+00
   0.0000000e+00
   0.0000000e+00
   0.0000000e+00
   0.0000000e+00
   0.0000000e+00
   0.0000000e+00
   0.0000000e+00
   0.0000000e+00
   0.0000000e+00
   0.0000000e+00
   0.0000000e+00
   0.0000000e+00
   0.0000000e+00
   0.0000000e+00
   0.0000000e+00
   0.0000000e+00
   0.0000000e+00
   0.0000000e+00
   0.0000000e+00
   0.0000000e+00
   0.0000000e+00
   0.0000000e+00
   0.0000000e+00
   0.0000000e+00
   0.0000000e+00
   0.0000000e+00
   0.0000000e+00
   0.0000000e+00
   0.0000000e+00
   0.0000000e+00
   0.0000000e+00
   0.0000000e+00
   0.0000000e+00
   0.0000000e+00
   0.0000000e+00
   0.0000000e+00
   0.0000000e+00
   0.0000000e+00
   0.0000000e+00
   0.0000000e+00
   0.0000000e+00
   0.0000000e+00
   0.0000000e+00
   0.0000000e+00
   0.0000000e+00
   0.0000000e+00
   0.0000000e+00
   0.0000000e+00
   0.0000000e+00
   0.0000000e+00
   0.0000000e+00
   0.0000000e+00
   0.0000000e+00
   0.0000000e+00
   0.0000000e+00
   0.0000000e+00
   0.0000000e+00
   0.0000000e+00
   0.0000000e+00
   0.0000000e+00
   0.0000000e+00
   0.0000000e+00
   0.0000000e+00
   0.0000000e+00
   0.0000000e+00
   0.0000000e+00
   0.0000000e+00
   0.0000000e+00
   0.0000000e+00
   0.0000000e+00
   0.0000000e+00
   0.0000000e+00
   0.0000000e+00
   0.0000000e+00
   0.0000000e+00
   0.0000000e+00
   0.0000000e+00
   0.0000000e+00
   0.0000000e+00
   0.0000000e+00
   0.0000000e+00
   0.0000000e+00
   0.0000000e+00
   0.0000000e+00
   0.0000000e+00
   0.0000000e+00
   0.0000000e+00
   0.0000000e+00
   0.0000000e+00
   0.0000000e+00
   0.0000000e+00
   0.0000000e+00
   0.0000000e+00
   0.0000000e+00
   0.0000000e+00
   0.0000000e+00
   0.0000000e+00
   0.0000000e+00
   0.0000000e+00
   0.0000000e+00
   0.0000000e+00
   0.0000000e+00
   0.0000000e+00
   0.0000000e+00
   0.0000000e+00
   0.0000000e+00
   0.0000000e+00
   0.0000000e+00
   0.0000000e+00
   0.0000000e+00
   0.0000000e+00
   0.0000000e+00
   0.0000000e+00
   0.0000000e+00
   0.0000000e+00
   0.0000000e+00
   0.0000000e+00
   0.0000000e+00
   0.0000000e+00
   0.0000000e+00
   0.0000000e+00
   0.0000000e+00
   0.0000000e+00
   0.0000000e+00
   0.0000000e+00
   0.0000000e+00
   0.0000000e+00
   0.0000000e+00
   0.0000000e+00
   0.0000000e+00
   0.0000000e+00
   0.0000000e+00
   0.0000000e+00
   0.0000000e+00
   0.0000000e+00
