   3.8245713e-03
  -6.3040619e-04
  -3.6922389e-03
   1.4170549e-03
   9.6970595e-04
  -1.7599092e-04
  -1.0908850e-03
   1.1724518e-03
  -2.6054766e-04
   1.1257828e-03
   8.2001643e-04
   1.1407515e-03
  -1.8617802e-03
   1.0050875e-03
  -6.0608506e-04
   5.4162074e-04
  -5.3890992e-04
  -1.4724694e-03
  -1.2219613e-03
   1.4689489e-02
   3.3566601e-02
   2.5339277e-02
   1.8383586e-02
   2.4749330e-02
   1.5505595e-02
   2.0405323e-02
   2.1372593e-02
   1.7440325e-02
   1.4678129e-02
   1.7649283e-02
   1.3784339e-02
   1.9711432e-02
   2.1748581e-02
   1.9008250e-02
   1.9075936e-02
   2.0466496e-02
   1.7311295e-02
   2.6220150e-02
   1.5333549e-02
   2.3226118e-02
   4.2230883e-02
   5.7321557e-02
   5.6948255e-02
   5.0662576e-02
   6.4955115e-02
   5.8819743e-02
   5.4318690e-02
   6.5032074e-02
   6.5667183e-02
   6.4496490e-02
   7.0624874e-02
   5.7974682e-02
   5.5884581e-02
   5.9202228e-02
   6.0855826e-02
   5.5317905e-02
   6.6331796e-02
   4.0534251e-02
   7.5724923e-02
   5.3741702e-03
   1.3684711e-01
   1.0855267e-01
   1.3000206e-01
   1.2784430e-01
   1.0890690e-01
   1.1554209e-01
   1.2834979e-01
   1.0670714e-01
   1.1071953e-01
   1.0531903e-01
   1.0778155e-01
   1.1625366e-01
   1.2370945e-01
   1.1586734e-01
   1.1475840e-01
   1.2396066e-01
   1.0609316e-01
   1.4550488e-01
   9.6768420e-02
   4.6094828e-04
   1.0058170e-01
   2.5162984e-01
   1.2212833e-01
   1.6135621e-01
   1.9578808e-01
   1.7543925e-01
   1.5602640e-01
   1.9636925e-01
   1.9530525e-01
   2.0861647e-01
   1.9445754e-01
   1.8751651e-01
   1.5983160e-01
   1.8378873e-01
   1.7861451e-01
   1.6673485e-01
   1.9280578e-01
   1.6281727e-01
   1.3854353e-02
   1.4358240e-05
   8.3686660e-03
   5.3862188e-02
   2.5316133e-01
   3.2664050e-01
   1.2085787e-01
   3.1433995e-01
   2.8625096e-01
   1.5270504e-01
   1.7112844e-01
   9.6631145e-02
   8.1594219e-02
   2.0224952e-01
   3.0034825e-01
   1.8846091e-01
   2.3647533e-01
   2.4183506e-01
   2.4592756e-01
   2.8272601e-02
   3.0325384e-04
   0.0000000e+00
   0.0000000e+00
   4.2655536e-03
   6.8857543e-02
   7.4690446e-02
   7.8446935e-03
   1.3440629e-01
   1.7697420e-01
   1.1335328e-02
   7.7691627e-05
   4.0026563e-06
   2.8281225e-06
   3.9867278e-02
   1.5424546e-01
   3.9988621e-01
   2.7341889e-01
   2.9690070e-01
   3.5369007e-01
   2.4688489e-02
   0.0000000e+00
   0.0000000e+00
   0.0000000e+00
   0.0000000e+00
   0.0000000e+00
   0.0000000e+00
   7.2712739e-06
   2.5729078e-04
   3.2097004e-04
   2.0305190e-05
   0.0000000e+00
   0.0000000e+00
   0.0000000e+00
   1.5093246e-08
   3.4399846e-03
   3.5900634e-02
   2.2024722e-02
   1.9407213e-02
   2.5597703e-02
   1.8119158e-03
   0.0000000e+00
   0.0000000e+00
   0.0000000e+00
   0.0000000e+00
   0.0000000e+00
   0.0000000e+00
   0.0000000e+00
   0.0000000e+00
   0.0000000e+00
   0.0000000e+00
   0.0000000e+00
   0.0000000e+00
   0.0000000e+00
   0.0000000e+00
   0.0000000e+00
   0.0000000e+00
   0.0000000e+00
   0.0000000e+00
   0.0000000e+00
   0.0000000e+00
   0.0000000e+00
   0.0000000e+00
   0.0000000e+00
   0.0000000e+00
   0.0000000e+00
   0.0000000e+00
   0.0000000e+00
   0.0000000e+00
   0.0000000e+00
   0.0000000e+00
   0.0000000e+00
   0.0000000e+00
   0.0000000e+00
   0.0000000e+00
   0.0000000e+00
   0.0000000e+00
   0.0000000e+00
   0.0000000e+00
   0.0000000e+00
   0.0000000e+00
   0.0000000e+00
   0.0000000e+00
   0.0000000e+00
   0.0000000e+00
   0.0000000e+00
   0.0000000e+00
   0.0000000e+00
   0.0000000e+00
   0.0000000e+00
   0.0000000e+00
   0.0000000e+00
   0.0000000e+00
   0.0000000e+00
   0.0000000e+00
   0.0000000e+00
   0.0000000e+00
   0.0000000e+00
   0.0000000e+00
   0.0000000e+00
   0.0000000e+00
   0.0000000e+00
   0.0000000e+00
   0.0000000e+00
   0.0000000e+00
   0.0000000e+00
   0.0000000e+00
   0.0000000e+00
   0.0000000e+00
   0.0000000e+00
   0.0000000e+00
   0.0000000e+00
   0.0000000e+00
   0.0000000e+00
   0.0000000e+00
   0.0000000e+00
   0.0000000e+00
   0.0000000e+00
   0.0000000e+00
   0.0000000e+00
   0.0000000e+00
   0.0000000e+00
   0.0000000e+00
   0.0000000e+00
   0.0000000e+00
   0.0000000e+00
   0.0000000e+00
   0.0000000e+00
   0.0000000e+00
   0.0000000e+00
   0.0000000e+00
   0.0000000e+00
   0.0000000e+00
   0.0000000e+00
   0.0000000e+00
   0.0000000e+00
   0.0000000e+00
   0.0000000e+00
   0.0000000e+00
   0.0000000e+00
   0.0000000e+00
   0.0000000e+00
   0.0000000e+00
   0.0000000e+00
   0.0000000e+00
   0.0000000e+00
   0.0000000e+00
   0.0000000e+00
   0.0000000e+00
   0.0000000e+00
   0.0000000e+00
   0.0000000e+00
   0.0000000e+00
   0.0000000e+00
   0.0000000e+00
   0.0000000e+00
   0.0000000e+00
   0.0000000e+00
   0.0000000e+00
   0.0000000e+00
   0.0000000e+00
   0.0000000e+00
   0.0000000e+00
   0.0000000e+00
   0.0000000e+00
   0.0000000e+00
   0.0000000e+00
   0.0000000e+00
   0.0000000e+00
   0.0000000e+00
   0.0000000e+00
   0.0000000e+00
   0.0000000e+00
   0.0000000e+00
   0.0000000e+00
   0.0000000e+00
   0.0000000e+00
   0.0000000e+00
   0.0000000e+00
   0.0000000e+00
   0.0000000e+00
   0.0000000e+00
   0.0000000e+00
   0.0000000e+00
   0.0000000e+00
   0.0000000e+00
   0.0000000e+00
   0.0000000e+00
   0.0000000e+00
   0.0000000e+00
   0.0000000e+00
   0.0000000e+00
   0.0000000e+00
   0.0000000e+00
   0.0000000e+00
   0.0000000e+00
   0.0000000e+00
   0.0000000e+00
   0.0000000e+00
   0.0000000e+00
   0.0000000e+00
   0.0000000e+00
   0.0000000e+00
   0.0000000e+00
   0.0000000e+00
   0.0000000e+00
   0.0000000e+00
   0.0000000e+00
   0.0000000e+00
   0.0000000e+00
   0.0000000e+00
   0.0000000e+00
   0.0000000e+00
   0.0000000e+00
   0.0000000e+00
   0.0000000e+00
   0.0000000e+00
   0.0000000e+00
   0.0000000e+00
   0.0000000e+00
   0.0000000e+00
   0.0000000e+00
   0.0000000e+00
   0.0000000e+00
   0.0000000e+00
   0.0000000e+00
   0.0000000e+00
   0.0000000e+00
   0.0000000e+00
   0.0000000e+00
   0.0000000e+00
   0.0000000e+00
   0.0000000e+00
   0.0000000e+00
   0.0000000e+00
   0.0000000e+00
   0.0000000e+00
   0.0000000e+00
   0.0000000e+00
   0.0000000e+00
   0.0000000e+00
   0.0000000e+00
   0.0000000e+00
   0.0000000e+00
   0.0000000e+00
   0.0000000e+00
   0.0000000e+00
   0.0000000e+00
   0.0000000e+00
   0.0000000e+00
   0.0000000e+00
   0.0000000e+00
   0.0000000e+00
   0.0000000e+00
   0.0000000e+00
   0.0000000e+00
   0.0000000e+00
   0.0000000e+00
   0.0000000e+00
   0.0000000e+00
   0.0000000e+00
   0.0000000e+00
   0.0000000e+00
   0.0000000e+00
   0.0000000e+00
   0.0000000e+00
   0.0000000e+00
   0.0000000e+00
   0.0000000e+00
   0.0000000e+00
   0.0000000e+00
   0.0000000e+00
   0.0000000e+00
   0.0000000e+00
   0.0000000e+00
   0.0000000e+00
   0.0000000e+00
   0.0000000e+00
   0.0000000e+00
   0.0000000e+00
   0.0000000e+00
   0.0000000e+00
   0.0000000e+00
