  -1.4441044e-02
   3.2575916e-03
  -2.3972945e-03
   3.7988887e-03
   2.8889387e-03
  -1.9400230e-03
   2.1854486e-03
   1.4455308e-03
  -1.7279499e-03
  -1.5148903e-03
   2.2348217e-03
  -1.7842554e-04
  -2.4830909e-03
   3.3867288e-03
  -4.7173409e-03
   4.6298856e-04
  -8.7665786e-03
   6.7105114e-03
  -1.9056805e-03
  -4.2580697e-03
   3.0938268e-02
   1.6906299e-02
   1.8877032e-02
   2.1115568e-02
   1.3976767e-02
   2.3939668e-02
   1.5243784e-02
   1.8556619e-02
   1.9420946e-02
   2.2929842e-02
   1.6175116e-02
   1.8849364e-02
   2.0595788e-02
   2.4909726e-02
   2.7903765e-02
   1.5944735e-02
   4.3138870e-02
   5.9629667e-03
   1.7946795e-02
   1.6950465e-02
   7.0495058e-02
   5.8240779e-02
   6.3925898e-02
   5.2072841e-02
   7.1845045e-02
   4.8807927e-02
   6.8785562e-02
   6.1596401e-02
   6.0114894e-02
   5.3857618e-02
   6.1252485e-02
   6.2219145e-02
   5.7188142e-02
   4.7324722e-02
   5.2174864e-02
   6.0203155e-02
   2.3994051e-02
   7.0333804e-02
   8.6369357e-02
   3.9915706e-02
   1.5011337e-02
   1.2138851e-01
   1.0812168e-01
   1.2760800e-01
   9.7033505e-02
   1.3479035e-01
   9.7217937e-02
   1.0269032e-01
   1.1794186e-01
   1.2282782e-01
   1.1565364e-01
   1.0961068e-01
   1.2469738e-01
   1.2502918e-01
   1.2405171e-01
   1.2236843e-01
   1.6295120e-01
   1.1420721e-01
   4.2223569e-02
   8.2800711e-03
   1.7409452e-03
   1.7952209e-01
   1.8119363e-01
   1.7455419e-01
   2.1188831e-01
   1.5034099e-01
   2.0996027e-01
   1.9262855e-01
   2.0175668e-01
   1.6312828e-01
   1.8254885e-01
   2.0399658e-01
   1.5883963e-01
   1.6433817e-01
   1.6409389e-01
   1.4658424e-01
   2.0830547e-01
   4.4301822e-02
   4.4461886e-04
   0.0000000e+00
   3.5449788e-03
   2.4975407e-01
   3.0781291e-01
   1.2880331e-01
   2.1176091e-01
   1.5414947e-01
   2.6756974e-01
   6.0412430e-02
   1.4567211e-02
   3.1330585e-03
   9.3792450e-03
   1.2413107e-02
   3.5976151e-02
   3.1921868e-01
   2.5901499e-01
   1.6672287e-02
   1.4875131e-02
   3.2819885e-03
   0.0000000e+00
   0.0000000e+00
   4.3827211e-04
   3.0843382e-02
   3.9137614e-02
   7.3890157e-03
   1.0878996e-02
   3.4900254e-01
   4.3145200e-01
   2.7823312e-02
   0.0000000e+00
   0.0000000e+00
   0.0000000e+00
   3.1240478e-08
   2.8715543e-03
   5.3383717e-02
   5.2080937e-02
   2.2938573e-03
   0.0000000e+00
   0.0000000e+00
   0.0000000e+00
   0.0000000e+00
   0.0000000e+00
   0.0000000e+00
   0.0000000e+00
   0.0000000e+00
   3.7085005e-03
   1.2416147e-01
   1.5058552e-01
   9.0550642e-03
   0.0000000e+00
   0.0000000e+00
   0.0000000e+00
   0.0000000e+00
   0.0000000e+00
   0.0000000e+00
   0.0000000e+00
   0.0000000e+00
   0.0000000e+00
   0.0000000e+00
   0.0000000e+00
   0.0000000e+00
   0.0000000e+00
   0.0000000e+00
   0.0000000e+00
   0.0000000e+00
   4.9230352e-06
   1.6482438e-04
   1.9990232e-04
   1.2020600e-05
   0.0000000e+00
   0.0000000e+00
   0.0000000e+00
   0.0000000e+00
   0.0000000e+00
   0.0000000e+00
   0.0000000e+00
   0.0000000e+00
   0.0000000e+00
   0.0000000e+00
   0.0000000e+00
   0.0000000e+00
   0.0000000e+00
   0.0000000e+00
   0.0000000e+00
   0.0000000e+00
   0.0000000e+00
   0.0000000e+00
   0.0000000e+00
   0.0000000e+00
   0.0000000e+00
   0.0000000e+00
   0.0000000e+00
   0.0000000e+00
   0.0000000e+00
   0.0000000e+00
   0.0000000e+00
   0.0000000e+00
   0.0000000e+00
   0.0000000e+00
   0.0000000e+00
   0.0000000e+00
   0.0000000e+00
   0.0000000e+00
   0.0000000e+00
   0.0000000e+00
   0.0000000e+00
   0.0000000e+00
   0.0000000e+00
   0.0000000e+00
   0.0000000e+00
   0.0000000e+00
   0.0000000e+00
   0.0000000e+00
   0.0000000e+00
   0.0000000e+00
   0.0000000e+00
   0.0000000e+00
   0.0000000e+00
   0.0000000e+00
   0.0000000e+00
   0.0000000e+00
   0.0000000e+00
   0.0000000e+00
   0.0000000e+00
   0.0000000e+00
   0.0000000e+00
   0.0000000e+00
   0.0000000e+00
   0.0000000e+00
   0.0000000e+00
   0.0000000e+00
   0.0000000e+00
   0.0000000e+00
   0.0000000e+00
   0.0000000e+00
   0.0000000e+00
   0.0000000e+00
   0.0000000e+00
   0.0000000e+00
   0.0000000e+00
   0.0000000e+00
   0.0000000e+00
   0.0000000e+00
   0.0000000e+00
   0.0000000e+00
   0.0000000e+00
   0.0000000e+00
   0.0000000e+00
   0.0000000e+00
   0.0000000e+00
   0.0000000e+00
   0.0000000e+00
   0.0000000e+00
   0.0000000e+00
   0.0000000e+00
   0.0000000e+00
   0.0000000e+00
   0.0000000e+00
   0.0000000e+00
   0.0000000e+00
   0.0000000e+00
   0.0000000e+00
   0.0000000e+00
   0.0000000e+00
   0.0000000e+00
   0.0000000e+00
   0.0000000e+00
   0.0000000e+00
   0.0000000e+00
   0.0000000e+00
   0.0000000e+00
   0.0000000e+00
   0.0000000e+00
   0.0000000e+00
   0.0000000e+00
   0.0000000e+00
   0.0000000e+00
   0.0000000e+00
   0.0000000e+00
   0.0000000e+00
   0.0000000e+00
   0.0000000e+00
   0.0000000e+00
   0.0000000e+00
   0.0000000e+00
   0.0000000e+00
   0.0000000e+00
   0.0000000e+00
   0.0000000e+00
   0.0000000e+00
   0.0000000e+00
   0.0000000e+00
   0.0000000e+00
   0.0000000e+00
   0.0000000e+00
   0.0000000e+00
   0.0000000e+00
   0.0000000e+00
   0.0000000e+00
   0.0000000e+00
   0.0000000e+00
   0.0000000e+00
   0.0000000e+00
   0.0000000e+00
   0.0000000e+00
   0.0000000e+00
   0.0000000e+00
   0.0000000e+00
   0.0000000e+00
   0.0000000e+00
   0.0000000e+00
   0.0000000e+00
   0.0000000e+00
   0.0000000e+00
   0.0000000e+00
   0.0000000e+00
   0.0000000e+00
   0.0000000e+00
   0.0000000e+00
   0.0000000e+00
   0.0000000e+00
   0.0000000e+00
   0.0000000e+00
   0.0000000e+00
   0.0000000e+00
   0.0000000e+00
   0.0000000e+00
   0.0000000e+00
   0.0000000e+00
   0.0000000e+00
   0.0000000e+00
   0.0000000e+00
   0.0000000e+00
   0.0000000e+00
   0.0000000e+00
   0.0000000e+00
   0.0000000e+00
   0.0000000e+00
   0.0000000e+00
   0.0000000e+00
   0.0000000e+00
   0.0000000e+00
   0.0000000e+00
   0.0000000e+00
   0.0000000e+00
   0.0000000e+00
   0.0000000e+00
   0.0000000e+00
   0.0000000e+00
   0.0000000e+00
   0.0000000e+00
   0.0000000e+00
   0.0000000e+00
   0.0000000e+00
   0.0000000e+00
   0.0000000e+00
   0.0000000e+00
   0.0000000e+00
   0.0000000e+00
   0.0000000e+00
   0.0000000e+00
   0.0000000e+00
   0.0000000e+00
   0.0000000e+00
   0.0000000e+00
   0.0000000e+00
   0.0000000e+00
   0.0000000e+00
   0.0000000e+00
   0.0000000e+00
   0.0000000e+00
   0.0000000e+00
   0.0000000e+00
   0.0000000e+00
   0.0000000e+00
   0.0000000e+00
   0.0000000e+00
   0.0000000e+00
   0.0000000e+00
   0.0000000e+00
   0.0000000e+00
   0.0000000e+00
   0.0000000e+00
   0.0000000e+00
   0.0000000e+00
   0.0000000e+00
   0.0000000e+00
   0.0000000e+00
   0.0000000e+00
   0.0000000e+00
   0.0000000e+00
   0.0000000e+00
   0.0000000e+00
   0.0000000e+00
   0.0000000e+00
   0.0000000e+00
   0.0000000e+00
   0.0000000e+00
   0.0000000e+00
   0.0000000e+00
   0.0000000e+00
