  -7.5948792e-03
   3.3497871e-03
  -7.5265559e-04
   7.1349507e-04
   2.5140137e-03
  -2.7152936e-03
   2.2434019e-03
   1.0065866e-04
   3.5013616e-03
   1.5531366e-04
  -5.0023873e-03
   6.2684373e-03
  -1.7516298e-03
   6.0003128e-03
  -1.6250244e-03
   2.8302735e-03
   8.5358816e-04
  -3.8221343e-03
  -9.4221824e-06
   0.0000000e+00
   2.7604509e-02
   1.5681299e-02
   2.0127269e-02
   1.8780981e-02
   1.6529993e-02
   2.2831176e-02
   1.7646839e-02
   1.5022118e-02
   1.5200142e-02
   1.9126311e-02
   2.3209945e-02
   1.3102440e-02
   1.7477049e-02
   1.9501923e-02
   1.7217402e-02
   1.4318394e-02
   2.1806769e-02
   1.7909228e-02
   1.4960606e-02
   8.5284661e-05
   4.8189271e-02
   6.7918364e-02
   5.5538690e-02
   6.1774652e-02
   6.3950944e-02
   5.3616383e-02
   6.2472508e-02
   6.9848214e-02
   6.6641139e-02
   5.9368233e-02
   5.5138637e-02
   6.7556444e-02
   6.5663438e-02
   5.7501983e-02
   5.9805743e-02
   7.3100222e-02
   5.0194946e-02
   6.7914255e-02
   3.9283563e-02
   2.1200046e-04
   1.2395625e-01
   1.1555159e-01
   1.2489247e-01
   1.0596815e-01
   1.1088401e-01
   1.2491284e-01
   1.1389266e-01
   1.0699947e-01
   1.1050691e-01
   1.1384635e-01
   1.2437987e-01
   1.0228355e-01
   1.1275646e-01
   1.1539553e-01
   1.2105128e-01
   9.3916107e-02
   1.2091842e-01
   1.9375467e-01
   3.9982567e-02
   6.3541628e-05
   2.2177637e-01
   1.1885099e-01
   1.1477945e-01
   2.9863843e-01
   1.4547193e-01
   1.8040828e-01
   1.7858478e-01
   2.0372612e-01
   1.9580165e-01
   1.8919342e-01
   1.7311177e-01
   2.2045552e-01
   1.8704142e-01
   1.8405058e-01
   1.6613053e-01
   2.3175159e-01
   1.6026833e-01
   1.3227407e-01
   2.1343093e-02
   3.8259590e-10
   1.1838220e-02
   6.3229422e-03
   3.5336777e-02
   9.7666086e-02
   4.1477321e-02
   2.4051636e-01
   2.4113440e-01
   6.5860635e-02
   2.2013303e-02
   1.2168740e-02
   1.6699992e-02
   4.3505426e-02
   5.5340981e-02
   2.7415565e-01
   2.3550947e-01
   6.9326053e-02
   1.9557715e-02
   3.2945459e-03
   5.0261577e-04
   0.0000000e+00
   0.0000000e+00
   2.1315318e-07
   4.9729714e-05
   1.2281464e-04
   1.8252953e-04
   4.0881314e-03
   4.2711560e-03
   2.0035774e-04
   0.0000000e+00
   0.0000000e+00
   0.0000000e+00
   0.0000000e+00
   8.3659445e-04
   1.3169200e-02
   1.0481445e-02
   2.9024727e-04
   0.0000000e+00
   0.0000000e+00
   0.0000000e+00
   0.0000000e+00
   0.0000000e+00
   0.0000000e+00
   0.0000000e+00
   0.0000000e+00
   0.0000000e+00
   0.0000000e+00
   0.0000000e+00
   0.0000000e+00
   0.0000000e+00
   0.0000000e+00
   0.0000000e+00
   0.0000000e+00
   0.0000000e+00
   0.0000000e+00
   0.0000000e+00
   0.0000000e+00
   0.0000000e+00
   0.0000000e+00
   0.0000000e+00
   0.0000000e+00
   0.0000000e+00
   0.0000000e+00
   0.0000000e+00
   0.0000000e+00
   0.0000000e+00
   0.0000000e+00
   0.0000000e+00
   0.0000000e+00
   0.0000000e+00
   0.0000000e+00
   0.0000000e+00
   0.0000000e+00
   0.0000000e+00
   0.0000000e+00
   0.0000000e+00
   0.0000000e+00
   0.0000000e+00
   0.0000000e+00
   0.0000000e+00
   0.0000000e+00
   0.0000000e+00
   0.0000000e+00
   0.0000000e+00
   0.0000000e+00
   0.0000000e+00
   0.0000000e+00
   0.0000000e+00
   0.0000000e+00
   0.0000000e+00
   0.0000000e+00
   0.0000000e+00
   0.0000000e+00
   0.0000000e+00
   0.0000000e+00
   0.0000000e+00
   0.0000000e+00
   0.0000000e+00
   0.0000000e+00
   0.0000000e+00
   0.0000000e+00
   0.0000000e+00
   0.0000000e+00
   0.0000000e+00
   0.0000000e+00
   0.0000000e+00
   0.0000000e+00
   0.0000000e+00
   0.0000000e+00
   0.0000000e+00
   0.0000000e+00
   0.0000000e+00
   0.0000000e+00
   0.0000000e+00
   0.0000000e+00
   0.0000000e+00
   0.0000000e+00
   0.0000000e+00
   0.0000000e+00
   0.0000000e+00
   0.0000000e+00
   0.0000000e+00
   0.0000000e+00
   0.0000000e+00
   0.0000000e+00
   0.0000000e+00
   0.0000000e+00
   0.0000000e+00
   0.0000000e+00
   0.0000000e+00
   0.0000000e+00
   0.0000000e+00
   0.0000000e+00
   0.0000000e+00
   0.0000000e+00
   0.0000000e+00
   0.0000000e+00
   0.0000000e+00
   0.0000000e+00
   0.0000000e+00
   0.0000000e+00
   0.0000000e+00
   0.0000000e+00
   0.0000000e+00
   0.0000000e+00
   0.0000000e+00
   0.0000000e+00
   0.0000000e+00
   0.0000000e+00
   0.0000000e+00
   0.0000000e+00
   0.0000000e+00
   0.0000000e+00
   0.0000000e+00
   0.0000000e+00
   0.0000000e+00
   0.0000000e+00
   0.0000000e+00
   0.0000000e+00
   0.0000000e+00
   0.0000000e+00
   0.0000000e+00
   0.0000000e+00
   0.0000000e+00
   0.0000000e+00
   0.0000000e+00
   0.0000000e+00
   0.0000000e+00
   0.0000000e+00
   0.0000000e+00
   0.0000000e+00
   0.0000000e+00
   0.0000000e+00
   0.0000000e+00
   0.0000000e+00
   0.0000000e+00
   0.0000000e+00
   0.0000000e+00
   0.0000000e+00
   0.0000000e+00
   0.0000000e+00
   0.0000000e+00
   0.0000000e+00
   0.0000000e+00
   0.0000000e+00
   0.0000000e+00
   0.0000000e+00
   0.0000000e+00
   0.0000000e+00
   0.0000000e+00
   0.0000000e+00
   0.0000000e+00
   0.0000000e+00
   0.0000000e+00
   0.0000000e+00
   0.0000000e+00
   0.0000000e+00
   0.0000000e+00
   0.0000000e+00
   0.0000000e+00
   0.0000000e+00
   0.0000000e+00
   0.0000000e+00
   0.0000000e+00
   0.0000000e+00
   0.0000000e+00
   0.0000000e+00
   0.0000000e+00
   0.0000000e+00
   0.0000000e+00
   0.0000000e+00
   0.0000000e+00
   0.0000000e+00
   0.0000000e+00
   0.0000000e+00
   0.0000000e+00
   0.0000000e+00
   0.0000000e+00
   0.0000000e+00
   0.0000000e+00
   0.0000000e+00
   0.0000000e+00
   0.0000000e+00
   0.0000000e+00
   0.0000000e+00
   0.0000000e+00
   0.0000000e+00
   0.0000000e+00
   0.0000000e+00
   0.0000000e+00
   0.0000000e+00
   0.0000000e+00
   0.0000000e+00
   0.0000000e+00
   0.0000000e+00
   0.0000000e+00
   0.0000000e+00
   0.0000000e+00
   0.0000000e+00
   0.0000000e+00
   0.0000000e+00
   0.0000000e+00
   0.0000000e+00
   0.0000000e+00
   0.0000000e+00
   0.0000000e+00
   0.0000000e+00
   0.0000000e+00
   0.0000000e+00
   0.0000000e+00
   0.0000000e+00
   0.0000000e+00
   0.0000000e+00
   0.0000000e+00
   0.0000000e+00
   0.0000000e+00
   0.0000000e+00
   0.0000000e+00
   0.0000000e+00
   0.0000000e+00
   0.0000000e+00
   0.0000000e+00
   0.0000000e+00
   0.0000000e+00
   0.0000000e+00
   0.0000000e+00
   0.0000000e+00
   0.0000000e+00
   0.0000000e+00
   0.0000000e+00
   0.0000000e+00
   0.0000000e+00
   0.0000000e+00
   0.0000000e+00
   0.0000000e+00
   0.0000000e+00
   0.0000000e+00
   0.0000000e+00
   0.0000000e+00
   0.0000000e+00
   0.0000000e+00
   0.0000000e+00
   0.0000000e+00
   0.0000000e+00
   0.0000000e+00
   0.0000000e+00
   0.0000000e+00
   0.0000000e+00
   0.0000000e+00
   0.0000000e+00
   0.0000000e+00
   0.0000000e+00
   0.0000000e+00
   0.0000000e+00
   0.0000000e+00
   0.0000000e+00
   0.0000000e+00
   0.0000000e+00
   0.0000000e+00
   0.0000000e+00
   0.0000000e+00
