   7.8813724e-03
  -8.8058051e-04
  -7.5000225e-03
   1.2581564e-03
  -1.0941727e-03
   6.1665817e-04
  -3.7675391e-04
  -1.5506982e-03
   2.2466567e-03
  -1.2614635e-03
   1.1278005e-03
   2.4623908e-04
  -1.8242514e-03
   3.6002068e-04
   7.3665069e-03
  -2.2813303e-04
   3.4770471e-03
  -1.0559156e-03
   7.3046503e-05
   1.3146791e-05
   1.7506428e-02
   1.9188997e-02
   3.2070449e-02
   1.6633574e-02
   2.2570291e-02
   1.7725015e-02
   2.0732237e-02
   2.0613510e-02
   1.6517174e-02
   2.0238916e-02
   1.9498539e-02
   3.0715741e-02
   2.5166980e-02
   3.9756898e-03
   1.6360200e-02
   1.8263896e-02
   1.9862142e-02
   1.4754784e-02
   2.4959179e-02
   8.8864486e-05
   6.3192626e-02
   4.5587081e-02
   4.7495878e-02
   6.2538254e-02
   5.3314039e-02
   6.2459202e-02
   5.6688022e-02
   5.7570107e-02
   6.5447636e-02
   5.8597424e-02
   5.6358689e-02
   4.6269381e-02
   5.9064755e-02
   6.5707641e-02
   6.8532549e-02
   5.5438016e-02
   6.1615038e-02
   6.0470761e-02
   7.9082272e-02
   2.2620310e-04
   1.2227180e-01
   1.5331884e-01
   1.1957948e-01
   1.1287165e-01
   1.2865953e-01
   1.1103885e-01
   1.2121691e-01
   1.1929773e-01
   1.0894205e-01
   1.1628165e-01
   1.2844262e-01
   1.3030439e-01
   1.1421552e-01
   1.1438829e-01
   1.0074111e-01
   1.2803094e-01
   1.0606686e-01
   1.2748319e-01
   3.4076044e-02
   7.3115730e-05
   1.3797178e-02
   4.9802514e-02
   1.8314289e-01
   1.8928701e-01
   1.3248014e-01
   2.0336567e-01
   1.6230387e-01
   1.7386597e-01
   1.9979846e-01
   2.0398087e-01
   3.1071326e-02
   1.5430374e-01
   1.8097312e-01
   2.0181114e-01
   2.0246891e-01
   1.5725764e-01
   1.9227943e-01
   2.0795199e-01
   5.0402155e-03
   7.1939628e-09
   0.0000000e+00
   2.6319398e-04
   4.3587568e-03
   4.7499678e-03
   7.0593128e-02
   2.7738903e-01
   1.9042686e-01
   3.1416337e-01
   9.2646134e-02
   2.8096754e-02
   1.0139404e-01
   3.7653666e-01
   1.6425608e-01
   1.3066998e-01
   1.9687684e-01
   2.5351859e-01
   2.5374623e-01
   1.3396955e-01
   2.3129493e-03
   0.0000000e+00
   0.0000000e+00
   0.0000000e+00
   0.0000000e+00
   8.7725771e-06
   3.9294556e-02
   4.0978779e-01
   3.4092453e-01
   5.2724419e-02
   1.1504267e-02
   1.3681819e-05
   7.6390742e-02
   2.6010885e-01
   3.2233354e-01
   3.7923487e-01
   3.5711987e-01
   3.8629271e-01
   2.4416213e-02
   2.3297803e-03
   4.0003090e-05
   0.0000000e+00
   0.0000000e+00
   0.0000000e+00
   0.0000000e+00
   1.6902517e-08
   4.0219325e-03
   8.2907771e-02
   7.8224815e-02
   3.0625406e-03
   0.0000000e+00
   4.7928080e-07
   1.9257403e-03
   1.1552314e-02
   2.4896813e-01
   3.5828810e-01
   2.5881367e-01
   2.5118397e-01
   1.2497249e-02
   0.0000000e+00
   0.0000000e+00
   0.0000000e+00
   0.0000000e+00
   0.0000000e+00
   0.0000000e+00
   0.0000000e+00
   0.0000000e+00
   0.0000000e+00
   0.0000000e+00
   0.0000000e+00
   0.0000000e+00
   0.0000000e+00
   0.0000000e+00
   2.0353881e-04
   9.6058355e-03
   1.3698394e-02
   4.7689269e-03
   4.0448836e-03
   2.0118411e-04
   0.0000000e+00
   0.0000000e+00
   0.0000000e+00
   0.0000000e+00
   0.0000000e+00
   0.0000000e+00
   0.0000000e+00
   0.0000000e+00
   0.0000000e+00
   0.0000000e+00
   0.0000000e+00
   0.0000000e+00
   0.0000000e+00
   0.0000000e+00
   0.0000000e+00
   0.0000000e+00
   0.0000000e+00
   0.0000000e+00
   0.0000000e+00
   0.0000000e+00
   0.0000000e+00
   0.0000000e+00
   0.0000000e+00
   0.0000000e+00
   0.0000000e+00
   0.0000000e+00
   0.0000000e+00
   0.0000000e+00
   0.0000000e+00
   0.0000000e+00
   0.0000000e+00
   0.0000000e+00
   0.0000000e+00
   0.0000000e+00
   0.0000000e+00
   0.0000000e+00
   0.0000000e+00
   0.0000000e+00
   0.0000000e+00
   0.0000000e+00
   0.0000000e+00
   0.0000000e+00
   0.0000000e+00
   0.0000000e+00
   0.0000000e+00
   0.0000000e+00
   0.0000000e+00
   0.0000000e+00
   0.0000000e+00
   0.0000000e+00
   0.0000000e+00
   0.0000000e+00
   0.0000000e+00
   0.0000000e+00
   0.0000000e+00
   0.0000000e+00
   0.0000000e+00
   0.0000000e+00
   0.0000000e+00
   0.0000000e+00
   0.0000000e+00
   0.0000000e+00
   0.0000000e+00
   0.0000000e+00
   0.0000000e+00
   0.0000000e+00
   0.0000000e+00
   0.0000000e+00
   0.0000000e+00
   0.0000000e+00
   0.0000000e+00
   0.0000000e+00
   0.0000000e+00
   0.0000000e+00
   0.0000000e+00
   0.0000000e+00
   0.0000000e+00
   0.0000000e+00
   0.0000000e+00
   0.0000000e+00
   0.0000000e+00
   0.0000000e+00
   0.0000000e+00
   0.0000000e+00
   0.0000000e+00
   0.0000000e+00
   0.0000000e+00
   0.0000000e+00
   0.0000000e+00
   0.0000000e+00
   0.0000000e+00
   0.0000000e+00
   0.0000000e+00
   0.0000000e+00
   0.0000000e+00
   0.0000000e+00
   0.0000000e+00
   0.0000000e+00
   0.0000000e+00
   0.0000000e+00
   0.0000000e+00
   0.0000000e+00
   0.0000000e+00
   0.0000000e+00
   0.0000000e+00
   0.0000000e+00
   0.0000000e+00
   0.0000000e+00
   0.0000000e+00
   0.0000000e+00
   0.0000000e+00
   0.0000000e+00
   0.0000000e+00
   0.0000000e+00
   0.0000000e+00
   0.0000000e+00
   0.0000000e+00
   0.0000000e+00
   0.0000000e+00
   0.0000000e+00
   0.0000000e+00
   0.0000000e+00
   0.0000000e+00
   0.0000000e+00
   0.0000000e+00
   0.0000000e+00
   0.0000000e+00
   0.0000000e+00
   0.0000000e+00
   0.0000000e+00
   0.0000000e+00
   0.0000000e+00
   0.0000000e+00
   0.0000000e+00
   0.0000000e+00
   0.0000000e+00
   0.0000000e+00
   0.0000000e+00
   0.0000000e+00
   0.0000000e+00
   0.0000000e+00
   0.0000000e+00
   0.0000000e+00
   0.0000000e+00
   0.0000000e+00
   0.0000000e+00
   0.0000000e+00
   0.0000000e+00
   0.0000000e+00
   0.0000000e+00
   0.0000000e+00
   0.0000000e+00
   0.0000000e+00
   0.0000000e+00
   0.0000000e+00
   0.0000000e+00
   0.0000000e+00
   0.0000000e+00
   0.0000000e+00
   0.0000000e+00
   0.0000000e+00
   0.0000000e+00
   0.0000000e+00
   0.0000000e+00
   0.0000000e+00
   0.0000000e+00
   0.0000000e+00
   0.0000000e+00
   0.0000000e+00
   0.0000000e+00
   0.0000000e+00
   0.0000000e+00
   0.0000000e+00
   0.0000000e+00
   0.0000000e+00
   0.0000000e+00
   0.0000000e+00
   0.0000000e+00
   0.0000000e+00
   0.0000000e+00
   0.0000000e+00
   0.0000000e+00
   0.0000000e+00
   0.0000000e+00
   0.0000000e+00
   0.0000000e+00
   0.0000000e+00
   0.0000000e+00
   0.0000000e+00
   0.0000000e+00
   0.0000000e+00
   0.0000000e+00
   0.0000000e+00
   0.0000000e+00
   0.0000000e+00
   0.0000000e+00
   0.0000000e+00
   0.0000000e+00
   0.0000000e+00
   0.0000000e+00
   0.0000000e+00
   0.0000000e+00
   0.0000000e+00
   0.0000000e+00
   0.0000000e+00
   0.0000000e+00
   0.0000000e+00
   0.0000000e+00
   0.0000000e+00
   0.0000000e+00
   0.0000000e+00
   0.0000000e+00
   0.0000000e+00
   0.0000000e+00
   0.0000000e+00
   0.0000000e+00
   0.0000000e+00
   0.0000000e+00
   0.0000000e+00
   0.0000000e+00
   0.0000000e+00
   0.0000000e+00
   0.0000000e+00
