   1.8232526e-03
   1.7467671e-02
   4.7335825e-03
   2.5573546e-04
  -6.9209310e-04
   1.8823062e-04
   8.6928852e-04
  -1.7334529e-04
   2.2627661e-03
   8.7719326e-04
   7.6704881e-05
  -8.2601518e-04
  -1.1395656e-03
   1.3662855e-03
  -1.3044583e-03
   2.0965896e-03
  -2.3358566e-03
   1.8145318e-03
  -1.8234981e-03
  -1.1332193e-03
   1.4359050e-02
   1.2523749e-02
   1.2905882e-02
   1.7830038e-02
   2.1334387e-02
   2.0045924e-02
   1.6427816e-02
   1.8625634e-02
   1.5160448e-02
   1.9125385e-02
   1.9078838e-02
   2.0316070e-02
   2.1193504e-02
   1.9579241e-02
   2.1044913e-02
   1.7932200e-02
   2.1775817e-02
   2.1623895e-02
   1.5769625e-02
   3.1558626e-02
   7.2437472e-02
   5.9144060e-02
   7.5590703e-02
   6.2676044e-02
   5.4597421e-02
   5.7859315e-02
   6.5503466e-02
   6.3851640e-02
   6.6305498e-02
   5.8755450e-02
   6.0854273e-02
   5.7475829e-02
   5.6220780e-02
   5.8501910e-02
   5.6395795e-02
   5.9604393e-02
   5.8317594e-02
   4.5124271e-02
   7.8598787e-02
   3.0623726e-02
   8.3390436e-02
   1.1916414e-01
   9.7894059e-02
   1.1021578e-01
   1.2284032e-01
   1.2200581e-01
   1.0305527e-01
   1.0584735e-01
   9.7995049e-02
   1.2319764e-01
   1.0921116e-01
   1.2049447e-01
   1.2194952e-01
   1.1884133e-01
   1.2031110e-01
   1.1851999e-01
   1.1621685e-01
   1.4224617e-01
   9.1371258e-02
   4.8974681e-03
   8.8675085e-02
   2.4266526e-01
   1.9054260e-01
   2.0696771e-01
   1.5643794e-01
   1.7650483e-01
   1.9157114e-01
   2.5084741e-01
   2.1310895e-01
   1.7212556e-01
   1.8739509e-01
   1.7675052e-01
   1.5015833e-01
   1.8011410e-01
   1.6750802e-01
   1.6884078e-01
   1.9008849e-01
   3.2256226e-02
   4.3182652e-03
   1.2622545e-05
   1.1386955e-02
   1.7573358e-01
   3.1832172e-01
   1.3177477e-01
   2.9502783e-01
   2.4972336e-01
   8.6774772e-02
   7.7938480e-02
   4.1605957e-02
   1.0083213e-01
   2.2363271e-01
   2.0549081e-01
   3.0954277e-01
   2.3299596e-01
   2.4921180e-01
   3.0798557e-01
   2.5591669e-01
   2.2839605e-02
   0.0000000e+00
   0.0000000e+00
   3.5042304e-06
   1.7937512e-02
   3.6724369e-02
   2.6570012e-02
   2.9077509e-01
   2.4366357e-01
   7.5303564e-03
   1.7580613e-06
   1.4809238e-02
   3.5881768e-01
   4.3176123e-01
   3.2828432e-01
   2.9171893e-01
   9.0128495e-02
   2.4464870e-02
   5.0601260e-02
   2.4607662e-02
   1.0279485e-03
   0.0000000e+00
   0.0000000e+00
   0.0000000e+00
   0.0000000e+00
   0.0000000e+00
   4.0258457e-04
   6.8693802e-03
   5.7568838e-03
   1.7790582e-04
   0.0000000e+00
   5.0458531e-03
   1.2156654e-01
   1.2876982e-01
   3.6735923e-02
   1.6419626e-02
   1.2489487e-03
   9.4040634e-06
   0.0000000e+00
   0.0000000e+00
   0.0000000e+00
   0.0000000e+00
   0.0000000e+00
   0.0000000e+00
   0.0000000e+00
   0.0000000e+00
   0.0000000e+00
   0.0000000e+00
   0.0000000e+00
   0.0000000e+00
   0.0000000e+00
   4.2568883e-06
   1.0255851e-04
   1.0521040e-04
   4.7873751e-06
   0.0000000e+00
   0.0000000e+00
   0.0000000e+00
   0.0000000e+00
   0.0000000e+00
   0.0000000e+00
   0.0000000e+00
   0.0000000e+00
   0.0000000e+00
   0.0000000e+00
   0.0000000e+00
   0.0000000e+00
   0.0000000e+00
   0.0000000e+00
   0.0000000e+00
   0.0000000e+00
   0.0000000e+00
   0.0000000e+00
   0.0000000e+00
   0.0000000e+00
   0.0000000e+00
   0.0000000e+00
   0.0000000e+00
   0.0000000e+00
   0.0000000e+00
   0.0000000e+00
   0.0000000e+00
   0.0000000e+00
   0.0000000e+00
   0.0000000e+00
   0.0000000e+00
   0.0000000e+00
   0.0000000e+00
   0.0000000e+00
   0.0000000e+00
   0.0000000e+00
   0.0000000e+00
   0.0000000e+00
   0.0000000e+00
   0.0000000e+00
   0.0000000e+00
   0.0000000e+00
   0.0000000e+00
   0.0000000e+00
   0.0000000e+00
   0.0000000e+00
   0.0000000e+00
   0.0000000e+00
   0.0000000e+00
   0.0000000e+00
   0.0000000e+00
   0.0000000e+00
   0.0000000e+00
   0.0000000e+00
   0.0000000e+00
   0.0000000e+00
   0.0000000e+00
   0.0000000e+00
   0.0000000e+00
   0.0000000e+00
   0.0000000e+00
   0.0000000e+00
   0.0000000e+00
   0.0000000e+00
   0.0000000e+00
   0.0000000e+00
   0.0000000e+00
   0.0000000e+00
   0.0000000e+00
   0.0000000e+00
   0.0000000e+00
   0.0000000e+00
   0.0000000e+00
   0.0000000e+00
   0.0000000e+00
   0.0000000e+00
   0.0000000e+00
   0.0000000e+00
   0.0000000e+00
   0.0000000e+00
   0.0000000e+00
   0.0000000e+00
   0.0000000e+00
   0.0000000e+00
   0.0000000e+00
   0.0000000e+00
   0.0000000e+00
   0.0000000e+00
   0.0000000e+00
   0.0000000e+00
   0.0000000e+00
   0.0000000e+00
   0.0000000e+00
   0.0000000e+00
   0.0000000e+00
   0.0000000e+00
   0.0000000e+00
   0.0000000e+00
   0.0000000e+00
   0.0000000e+00
   0.0000000e+00
   0.0000000e+00
   0.0000000e+00
   0.0000000e+00
   0.0000000e+00
   0.0000000e+00
   0.0000000e+00
   0.0000000e+00
   0.0000000e+00
   0.0000000e+00
   0.0000000e+00
   0.0000000e+00
   0.0000000e+00
   0.0000000e+00
   0.0000000e+00
   0.0000000e+00
   0.0000000e+00
   0.0000000e+00
   0.0000000e+00
   0.0000000e+00
   0.0000000e+00
   0.0000000e+00
   0.0000000e+00
   0.0000000e+00
   0.0000000e+00
   0.0000000e+00
   0.0000000e+00
   0.0000000e+00
   0.0000000e+00
   0.0000000e+00
   0.0000000e+00
   0.0000000e+00
   0.0000000e+00
   0.0000000e+00
   0.0000000e+00
   0.0000000e+00
   0.0000000e+00
   0.0000000e+00
   0.0000000e+00
   0.0000000e+00
   0.0000000e+00
   0.0000000e+00
   0.0000000e+00
   0.0000000e+00
   0.0000000e+00
   0.0000000e+00
   0.0000000e+00
   0.0000000e+00
   0.0000000e+00
   0.0000000e+00
   0.0000000e+00
   0.0000000e+00
   0.0000000e+00
   0.0000000e+00
   0.0000000e+00
   0.0000000e+00
   0.0000000e+00
   0.0000000e+00
   0.0000000e+00
   0.0000000e+00
   0.0000000e+00
   0.0000000e+00
   0.0000000e+00
   0.0000000e+00
   0.0000000e+00
   0.0000000e+00
   0.0000000e+00
   0.0000000e+00
   0.0000000e+00
   0.0000000e+00
   0.0000000e+00
   0.0000000e+00
   0.0000000e+00
   0.0000000e+00
   0.0000000e+00
   0.0000000e+00
   0.0000000e+00
   0.0000000e+00
   0.0000000e+00
   0.0000000e+00
   0.0000000e+00
   0.0000000e+00
   0.0000000e+00
   0.0000000e+00
   0.0000000e+00
   0.0000000e+00
   0.0000000e+00
   0.0000000e+00
   0.0000000e+00
   0.0000000e+00
   0.0000000e+00
   0.0000000e+00
   0.0000000e+00
   0.0000000e+00
   0.0000000e+00
   0.0000000e+00
   0.0000000e+00
   0.0000000e+00
   0.0000000e+00
   0.0000000e+00
   0.0000000e+00
   0.0000000e+00
   0.0000000e+00
   0.0000000e+00
   0.0000000e+00
   0.0000000e+00
   0.0000000e+00
   0.0000000e+00
   0.0000000e+00
   0.0000000e+00
   0.0000000e+00
   0.0000000e+00
   0.0000000e+00
   0.0000000e+00
   0.0000000e+00
   0.0000000e+00
   0.0000000e+00
   0.0000000e+00
   0.0000000e+00
   0.0000000e+00
   0.0000000e+00
   0.0000000e+00
   0.0000000e+00
   0.0000000e+00
   0.0000000e+00
   0.0000000e+00
   0.0000000e+00
   0.0000000e+00
