  -4.8708762e-03
   2.0784916e-03
  -2.1776641e-03
   8.7189503e-04
  -2.3261428e-04
   4.9777107e-04
   3.7365663e-05
  -1.4402057e-03
   6.4144174e-04
  -9.0689894e-03
   9.6637247e-04
  -3.9742889e-04
   1.8987346e-03
  -1.7170500e-03
   3.0376515e-03
  -1.5674724e-03
  -4.8013486e-04
   9.6147899e-04
  -5.5130101e-04
  -2.3892091e-03
   2.7310870e-02
   1.8674407e-02
   2.8150425e-02
   1.7812193e-02
   1.9137956e-02
   2.0038777e-02
   1.8114157e-02
   2.5819333e-02
   1.7268459e-02
   2.6685252e-02
   1.9732727e-02
   2.1316723e-02
   1.8686012e-02
   2.0480461e-02
   1.4429638e-02
   2.3069466e-02
   1.9101851e-02
   1.8817379e-02
   1.7936592e-02
   3.0416072e-02
   4.6997650e-02
   5.8307297e-02
   4.2135627e-02
   6.2292384e-02
   5.9342505e-02
   5.8456035e-02
   5.9431550e-02
   5.1353026e-02
   5.8042897e-02
   5.3424754e-02
   5.6798666e-02
   5.6971390e-02
   5.9818861e-02
   5.7557898e-02
   6.9809296e-02
   4.8991847e-02
   6.4252266e-02
   5.2640512e-02
   8.0153414e-02
   2.0013325e-02
   3.0588179e-02
   1.4600236e-01
   1.1925281e-01
   1.2497354e-01
   1.1126896e-01
   1.2156603e-01
   1.1503683e-01
   1.2862332e-01
   1.2085284e-01
   1.2255559e-01
   1.2258101e-01
   1.2024375e-01
   1.1633294e-01
   1.1941564e-01
   1.0065581e-01
   1.3643694e-01
   1.0411664e-01
   1.4291912e-01
   3.6592139e-02
   1.9744612e-03
   2.2771451e-01
   8.8509796e-02
   1.8184829e-01
   1.5182822e-01
   1.9962375e-01
   1.6575067e-01
   1.7676711e-01
   1.6313562e-01
   1.7055595e-01
   1.6051043e-01
   1.7178250e-01
   1.6667449e-01
   1.8465733e-01
   1.6613222e-01
   2.1733619e-01
   1.3467004e-01
   2.0507138e-01
   1.1806170e-01
   1.7916346e-03
   1.5042657e-07
   1.9342796e-01
   2.9142643e-02
   2.5464371e-01
   2.5079306e-01
   1.1395832e-01
   2.9312741e-01
   2.3460198e-01
   2.8372186e-01
   2.3222356e-01
   2.9058439e-01
   2.3693472e-01
   2.7084216e-01
   2.2673117e-01
   2.2124578e-01
   1.5534357e-01
   8.6299777e-02
   3.0695436e-01
   8.9634739e-02
   1.0660924e-05
   0.0000000e+00
   6.3280910e-03
   5.1857501e-03
   1.9224143e-01
   4.6774744e-01
   8.3583217e-02
   1.5778030e-02
   2.5563771e-02
   2.6406096e-01
   1.8634667e-01
   2.3292897e-01
   2.8435466e-01
   4.2108430e-02
   1.2206440e-01
   4.9252450e-01
   1.3812266e-01
   9.0211071e-04
   3.9864909e-03
   1.1211418e-03
   9.1081790e-08
   0.0000000e+00
   0.0000000e+00
   4.7064129e-05
   3.5957082e-02
   1.0518248e-01
   1.9122465e-02
   0.0000000e+00
   1.5362728e-04
   1.5684736e-03
   9.8460265e-04
   3.5631267e-03
   5.2452489e-03
   4.2215442e-04
   3.4193002e-02
   1.5205396e-01
   4.2251038e-02
   1.6716165e-06
   0.0000000e+00
   0.0000000e+00
   0.0000000e+00
   0.0000000e+00
   0.0000000e+00
   0.0000000e+00
   0.0000000e+00
   0.0000000e+00
   0.0000000e+00
   0.0000000e+00
   0.0000000e+00
   0.0000000e+00
   0.0000000e+00
   0.0000000e+00
   0.0000000e+00
   0.0000000e+00
   7.9947574e-06
   3.5551453e-05
   9.8785358e-06
   3.9082955e-10
   0.0000000e+00
   0.0000000e+00
   0.0000000e+00
   0.0000000e+00
   0.0000000e+00
   0.0000000e+00
   0.0000000e+00
   0.0000000e+00
   0.0000000e+00
   0.0000000e+00
   0.0000000e+00
   0.0000000e+00
   0.0000000e+00
   0.0000000e+00
   0.0000000e+00
   0.0000000e+00
   0.0000000e+00
   0.0000000e+00
   0.0000000e+00
   0.0000000e+00
   0.0000000e+00
   0.0000000e+00
   0.0000000e+00
   0.0000000e+00
   0.0000000e+00
   0.0000000e+00
   0.0000000e+00
   0.0000000e+00
   0.0000000e+00
   0.0000000e+00
   0.0000000e+00
   0.0000000e+00
   0.0000000e+00
   0.0000000e+00
   0.0000000e+00
   0.0000000e+00
   0.0000000e+00
   0.0000000e+00
   0.0000000e+00
   0.0000000e+00
   0.0000000e+00
   0.0000000e+00
   0.0000000e+00
   0.0000000e+00
   0.0000000e+00
   0.0000000e+00
   0.0000000e+00
   0.0000000e+00
   0.0000000e+00
   0.0000000e+00
   0.0000000e+00
   0.0000000e+00
   0.0000000e+00
   0.0000000e+00
   0.0000000e+00
   0.0000000e+00
   0.0000000e+00
   0.0000000e+00
   0.0000000e+00
   0.0000000e+00
   0.0000000e+00
   0.0000000e+00
   0.0000000e+00
   0.0000000e+00
   0.0000000e+00
   0.0000000e+00
   0.0000000e+00
   0.0000000e+00
   0.0000000e+00
   0.0000000e+00
   0.0000000e+00
   0.0000000e+00
   0.0000000e+00
   0.0000000e+00
   0.0000000e+00
   0.0000000e+00
   0.0000000e+00
   0.0000000e+00
   0.0000000e+00
   0.0000000e+00
   0.0000000e+00
   0.0000000e+00
   0.0000000e+00
   0.0000000e+00
   0.0000000e+00
   0.0000000e+00
   0.0000000e+00
   0.0000000e+00
   0.0000000e+00
   0.0000000e+00
   0.0000000e+00
   0.0000000e+00
   0.0000000e+00
   0.0000000e+00
   0.0000000e+00
   0.0000000e+00
   0.0000000e+00
   0.0000000e+00
   0.0000000e+00
   0.0000000e+00
   0.0000000e+00
   0.0000000e+00
   0.0000000e+00
   0.0000000e+00
   0.0000000e+00
   0.0000000e+00
   0.0000000e+00
   0.0000000e+00
   0.0000000e+00
   0.0000000e+00
   0.0000000e+00
   0.0000000e+00
   0.0000000e+00
   0.0000000e+00
   0.0000000e+00
   0.0000000e+00
   0.0000000e+00
   0.0000000e+00
   0.0000000e+00
   0.0000000e+00
   0.0000000e+00
   0.0000000e+00
   0.0000000e+00
   0.0000000e+00
   0.0000000e+00
   0.0000000e+00
   0.0000000e+00
   0.0000000e+00
   0.0000000e+00
   0.0000000e+00
   0.0000000e+00
   0.0000000e+00
   0.0000000e+00
   0.0000000e+00
   0.0000000e+00
   0.0000000e+00
   0.0000000e+00
   0.0000000e+00
   0.0000000e+00
   0.0000000e+00
   0.0000000e+00
   0.0000000e+00
   0.0000000e+00
   0.0000000e+00
   0.0000000e+00
   0.0000000e+00
   0.0000000e+00
   0.0000000e+00
   0.0000000e+00
   0.0000000e+00
   0.0000000e+00
   0.0000000e+00
   0.0000000e+00
   0.0000000e+00
   0.0000000e+00
   0.0000000e+00
   0.0000000e+00
   0.0000000e+00
   0.0000000e+00
   0.0000000e+00
   0.0000000e+00
   0.0000000e+00
   0.0000000e+00
   0.0000000e+00
   0.0000000e+00
   0.0000000e+00
   0.0000000e+00
   0.0000000e+00
   0.0000000e+00
   0.0000000e+00
   0.0000000e+00
   0.0000000e+00
   0.0000000e+00
   0.0000000e+00
   0.0000000e+00
   0.0000000e+00
   0.0000000e+00
   0.0000000e+00
   0.0000000e+00
   0.0000000e+00
   0.0000000e+00
   0.0000000e+00
   0.0000000e+00
   0.0000000e+00
   0.0000000e+00
   0.0000000e+00
   0.0000000e+00
   0.0000000e+00
   0.0000000e+00
   0.0000000e+00
   0.0000000e+00
   0.0000000e+00
   0.0000000e+00
   0.0000000e+00
   0.0000000e+00
   0.0000000e+00
   0.0000000e+00
   0.0000000e+00
   0.0000000e+00
   0.0000000e+00
   0.0000000e+00
   0.0000000e+00
   0.0000000e+00
   0.0000000e+00
   0.0000000e+00
   0.0000000e+00
   0.0000000e+00
   0.0000000e+00
   0.0000000e+00
   0.0000000e+00
   0.0000000e+00
   0.0000000e+00
   0.0000000e+00
   0.0000000e+00
   0.0000000e+00
   0.0000000e+00
   0.0000000e+00
   0.0000000e+00
   0.0000000e+00
   0.0000000e+00
   0.0000000e+00
   0.0000000e+00
   0.0000000e+00
   0.0000000e+00
