   3.6896203e-03
  -2.1075905e-04
   1.4582381e-03
  -2.3100250e-03
   7.6480366e-03
  -3.2264594e-03
   1.0910897e-03
   5.9764102e-03
   7.0897880e-03
  -6.7351596e-03
   1.7956089e-03
   2.6136288e-04
  -9.1868312e-04
  -1.3159066e-03
   4.6816260e-04
   1.6613513e-05
  -5.9989123e-04
   1.4684476e-03
  -6.0512449e-04
  -2.0167193e-04
   7.0615343e-03
   2.2282304e-02
   1.4840495e-02
   2.3601038e-02
   1.2457974e-02
   2.1699260e-02
   1.6984925e-02
   2.0103418e-02
   9.7322151e-03
   2.6416434e-02
   2.0794134e-02
   1.5843540e-02
   2.4930964e-02
   1.9492456e-02
   1.9663650e-02
   1.9660393e-02
   1.9577063e-02
   2.1249985e-02
   1.3632787e-02
   3.1562176e-02
   3.3712073e-02
   6.5143011e-02
   6.0332242e-02
   5.6468067e-02
   6.5318000e-02
   5.8751820e-02
   6.3267426e-02
   5.5182333e-02
   7.5270611e-02
   5.0675183e-02
   5.5787276e-02
   6.5873420e-02
   5.0612999e-02
   5.9447964e-02
   5.8952825e-02
   5.7498177e-02
   6.1743574e-02
   4.5503564e-02
   8.8213050e-02
   1.6824429e-02
   1.5166510e-01
   1.0993274e-01
   1.1596354e-01
   1.1923005e-01
   1.1079351e-01
   1.1569376e-01
   1.1215353e-01
   1.2318559e-01
   9.5323468e-02
   1.2911666e-01
   1.2115915e-01
   1.0593847e-01
   1.2759936e-01
   1.1743764e-01
   1.1625218e-01
   1.2190100e-01
   1.0920033e-01
   1.5373620e-01
   4.3562695e-02
   1.3531694e-03
   8.3349393e-02
   2.0938119e-01
   1.5467564e-01
   2.0260699e-01
   1.6958533e-01
   1.9449897e-01
   1.8200705e-01
   1.7830887e-01
   2.3348061e-01
   1.3758987e-01
   1.8203179e-01
   2.0831803e-01
   1.5783176e-01
   1.7544804e-01
   1.7982217e-01
   1.6563655e-01
   1.8953687e-01
   1.2685270e-01
   6.2737178e-03
   3.5472808e-07
   4.4006936e-02
   3.1040002e-01
   2.1063632e-01
   2.4672750e-01
   2.7129857e-01
   6.3606983e-02
   1.4182663e-02
   5.7640443e-02
   1.4403488e-01
   3.1941199e-01
   2.3570773e-01
   9.4054225e-02
   3.0001546e-01
   2.4005432e-01
   2.2884208e-01
   2.4735542e-01
   2.9602105e-01
   6.4039828e-02
   5.4306274e-05
   0.0000000e+00
   3.7922387e-03
   2.6474454e-02
   1.6902215e-02
   1.4961268e-02
   1.0433696e-02
   1.3869699e-03
   9.1372990e-08
   7.0529144e-05
   1.2988542e-02
   8.0424098e-02
   4.2709780e-02
   5.1603803e-02
   2.6438328e-01
   2.8590001e-01
   3.7696390e-01
   1.4483303e-01
   1.7702441e-02
   1.4750539e-03
   3.9984788e-07
   0.0000000e+00
   0.0000000e+00
   0.0000000e+00
   0.0000000e+00
   0.0000000e+00
   0.0000000e+00
   0.0000000e+00
   0.0000000e+00
   0.0000000e+00
   0.0000000e+00
   0.0000000e+00
   0.0000000e+00
   1.8015193e-04
   2.4723952e-03
   1.1028539e-02
   1.6282320e-02
   5.3023544e-03
   1.2963225e-05
   0.0000000e+00
   0.0000000e+00
   0.0000000e+00
   0.0000000e+00
   0.0000000e+00
   0.0000000e+00
   0.0000000e+00
   0.0000000e+00
   0.0000000e+00
   0.0000000e+00
   0.0000000e+00
   0.0000000e+00
   0.0000000e+00
   0.0000000e+00
   0.0000000e+00
   0.0000000e+00
   0.0000000e+00
   0.0000000e+00
   0.0000000e+00
   0.0000000e+00
   0.0000000e+00
   0.0000000e+00
   0.0000000e+00
   0.0000000e+00
   0.0000000e+00
   0.0000000e+00
   0.0000000e+00
   0.0000000e+00
   0.0000000e+00
   0.0000000e+00
   0.0000000e+00
   0.0000000e+00
   0.0000000e+00
   0.0000000e+00
   0.0000000e+00
   0.0000000e+00
   0.0000000e+00
   0.0000000e+00
   0.0000000e+00
   0.0000000e+00
   0.0000000e+00
   0.0000000e+00
   0.0000000e+00
   0.0000000e+00
   0.0000000e+00
   0.0000000e+00
   0.0000000e+00
   0.0000000e+00
   0.0000000e+00
   0.0000000e+00
   0.0000000e+00
   0.0000000e+00
   0.0000000e+00
   0.0000000e+00
   0.0000000e+00
   0.0000000e+00
   0.0000000e+00
   0.0000000e+00
   0.0000000e+00
   0.0000000e+00
   0.0000000e+00
   0.0000000e+00
   0.0000000e+00
   0.0000000e+00
   0.0000000e+00
   0.0000000e+00
   0.0000000e+00
   0.0000000e+00
   0.0000000e+00
   0.0000000e+00
   0.0000000e+00
   0.0000000e+00
   0.0000000e+00
   0.0000000e+00
   0.0000000e+00
   0.0000000e+00
   0.0000000e+00
   0.0000000e+00
   0.0000000e+00
   0.0000000e+00
   0.0000000e+00
   0.0000000e+00
   0.0000000e+00
   0.0000000e+00
   0.0000000e+00
   0.0000000e+00
   0.0000000e+00
   0.0000000e+00
   0.0000000e+00
   0.0000000e+00
   0.0000000e+00
   0.0000000e+00
   0.0000000e+00
   0.0000000e+00
   0.0000000e+00
   0.0000000e+00
   0.0000000e+00
   0.0000000e+00
   0.0000000e+00
   0.0000000e+00
   0.0000000e+00
   0.0000000e+00
   0.0000000e+00
   0.0000000e+00
   0.0000000e+00
   0.0000000e+00
   0.0000000e+00
   0.0000000e+00
   0.0000000e+00
   0.0000000e+00
   0.0000000e+00
   0.0000000e+00
   0.0000000e+00
   0.0000000e+00
   0.0000000e+00
   0.0000000e+00
   0.0000000e+00
   0.0000000e+00
   0.0000000e+00
   0.0000000e+00
   0.0000000e+00
   0.0000000e+00
   0.0000000e+00
   0.0000000e+00
   0.0000000e+00
   0.0000000e+00
   0.0000000e+00
   0.0000000e+00
   0.0000000e+00
   0.0000000e+00
   0.0000000e+00
   0.0000000e+00
   0.0000000e+00
   0.0000000e+00
   0.0000000e+00
   0.0000000e+00
   0.0000000e+00
   0.0000000e+00
   0.0000000e+00
   0.0000000e+00
   0.0000000e+00
   0.0000000e+00
   0.0000000e+00
   0.0000000e+00
   0.0000000e+00
   0.0000000e+00
   0.0000000e+00
   0.0000000e+00
   0.0000000e+00
   0.0000000e+00
   0.0000000e+00
   0.0000000e+00
   0.0000000e+00
   0.0000000e+00
   0.0000000e+00
   0.0000000e+00
   0.0000000e+00
   0.0000000e+00
   0.0000000e+00
   0.0000000e+00
   0.0000000e+00
   0.0000000e+00
   0.0000000e+00
   0.0000000e+00
   0.0000000e+00
   0.0000000e+00
   0.0000000e+00
   0.0000000e+00
   0.0000000e+00
   0.0000000e+00
   0.0000000e+00
   0.0000000e+00
   0.0000000e+00
   0.0000000e+00
   0.0000000e+00
   0.0000000e+00
   0.0000000e+00
   0.0000000e+00
   0.0000000e+00
   0.0000000e+00
   0.0000000e+00
   0.0000000e+00
   0.0000000e+00
   0.0000000e+00
   0.0000000e+00
   0.0000000e+00
   0.0000000e+00
   0.0000000e+00
   0.0000000e+00
   0.0000000e+00
   0.0000000e+00
   0.0000000e+00
   0.0000000e+00
   0.0000000e+00
   0.0000000e+00
   0.0000000e+00
   0.0000000e+00
   0.0000000e+00
   0.0000000e+00
   0.0000000e+00
   0.0000000e+00
   0.0000000e+00
   0.0000000e+00
   0.0000000e+00
   0.0000000e+00
   0.0000000e+00
   0.0000000e+00
   0.0000000e+00
   0.0000000e+00
   0.0000000e+00
   0.0000000e+00
   0.0000000e+00
   0.0000000e+00
   0.0000000e+00
   0.0000000e+00
   0.0000000e+00
   0.0000000e+00
   0.0000000e+00
   0.0000000e+00
   0.0000000e+00
   0.0000000e+00
   0.0000000e+00
   0.0000000e+00
   0.0000000e+00
   0.0000000e+00
   0.0000000e+00
   0.0000000e+00
   0.0000000e+00
   0.0000000e+00
   0.0000000e+00
   0.0000000e+00
   0.0000000e+00
   0.0000000e+00
   0.0000000e+00
   0.0000000e+00
   0.0000000e+00
   0.0000000e+00
   0.0000000e+00
   0.0000000e+00
   0.0000000e+00
   0.0000000e+00
   0.0000000e+00
   0.0000000e+00
