  -1.1112776e-02
  -1.7995624e-02
   2.6809096e-03
   3.7188980e-03
   1.2365341e-03
   3.1356690e-04
  -1.0407105e-03
   5.6589237e-04
  -1.2753325e-03
   9.1525486e-04
   7.2433207e-04
  -1.2138893e-03
   4.0864083e-03
   9.2907674e-04
  -2.7658924e-03
   4.8761081e-03
  -6.8451917e-03
   3.5609890e-03
  -2.3050519e-03
  -1.5937937e-03
   3.4415391e-02
   2.4732409e-02
   2.6670091e-02
   1.8877007e-02
   1.3780061e-02
   2.1669133e-02
   2.0229371e-02
   1.9524710e-02
   2.0964404e-02
   1.8766573e-02
   1.9648394e-02
   1.9682485e-02
   1.6860765e-02
   1.6832855e-02
   2.3286209e-02
   1.3278663e-02
   3.0154321e-02
   1.3057461e-02
   2.0501287e-02
   2.7229288e-02
   3.0510062e-02
   6.4603557e-02
   4.0792796e-02
   6.2626474e-02
   6.5169498e-02
   5.4575175e-02
   5.9286472e-02
   5.7307332e-02
   5.8023524e-02
   5.9166557e-02
   5.7705517e-02
   6.0112640e-02
   6.0235380e-02
   6.5013048e-02
   5.3002922e-02
   6.7459304e-02
   4.4680397e-02
   6.1734166e-02
   8.1394639e-02
   1.9133758e-02
   1.5993589e-01
   1.1017822e-01
   1.4001881e-01
   1.1287813e-01
   1.0784182e-01
   1.2458561e-01
   1.1481102e-01
   1.2090684e-01
   1.1826471e-01
   1.1754433e-01
   1.2004730e-01
   1.1467422e-01
   1.1845968e-01
   1.0550451e-01
   1.2397199e-01
   1.0849993e-01
   1.3259344e-01
   1.3079041e-01
   3.9049487e-02
   2.7114323e-03
   5.2526463e-02
   1.5255866e-01
   1.6143552e-01
   1.7674522e-01
   2.0944191e-01
   1.5245975e-01
   1.8999267e-01
   1.6267431e-01
   1.7953145e-01
   1.6911083e-01
   1.7288335e-01
   1.7894389e-01
   1.8047623e-01
   1.9845584e-01
   1.7686508e-01
   1.9880305e-01
   1.2611646e-01
   7.6514436e-03
   1.0253873e-03
   0.0000000e+00
   5.0024824e-07
   5.7971125e-02
   3.5393359e-01
   2.0956285e-01
   1.2575677e-01
   2.6204013e-01
   2.1275312e-01
   2.6743092e-01
   2.2945678e-01
   3.5992724e-01
   2.6732192e-01
   2.1793650e-01
   2.3925972e-01
   3.5031275e-02
   6.2144781e-02
   3.1250454e-01
   1.0616728e-01
   2.9500198e-05
   0.0000000e+00
   0.0000000e+00
   0.0000000e+00
   1.5571200e-02
   1.5912272e-01
   1.2573773e-01
   5.1566783e-02
   3.2296012e-01
   3.6123709e-01
   1.4166000e-01
   8.9665447e-02
   1.0869620e-01
   9.3742354e-02
   3.8023852e-01
   2.6791316e-01
   5.5491403e-03
   2.0339872e-03
   1.0026858e-02
   3.0844159e-03
   8.4614280e-07
   0.0000000e+00
   0.0000000e+00
   0.0000000e+00
   8.3314644e-08
   9.1316516e-07
   7.8497810e-07
   1.2017122e-03
   8.0164970e-03
   6.8152149e-03
   1.4968102e-03
   2.9833191e-05
   2.9849893e-05
   2.2667659e-03
   2.8016706e-02
   1.8907897e-02
   3.5474146e-04
   0.0000000e+00
   0.0000000e+00
   0.0000000e+00
   0.0000000e+00
   0.0000000e+00
   0.0000000e+00
   0.0000000e+00
   0.0000000e+00
   0.0000000e+00
   0.0000000e+00
   0.0000000e+00
   0.0000000e+00
   0.0000000e+00
   0.0000000e+00
   0.0000000e+00
   0.0000000e+00
   0.0000000e+00
   0.0000000e+00
   0.0000000e+00
   0.0000000e+00
   0.0000000e+00
   0.0000000e+00
   0.0000000e+00
   0.0000000e+00
   0.0000000e+00
   0.0000000e+00
   0.0000000e+00
   0.0000000e+00
   0.0000000e+00
   0.0000000e+00
   0.0000000e+00
   0.0000000e+00
   0.0000000e+00
   0.0000000e+00
   0.0000000e+00
   0.0000000e+00
   0.0000000e+00
   0.0000000e+00
   0.0000000e+00
   0.0000000e+00
   0.0000000e+00
   0.0000000e+00
   0.0000000e+00
   0.0000000e+00
   0.0000000e+00
   0.0000000e+00
   0.0000000e+00
   0.0000000e+00
   0.0000000e+00
   0.0000000e+00
   0.0000000e+00
   0.0000000e+00
   0.0000000e+00
   0.0000000e+00
   0.0000000e+00
   0.0000000e+00
   0.0000000e+00
   0.0000000e+00
   0.0000000e+00
   0.0000000e+00
   0.0000000e+00
   0.0000000e+00
   0.0000000e+00
   0.0000000e+00
   0.0000000e+00
   0.0000000e+00
   0.0000000e+00
   0.0000000e+00
   0.0000000e+00
   0.0000000e+00
   0.0000000e+00
   0.0000000e+00
   0.0000000e+00
   0.0000000e+00
   0.0000000e+00
   0.0000000e+00
   0.0000000e+00
   0.0000000e+00
   0.0000000e+00
   0.0000000e+00
   0.0000000e+00
   0.0000000e+00
   0.0000000e+00
   0.0000000e+00
   0.0000000e+00
   0.0000000e+00
   0.0000000e+00
   0.0000000e+00
   0.0000000e+00
   0.0000000e+00
   0.0000000e+00
   0.0000000e+00
   0.0000000e+00
   0.0000000e+00
   0.0000000e+00
   0.0000000e+00
   0.0000000e+00
   0.0000000e+00
   0.0000000e+00
   0.0000000e+00
   0.0000000e+00
   0.0000000e+00
   0.0000000e+00
   0.0000000e+00
   0.0000000e+00
   0.0000000e+00
   0.0000000e+00
   0.0000000e+00
   0.0000000e+00
   0.0000000e+00
   0.0000000e+00
   0.0000000e+00
   0.0000000e+00
   0.0000000e+00
   0.0000000e+00
   0.0000000e+00
   0.0000000e+00
   0.0000000e+00
   0.0000000e+00
   0.0000000e+00
   0.0000000e+00
   0.0000000e+00
   0.0000000e+00
   0.0000000e+00
   0.0000000e+00
   0.0000000e+00
   0.0000000e+00
   0.0000000e+00
   0.0000000e+00
   0.0000000e+00
   0.0000000e+00
   0.0000000e+00
   0.0000000e+00
   0.0000000e+00
   0.0000000e+00
   0.0000000e+00
   0.0000000e+00
   0.0000000e+00
   0.0000000e+00
   0.0000000e+00
   0.0000000e+00
   0.0000000e+00
   0.0000000e+00
   0.0000000e+00
   0.0000000e+00
   0.0000000e+00
   0.0000000e+00
   0.0000000e+00
   0.0000000e+00
   0.0000000e+00
   0.0000000e+00
   0.0000000e+00
   0.0000000e+00
   0.0000000e+00
   0.0000000e+00
   0.0000000e+00
   0.0000000e+00
   0.0000000e+00
   0.0000000e+00
   0.0000000e+00
   0.0000000e+00
   0.0000000e+00
   0.0000000e+00
   0.0000000e+00
   0.0000000e+00
   0.0000000e+00
   0.0000000e+00
   0.0000000e+00
   0.0000000e+00
   0.0000000e+00
   0.0000000e+00
   0.0000000e+00
   0.0000000e+00
   0.0000000e+00
   0.0000000e+00
   0.0000000e+00
   0.0000000e+00
   0.0000000e+00
   0.0000000e+00
   0.0000000e+00
   0.0000000e+00
   0.0000000e+00
   0.0000000e+00
   0.0000000e+00
   0.0000000e+00
   0.0000000e+00
   0.0000000e+00
   0.0000000e+00
   0.0000000e+00
   0.0000000e+00
   0.0000000e+00
   0.0000000e+00
   0.0000000e+00
   0.0000000e+00
   0.0000000e+00
   0.0000000e+00
   0.0000000e+00
   0.0000000e+00
   0.0000000e+00
   0.0000000e+00
   0.0000000e+00
   0.0000000e+00
   0.0000000e+00
   0.0000000e+00
   0.0000000e+00
   0.0000000e+00
   0.0000000e+00
   0.0000000e+00
   0.0000000e+00
   0.0000000e+00
   0.0000000e+00
   0.0000000e+00
   0.0000000e+00
   0.0000000e+00
   0.0000000e+00
   0.0000000e+00
   0.0000000e+00
   0.0000000e+00
   0.0000000e+00
   0.0000000e+00
   0.0000000e+00
   0.0000000e+00
   0.0000000e+00
   0.0000000e+00
   0.0000000e+00
   0.0000000e+00
   0.0000000e+00
   0.0000000e+00
   0.0000000e+00
   0.0000000e+00
   0.0000000e+00
   0.0000000e+00
   0.0000000e+00
   0.0000000e+00
   0.0000000e+00
   0.0000000e+00
   0.0000000e+00
   0.0000000e+00
   0.0000000e+00
   0.0000000e+00
   0.0000000e+00
   0.0000000e+00
   0.0000000e+00
   0.0000000e+00
   0.0000000e+00
   0.0000000e+00
