   4.9911463e-03
   1.0291808e-02
   8.4148145e-03
  -9.2648806e-04
   1.1046397e-04
   1.7088662e-04
  -5.7957800e-04
   1.1147084e-04
   5.4048481e-03
  -2.9337390e-03
   2.2197335e-04
   1.3846299e-03
  -1.4681689e-03
   6.1820283e-04
  -2.0046020e-03
   3.5300320e-04
   1.4469527e-04
  -1.3245361e-03
  -1.9288907e-03
   6.5391779e-03
   4.8258902e-03
   1.7727269e-02
   8.1217603e-03
   2.1465637e-02
   1.9118727e-02
   1.8804486e-02
   2.1885763e-02
   1.7954051e-02
   6.2829690e-03
   2.4378614e-02
   1.9242315e-02
   1.6868227e-02
   2.2023769e-02
   1.9541856e-02
   2.0900991e-02
   2.0352839e-02
   1.9019712e-02
   2.1876775e-02
   2.4024233e-02
   5.3314292e-03
   6.3120802e-03
   7.7350483e-02
   7.4650166e-02
   5.6540586e-02
   5.9451582e-02
   6.0042134e-02
   5.5620211e-02
   6.1060154e-02
   7.4458667e-02
   5.2761873e-02
   5.7864614e-02
   6.3947135e-02
   5.5886815e-02
   5.7150434e-02
   5.9399430e-02
   5.5074551e-02
   6.3089000e-02
   4.3586281e-02
   8.0675903e-02
   4.2517996e-03
   1.4506524e-01
   1.0777492e-01
   1.0042379e-01
   1.1649639e-01
   1.1906138e-01
   1.1561257e-01
   1.2177643e-01
   1.1612163e-01
   9.7752726e-02
   1.2531588e-01
   1.2051128e-01
   1.0862479e-01
   1.2098075e-01
   1.2273610e-01
   1.1330355e-01
   1.2758953e-01
   1.0719516e-01
   1.5058901e-01
   7.4398611e-02
   1.0775181e-03
   1.5977208e-01
   1.8649585e-01
   2.3320262e-01
   1.7807114e-01
   1.7366524e-01
   1.7995671e-01
   1.6851445e-01
   1.8255963e-01
   2.0662559e-01
   1.6487792e-01
   1.5989556e-01
   2.0418631e-01
   1.6606525e-01
   1.6227889e-01
   1.8789007e-01
   1.4864060e-01
   2.0634157e-01
   6.5089734e-02
   5.7416424e-03
   2.2636928e-09
   8.8828039e-03
   5.2268064e-02
   1.7748287e-01
   2.0506835e-01
   2.4550892e-01
   2.3011966e-01
   2.5067098e-01
   2.3744467e-01
   1.3463543e-01
   2.7841811e-01
   2.5362641e-01
   1.9992757e-01
   1.1662300e-01
   3.6897346e-01
   2.4264771e-01
   3.0667594e-01
   2.2913230e-01
   3.0017078e-02
   0.0000000e+00
   0.0000000e+00
   0.0000000e+00
   3.0585190e-04
   1.7067187e-03
   2.5569292e-02
   4.0339915e-01
   3.3997629e-01
   1.6798036e-02
   2.6562104e-03
   6.0929836e-03
   1.0463864e-01
   3.3865523e-01
   3.7826747e-01
   6.1421941e-02
   1.5310947e-01
   6.6988089e-02
   3.9450406e-02
   6.2011673e-03
   3.1342250e-04
   0.0000000e+00
   0.0000000e+00
   0.0000000e+00
   0.0000000e+00
   0.0000000e+00
   5.7867726e-03
   9.8816845e-02
   8.2853553e-02
   2.5630123e-03
   0.0000000e+00
   1.7115766e-06
   8.8997399e-04
   4.0615527e-02
   5.7303514e-02
   4.4402539e-03
   5.3410285e-04
   1.5760439e-04
   2.2858579e-08
   0.0000000e+00
   0.0000000e+00
   0.0000000e+00
   0.0000000e+00
   0.0000000e+00
   0.0000000e+00
   0.0000000e+00
   0.0000000e+00
   0.0000000e+00
   0.0000000e+00
   0.0000000e+00
   0.0000000e+00
   0.0000000e+00
   0.0000000e+00
   0.0000000e+00
   0.0000000e+00
   0.0000000e+00
   0.0000000e+00
   0.0000000e+00
   0.0000000e+00
   0.0000000e+00
   0.0000000e+00
   0.0000000e+00
   0.0000000e+00
   0.0000000e+00
   0.0000000e+00
   0.0000000e+00
   0.0000000e+00
   0.0000000e+00
   0.0000000e+00
   0.0000000e+00
   0.0000000e+00
   0.0000000e+00
   0.0000000e+00
   0.0000000e+00
   0.0000000e+00
   0.0000000e+00
   0.0000000e+00
   0.0000000e+00
   0.0000000e+00
   0.0000000e+00
   0.0000000e+00
   0.0000000e+00
   0.0000000e+00
   0.0000000e+00
   0.0000000e+00
   0.0000000e+00
   0.0000000e+00
   0.0000000e+00
   0.0000000e+00
   0.0000000e+00
   0.0000000e+00
   0.0000000e+00
   0.0000000e+00
   0.0000000e+00
   0.0000000e+00
   0.0000000e+00
   0.0000000e+00
   0.0000000e+00
   0.0000000e+00
   0.0000000e+00
   0.0000000e+00
   0.0000000e+00
   0.0000000e+00
   0.0000000e+00
   0.0000000e+00
   0.0000000e+00
   0.0000000e+00
   0.0000000e+00
   0.0000000e+00
   0.0000000e+00
   0.0000000e+00
   0.0000000e+00
   0.0000000e+00
   0.0000000e+00
   0.0000000e+00
   0.0000000e+00
   0.0000000e+00
   0.0000000e+00
   0.0000000e+00
   0.0000000e+00
   0.0000000e+00
   0.0000000e+00
   0.0000000e+00
   0.0000000e+00
   0.0000000e+00
   0.0000000e+00
   0.0000000e+00
   0.0000000e+00
   0.0000000e+00
   0.0000000e+00
   0.0000000e+00
   0.0000000e+00
   0.0000000e+00
   0.0000000e+00
   0.0000000e+00
   0.0000000e+00
   0.0000000e+00
   0.0000000e+00
   0.0000000e+00
   0.0000000e+00
   0.0000000e+00
   0.0000000e+00
   0.0000000e+00
   0.0000000e+00
   0.0000000e+00
   0.0000000e+00
   0.0000000e+00
   0.0000000e+00
   0.0000000e+00
   0.0000000e+00
   0.0000000e+00
   0.0000000e+00
   0.0000000e+00
   0.0000000e+00
   0.0000000e+00
   0.0000000e+00
   0.0000000e+00
   0.0000000e+00
   0.0000000e+00
   0.0000000e+00
   0.0000000e+00
   0.0000000e+00
   0.0000000e+00
   0.0000000e+00
   0.0000000e+00
   0.0000000e+00
   0.0000000e+00
   0.0000000e+00
   0.0000000e+00
   0.0000000e+00
   0.0000000e+00
   0.0000000e+00
   0.0000000e+00
   0.0000000e+00
   0.0000000e+00
   0.0000000e+00
   0.0000000e+00
   0.0000000e+00
   0.0000000e+00
   0.0000000e+00
   0.0000000e+00
   0.0000000e+00
   0.0000000e+00
   0.0000000e+00
   0.0000000e+00
   0.0000000e+00
   0.0000000e+00
   0.0000000e+00
   0.0000000e+00
   0.0000000e+00
   0.0000000e+00
   0.0000000e+00
   0.0000000e+00
   0.0000000e+00
   0.0000000e+00
   0.0000000e+00
   0.0000000e+00
   0.0000000e+00
   0.0000000e+00
   0.0000000e+00
   0.0000000e+00
   0.0000000e+00
   0.0000000e+00
   0.0000000e+00
   0.0000000e+00
   0.0000000e+00
   0.0000000e+00
   0.0000000e+00
   0.0000000e+00
   0.0000000e+00
   0.0000000e+00
   0.0000000e+00
   0.0000000e+00
   0.0000000e+00
   0.0000000e+00
   0.0000000e+00
   0.0000000e+00
   0.0000000e+00
   0.0000000e+00
   0.0000000e+00
   0.0000000e+00
   0.0000000e+00
   0.0000000e+00
   0.0000000e+00
   0.0000000e+00
   0.0000000e+00
   0.0000000e+00
   0.0000000e+00
   0.0000000e+00
   0.0000000e+00
   0.0000000e+00
   0.0000000e+00
   0.0000000e+00
   0.0000000e+00
   0.0000000e+00
   0.0000000e+00
   0.0000000e+00
   0.0000000e+00
   0.0000000e+00
   0.0000000e+00
   0.0000000e+00
   0.0000000e+00
   0.0000000e+00
   0.0000000e+00
   0.0000000e+00
   0.0000000e+00
   0.0000000e+00
   0.0000000e+00
   0.0000000e+00
   0.0000000e+00
   0.0000000e+00
   0.0000000e+00
   0.0000000e+00
   0.0000000e+00
   0.0000000e+00
   0.0000000e+00
   0.0000000e+00
   0.0000000e+00
   0.0000000e+00
   0.0000000e+00
   0.0000000e+00
   0.0000000e+00
   0.0000000e+00
   0.0000000e+00
   0.0000000e+00
   0.0000000e+00
   0.0000000e+00
   0.0000000e+00
   0.0000000e+00
   0.0000000e+00
   0.0000000e+00
   0.0000000e+00
   0.0000000e+00
   0.0000000e+00
   0.0000000e+00
   0.0000000e+00
   0.0000000e+00
   0.0000000e+00
   0.0000000e+00
   0.0000000e+00
   0.0000000e+00
   0.0000000e+00
   0.0000000e+00
