   6.3117662e-03
  -3.8569793e-03
   2.5282709e-04
  -8.7735398e-04
   1.6089384e-03
  -5.1965002e-04
   4.0864217e-03
  -7.4712633e-03
   6.3090242e-03
  -1.1608829e-03
   1.8064851e-03
  -5.3380256e-03
  -5.0781466e-03
   2.1862191e-03
   1.6463807e-03
   2.0656625e-03
  -1.9161245e-03
   2.4819082e-03
  -6.4823113e-03
   1.8780690e-03
   1.3028806e-02
   2.2190471e-02
   2.1087743e-02
   2.1000081e-02
   1.6395683e-02
   1.6818016e-02
   1.8925037e-02
   2.4406070e-02
   1.7314172e-02
   1.7193660e-02
   1.8728964e-02
   2.4604016e-02
   2.2109035e-02
   2.1275510e-02
   1.3977592e-02
   2.1212880e-02
   1.4159975e-02
   2.3209194e-02
   2.1762807e-02
   2.7734572e-02
   7.3621735e-02
   5.2339216e-02
   5.9755793e-02
   5.4164684e-02
   6.8808334e-02
   6.1892015e-02
   6.0287169e-02
   5.1618064e-02
   6.1100366e-02
   6.3957101e-02
   6.0895957e-02
   4.8396246e-02
   5.8914720e-02
   5.1582906e-02
   6.9901099e-02
   5.2473428e-02
   7.3826390e-02
   4.2555196e-02
   7.5019654e-02
   1.1835582e-02
   9.2257240e-02
   1.2464257e-01
   1.1505530e-01
   1.2613025e-01
   1.0265888e-01
   1.1343410e-01
   1.1566748e-01
   1.2556512e-01
   1.1457342e-01
   1.0992106e-01
   1.1389995e-01
   1.3399382e-01
   1.1399857e-01
   1.3185746e-01
   9.9071718e-02
   1.2844311e-01
   9.5970742e-02
   1.4842183e-01
   8.7036952e-02
   1.8671053e-03
   2.5721030e-01
   1.6800142e-01
   1.7917162e-01
   1.5953702e-01
   2.0404910e-01
   1.9056553e-01
   1.8191228e-01
   1.6126684e-01
   1.3332441e-01
   2.1130449e-01
   1.9221910e-01
   1.2463368e-01
   1.9084948e-01
   1.2973052e-01
   2.3528480e-01
   1.5231607e-01
   2.1612559e-01
   1.6027056e-01
   2.3121399e-02
   3.4201794e-05
   1.8382565e-01
   4.5848939e-02
   2.9520199e-01
   3.3995706e-01
   9.0602097e-02
   9.7451017e-02
   2.5321668e-01
   2.5359198e-01
   3.1652726e-01
   1.0392637e-01
   1.9781542e-01
   3.5568413e-01
   3.6767864e-01
   2.1843537e-01
   1.0965576e-01
   2.0712069e-01
   2.3496472e-01
   2.6475096e-02
   5.1057969e-04
   0.0000000e+00
   5.5375943e-03
   1.8123032e-02
   2.0569068e-01
   1.9194802e-01
   1.1625285e-02
   8.7325819e-04
   8.2106611e-03
   2.9000766e-02
   4.4103685e-02
   4.2100758e-03
   6.7629427e-02
   1.5775374e-01
   1.8536048e-01
   1.0706736e-01
   1.7986163e-03
   2.0709308e-03
   2.9849955e-03
   2.3249154e-04
   0.0000000e+00
   0.0000000e+00
   0.0000000e+00
   2.5860499e-04
   2.5868868e-03
   2.1196827e-03
   6.2325945e-05
   1.5335964e-09
   0.0000000e+00
   0.0000000e+00
   0.0000000e+00
   1.6433576e-06
   2.7803565e-04
   7.1071615e-04
   1.4778519e-03
   8.9877938e-04
   1.4700525e-05
   0.0000000e+00
   0.0000000e+00
   0.0000000e+00
   0.0000000e+00
   0.0000000e+00
   0.0000000e+00
   0.0000000e+00
   0.0000000e+00
   0.0000000e+00
   0.0000000e+00
   0.0000000e+00
   0.0000000e+00
   0.0000000e+00
   0.0000000e+00
   0.0000000e+00
   0.0000000e+00
   0.0000000e+00
   0.0000000e+00
   0.0000000e+00
   0.0000000e+00
   0.0000000e+00
   0.0000000e+00
   0.0000000e+00
   0.0000000e+00
   0.0000000e+00
   0.0000000e+00
   0.0000000e+00
   0.0000000e+00
   0.0000000e+00
   0.0000000e+00
   0.0000000e+00
   0.0000000e+00
   0.0000000e+00
   0.0000000e+00
   0.0000000e+00
   0.0000000e+00
   0.0000000e+00
   0.0000000e+00
   0.0000000e+00
   0.0000000e+00
   0.0000000e+00
   0.0000000e+00
   0.0000000e+00
   0.0000000e+00
   0.0000000e+00
   0.0000000e+00
   0.0000000e+00
   0.0000000e+00
   0.0000000e+00
   0.0000000e+00
   0.0000000e+00
   0.0000000e+00
   0.0000000e+00
   0.0000000e+00
   0.0000000e+00
   0.0000000e+00
   0.0000000e+00
   0.0000000e+00
   0.0000000e+00
   0.0000000e+00
   0.0000000e+00
   0.0000000e+00
   0.0000000e+00
   0.0000000e+00
   0.0000000e+00
   0.0000000e+00
   0.0000000e+00
   0.0000000e+00
   0.0000000e+00
   0.0000000e+00
   0.0000000e+00
   0.0000000e+00
   0.0000000e+00
   0.0000000e+00
   0.0000000e+00
   0.0000000e+00
   0.0000000e+00
   0.0000000e+00
   0.0000000e+00
   0.0000000e+00
   0.0000000e+00
   0.0000000e+00
   0.0000000e+00
   0.0000000e+00
   0.0000000e+00
   0.0000000e+00
   0.0000000e+00
   0.0000000e+00
   0.0000000e+00
   0.0000000e+00
   0.0000000e+00
   0.0000000e+00
   0.0000000e+00
   0.0000000e+00
   0.0000000e+00
   0.0000000e+00
   0.0000000e+00
   0.0000000e+00
   0.0000000e+00
   0.0000000e+00
   0.0000000e+00
   0.0000000e+00
   0.0000000e+00
   0.0000000e+00
   0.0000000e+00
   0.0000000e+00
   0.0000000e+00
   0.0000000e+00
   0.0000000e+00
   0.0000000e+00
   0.0000000e+00
   0.0000000e+00
   0.0000000e+00
   0.0000000e+00
   0.0000000e+00
   0.0000000e+00
   0.0000000e+00
   0.0000000e+00
   0.0000000e+00
   0.0000000e+00
   0.0000000e+00
   0.0000000e+00
   0.0000000e+00
   0.0000000e+00
   0.0000000e+00
   0.0000000e+00
   0.0000000e+00
   0.0000000e+00
   0.0000000e+00
   0.0000000e+00
   0.0000000e+00
   0.0000000e+00
   0.0000000e+00
   0.0000000e+00
   0.0000000e+00
   0.0000000e+00
   0.0000000e+00
   0.0000000e+00
   0.0000000e+00
   0.0000000e+00
   0.0000000e+00
   0.0000000e+00
   0.0000000e+00
   0.0000000e+00
   0.0000000e+00
   0.0000000e+00
   0.0000000e+00
   0.0000000e+00
   0.0000000e+00
   0.0000000e+00
   0.0000000e+00
   0.0000000e+00
   0.0000000e+00
   0.0000000e+00
   0.0000000e+00
   0.0000000e+00
   0.0000000e+00
   0.0000000e+00
   0.0000000e+00
   0.0000000e+00
   0.0000000e+00
   0.0000000e+00
   0.0000000e+00
   0.0000000e+00
   0.0000000e+00
   0.0000000e+00
   0.0000000e+00
   0.0000000e+00
   0.0000000e+00
   0.0000000e+00
   0.0000000e+00
   0.0000000e+00
   0.0000000e+00
   0.0000000e+00
   0.0000000e+00
   0.0000000e+00
   0.0000000e+00
   0.0000000e+00
   0.0000000e+00
   0.0000000e+00
   0.0000000e+00
   0.0000000e+00
   0.0000000e+00
   0.0000000e+00
   0.0000000e+00
   0.0000000e+00
   0.0000000e+00
   0.0000000e+00
   0.0000000e+00
   0.0000000e+00
   0.0000000e+00
   0.0000000e+00
   0.0000000e+00
   0.0000000e+00
   0.0000000e+00
   0.0000000e+00
   0.0000000e+00
   0.0000000e+00
   0.0000000e+00
   0.0000000e+00
   0.0000000e+00
   0.0000000e+00
   0.0000000e+00
   0.0000000e+00
   0.0000000e+00
   0.0000000e+00
   0.0000000e+00
   0.0000000e+00
   0.0000000e+00
   0.0000000e+00
   0.0000000e+00
   0.0000000e+00
   0.0000000e+00
   0.0000000e+00
   0.0000000e+00
   0.0000000e+00
   0.0000000e+00
   0.0000000e+00
   0.0000000e+00
   0.0000000e+00
   0.0000000e+00
   0.0000000e+00
   0.0000000e+00
   0.0000000e+00
   0.0000000e+00
   0.0000000e+00
   0.0000000e+00
   0.0000000e+00
   0.0000000e+00
   0.0000000e+00
   0.0000000e+00
   0.0000000e+00
   0.0000000e+00
   0.0000000e+00
   0.0000000e+00
   0.0000000e+00
   0.0000000e+00
   0.0000000e+00
   0.0000000e+00
   0.0000000e+00
   0.0000000e+00
   0.0000000e+00
   0.0000000e+00
   0.0000000e+00
   0.0000000e+00
