0.10490263693129542322 0.79786966756844446280
0.08980986211075468739 0.78394344572435092910
0.26072274923910998545 0.27145722297989260952
0.22051820822861423199 0.23564364725822095625
0.73743557520111202574 0.75368069118777525350
0.77196058479361895355 0.78739467908701088472
0.75710005377563072138 0.77485298639737276716
0.76551581457028328170 0.77821833061817258237
0.15357293040191896671 0.16339799284483982889
0.15796200719364034137 0.15970047175035378961
0.21015155229275328530 0.22090870476509549825
0.04586641593449391346 0.06487190363565621676
0.52560238946892545719 0.52875159853238407059
0.24320869047033674692 0.24656376230596113719
0.05123136917514087979 0.07380398441329343029
0.09726735583440999922 0.10790992191552144230
0.41566975247711085428 0.42878149819715966062
0.93527082355661106394 0.94951713054829445237
0.84794508738898921596 0.84853334171793470819
0.68822277714472024357 0.69096036332755739195
0.13020229236746536094 0.13844788635990448733
0.59053859486473769813 0.60581075770239256606
0.72466874263688285662 0.73404599155380700903
0.26470953229369925674 0.28380897680935696092
0.76502703164643826028 0.77665870453679985985
0.32209189289955147961 0.33938999295430699599
0.61431792376813421086 0.61772487745576709628
0.96179691694635593979 0.97580898364353585439
0.82285935069939142306 0.82956634558110209365
0.75944567182132216576 0.78496783066600561707
0.17764915107685397277 0.19509625681491071791
0.62508489034032510556 0.62753432486788762734
0.76995705472933051450 0.79564211265526696426
0.50805429911056809722 0.51556369084173003792
0.79476158146040321029 0.81529932380396252789
0.39405461991852874792 0.41028548122410291032
0.37027398756112339662 0.38194323404080976481
0.61267934399948065227 0.62441890538952860013
0.79936934359060130006 0.81780995041959991809
0.11180469058099515300 0.11589550180360866372
0.84181825837239465660 0.87822540891225908677
0.46870792243080766637 0.49957569556729392035
0.40347571609179305741 0.41220068524934777576
0.73968845314820164116 0.75478782930223686787
0.51445754550290156981 0.51903360227256756243
0.66355654265278607440 0.68649108148866111456
0.26265901015924159045 0.26471279938110808816
0.01597320441878739838 0.02138478185703147905
0.47103380444807518845 0.47952550443252450751
0.91408746459301293275 0.93353939626630866311
0.64821156599759288675 0.66236374101861450470
0.57061062058071965186 0.57671544030004950887
