0.08887482795622064780 0.79825229485906923355
0.08082396762100316212 0.79461957826763618407
0.10974826756228057978 0.80995328895931351099
0.09704105149319565415 0.78270823694685465188
0.93617539336354027579 0.94286076815073183166
0.02717681856530344831 0.04418080571703338066
0.48867389572754355020 0.50925392921088386000
0.65264886178226966251 0.67918176442999911302
0.26260448193225488511 0.28703935155136756086
0.75011340179290919572 0.76141393519029043624
0.87870453526476310913 0.89761155074517651187
0.68357876603238010293 0.68539398607586765610
0.51707998879909033985 0.53295536148008115784
0.08033432309162789886 0.08388732158711155462
0.81968035938068517510 0.83850366567077494473
0.00764169307052560073 0.04984658870724593960
0.59580592391162601196 0.61196976080502740736
0.57542711373957677878 0.59142874920364940650
0.28880449756119686011 0.30111439666950789995
0.70215752200045822295 0.72085547549334083595
0.80851701952607168966 0.82124293777478396539
0.68500090162641791292 0.69956561776064585256
0.23257680358011637023 0.23633494423040721233
0.03579039212217087484 0.03845585125864554865
0.28619281287572168049 0.29662733754850550971
0.01181714375875169559 0.01799763187747222687
0.45085971325075208105 0.45513704018616968350
0.55758211628291609596 0.57210359015769041147
0.09750463260142920585 0.11452733522362830432
0.61224264982066123331 0.61600532225286830368
0.29928001744157939346 0.31128700947790066689
0.64199295563669755982 0.64387563495061661545
0.32935083817745858248 0.37057981793350625033
0.06118062898587151716 0.06459175542904836698
0.72068244190300190244 0.73396364554787119072
0.34467580186533691711 0.37077752854978957009
0.32896629454833653528 0.34312716176365015697
0.74342706395889146531 0.78875978579418826175
0.94171882477664448086 0.96589186451896591468
0.98354526990820689836 0.98641560897765312443
0.00212419127792358789 0.02655766791284534453
0.46738185899740875007 0.47682879010463091740
0.92133979649684072388 0.92504815284298380629
0.74104891393805250033 0.75395856764078184042
0.35250807793977806393 0.35497570742360790019
0.59666515995037039399 0.60184527187125891334
0.16186560318909640199 0.19302782782692681773
0.32518027203270288839 0.34960299265366362453
0.32515733266467605755 0.34125065490099271148
0.21863387994544078441 0.25282352883108449859
0.72170711266328646527 0.74982977510884574190
0.79768302793053880162 0.79939540866587532886
0.82200189659662648012 0.83836848043328737745
0.32557164860876147694 0.37430173040455388955
