   1.3321810e-03
   4.6815770e-03
  -3.3405341e-03
  -3.9729771e-04
   2.4797076e-03
  -2.7287738e-06
  -5.3631353e-03
   7.8033137e-04
   1.7472498e-03
   1.4314534e-03
  -4.5911660e-04
   4.2958395e-03
   4.1055066e-03
   2.4264767e-03
   2.2534987e-03
   1.8838625e-03
  -1.5628104e-03
   2.7243858e-03
  -7.5894171e-03
  -9.4894084e-04
   9.5457566e-03
   1.5168774e-02
   2.1070855e-02
   2.1609651e-02
   1.3552404e-02
   2.0258730e-02
   3.1222700e-02
   1.6480011e-02
   1.7325288e-02
   1.5667600e-02
   1.9743929e-02
   1.2896754e-02
   1.4722684e-02
   1.6934384e-02
   1.8350118e-02
   1.8410337e-02
   2.0003689e-02
   1.5686401e-02
   3.1100995e-02
   1.6020211e-02
   7.4697533e-02
   6.8163871e-02
   5.4086711e-02
   6.0246028e-02
   6.7362360e-02
   5.9950077e-02
   3.6085508e-02
   6.4400999e-02
   6.4826692e-02
   6.3785085e-02
   6.4015218e-02
   5.8494313e-02
   6.8496000e-02
   6.2662380e-02
   6.1581171e-02
   5.4004205e-02
   6.7110499e-02
   5.2479789e-02
   6.7886637e-02
   1.3901069e-02
   1.0594628e-01
   1.0207756e-01
   1.2561421e-01
   1.1190837e-01
   1.0750544e-01
   1.1692339e-01
   1.4255623e-01
   1.1102529e-01
   1.0890118e-01
   1.0947993e-01
   1.0711558e-01
   1.2067647e-01
   1.0627999e-01
   1.1957609e-01
   1.0720822e-01
   1.4019723e-01
   8.8190180e-02
   1.5008264e-01
   7.4390605e-02
   1.8352028e-03
   1.4625187e-01
   2.1280027e-01
   1.6770808e-01
   1.8881313e-01
   2.1108389e-01
   1.6654717e-01
   1.3892314e-01
   1.7442324e-01
   2.1596620e-01
   1.9568318e-01
   2.0520379e-01
   1.6752574e-01
   1.9521870e-01
   1.7207575e-01
   1.9995355e-01
   1.1578372e-01
   2.3965666e-01
   1.4300504e-01
   1.6821657e-02
   0.0000000e+00
   2.1572150e-01
   3.1819831e-01
   8.1817411e-02
   3.0416327e-02
   9.7310250e-02
   2.9122564e-01
   2.9196904e-01
   2.8165956e-01
   1.6938438e-01
   4.8082238e-02
   4.6997483e-02
   2.2667796e-01
   2.9671951e-01
   1.1369518e-01
   2.8195503e-01
   2.1889190e-01
   1.9257733e-01
   4.4654641e-02
   1.9999845e-04
   0.0000000e+00
   1.7573272e-02
   2.4705762e-02
   5.6594448e-03
   3.1074823e-04
   2.0533286e-03
   1.1736238e-01
   2.2224437e-01
   8.0659813e-02
   1.5161532e-02
   1.1474435e-04
   6.8748368e-04
   1.7183742e-02
   2.1954633e-02
   6.6939589e-03
   6.0524883e-02
   4.1688722e-01
   2.7319780e-01
   4.7901622e-03
   3.5293258e-07
   0.0000000e+00
   0.0000000e+00
   0.0000000e+00
   0.0000000e+00
   0.0000000e+00
   9.5756634e-06
   1.0142695e-03
   1.8966185e-03
   2.0802368e-04
   0.0000000e+00
   0.0000000e+00
   0.0000000e+00
   0.0000000e+00
   0.0000000e+00
   0.0000000e+00
   5.6181743e-03
   6.4956669e-02
   4.1670594e-02
   6.8128456e-04
   0.0000000e+00
   0.0000000e+00
   0.0000000e+00
   0.0000000e+00
   0.0000000e+00
   0.0000000e+00
   0.0000000e+00
   0.0000000e+00
   0.0000000e+00
   0.0000000e+00
   0.0000000e+00
   0.0000000e+00
   0.0000000e+00
   0.0000000e+00
   0.0000000e+00
   0.0000000e+00
   0.0000000e+00
   0.0000000e+00
   0.0000000e+00
   0.0000000e+00
   0.0000000e+00
   0.0000000e+00
   0.0000000e+00
   0.0000000e+00
   0.0000000e+00
   0.0000000e+00
   0.0000000e+00
   0.0000000e+00
   0.0000000e+00
   0.0000000e+00
   0.0000000e+00
   0.0000000e+00
   0.0000000e+00
   0.0000000e+00
   0.0000000e+00
   0.0000000e+00
   0.0000000e+00
   0.0000000e+00
   0.0000000e+00
   0.0000000e+00
   0.0000000e+00
   0.0000000e+00
   0.0000000e+00
   0.0000000e+00
   0.0000000e+00
   0.0000000e+00
   0.0000000e+00
   0.0000000e+00
   0.0000000e+00
   0.0000000e+00
   0.0000000e+00
   0.0000000e+00
   0.0000000e+00
   0.0000000e+00
   0.0000000e+00
   0.0000000e+00
   0.0000000e+00
   0.0000000e+00
   0.0000000e+00
   0.0000000e+00
   0.0000000e+00
   0.0000000e+00
   0.0000000e+00
   0.0000000e+00
   0.0000000e+00
   0.0000000e+00
   0.0000000e+00
   0.0000000e+00
   0.0000000e+00
   0.0000000e+00
   0.0000000e+00
   0.0000000e+00
   0.0000000e+00
   0.0000000e+00
   0.0000000e+00
   0.0000000e+00
   0.0000000e+00
   0.0000000e+00
   0.0000000e+00
   0.0000000e+00
   0.0000000e+00
   0.0000000e+00
   0.0000000e+00
   0.0000000e+00
   0.0000000e+00
   0.0000000e+00
   0.0000000e+00
   0.0000000e+00
   0.0000000e+00
   0.0000000e+00
   0.0000000e+00
   0.0000000e+00
   0.0000000e+00
   0.0000000e+00
   0.0000000e+00
   0.0000000e+00
   0.0000000e+00
   0.0000000e+00
   0.0000000e+00
   0.0000000e+00
   0.0000000e+00
   0.0000000e+00
   0.0000000e+00
   0.0000000e+00
   0.0000000e+00
   0.0000000e+00
   0.0000000e+00
   0.0000000e+00
   0.0000000e+00
   0.0000000e+00
   0.0000000e+00
   0.0000000e+00
   0.0000000e+00
   0.0000000e+00
   0.0000000e+00
   0.0000000e+00
   0.0000000e+00
   0.0000000e+00
   0.0000000e+00
   0.0000000e+00
   0.0000000e+00
   0.0000000e+00
   0.0000000e+00
   0.0000000e+00
   0.0000000e+00
   0.0000000e+00
   0.0000000e+00
   0.0000000e+00
   0.0000000e+00
   0.0000000e+00
   0.0000000e+00
   0.0000000e+00
   0.0000000e+00
   0.0000000e+00
   0.0000000e+00
   0.0000000e+00
   0.0000000e+00
   0.0000000e+00
   0.0000000e+00
   0.0000000e+00
   0.0000000e+00
   0.0000000e+00
   0.0000000e+00
   0.0000000e+00
   0.0000000e+00
   0.0000000e+00
   0.0000000e+00
   0.0000000e+00
   0.0000000e+00
   0.0000000e+00
   0.0000000e+00
   0.0000000e+00
   0.0000000e+00
   0.0000000e+00
   0.0000000e+00
   0.0000000e+00
   0.0000000e+00
   0.0000000e+00
   0.0000000e+00
   0.0000000e+00
   0.0000000e+00
   0.0000000e+00
   0.0000000e+00
   0.0000000e+00
   0.0000000e+00
   0.0000000e+00
   0.0000000e+00
   0.0000000e+00
   0.0000000e+00
   0.0000000e+00
   0.0000000e+00
   0.0000000e+00
   0.0000000e+00
   0.0000000e+00
   0.0000000e+00
   0.0000000e+00
   0.0000000e+00
   0.0000000e+00
   0.0000000e+00
   0.0000000e+00
   0.0000000e+00
   0.0000000e+00
   0.0000000e+00
   0.0000000e+00
   0.0000000e+00
   0.0000000e+00
   0.0000000e+00
   0.0000000e+00
   0.0000000e+00
   0.0000000e+00
   0.0000000e+00
   0.0000000e+00
   0.0000000e+00
   0.0000000e+00
   0.0000000e+00
   0.0000000e+00
   0.0000000e+00
   0.0000000e+00
   0.0000000e+00
   0.0000000e+00
   0.0000000e+00
   0.0000000e+00
   0.0000000e+00
   0.0000000e+00
   0.0000000e+00
   0.0000000e+00
   0.0000000e+00
   0.0000000e+00
   0.0000000e+00
   0.0000000e+00
   0.0000000e+00
   0.0000000e+00
   0.0000000e+00
   0.0000000e+00
   0.0000000e+00
   0.0000000e+00
   0.0000000e+00
   0.0000000e+00
   0.0000000e+00
   0.0000000e+00
   0.0000000e+00
   0.0000000e+00
   0.0000000e+00
   0.0000000e+00
   0.0000000e+00
   0.0000000e+00
   0.0000000e+00
   0.0000000e+00
   0.0000000e+00
   0.0000000e+00
   0.0000000e+00
   0.0000000e+00
   0.0000000e+00
   0.0000000e+00
   0.0000000e+00
   0.0000000e+00
   0.0000000e+00
   0.0000000e+00
   0.0000000e+00
   0.0000000e+00
   0.0000000e+00
   0.0000000e+00
