   9.8634921e-04
  -5.6356243e-03
   6.6135496e-03
  -4.5946392e-03
   9.8239503e-03
   3.0484799e-03
   3.9016819e-03
  -2.2902259e-03
  -5.1982300e-04
   1.4807924e-04
   5.3638013e-03
  -1.0903069e-03
  -4.9281807e-04
   3.1270469e-04
  -2.0575294e-03
   5.5766732e-03
  -3.3933394e-03
   2.8132019e-03
  -5.9590657e-03
  -3.8980145e-04
   3.2191749e-02
   2.1941073e-02
   2.0399980e-02
   1.3605305e-02
   2.2584987e-02
   5.9362005e-04
   1.7507457e-02
   2.2481463e-02
   1.8904573e-02
   2.1369422e-02
   9.8388245e-03
   2.1427318e-02
   2.1435772e-02
   1.8152527e-02
   2.5710479e-02
   6.2375606e-03
   2.4615508e-02
   2.0631364e-02
   1.8996461e-02
   8.3128400e-03
   4.7258702e-02
   4.5008907e-02
   6.5942779e-02
   5.3835590e-02
   6.2380769e-02
   8.0910094e-02
   6.4723356e-02
   5.3386844e-02
   6.3055244e-02
   5.2543658e-02
   7.8150433e-02
   5.5078169e-02
   5.5904217e-02
   5.9718371e-02
   5.0582719e-02
   8.0740548e-02
   5.5326143e-02
   4.2778042e-02
   8.3165685e-02
   1.0436764e-02
   1.3206995e-01
   1.5145459e-01
   1.0207398e-01
   1.3025751e-01
   1.1058912e-01
   8.0229607e-02
   1.1677742e-01
   1.1560931e-01
   1.1473590e-01
   1.2785590e-01
   8.0807152e-02
   1.2982110e-01
   1.1389724e-01
   1.2675170e-01
   1.1218143e-01
   9.2783815e-02
   1.1046924e-01
   1.5586555e-01
   6.6206485e-02
   1.8648890e-03
   3.1447372e-02
   1.2025469e-01
   2.0223131e-01
   1.4592014e-01
   1.9395060e-01
   2.3925020e-01
   1.9058051e-01
   2.0850141e-01
   1.6923532e-01
   1.8780331e-01
   2.1077349e-01
   1.7389808e-01
   1.7107422e-01
   1.7803638e-01
   1.6896670e-01
   2.5670888e-01
   1.8684893e-01
   1.3601685e-01
   2.3233322e-02
   1.5431041e-06
   4.6056085e-06
   1.2901043e-01
   3.3063988e-01
   1.5793387e-01
   1.9086245e-01
   1.9386644e-01
   6.3555311e-02
   1.7231173e-02
   1.1588303e-02
   5.7939555e-02
   1.9077707e-01
   2.1504616e-01
   2.5976337e-01
   2.0424418e-01
   8.6639525e-02
   2.2443738e-01
   7.1947148e-02
   3.0084750e-03
   2.2791371e-04
   0.0000000e+00
   1.6870926e-09
   7.4035796e-03
   1.7833651e-02
   5.9378406e-03
   2.9544477e-03
   2.7469176e-03
   1.6958500e-04
   9.4411865e-07
   1.2090627e-07
   1.1874882e-04
   2.9311231e-03
   1.7884472e-01
   4.0838149e-01
   4.4709396e-01
   1.0777393e-01
   5.6732788e-03
   1.3102817e-03
   4.4754496e-06
   0.0000000e+00
   0.0000000e+00
   0.0000000e+00
   0.0000000e+00
   0.0000000e+00
   0.0000000e+00
   0.0000000e+00
   0.0000000e+00
   0.0000000e+00
   0.0000000e+00
   0.0000000e+00
   0.0000000e+00
   3.4280417e-04
   2.6455836e-02
   1.2840371e-01
   3.5936230e-01
   9.4230848e-02
   7.0609502e-07
   0.0000000e+00
   0.0000000e+00
   0.0000000e+00
   0.0000000e+00
   0.0000000e+00
   0.0000000e+00
   0.0000000e+00
   0.0000000e+00
   0.0000000e+00
   0.0000000e+00
   0.0000000e+00
   0.0000000e+00
   0.0000000e+00
   0.0000000e+00
   0.0000000e+00
   0.0000000e+00
   3.1312730e-03
   1.3298142e-02
   3.5295787e-03
   2.6448005e-08
   0.0000000e+00
   0.0000000e+00
   0.0000000e+00
   0.0000000e+00
   0.0000000e+00
   0.0000000e+00
   0.0000000e+00
   0.0000000e+00
   0.0000000e+00
   0.0000000e+00
   0.0000000e+00
   0.0000000e+00
   0.0000000e+00
   0.0000000e+00
   0.0000000e+00
   0.0000000e+00
   0.0000000e+00
   0.0000000e+00
   0.0000000e+00
   0.0000000e+00
   0.0000000e+00
   0.0000000e+00
   0.0000000e+00
   0.0000000e+00
   0.0000000e+00
   0.0000000e+00
   0.0000000e+00
   0.0000000e+00
   0.0000000e+00
   0.0000000e+00
   0.0000000e+00
   0.0000000e+00
   0.0000000e+00
   0.0000000e+00
   0.0000000e+00
   0.0000000e+00
   0.0000000e+00
   0.0000000e+00
   0.0000000e+00
   0.0000000e+00
   0.0000000e+00
   0.0000000e+00
   0.0000000e+00
   0.0000000e+00
   0.0000000e+00
   0.0000000e+00
   0.0000000e+00
   0.0000000e+00
   0.0000000e+00
   0.0000000e+00
   0.0000000e+00
   0.0000000e+00
   0.0000000e+00
   0.0000000e+00
   0.0000000e+00
   0.0000000e+00
   0.0000000e+00
   0.0000000e+00
   0.0000000e+00
   0.0000000e+00
   0.0000000e+00
   0.0000000e+00
   0.0000000e+00
   0.0000000e+00
   0.0000000e+00
   0.0000000e+00
   0.0000000e+00
   0.0000000e+00
   0.0000000e+00
   0.0000000e+00
   0.0000000e+00
   0.0000000e+00
   0.0000000e+00
   0.0000000e+00
   0.0000000e+00
   0.0000000e+00
   0.0000000e+00
   0.0000000e+00
   0.0000000e+00
   0.0000000e+00
   0.0000000e+00
   0.0000000e+00
   0.0000000e+00
   0.0000000e+00
   0.0000000e+00
   0.0000000e+00
   0.0000000e+00
   0.0000000e+00
   0.0000000e+00
   0.0000000e+00
   0.0000000e+00
   0.0000000e+00
   0.0000000e+00
   0.0000000e+00
   0.0000000e+00
   0.0000000e+00
   0.0000000e+00
   0.0000000e+00
   0.0000000e+00
   0.0000000e+00
   0.0000000e+00
   0.0000000e+00
   0.0000000e+00
   0.0000000e+00
   0.0000000e+00
   0.0000000e+00
   0.0000000e+00
   0.0000000e+00
   0.0000000e+00
   0.0000000e+00
   0.0000000e+00
   0.0000000e+00
   0.0000000e+00
   0.0000000e+00
   0.0000000e+00
   0.0000000e+00
   0.0000000e+00
   0.0000000e+00
   0.0000000e+00
   0.0000000e+00
   0.0000000e+00
   0.0000000e+00
   0.0000000e+00
   0.0000000e+00
   0.0000000e+00
   0.0000000e+00
   0.0000000e+00
   0.0000000e+00
   0.0000000e+00
   0.0000000e+00
   0.0000000e+00
   0.0000000e+00
   0.0000000e+00
   0.0000000e+00
   0.0000000e+00
   0.0000000e+00
   0.0000000e+00
   0.0000000e+00
   0.0000000e+00
   0.0000000e+00
   0.0000000e+00
   0.0000000e+00
   0.0000000e+00
   0.0000000e+00
   0.0000000e+00
   0.0000000e+00
   0.0000000e+00
   0.0000000e+00
   0.0000000e+00
   0.0000000e+00
   0.0000000e+00
   0.0000000e+00
   0.0000000e+00
   0.0000000e+00
   0.0000000e+00
   0.0000000e+00
   0.0000000e+00
   0.0000000e+00
   0.0000000e+00
   0.0000000e+00
   0.0000000e+00
   0.0000000e+00
   0.0000000e+00
   0.0000000e+00
   0.0000000e+00
   0.0000000e+00
   0.0000000e+00
   0.0000000e+00
   0.0000000e+00
   0.0000000e+00
   0.0000000e+00
   0.0000000e+00
   0.0000000e+00
   0.0000000e+00
   0.0000000e+00
   0.0000000e+00
   0.0000000e+00
   0.0000000e+00
   0.0000000e+00
   0.0000000e+00
   0.0000000e+00
   0.0000000e+00
   0.0000000e+00
   0.0000000e+00
   0.0000000e+00
   0.0000000e+00
   0.0000000e+00
   0.0000000e+00
   0.0000000e+00
   0.0000000e+00
   0.0000000e+00
   0.0000000e+00
   0.0000000e+00
   0.0000000e+00
   0.0000000e+00
   0.0000000e+00
   0.0000000e+00
   0.0000000e+00
   0.0000000e+00
   0.0000000e+00
   0.0000000e+00
   0.0000000e+00
   0.0000000e+00
   0.0000000e+00
   0.0000000e+00
   0.0000000e+00
   0.0000000e+00
   0.0000000e+00
   0.0000000e+00
   0.0000000e+00
   0.0000000e+00
   0.0000000e+00
   0.0000000e+00
   0.0000000e+00
   0.0000000e+00
   0.0000000e+00
   0.0000000e+00
   0.0000000e+00
   0.0000000e+00
   0.0000000e+00
   0.0000000e+00
   0.0000000e+00
   0.0000000e+00
   0.0000000e+00
