   1.7959971e-04
   4.5794072e-04
  -2.3985825e-04
  -4.3224921e-04
   3.1339018e-03
   7.3199448e-05
  -3.5323622e-04
   4.9640524e-03
   1.4413332e-03
   6.0525847e-04
   8.2891500e-04
  -6.8262250e-04
  -2.7041566e-03
  -8.1386758e-04
   9.2165419e-04
  -1.8467301e-04
   1.1744797e-04
   1.9785373e-03
   5.3625744e-03
  -4.6440591e-03
   1.9284296e-02
   1.8261233e-02
   2.1462770e-02
   1.8479007e-02
   8.8189892e-03
   2.1650108e-02
   1.9139048e-02
   1.3529351e-02
   2.2061973e-02
   1.8646141e-02
   1.8869848e-02
   2.1331094e-02
   2.5615116e-02
   1.7707952e-02
   2.6357238e-02
   1.6426404e-02
   2.1120443e-02
   1.1327944e-02
   3.5698484e-02
   2.3088911e-02
   5.9714173e-02
   5.9083726e-02
   5.6705988e-02
   6.2166638e-02
   7.4132466e-02
   5.6533725e-02
   5.8530186e-02
   7.1384089e-02
   4.9367941e-02
   6.0711333e-02
   5.9864559e-02
   5.4607976e-02
   4.4805012e-02
   6.5469406e-02
   4.8176229e-02
   6.1913846e-02
   6.3584741e-02
   5.6063004e-02
   5.0775651e-02
   8.6640613e-03
   1.1563652e-01
   1.2006179e-01
   1.1764970e-01
   1.1367436e-01
   9.4014159e-02
   1.2100039e-01
   1.1712060e-01
   9.9369781e-02
   1.3160794e-01
   1.1383481e-01
   1.1827905e-01
   1.2035955e-01
   1.3464246e-01
   1.1133039e-01
   1.2645448e-01
   1.2431182e-01
   9.0977837e-02
   1.6308179e-01
   6.5240342e-02
   6.6586667e-04
   1.8717458e-01
   1.6190834e-01
   1.8429297e-01
   1.9015870e-01
   2.3702174e-01
   1.6643639e-01
   1.8358724e-01
   2.0820979e-01
   1.5177535e-01
   1.6970204e-01
   1.8119455e-01
   1.6333551e-01
   1.5168176e-01
   1.8207905e-01
   1.6167133e-01
   1.6261618e-01
   2.2837914e-01
   1.4105630e-01
   1.3202902e-02
   8.9963327e-06
   1.2105206e-01
   3.7725883e-01
   1.8353834e-01
   5.7755362e-02
   2.0149118e-01
   1.1828288e-01
   1.1245334e-01
   2.2444534e-01
   2.7187909e-01
   2.5793181e-01
   2.4631825e-01
   2.7441826e-01
   3.2272269e-01
   2.2641907e-01
   2.6317695e-01
   2.8180886e-01
   4.8752143e-02
   1.4169064e-02
   5.6505922e-04
   0.0000000e+00
   6.2405830e-02
   3.5232452e-01
   1.7126494e-01
   1.5171984e-02
   2.4269808e-03
   1.4162534e-03
   1.1687580e-03
   7.0264591e-03
   2.0079935e-02
   2.1268515e-02
   2.5271765e-02
   4.2289134e-02
   9.3796098e-02
   6.8015415e-02
   2.5446966e-01
   2.4644328e-01
   9.7250056e-03
   0.0000000e+00
   0.0000000e+00
   0.0000000e+00
   3.0705498e-03
   1.7377067e-02
   8.4496372e-03
   7.3659979e-04
   0.0000000e+00
   0.0000000e+00
   0.0000000e+00
   0.0000000e+00
   0.0000000e+00
   0.0000000e+00
   0.0000000e+00
   1.4138446e-07
   1.6369270e-06
   3.6396248e-04
   7.3089327e-03
   6.7717719e-03
   2.5541840e-04
   0.0000000e+00
   0.0000000e+00
   0.0000000e+00
   0.0000000e+00
   0.0000000e+00
   0.0000000e+00
   0.0000000e+00
   0.0000000e+00
   0.0000000e+00
   0.0000000e+00
   0.0000000e+00
   0.0000000e+00
   0.0000000e+00
   0.0000000e+00
   0.0000000e+00
   0.0000000e+00
   0.0000000e+00
   0.0000000e+00
   0.0000000e+00
   0.0000000e+00
   0.0000000e+00
   0.0000000e+00
   0.0000000e+00
   0.0000000e+00
   0.0000000e+00
   0.0000000e+00
   0.0000000e+00
   0.0000000e+00
   0.0000000e+00
   0.0000000e+00
   0.0000000e+00
   0.0000000e+00
   0.0000000e+00
   0.0000000e+00
   0.0000000e+00
   0.0000000e+00
   0.0000000e+00
   0.0000000e+00
   0.0000000e+00
   0.0000000e+00
   0.0000000e+00
   0.0000000e+00
   0.0000000e+00
   0.0000000e+00
   0.0000000e+00
   0.0000000e+00
   0.0000000e+00
   0.0000000e+00
   0.0000000e+00
   0.0000000e+00
   0.0000000e+00
   0.0000000e+00
   0.0000000e+00
   0.0000000e+00
   0.0000000e+00
   0.0000000e+00
   0.0000000e+00
   0.0000000e+00
   0.0000000e+00
   0.0000000e+00
   0.0000000e+00
   0.0000000e+00
   0.0000000e+00
   0.0000000e+00
   0.0000000e+00
   0.0000000e+00
   0.0000000e+00
   0.0000000e+00
   0.0000000e+00
   0.0000000e+00
   0.0000000e+00
   0.0000000e+00
   0.0000000e+00
   0.0000000e+00
   0.0000000e+00
   0.0000000e+00
   0.0000000e+00
   0.0000000e+00
   0.0000000e+00
   0.0000000e+00
   0.0000000e+00
   0.0000000e+00
   0.0000000e+00
   0.0000000e+00
   0.0000000e+00
   0.0000000e+00
   0.0000000e+00
   0.0000000e+00
   0.0000000e+00
   0.0000000e+00
   0.0000000e+00
   0.0000000e+00
   0.0000000e+00
   0.0000000e+00
   0.0000000e+00
   0.0000000e+00
   0.0000000e+00
   0.0000000e+00
   0.0000000e+00
   0.0000000e+00
   0.0000000e+00
   0.0000000e+00
   0.0000000e+00
   0.0000000e+00
   0.0000000e+00
   0.0000000e+00
   0.0000000e+00
   0.0000000e+00
   0.0000000e+00
   0.0000000e+00
   0.0000000e+00
   0.0000000e+00
   0.0000000e+00
   0.0000000e+00
   0.0000000e+00
   0.0000000e+00
   0.0000000e+00
   0.0000000e+00
   0.0000000e+00
   0.0000000e+00
   0.0000000e+00
   0.0000000e+00
   0.0000000e+00
   0.0000000e+00
   0.0000000e+00
   0.0000000e+00
   0.0000000e+00
   0.0000000e+00
   0.0000000e+00
   0.0000000e+00
   0.0000000e+00
   0.0000000e+00
   0.0000000e+00
   0.0000000e+00
   0.0000000e+00
   0.0000000e+00
   0.0000000e+00
   0.0000000e+00
   0.0000000e+00
   0.0000000e+00
   0.0000000e+00
   0.0000000e+00
   0.0000000e+00
   0.0000000e+00
   0.0000000e+00
   0.0000000e+00
   0.0000000e+00
   0.0000000e+00
   0.0000000e+00
   0.0000000e+00
   0.0000000e+00
   0.0000000e+00
   0.0000000e+00
   0.0000000e+00
   0.0000000e+00
   0.0000000e+00
   0.0000000e+00
   0.0000000e+00
   0.0000000e+00
   0.0000000e+00
   0.0000000e+00
   0.0000000e+00
   0.0000000e+00
   0.0000000e+00
   0.0000000e+00
   0.0000000e+00
   0.0000000e+00
   0.0000000e+00
   0.0000000e+00
   0.0000000e+00
   0.0000000e+00
   0.0000000e+00
   0.0000000e+00
   0.0000000e+00
   0.0000000e+00
   0.0000000e+00
   0.0000000e+00
   0.0000000e+00
   0.0000000e+00
   0.0000000e+00
   0.0000000e+00
   0.0000000e+00
   0.0000000e+00
   0.0000000e+00
   0.0000000e+00
   0.0000000e+00
   0.0000000e+00
   0.0000000e+00
   0.0000000e+00
   0.0000000e+00
   0.0000000e+00
   0.0000000e+00
   0.0000000e+00
   0.0000000e+00
   0.0000000e+00
   0.0000000e+00
   0.0000000e+00
   0.0000000e+00
   0.0000000e+00
   0.0000000e+00
   0.0000000e+00
   0.0000000e+00
   0.0000000e+00
   0.0000000e+00
   0.0000000e+00
   0.0000000e+00
   0.0000000e+00
   0.0000000e+00
   0.0000000e+00
   0.0000000e+00
   0.0000000e+00
   0.0000000e+00
   0.0000000e+00
   0.0000000e+00
   0.0000000e+00
   0.0000000e+00
   0.0000000e+00
   0.0000000e+00
   0.0000000e+00
   0.0000000e+00
   0.0000000e+00
   0.0000000e+00
   0.0000000e+00
   0.0000000e+00
   0.0000000e+00
   0.0000000e+00
   0.0000000e+00
   0.0000000e+00
   0.0000000e+00
   0.0000000e+00
   0.0000000e+00
   0.0000000e+00
   0.0000000e+00
   0.0000000e+00
   0.0000000e+00
   0.0000000e+00
   0.0000000e+00
   0.0000000e+00
   0.0000000e+00
   0.0000000e+00
   0.0000000e+00
   0.0000000e+00
   0.0000000e+00
