  -2.6881744e-05
   3.4703326e-04
  -9.3046890e-04
  -8.2216656e-04
   5.6862931e-04
  -2.1753013e-03
   1.5124471e-03
  -4.4508378e-03
  -2.1212182e-03
   9.4972676e-04
   5.4171293e-04
  -1.2789101e-03
   3.9133033e-05
   2.4723408e-03
   3.7926946e-03
   4.2875532e-04
  -5.7017833e-04
   6.7097993e-03
  -1.1423464e-02
  -1.7586519e-03
  -3.3946642e-03
   1.2281440e-02
   2.9141565e-02
   1.8198965e-02
   1.7158873e-02
   2.7532607e-02
   2.3169135e-02
   2.1110140e-02
   2.3536243e-02
   1.9457034e-02
   1.3951450e-02
   2.3631822e-02
   1.6723603e-02
   1.7439670e-02
   1.9485458e-02
   1.3054191e-02
   2.6432084e-02
   1.6799077e-02
   3.8057556e-02
   2.9580442e-02
   7.8158593e-02
   5.7620393e-02
   4.6390410e-02
   6.0110469e-02
   6.2158377e-02
   4.3201471e-02
   5.5542089e-02
   5.2918438e-02
   5.9715127e-02
   5.1254018e-02
   7.6451911e-02
   5.0757071e-02
   6.6442235e-02
   5.8871883e-02
   5.9933341e-02
   7.1512620e-02
   4.7643226e-02
   3.8005039e-02
   3.7547868e-02
   1.7437675e-02
   1.1586894e-01
   1.2428382e-01
   1.4843759e-01
   1.0815424e-01
   1.2138832e-01
   1.4118699e-01
   1.2508409e-01
   1.2679001e-01
   1.1342149e-01
   1.3126136e-01
   9.0524181e-02
   9.5089020e-02
   1.1267234e-01
   1.2501283e-01
   1.0390519e-01
   1.0612679e-01
   1.1650873e-01
   1.8482079e-01
   3.4799781e-02
   1.5515863e-03
   8.1272471e-03
   1.9651989e-02
   1.3996275e-01
   2.0629466e-01
   1.3321117e-01
   6.8220422e-02
   1.3608842e-01
   1.5903616e-01
   1.8906443e-01
   1.4504527e-01
   2.2440370e-01
   2.0832309e-01
   1.9147077e-01
   1.6260324e-01
   1.6653200e-01
   2.3255193e-01
   1.3798017e-01
   7.7282144e-02
   1.1695543e-02
   0.0000000e+00
   0.0000000e+00
   3.8687360e-04
   4.8749784e-02
   2.6426645e-01
   3.4703675e-01
   1.1553256e-01
   3.5962903e-01
   2.0598419e-01
   3.4334628e-01
   1.4288060e-01
   7.0469490e-02
   6.9886151e-02
   1.6766269e-01
   3.6125870e-01
   2.5964179e-01
   3.8895872e-02
   1.1622312e-02
   1.7431506e-04
   1.7450552e-05
   0.0000000e+00
   0.0000000e+00
   0.0000000e+00
   2.9775602e-03
   2.6549934e-02
   5.6373768e-02
   3.9499000e-02
   2.2414921e-01
   2.4638902e-01
   3.1059362e-01
   6.3508497e-02
   4.4642987e-04
   3.3090915e-04
   8.4239300e-03
   9.8110227e-02
   8.0328855e-02
   2.4294827e-03
   0.0000000e+00
   0.0000000e+00
   0.0000000e+00
   0.0000000e+00
   0.0000000e+00
   0.0000000e+00
   0.0000000e+00
   0.0000000e+00
   0.0000000e+00
   5.0326943e-04
   4.4015690e-03
   1.0468005e-02
   1.5642228e-02
   1.7966339e-03
   1.1755796e-06
   0.0000000e+00
   3.8860085e-06
   6.5237446e-05
   5.4113333e-05
   1.6367813e-06
   0.0000000e+00
   0.0000000e+00
   0.0000000e+00
   0.0000000e+00
   0.0000000e+00
   0.0000000e+00
   0.0000000e+00
   0.0000000e+00
   0.0000000e+00
   0.0000000e+00
   0.0000000e+00
   0.0000000e+00
   0.0000000e+00
   0.0000000e+00
   0.0000000e+00
   0.0000000e+00
   0.0000000e+00
   0.0000000e+00
   0.0000000e+00
   0.0000000e+00
   0.0000000e+00
   0.0000000e+00
   0.0000000e+00
   0.0000000e+00
   0.0000000e+00
   0.0000000e+00
   0.0000000e+00
   0.0000000e+00
   0.0000000e+00
   0.0000000e+00
   0.0000000e+00
   0.0000000e+00
   0.0000000e+00
   0.0000000e+00
   0.0000000e+00
   0.0000000e+00
   0.0000000e+00
   0.0000000e+00
   0.0000000e+00
   0.0000000e+00
   0.0000000e+00
   0.0000000e+00
   0.0000000e+00
   0.0000000e+00
   0.0000000e+00
   0.0000000e+00
   0.0000000e+00
   0.0000000e+00
   0.0000000e+00
   0.0000000e+00
   0.0000000e+00
   0.0000000e+00
   0.0000000e+00
   0.0000000e+00
   0.0000000e+00
   0.0000000e+00
   0.0000000e+00
   0.0000000e+00
   0.0000000e+00
   0.0000000e+00
   0.0000000e+00
   0.0000000e+00
   0.0000000e+00
   0.0000000e+00
   0.0000000e+00
   0.0000000e+00
   0.0000000e+00
   0.0000000e+00
   0.0000000e+00
   0.0000000e+00
   0.0000000e+00
   0.0000000e+00
   0.0000000e+00
   0.0000000e+00
   0.0000000e+00
   0.0000000e+00
   0.0000000e+00
   0.0000000e+00
   0.0000000e+00
   0.0000000e+00
   0.0000000e+00
   0.0000000e+00
   0.0000000e+00
   0.0000000e+00
   0.0000000e+00
   0.0000000e+00
   0.0000000e+00
   0.0000000e+00
   0.0000000e+00
   0.0000000e+00
   0.0000000e+00
   0.0000000e+00
   0.0000000e+00
   0.0000000e+00
   0.0000000e+00
   0.0000000e+00
   0.0000000e+00
   0.0000000e+00
   0.0000000e+00
   0.0000000e+00
   0.0000000e+00
   0.0000000e+00
   0.0000000e+00
   0.0000000e+00
   0.0000000e+00
   0.0000000e+00
   0.0000000e+00
   0.0000000e+00
   0.0000000e+00
   0.0000000e+00
   0.0000000e+00
   0.0000000e+00
   0.0000000e+00
   0.0000000e+00
   0.0000000e+00
   0.0000000e+00
   0.0000000e+00
   0.0000000e+00
   0.0000000e+00
   0.0000000e+00
   0.0000000e+00
   0.0000000e+00
   0.0000000e+00
   0.0000000e+00
   0.0000000e+00
   0.0000000e+00
   0.0000000e+00
   0.0000000e+00
   0.0000000e+00
   0.0000000e+00
   0.0000000e+00
   0.0000000e+00
   0.0000000e+00
   0.0000000e+00
   0.0000000e+00
   0.0000000e+00
   0.0000000e+00
   0.0000000e+00
   0.0000000e+00
   0.0000000e+00
   0.0000000e+00
   0.0000000e+00
   0.0000000e+00
   0.0000000e+00
   0.0000000e+00
   0.0000000e+00
   0.0000000e+00
   0.0000000e+00
   0.0000000e+00
   0.0000000e+00
   0.0000000e+00
   0.0000000e+00
   0.0000000e+00
   0.0000000e+00
   0.0000000e+00
   0.0000000e+00
   0.0000000e+00
   0.0000000e+00
   0.0000000e+00
   0.0000000e+00
   0.0000000e+00
   0.0000000e+00
   0.0000000e+00
   0.0000000e+00
   0.0000000e+00
   0.0000000e+00
   0.0000000e+00
   0.0000000e+00
   0.0000000e+00
   0.0000000e+00
   0.0000000e+00
   0.0000000e+00
   0.0000000e+00
   0.0000000e+00
   0.0000000e+00
   0.0000000e+00
   0.0000000e+00
   0.0000000e+00
   0.0000000e+00
   0.0000000e+00
   0.0000000e+00
   0.0000000e+00
   0.0000000e+00
   0.0000000e+00
   0.0000000e+00
   0.0000000e+00
   0.0000000e+00
   0.0000000e+00
   0.0000000e+00
   0.0000000e+00
   0.0000000e+00
   0.0000000e+00
   0.0000000e+00
   0.0000000e+00
   0.0000000e+00
   0.0000000e+00
   0.0000000e+00
   0.0000000e+00
   0.0000000e+00
   0.0000000e+00
   0.0000000e+00
   0.0000000e+00
   0.0000000e+00
   0.0000000e+00
   0.0000000e+00
   0.0000000e+00
   0.0000000e+00
   0.0000000e+00
   0.0000000e+00
   0.0000000e+00
   0.0000000e+00
   0.0000000e+00
   0.0000000e+00
   0.0000000e+00
   0.0000000e+00
   0.0000000e+00
   0.0000000e+00
   0.0000000e+00
   0.0000000e+00
   0.0000000e+00
   0.0000000e+00
   0.0000000e+00
   0.0000000e+00
   0.0000000e+00
   0.0000000e+00
   0.0000000e+00
   0.0000000e+00
   0.0000000e+00
   0.0000000e+00
   0.0000000e+00
   0.0000000e+00
   0.0000000e+00
   0.0000000e+00
   0.0000000e+00
   0.0000000e+00
   0.0000000e+00
   0.0000000e+00
   0.0000000e+00
   0.0000000e+00
   0.0000000e+00
   0.0000000e+00
   0.0000000e+00
   0.0000000e+00
   0.0000000e+00
