  -3.3878465e-03
   3.8823070e-03
  -3.8689773e-03
   9.7086027e-03
   4.0698014e-03
  -3.1776289e-03
   1.5895820e-03
  -3.4264979e-03
   5.0297233e-03
   4.0388161e-03
  -2.1274878e-03
   3.3652734e-03
   2.1806398e-03
   4.2195686e-04
  -1.7047049e-03
   1.7038751e-03
  -4.3803271e-03
  -2.1465525e-03
   5.3344246e-03
   6.0055017e-03
   2.4553774e-02
   2.0221364e-02
   2.0220617e-02
   1.4036110e-02
   1.5684818e-02
   2.1836498e-02
   1.9032713e-02
   2.7296803e-02
   1.5762468e-02
   1.6527176e-02
   1.9322730e-02
   1.9073391e-02
   1.5985773e-02
   2.2414114e-02
   2.5366354e-02
   1.3616777e-02
   2.6118381e-02
   1.1069528e-02
   2.6529068e-02
   1.9057552e-02
   6.1923410e-02
   4.2897829e-02
   5.6490858e-02
   6.4568909e-02
   6.4633489e-02
   5.6583047e-02
   5.5890803e-02
   5.7106148e-02
   5.3503037e-02
   6.6114937e-02
   6.2886481e-02
   5.8070512e-02
   6.3615476e-02
   5.5185392e-02
   5.0365924e-02
   6.2729457e-02
   6.3725322e-02
   5.1560664e-02
   7.1157534e-02
   1.0095812e-02
   6.2409990e-02
   1.6905421e-01
   1.1658756e-01
   1.1263556e-01
   1.0545684e-01
   1.2309629e-01
   1.2433272e-01
   1.1693379e-01
   1.2688224e-01
   1.1159196e-01
   9.0138791e-02
   1.2640338e-01
   1.0880279e-01
   1.2440337e-01
   1.2715295e-01
   1.2571884e-01
   5.7469724e-02
   1.6862768e-01
   6.7116331e-02
   2.5511165e-03
   3.7498949e-02
   1.8165009e-01
   1.7032421e-01
   1.8450721e-01
   2.1071209e-01
   1.6536929e-01
   1.5032025e-01
   1.9104432e-01
   1.4729568e-01
   1.7097408e-01
   2.4070490e-01
   1.5502427e-01
   1.9585754e-01
   1.5313324e-01
   1.5518960e-01
   1.9544880e-01
   1.9234040e-01
   1.7182546e-01
   1.6351155e-02
   1.5614153e-05
   8.4398651e-04
   1.6796362e-01
   3.3900561e-01
   2.2411844e-01
   1.0861605e-01
   2.4519966e-01
   3.7194844e-01
   1.4617197e-01
   3.4177525e-01
   1.5341782e-01
   1.9736456e-01
   2.3263053e-01
   2.2654322e-01
   2.4482066e-01
   2.8612000e-01
   1.0980491e-01
   3.0751122e-01
   1.1854691e-01
   4.3118050e-04
   0.0000000e+00
   8.8760738e-06
   2.4620781e-02
   4.8912980e-02
   1.3226825e-02
   4.7093713e-03
   1.5261851e-01
   2.2693966e-01
   4.4290573e-02
   6.3467971e-02
   1.6205329e-02
   5.1053651e-02
   4.6348263e-01
   2.7658907e-01
   2.0911104e-01
   3.6067880e-01
   4.3234734e-02
   1.7769573e-02
   6.4309617e-03
   1.3386290e-05
   0.0000000e+00
   0.0000000e+00
   0.0000000e+00
   0.0000000e+00
   0.0000000e+00
   7.3475514e-05
   2.5628299e-03
   3.6009225e-03
   3.8606734e-04
   7.9953515e-08
   0.0000000e+00
   1.5601463e-02
   1.5651521e-01
   9.0414425e-02
   1.1595741e-02
   1.9162784e-02
   2.0380697e-03
   0.0000000e+00
   0.0000000e+00
   0.0000000e+00
   0.0000000e+00
   0.0000000e+00
   0.0000000e+00
   0.0000000e+00
   0.0000000e+00
   0.0000000e+00
   0.0000000e+00
   0.0000000e+00
   0.0000000e+00
   0.0000000e+00
   0.0000000e+00
   1.4196516e-05
   1.4242066e-04
   8.2174331e-05
   9.9269710e-07
   0.0000000e+00
   0.0000000e+00
   0.0000000e+00
   0.0000000e+00
   0.0000000e+00
   0.0000000e+00
   0.0000000e+00
   0.0000000e+00
   0.0000000e+00
   0.0000000e+00
   0.0000000e+00
   0.0000000e+00
   0.0000000e+00
   0.0000000e+00
   0.0000000e+00
   0.0000000e+00
   0.0000000e+00
   0.0000000e+00
   0.0000000e+00
   0.0000000e+00
   0.0000000e+00
   0.0000000e+00
   0.0000000e+00
   0.0000000e+00
   0.0000000e+00
   0.0000000e+00
   0.0000000e+00
   0.0000000e+00
   0.0000000e+00
   0.0000000e+00
   0.0000000e+00
   0.0000000e+00
   0.0000000e+00
   0.0000000e+00
   0.0000000e+00
   0.0000000e+00
   0.0000000e+00
   0.0000000e+00
   0.0000000e+00
   0.0000000e+00
   0.0000000e+00
   0.0000000e+00
   0.0000000e+00
   0.0000000e+00
   0.0000000e+00
   0.0000000e+00
   0.0000000e+00
   0.0000000e+00
   0.0000000e+00
   0.0000000e+00
   0.0000000e+00
   0.0000000e+00
   0.0000000e+00
   0.0000000e+00
   0.0000000e+00
   0.0000000e+00
   0.0000000e+00
   0.0000000e+00
   0.0000000e+00
   0.0000000e+00
   0.0000000e+00
   0.0000000e+00
   0.0000000e+00
   0.0000000e+00
   0.0000000e+00
   0.0000000e+00
   0.0000000e+00
   0.0000000e+00
   0.0000000e+00
   0.0000000e+00
   0.0000000e+00
   0.0000000e+00
   0.0000000e+00
   0.0000000e+00
   0.0000000e+00
   0.0000000e+00
   0.0000000e+00
   0.0000000e+00
   0.0000000e+00
   0.0000000e+00
   0.0000000e+00
   0.0000000e+00
   0.0000000e+00
   0.0000000e+00
   0.0000000e+00
   0.0000000e+00
   0.0000000e+00
   0.0000000e+00
   0.0000000e+00
   0.0000000e+00
   0.0000000e+00
   0.0000000e+00
   0.0000000e+00
   0.0000000e+00
   0.0000000e+00
   0.0000000e+00
   0.0000000e+00
   0.0000000e+00
   0.0000000e+00
   0.0000000e+00
   0.0000000e+00
   0.0000000e+00
   0.0000000e+00
   0.0000000e+00
   0.0000000e+00
   0.0000000e+00
   0.0000000e+00
   0.0000000e+00
   0.0000000e+00
   0.0000000e+00
   0.0000000e+00
   0.0000000e+00
   0.0000000e+00
   0.0000000e+00
   0.0000000e+00
   0.0000000e+00
   0.0000000e+00
   0.0000000e+00
   0.0000000e+00
   0.0000000e+00
   0.0000000e+00
   0.0000000e+00
   0.0000000e+00
   0.0000000e+00
   0.0000000e+00
   0.0000000e+00
   0.0000000e+00
   0.0000000e+00
   0.0000000e+00
   0.0000000e+00
   0.0000000e+00
   0.0000000e+00
   0.0000000e+00
   0.0000000e+00
   0.0000000e+00
   0.0000000e+00
   0.0000000e+00
   0.0000000e+00
   0.0000000e+00
   0.0000000e+00
   0.0000000e+00
   0.0000000e+00
   0.0000000e+00
   0.0000000e+00
   0.0000000e+00
   0.0000000e+00
   0.0000000e+00
   0.0000000e+00
   0.0000000e+00
   0.0000000e+00
   0.0000000e+00
   0.0000000e+00
   0.0000000e+00
   0.0000000e+00
   0.0000000e+00
   0.0000000e+00
   0.0000000e+00
   0.0000000e+00
   0.0000000e+00
   0.0000000e+00
   0.0000000e+00
   0.0000000e+00
   0.0000000e+00
   0.0000000e+00
   0.0000000e+00
   0.0000000e+00
   0.0000000e+00
   0.0000000e+00
   0.0000000e+00
   0.0000000e+00
   0.0000000e+00
   0.0000000e+00
   0.0000000e+00
   0.0000000e+00
   0.0000000e+00
   0.0000000e+00
   0.0000000e+00
   0.0000000e+00
   0.0000000e+00
   0.0000000e+00
   0.0000000e+00
   0.0000000e+00
   0.0000000e+00
   0.0000000e+00
   0.0000000e+00
   0.0000000e+00
   0.0000000e+00
   0.0000000e+00
   0.0000000e+00
   0.0000000e+00
   0.0000000e+00
   0.0000000e+00
   0.0000000e+00
   0.0000000e+00
   0.0000000e+00
   0.0000000e+00
   0.0000000e+00
   0.0000000e+00
   0.0000000e+00
   0.0000000e+00
   0.0000000e+00
   0.0000000e+00
   0.0000000e+00
   0.0000000e+00
   0.0000000e+00
   0.0000000e+00
   0.0000000e+00
   0.0000000e+00
   0.0000000e+00
   0.0000000e+00
   0.0000000e+00
   0.0000000e+00
   0.0000000e+00
   0.0000000e+00
   0.0000000e+00
   0.0000000e+00
   0.0000000e+00
   0.0000000e+00
   0.0000000e+00
   0.0000000e+00
   0.0000000e+00
   0.0000000e+00
   0.0000000e+00
   0.0000000e+00
   0.0000000e+00
   0.0000000e+00
