  -2.7001083e-03
   1.5070850e-03
  -4.2746238e-03
   1.7225115e-03
   4.9243322e-03
   2.3676731e-03
   2.6974183e-03
  -4.0915655e-03
  -7.2151162e-05
   6.6333562e-04
  -7.9299229e-04
  -9.8881972e-04
   5.8896434e-03
  -2.6867600e-03
   1.0341461e-03
  -1.2393889e-03
   5.9007128e-03
  -7.4122447e-03
  -1.3244972e-02
   2.0183731e-03
   1.7768978e-02
   2.3705396e-02
   2.3692110e-02
   1.8625052e-02
   1.7437770e-02
   1.6231129e-02
   2.0145152e-02
   2.3361679e-02
   2.0615968e-02
   1.6963206e-02
   2.1275287e-02
   2.0970395e-02
   1.4711867e-02
   1.9525431e-02
   1.9869544e-02
   2.2066478e-02
   6.0660236e-03
   1.1839941e-02
   3.9401071e-02
   3.2218836e-02
   7.0157247e-02
   4.6910719e-02
   5.7666221e-02
   5.6847745e-02
   6.3522623e-02
   6.2190643e-02
   5.6245575e-02
   5.1838987e-02
   5.9078257e-02
   6.0723551e-02
   6.0508664e-02
   5.2741091e-02
   6.7691692e-02
   5.9809668e-02
   4.8377096e-02
   6.6655593e-02
   6.7714296e-02
   8.0005404e-02
   3.0305316e-02
   1.4466401e-02
   8.2790024e-02
   1.4452851e-01
   1.1415192e-01
   1.2348147e-01
   1.1083825e-01
   1.0915069e-01
   1.3197637e-01
   1.2227104e-01
   1.1723358e-01
   1.1928585e-01
   1.0663657e-01
   1.2741402e-01
   1.0657068e-01
   1.1568694e-01
   1.3473770e-01
   9.9162216e-02
   1.1647281e-01
   8.5606313e-02
   4.5113124e-03
   1.0730086e-03
   4.7269552e-02
   2.1562817e-01
   1.6066300e-01
   1.6296146e-01
   2.0335519e-01
   1.8319859e-01
   1.3915032e-01
   1.8777977e-01
   1.6760441e-01
   1.7407404e-01
   1.9876276e-01
   1.6298260e-01
   1.8922926e-01
   1.9132147e-01
   1.3709248e-01
   2.0438388e-01
   2.1204000e-01
   1.4506167e-02
   7.1151911e-05
   0.0000000e+00
   1.4710831e-01
   1.9325747e-01
   2.4103656e-01
   3.1747184e-01
   1.5004722e-01
   2.1061576e-01
   3.6166401e-01
   8.8696430e-02
   2.6897294e-01
   2.7467518e-01
   1.6115063e-01
   2.0672814e-01
   2.4785084e-01
   1.5750883e-01
   3.3630508e-01
   2.4480040e-01
   1.7389003e-01
   7.3147570e-03
   0.0000000e+00
   0.0000000e+00
   3.9693007e-01
   3.7342618e-01
   8.1741990e-02
   4.0949553e-02
   5.4429537e-03
   1.3397558e-01
   3.2028497e-01
   4.9021093e-02
   2.5677162e-02
   2.0275581e-02
   1.5216406e-01
   4.9408994e-01
   1.0869959e-01
   1.9130588e-02
   6.4519849e-02
   1.9359558e-02
   4.6887473e-03
   1.9686135e-04
   0.0000000e+00
   0.0000000e+00
   7.0736136e-02
   6.6203541e-02
   8.7481241e-03
   2.3990000e-04
   1.7892538e-05
   5.3145267e-03
   1.2709395e-02
   1.8599619e-03
   0.0000000e+00
   1.0557614e-05
   4.3561713e-02
   1.4287218e-01
   2.9245793e-02
   0.0000000e+00
   0.0000000e+00
   0.0000000e+00
   0.0000000e+00
   0.0000000e+00
   0.0000000e+00
   0.0000000e+00
   0.0000000e+00
   0.0000000e+00
   0.0000000e+00
   0.0000000e+00
   0.0000000e+00
   0.0000000e+00
   0.0000000e+00
   0.0000000e+00
   0.0000000e+00
   1.1891417e-09
   4.9065109e-06
   1.6092202e-05
   3.2940579e-06
   0.0000000e+00
   0.0000000e+00
   0.0000000e+00
   0.0000000e+00
   0.0000000e+00
   0.0000000e+00
   0.0000000e+00
   0.0000000e+00
   0.0000000e+00
   0.0000000e+00
   0.0000000e+00
   0.0000000e+00
   0.0000000e+00
   0.0000000e+00
   0.0000000e+00
   0.0000000e+00
   0.0000000e+00
   0.0000000e+00
   0.0000000e+00
   0.0000000e+00
   0.0000000e+00
   0.0000000e+00
   0.0000000e+00
   0.0000000e+00
   0.0000000e+00
   0.0000000e+00
   0.0000000e+00
   0.0000000e+00
   0.0000000e+00
   0.0000000e+00
   0.0000000e+00
   0.0000000e+00
   0.0000000e+00
   0.0000000e+00
   0.0000000e+00
   0.0000000e+00
   0.0000000e+00
   0.0000000e+00
   0.0000000e+00
   0.0000000e+00
   0.0000000e+00
   0.0000000e+00
   0.0000000e+00
   0.0000000e+00
   0.0000000e+00
   0.0000000e+00
   0.0000000e+00
   0.0000000e+00
   0.0000000e+00
   0.0000000e+00
   0.0000000e+00
   0.0000000e+00
   0.0000000e+00
   0.0000000e+00
   0.0000000e+00
   0.0000000e+00
   0.0000000e+00
   0.0000000e+00
   0.0000000e+00
   0.0000000e+00
   0.0000000e+00
   0.0000000e+00
   0.0000000e+00
   0.0000000e+00
   0.0000000e+00
   0.0000000e+00
   0.0000000e+00
   0.0000000e+00
   0.0000000e+00
   0.0000000e+00
   0.0000000e+00
   0.0000000e+00
   0.0000000e+00
   0.0000000e+00
   0.0000000e+00
   0.0000000e+00
   0.0000000e+00
   0.0000000e+00
   0.0000000e+00
   0.0000000e+00
   0.0000000e+00
   0.0000000e+00
   0.0000000e+00
   0.0000000e+00
   0.0000000e+00
   0.0000000e+00
   0.0000000e+00
   0.0000000e+00
   0.0000000e+00
   0.0000000e+00
   0.0000000e+00
   0.0000000e+00
   0.0000000e+00
   0.0000000e+00
   0.0000000e+00
   0.0000000e+00
   0.0000000e+00
   0.0000000e+00
   0.0000000e+00
   0.0000000e+00
   0.0000000e+00
   0.0000000e+00
   0.0000000e+00
   0.0000000e+00
   0.0000000e+00
   0.0000000e+00
   0.0000000e+00
   0.0000000e+00
   0.0000000e+00
   0.0000000e+00
   0.0000000e+00
   0.0000000e+00
   0.0000000e+00
   0.0000000e+00
   0.0000000e+00
   0.0000000e+00
   0.0000000e+00
   0.0000000e+00
   0.0000000e+00
   0.0000000e+00
   0.0000000e+00
   0.0000000e+00
   0.0000000e+00
   0.0000000e+00
   0.0000000e+00
   0.0000000e+00
   0.0000000e+00
   0.0000000e+00
   0.0000000e+00
   0.0000000e+00
   0.0000000e+00
   0.0000000e+00
   0.0000000e+00
   0.0000000e+00
   0.0000000e+00
   0.0000000e+00
   0.0000000e+00
   0.0000000e+00
   0.0000000e+00
   0.0000000e+00
   0.0000000e+00
   0.0000000e+00
   0.0000000e+00
   0.0000000e+00
   0.0000000e+00
   0.0000000e+00
   0.0000000e+00
   0.0000000e+00
   0.0000000e+00
   0.0000000e+00
   0.0000000e+00
   0.0000000e+00
   0.0000000e+00
   0.0000000e+00
   0.0000000e+00
   0.0000000e+00
   0.0000000e+00
   0.0000000e+00
   0.0000000e+00
   0.0000000e+00
   0.0000000e+00
   0.0000000e+00
   0.0000000e+00
   0.0000000e+00
   0.0000000e+00
   0.0000000e+00
   0.0000000e+00
   0.0000000e+00
   0.0000000e+00
   0.0000000e+00
   0.0000000e+00
   0.0000000e+00
   0.0000000e+00
   0.0000000e+00
   0.0000000e+00
   0.0000000e+00
   0.0000000e+00
   0.0000000e+00
   0.0000000e+00
   0.0000000e+00
   0.0000000e+00
   0.0000000e+00
   0.0000000e+00
   0.0000000e+00
   0.0000000e+00
   0.0000000e+00
   0.0000000e+00
   0.0000000e+00
   0.0000000e+00
   0.0000000e+00
   0.0000000e+00
   0.0000000e+00
   0.0000000e+00
   0.0000000e+00
   0.0000000e+00
   0.0000000e+00
   0.0000000e+00
   0.0000000e+00
   0.0000000e+00
   0.0000000e+00
   0.0000000e+00
   0.0000000e+00
   0.0000000e+00
   0.0000000e+00
   0.0000000e+00
   0.0000000e+00
   0.0000000e+00
   0.0000000e+00
   0.0000000e+00
   0.0000000e+00
   0.0000000e+00
   0.0000000e+00
   0.0000000e+00
   0.0000000e+00
   0.0000000e+00
   0.0000000e+00
   0.0000000e+00
   0.0000000e+00
   0.0000000e+00
   0.0000000e+00
   0.0000000e+00
   0.0000000e+00
   0.0000000e+00
   0.0000000e+00
   0.0000000e+00
   0.0000000e+00
   0.0000000e+00
