  -5.8687471e-05
   7.0752525e-03
  -2.1006366e-04
   3.1440520e-05
  -6.2608617e-03
  -1.0053586e-03
   4.9079299e-03
  -1.9348747e-03
   8.5908906e-04
  -2.8068026e-03
   2.0543884e-03
  -9.0730822e-04
   1.3250883e-03
   1.9473062e-04
   7.8201478e-04
  -2.0600635e-03
   9.0071738e-03
  -3.9893422e-03
   6.8864841e-04
   4.7502891e-03
   5.9097835e-03
   2.2369687e-02
   1.0120439e-02
   3.0170101e-02
   2.3124367e-02
   2.2250132e-02
   1.2126380e-02
   2.2518031e-02
   1.9671057e-02
   2.2937871e-02
   1.6008645e-02
   2.1962340e-02
   1.7282881e-02
   1.8616021e-02
   1.7438141e-02
   2.1796414e-02
   1.3606091e-02
   1.4701005e-02
   3.3262914e-02
   2.1627903e-02
   5.2121752e-02
   5.7351418e-02
   7.2290891e-02
   3.7403163e-02
   5.5703624e-02
   5.0923944e-02
   7.4020785e-02
   5.4597367e-02
   5.3928295e-02
   5.4474029e-02
   6.5265696e-02
   5.3611294e-02
   6.3196427e-02
   6.2946295e-02
   6.2951532e-02
   5.7254323e-02
   6.2656796e-02
   8.5620151e-02
   1.8813857e-02
   6.4369070e-03
   1.4366476e-01
   1.2015768e-01
   1.0556696e-01
   1.3553311e-01
   1.5387315e-01
   1.1049465e-01
   1.0876462e-01
   1.1366333e-01
   1.4761229e-01
   1.1568782e-01
   1.0881888e-01
   1.2775632e-01
   1.0753298e-01
   1.0867867e-01
   1.1419302e-01
   1.1209405e-01
   1.2301257e-01
   7.6891988e-02
   3.8375760e-03
   3.3766707e-04
   3.9155222e-02
   1.7972711e-01
   1.9272537e-01
   1.4822963e-01
   9.2699029e-02
   1.9055679e-01
   1.9083072e-01
   1.9971968e-01
   9.8363963e-02
   1.7667071e-01
   2.0816034e-01
   1.3762362e-01
   2.1539812e-01
   2.3435667e-01
   1.6664104e-01
   2.3052905e-01
   1.0855196e-01
   4.4903505e-03
   8.6248667e-05
   0.0000000e+00
   3.5977486e-02
   3.4683194e-01
   2.3075415e-01
   2.8534861e-02
   4.9790720e-03
   1.7289210e-01
   3.3633328e-01
   6.4690241e-02
   5.6197759e-03
   3.1159991e-02
   2.0859946e-01
   3.0113918e-01
   1.7274198e-01
   2.3563104e-01
   1.1946402e-01
   3.3502488e-01
   1.9764734e-01
   4.0052231e-03
   0.0000000e+00
   0.0000000e+00
   5.7083717e-03
   5.4437791e-02
   3.4866088e-02
   3.8014963e-03
   1.2825802e-04
   2.2596095e-02
   4.9947469e-02
   1.2871906e-01
   2.0598152e-01
   2.0518945e-02
   1.6368673e-01
   3.6599475e-01
   5.6523022e-02
   1.1985010e-02
   5.4218923e-03
   3.8778228e-02
   2.6330480e-02
   5.3679801e-04
   0.0000000e+00
   0.0000000e+00
   0.0000000e+00
   0.0000000e+00
   0.0000000e+00
   0.0000000e+00
   0.0000000e+00
   0.0000000e+00
   4.4722949e-03
   3.3787733e-01
   5.6817094e-01
   5.4503557e-02
   7.7163490e-03
   1.7319178e-02
   2.3594425e-03
   0.0000000e+00
   0.0000000e+00
   0.0000000e+00
   0.0000000e+00
   0.0000000e+00
   0.0000000e+00
   0.0000000e+00
   0.0000000e+00
   0.0000000e+00
   0.0000000e+00
   0.0000000e+00
   0.0000000e+00
   0.0000000e+00
   7.6455219e-04
   5.7761140e-02
   9.7130522e-02
   9.3114911e-03
   0.0000000e+00
   0.0000000e+00
   0.0000000e+00
   0.0000000e+00
   0.0000000e+00
   0.0000000e+00
   0.0000000e+00
   0.0000000e+00
   0.0000000e+00
   0.0000000e+00
   0.0000000e+00
   0.0000000e+00
   0.0000000e+00
   0.0000000e+00
   0.0000000e+00
   0.0000000e+00
   0.0000000e+00
   0.0000000e+00
   0.0000000e+00
   0.0000000e+00
   0.0000000e+00
   0.0000000e+00
   0.0000000e+00
   0.0000000e+00
   0.0000000e+00
   0.0000000e+00
   0.0000000e+00
   0.0000000e+00
   0.0000000e+00
   0.0000000e+00
   0.0000000e+00
   0.0000000e+00
   0.0000000e+00
   0.0000000e+00
   0.0000000e+00
   0.0000000e+00
   0.0000000e+00
   0.0000000e+00
   0.0000000e+00
   0.0000000e+00
   0.0000000e+00
   0.0000000e+00
   0.0000000e+00
   0.0000000e+00
   0.0000000e+00
   0.0000000e+00
   0.0000000e+00
   0.0000000e+00
   0.0000000e+00
   0.0000000e+00
   0.0000000e+00
   0.0000000e+00
   0.0000000e+00
   0.0000000e+00
   0.0000000e+00
   0.0000000e+00
   0.0000000e+00
   0.0000000e+00
   0.0000000e+00
   0.0000000e+00
   0.0000000e+00
   0.0000000e+00
   0.0000000e+00
   0.0000000e+00
   0.0000000e+00
   0.0000000e+00
   0.0000000e+00
   0.0000000e+00
   0.0000000e+00
   0.0000000e+00
   0.0000000e+00
   0.0000000e+00
   0.0000000e+00
   0.0000000e+00
   0.0000000e+00
   0.0000000e+00
   0.0000000e+00
   0.0000000e+00
   0.0000000e+00
   0.0000000e+00
   0.0000000e+00
   0.0000000e+00
   0.0000000e+00
   0.0000000e+00
   0.0000000e+00
   0.0000000e+00
   0.0000000e+00
   0.0000000e+00
   0.0000000e+00
   0.0000000e+00
   0.0000000e+00
   0.0000000e+00
   0.0000000e+00
   0.0000000e+00
   0.0000000e+00
   0.0000000e+00
   0.0000000e+00
   0.0000000e+00
   0.0000000e+00
   0.0000000e+00
   0.0000000e+00
   0.0000000e+00
   0.0000000e+00
   0.0000000e+00
   0.0000000e+00
   0.0000000e+00
   0.0000000e+00
   0.0000000e+00
   0.0000000e+00
   0.0000000e+00
   0.0000000e+00
   0.0000000e+00
   0.0000000e+00
   0.0000000e+00
   0.0000000e+00
   0.0000000e+00
   0.0000000e+00
   0.0000000e+00
   0.0000000e+00
   0.0000000e+00
   0.0000000e+00
   0.0000000e+00
   0.0000000e+00
   0.0000000e+00
   0.0000000e+00
   0.0000000e+00
   0.0000000e+00
   0.0000000e+00
   0.0000000e+00
   0.0000000e+00
   0.0000000e+00
   0.0000000e+00
   0.0000000e+00
   0.0000000e+00
   0.0000000e+00
   0.0000000e+00
   0.0000000e+00
   0.0000000e+00
   0.0000000e+00
   0.0000000e+00
   0.0000000e+00
   0.0000000e+00
   0.0000000e+00
   0.0000000e+00
   0.0000000e+00
   0.0000000e+00
   0.0000000e+00
   0.0000000e+00
   0.0000000e+00
   0.0000000e+00
   0.0000000e+00
   0.0000000e+00
   0.0000000e+00
   0.0000000e+00
   0.0000000e+00
   0.0000000e+00
   0.0000000e+00
   0.0000000e+00
   0.0000000e+00
   0.0000000e+00
   0.0000000e+00
   0.0000000e+00
   0.0000000e+00
   0.0000000e+00
   0.0000000e+00
   0.0000000e+00
   0.0000000e+00
   0.0000000e+00
   0.0000000e+00
   0.0000000e+00
   0.0000000e+00
   0.0000000e+00
   0.0000000e+00
   0.0000000e+00
   0.0000000e+00
   0.0000000e+00
   0.0000000e+00
   0.0000000e+00
   0.0000000e+00
   0.0000000e+00
   0.0000000e+00
   0.0000000e+00
   0.0000000e+00
   0.0000000e+00
   0.0000000e+00
   0.0000000e+00
   0.0000000e+00
   0.0000000e+00
   0.0000000e+00
   0.0000000e+00
   0.0000000e+00
   0.0000000e+00
   0.0000000e+00
   0.0000000e+00
   0.0000000e+00
   0.0000000e+00
   0.0000000e+00
   0.0000000e+00
   0.0000000e+00
   0.0000000e+00
   0.0000000e+00
   0.0000000e+00
   0.0000000e+00
   0.0000000e+00
   0.0000000e+00
   0.0000000e+00
   0.0000000e+00
   0.0000000e+00
   0.0000000e+00
   0.0000000e+00
   0.0000000e+00
   0.0000000e+00
   0.0000000e+00
   0.0000000e+00
   0.0000000e+00
   0.0000000e+00
   0.0000000e+00
   0.0000000e+00
   0.0000000e+00
   0.0000000e+00
   0.0000000e+00
   0.0000000e+00
   0.0000000e+00
   0.0000000e+00
   0.0000000e+00
   0.0000000e+00
   0.0000000e+00
   0.0000000e+00
   0.0000000e+00
   0.0000000e+00
