  -9.6498765e-04
  -7.8902618e-04
  -9.0542286e-04
   5.6476762e-03
  -2.9217977e-04
  -1.0277328e-03
   5.9769572e-03
  -1.9722554e-03
   4.4376303e-04
  -2.2527621e-04
   5.7939419e-05
  -3.5133284e-04
   9.2538686e-04
   6.1389579e-04
  -2.5455395e-03
   4.2543662e-03
   1.7919950e-04
  -1.3527414e-03
   5.7172137e-04
   9.9997553e-04
   2.1287224e-02
   1.9348797e-02
   2.1590016e-02
   1.0295531e-02
   2.2089130e-02
   1.8489104e-02
   1.4445233e-02
   2.2229463e-02
   2.0798900e-02
   2.0060438e-02
   1.9271569e-02
   2.0265402e-02
   1.7420210e-02
   1.7473688e-02
   2.4576419e-02
   1.3954771e-02
   1.7917403e-02
   2.2033052e-02
   1.9199662e-02
   3.9399122e-03
   5.9668121e-02
   4.9361381e-02
   5.9179411e-02
   7.4072709e-02
   5.2364867e-02
   6.3722611e-02
   6.1580196e-02
   5.5538894e-02
   5.6738356e-02
   5.6382396e-02
   6.1674285e-02
   5.7503463e-02
   6.3370447e-02
   6.0965792e-02
   5.4876495e-02
   6.3253109e-02
   6.9947111e-02
   4.1029290e-02
   9.0048803e-02
   1.3543730e-02
   1.1799479e-01
   1.2646139e-01
   1.2026394e-01
   9.8374856e-02
   1.2763085e-01
   1.0862294e-01
   1.1627189e-01
   1.2403674e-01
   1.1904002e-01
   1.2408502e-01
   1.1048210e-01
   1.2159442e-01
   1.0596946e-01
   1.1878273e-01
   1.1847003e-01
   1.1755244e-01
   9.9434827e-02
   1.4381447e-01
   7.3790029e-02
   5.0064339e-03
   1.9664112e-01
   1.3218939e-01
   1.9049188e-01
   2.0895738e-01
   1.5672826e-01
   1.8185416e-01
   1.8031880e-01
   1.6645232e-01
   1.6725594e-01
   1.6523908e-01
   2.0356578e-01
   1.7582505e-01
   1.9322866e-01
   1.6955150e-01
   1.7921786e-01
   1.7731118e-01
   1.9827745e-01
   1.7828084e-01
   2.8707441e-02
   3.3806294e-06
   3.5403177e-01
   7.7239626e-02
   5.0654069e-02
   1.7200224e-01
   2.8152188e-01
   2.4226865e-01
   2.4557560e-01
   2.3519684e-01
   2.8396262e-01
   9.9657825e-02
   1.5145384e-02
   4.2208869e-02
   2.3570919e-01
   2.6280535e-01
   2.0153504e-01
   2.6196691e-01
   1.0897856e-01
   1.1424755e-02
   5.4130641e-04
   0.0000000e+00
   1.5864533e-01
   2.8481269e-02
   1.1462026e-03
   1.5990311e-01
   4.2146334e-01
   8.1399141e-02
   4.1294791e-02
   2.7201316e-01
   3.3886826e-01
   4.4857978e-02
   2.0872692e-05
   9.4183498e-04
   8.9186675e-03
   9.7910494e-02
   4.6736813e-01
   3.1893962e-01
   1.7106219e-02
   9.6586597e-07
   0.0000000e+00
   0.0000000e+00
   1.0432924e-03
   1.8729982e-04
   3.9297302e-05
   1.7301293e-02
   4.5433824e-02
   7.3682617e-03
   1.1565000e-01
   5.9362261e-01
   2.2492135e-01
   6.5537448e-03
   0.0000000e+00
   0.0000000e+00
   1.0934449e-05
   1.4450701e-02
   2.0431573e-01
   1.5367048e-01
   3.7681871e-03
   0.0000000e+00
   0.0000000e+00
   0.0000000e+00
   0.0000000e+00
   0.0000000e+00
   0.0000000e+00
   0.0000000e+00
   0.0000000e+00
   0.0000000e+00
   4.4210883e-02
   2.1880705e-01
   6.7568963e-02
   1.9530553e-05
   0.0000000e+00
   0.0000000e+00
   0.0000000e+00
   1.1528819e-04
   1.6716865e-03
   1.2601081e-03
   3.0905697e-05
   0.0000000e+00
   0.0000000e+00
   0.0000000e+00
   0.0000000e+00
   0.0000000e+00
   0.0000000e+00
   0.0000000e+00
   0.0000000e+00
   0.0000000e+00
   8.9362574e-05
   4.4227033e-04
   1.3657579e-04
   3.9476716e-08
   0.0000000e+00
   0.0000000e+00
   0.0000000e+00
   0.0000000e+00
   0.0000000e+00
   0.0000000e+00
   0.0000000e+00
   0.0000000e+00
   0.0000000e+00
   0.0000000e+00
   0.0000000e+00
   0.0000000e+00
   0.0000000e+00
   0.0000000e+00
   0.0000000e+00
   0.0000000e+00
   0.0000000e+00
   0.0000000e+00
   0.0000000e+00
   0.0000000e+00
   0.0000000e+00
   0.0000000e+00
   0.0000000e+00
   0.0000000e+00
   0.0000000e+00
   0.0000000e+00
   0.0000000e+00
   0.0000000e+00
   0.0000000e+00
   0.0000000e+00
   0.0000000e+00
   0.0000000e+00
   0.0000000e+00
   0.0000000e+00
   0.0000000e+00
   0.0000000e+00
   0.0000000e+00
   0.0000000e+00
   0.0000000e+00
   0.0000000e+00
   0.0000000e+00
   0.0000000e+00
   0.0000000e+00
   0.0000000e+00
   0.0000000e+00
   0.0000000e+00
   0.0000000e+00
   0.0000000e+00
   0.0000000e+00
   0.0000000e+00
   0.0000000e+00
   0.0000000e+00
   0.0000000e+00
   0.0000000e+00
   0.0000000e+00
   0.0000000e+00
   0.0000000e+00
   0.0000000e+00
   0.0000000e+00
   0.0000000e+00
   0.0000000e+00
   0.0000000e+00
   0.0000000e+00
   0.0000000e+00
   0.0000000e+00
   0.0000000e+00
   0.0000000e+00
   0.0000000e+00
   0.0000000e+00
   0.0000000e+00
   0.0000000e+00
   0.0000000e+00
   0.0000000e+00
   0.0000000e+00
   0.0000000e+00
   0.0000000e+00
   0.0000000e+00
   0.0000000e+00
   0.0000000e+00
   0.0000000e+00
   0.0000000e+00
   0.0000000e+00
   0.0000000e+00
   0.0000000e+00
   0.0000000e+00
   0.0000000e+00
   0.0000000e+00
   0.0000000e+00
   0.0000000e+00
   0.0000000e+00
   0.0000000e+00
   0.0000000e+00
   0.0000000e+00
   0.0000000e+00
   0.0000000e+00
   0.0000000e+00
   0.0000000e+00
   0.0000000e+00
   0.0000000e+00
   0.0000000e+00
   0.0000000e+00
   0.0000000e+00
   0.0000000e+00
   0.0000000e+00
   0.0000000e+00
   0.0000000e+00
   0.0000000e+00
   0.0000000e+00
   0.0000000e+00
   0.0000000e+00
   0.0000000e+00
   0.0000000e+00
   0.0000000e+00
   0.0000000e+00
   0.0000000e+00
   0.0000000e+00
   0.0000000e+00
   0.0000000e+00
   0.0000000e+00
   0.0000000e+00
   0.0000000e+00
   0.0000000e+00
   0.0000000e+00
   0.0000000e+00
   0.0000000e+00
   0.0000000e+00
   0.0000000e+00
   0.0000000e+00
   0.0000000e+00
   0.0000000e+00
   0.0000000e+00
   0.0000000e+00
   0.0000000e+00
   0.0000000e+00
   0.0000000e+00
   0.0000000e+00
   0.0000000e+00
   0.0000000e+00
   0.0000000e+00
   0.0000000e+00
   0.0000000e+00
   0.0000000e+00
   0.0000000e+00
   0.0000000e+00
   0.0000000e+00
   0.0000000e+00
   0.0000000e+00
   0.0000000e+00
   0.0000000e+00
   0.0000000e+00
   0.0000000e+00
   0.0000000e+00
   0.0000000e+00
   0.0000000e+00
   0.0000000e+00
   0.0000000e+00
   0.0000000e+00
   0.0000000e+00
   0.0000000e+00
   0.0000000e+00
   0.0000000e+00
   0.0000000e+00
   0.0000000e+00
   0.0000000e+00
   0.0000000e+00
   0.0000000e+00
   0.0000000e+00
   0.0000000e+00
   0.0000000e+00
   0.0000000e+00
   0.0000000e+00
   0.0000000e+00
   0.0000000e+00
   0.0000000e+00
   0.0000000e+00
   0.0000000e+00
   0.0000000e+00
   0.0000000e+00
   0.0000000e+00
   0.0000000e+00
   0.0000000e+00
   0.0000000e+00
   0.0000000e+00
   0.0000000e+00
   0.0000000e+00
   0.0000000e+00
   0.0000000e+00
   0.0000000e+00
   0.0000000e+00
   0.0000000e+00
   0.0000000e+00
   0.0000000e+00
   0.0000000e+00
   0.0000000e+00
   0.0000000e+00
   0.0000000e+00
   0.0000000e+00
   0.0000000e+00
   0.0000000e+00
   0.0000000e+00
   0.0000000e+00
   0.0000000e+00
   0.0000000e+00
   0.0000000e+00
   0.0000000e+00
   0.0000000e+00
   0.0000000e+00
   0.0000000e+00
   0.0000000e+00
   0.0000000e+00
