  -6.1497941e-04
  -2.2858035e-03
   2.7868608e-04
   2.0194451e-03
   6.3452451e-03
   3.0684124e-03
  -3.1233568e-03
  -2.0651310e-04
  -4.0145686e-03
  -8.2588377e-03
   2.2958289e-03
  -1.3189912e-03
   9.6049844e-04
  -2.5956284e-03
   2.0379596e-03
  -2.1265011e-03
   8.0513025e-04
  -1.1593237e-03
  -1.3129176e-03
   0.0000000e+00
   2.3735874e-02
   2.4101132e-02
   1.1020988e-02
   1.8059429e-02
   1.9308949e-02
   1.5840051e-02
   2.0109452e-02
   1.6513199e-02
   2.7291297e-02
   2.1725380e-02
   2.2081387e-02
   1.6017410e-02
   2.2297056e-02
   1.9368781e-02
   4.4761766e-02
   1.5935840e-02
   2.4992335e-02
   2.1109918e-02
   1.4936029e-02
   1.3318214e-03
   3.4711625e-02
   7.0648894e-02
   5.7279241e-02
   7.4437635e-02
   3.2951851e-02
   6.1913416e-02
   6.1103318e-02
   6.7493486e-02
   4.2063144e-02
   6.0319949e-02
   5.0837017e-02
   7.1320821e-02
   4.8919492e-02
   5.7934017e-02
   2.2878047e-02
   5.8899347e-02
   4.3930028e-02
   5.3785706e-02
   9.0966926e-02
   8.0151233e-03
   7.5838173e-02
   1.0294111e-01
   1.1193825e-01
   1.1177823e-01
   1.2556546e-01
   1.2328271e-01
   1.0119352e-01
   1.0537810e-01
   1.2902879e-01
   1.2850023e-01
   1.2403994e-01
   9.8853935e-02
   1.3323945e-01
   1.3784638e-01
   1.3454388e-01
   1.4822830e-01
   9.9646555e-02
   1.5539618e-01
   6.6127314e-02
   4.6861961e-03
   2.3683692e-01
   2.3794228e-01
   1.8373507e-01
   1.7630608e-01
   1.7917056e-01
   1.6574710e-01
   2.2170235e-01
   2.0084325e-01
   1.9840043e-01
   9.1963109e-02
   1.8332924e-01
   2.3450629e-01
   1.3566701e-01
   4.1434920e-02
   1.5926738e-01
   1.1074447e-01
   1.9677817e-01
   1.3090999e-01
   6.6511473e-03
   4.9766716e-05
   7.9430285e-02
   8.2133787e-02
   1.6806140e-01
   3.5499285e-01
   7.2234501e-02
   1.2198183e-02
   2.6268888e-02
   2.0390512e-02
   1.4387505e-02
   2.9734926e-03
   7.0385017e-03
   1.9328762e-02
   1.0102999e-02
   6.3370646e-02
   3.8808333e-01
   2.0052638e-01
   3.1332187e-01
   1.0920052e-01
   1.2211227e-04
   0.0000000e+00
   9.0428864e-05
   1.5355838e-04
   1.8244845e-02
   5.7922010e-02
   1.1614461e-02
   0.0000000e+00
   0.0000000e+00
   0.0000000e+00
   0.0000000e+00
   0.0000000e+00
   0.0000000e+00
   0.0000000e+00
   0.0000000e+00
   2.0589842e-02
   1.2617294e-01
   5.1592008e-02
   2.0389245e-02
   6.7121818e-03
   6.4221961e-06
   0.0000000e+00
   0.0000000e+00
   0.0000000e+00
   0.0000000e+00
   0.0000000e+00
   0.0000000e+00
   0.0000000e+00
   0.0000000e+00
   0.0000000e+00
   0.0000000e+00
   0.0000000e+00
   0.0000000e+00
   0.0000000e+00
   0.0000000e+00
   1.1209216e-05
   6.8689199e-05
   2.6006664e-05
   4.9066514e-08
   0.0000000e+00
   0.0000000e+00
   0.0000000e+00
   0.0000000e+00
   0.0000000e+00
   0.0000000e+00
   0.0000000e+00
   0.0000000e+00
   0.0000000e+00
   0.0000000e+00
   0.0000000e+00
   0.0000000e+00
   0.0000000e+00
   0.0000000e+00
   0.0000000e+00
   0.0000000e+00
   0.0000000e+00
   0.0000000e+00
   0.0000000e+00
   0.0000000e+00
   0.0000000e+00
   0.0000000e+00
   0.0000000e+00
   0.0000000e+00
   0.0000000e+00
   0.0000000e+00
   0.0000000e+00
   0.0000000e+00
   0.0000000e+00
   0.0000000e+00
   0.0000000e+00
   0.0000000e+00
   0.0000000e+00
   0.0000000e+00
   0.0000000e+00
   0.0000000e+00
   0.0000000e+00
   0.0000000e+00
   0.0000000e+00
   0.0000000e+00
   0.0000000e+00
   0.0000000e+00
   0.0000000e+00
   0.0000000e+00
   0.0000000e+00
   0.0000000e+00
   0.0000000e+00
   0.0000000e+00
   0.0000000e+00
   0.0000000e+00
   0.0000000e+00
   0.0000000e+00
   0.0000000e+00
   0.0000000e+00
   0.0000000e+00
   0.0000000e+00
   0.0000000e+00
   0.0000000e+00
   0.0000000e+00
   0.0000000e+00
   0.0000000e+00
   0.0000000e+00
   0.0000000e+00
   0.0000000e+00
   0.0000000e+00
   0.0000000e+00
   0.0000000e+00
   0.0000000e+00
   0.0000000e+00
   0.0000000e+00
   0.0000000e+00
   0.0000000e+00
   0.0000000e+00
   0.0000000e+00
   0.0000000e+00
   0.0000000e+00
   0.0000000e+00
   0.0000000e+00
   0.0000000e+00
   0.0000000e+00
   0.0000000e+00
   0.0000000e+00
   0.0000000e+00
   0.0000000e+00
   0.0000000e+00
   0.0000000e+00
   0.0000000e+00
   0.0000000e+00
   0.0000000e+00
   0.0000000e+00
   0.0000000e+00
   0.0000000e+00
   0.0000000e+00
   0.0000000e+00
   0.0000000e+00
   0.0000000e+00
   0.0000000e+00
   0.0000000e+00
   0.0000000e+00
   0.0000000e+00
   0.0000000e+00
   0.0000000e+00
   0.0000000e+00
   0.0000000e+00
   0.0000000e+00
   0.0000000e+00
   0.0000000e+00
   0.0000000e+00
   0.0000000e+00
   0.0000000e+00
   0.0000000e+00
   0.0000000e+00
   0.0000000e+00
   0.0000000e+00
   0.0000000e+00
   0.0000000e+00
   0.0000000e+00
   0.0000000e+00
   0.0000000e+00
   0.0000000e+00
   0.0000000e+00
   0.0000000e+00
   0.0000000e+00
   0.0000000e+00
   0.0000000e+00
   0.0000000e+00
   0.0000000e+00
   0.0000000e+00
   0.0000000e+00
   0.0000000e+00
   0.0000000e+00
   0.0000000e+00
   0.0000000e+00
   0.0000000e+00
   0.0000000e+00
   0.0000000e+00
   0.0000000e+00
   0.0000000e+00
   0.0000000e+00
   0.0000000e+00
   0.0000000e+00
   0.0000000e+00
   0.0000000e+00
   0.0000000e+00
   0.0000000e+00
   0.0000000e+00
   0.0000000e+00
   0.0000000e+00
   0.0000000e+00
   0.0000000e+00
   0.0000000e+00
   0.0000000e+00
   0.0000000e+00
   0.0000000e+00
   0.0000000e+00
   0.0000000e+00
   0.0000000e+00
   0.0000000e+00
   0.0000000e+00
   0.0000000e+00
   0.0000000e+00
   0.0000000e+00
   0.0000000e+00
   0.0000000e+00
   0.0000000e+00
   0.0000000e+00
   0.0000000e+00
   0.0000000e+00
   0.0000000e+00
   0.0000000e+00
   0.0000000e+00
   0.0000000e+00
   0.0000000e+00
   0.0000000e+00
   0.0000000e+00
   0.0000000e+00
   0.0000000e+00
   0.0000000e+00
   0.0000000e+00
   0.0000000e+00
   0.0000000e+00
   0.0000000e+00
   0.0000000e+00
   0.0000000e+00
   0.0000000e+00
   0.0000000e+00
   0.0000000e+00
   0.0000000e+00
   0.0000000e+00
   0.0000000e+00
   0.0000000e+00
   0.0000000e+00
   0.0000000e+00
   0.0000000e+00
   0.0000000e+00
   0.0000000e+00
   0.0000000e+00
   0.0000000e+00
   0.0000000e+00
   0.0000000e+00
   0.0000000e+00
   0.0000000e+00
   0.0000000e+00
   0.0000000e+00
   0.0000000e+00
   0.0000000e+00
   0.0000000e+00
   0.0000000e+00
   0.0000000e+00
   0.0000000e+00
   0.0000000e+00
   0.0000000e+00
   0.0000000e+00
   0.0000000e+00
   0.0000000e+00
   0.0000000e+00
   0.0000000e+00
   0.0000000e+00
   0.0000000e+00
   0.0000000e+00
   0.0000000e+00
   0.0000000e+00
   0.0000000e+00
   0.0000000e+00
   0.0000000e+00
   0.0000000e+00
   0.0000000e+00
   0.0000000e+00
   0.0000000e+00
   0.0000000e+00
   0.0000000e+00
   0.0000000e+00
   0.0000000e+00
   0.0000000e+00
   0.0000000e+00
   0.0000000e+00
   0.0000000e+00
   0.0000000e+00
   0.0000000e+00
   0.0000000e+00
   0.0000000e+00
   0.0000000e+00
   0.0000000e+00
