   1.6779128e-03
   2.0984382e-03
   8.0755637e-04
   3.6050007e-03
   2.1224795e-03
  -2.4439317e-03
  -1.2681823e-05
   1.2754018e-03
   1.9806298e-03
  -5.7773245e-03
  -7.7702979e-03
   2.9246734e-03
  -4.3560787e-04
   6.4153859e-04
  -1.8883699e-03
  -2.3799120e-03
  -9.4292835e-03
  -7.5804875e-03
   3.0728912e-03
   2.4489285e-04
   1.9368775e-02
   1.5224690e-02
   1.8808655e-02
   9.7733253e-03
   1.9272036e-02
   2.0850305e-02
   2.3909990e-02
   9.7551123e-03
   2.0445188e-02
   2.7377235e-02
   2.6531440e-02
   1.9163119e-02
   1.8409021e-02
   1.3875440e-02
   3.9867238e-02
   1.2808454e-02
   3.8040289e-02
   2.0389514e-02
   2.5337568e-02
   1.2732615e-02
   6.4357737e-02
   5.3059669e-02
   7.3627354e-02
   6.8064434e-02
   5.9461556e-02
   5.7504093e-02
   5.2252546e-02
   7.9146055e-02
   5.6572053e-02
   4.4149621e-02
   5.0130547e-02
   5.6072027e-02
   6.4819134e-02
   6.6292254e-02
   3.4994880e-02
   6.5689466e-02
   3.6202988e-02
   4.2644310e-02
   7.7981516e-02
   6.7601196e-03
   1.0077451e-01
   1.3847444e-01
   7.4656288e-02
   1.1948010e-01
   1.1237138e-01
   1.2207470e-01
   1.2712780e-01
   8.4165585e-02
   1.2444785e-01
   1.3659728e-01
   1.2817972e-01
   1.2852275e-01
   9.7856401e-02
   1.2052141e-01
   1.4146610e-01
   1.1498644e-01
   1.3548840e-01
   1.6959633e-01
   7.2194500e-02
   2.6413364e-03
   4.5355227e-02
   2.6310160e-01
   2.3507629e-01
   1.7823404e-01
   1.9123475e-01
   1.4723881e-01
   1.7403216e-01
   2.3801714e-01
   1.6532146e-01
   1.6239789e-01
   1.4049376e-01
   1.5704225e-01
   2.3908441e-01
   1.2560523e-01
   1.2303505e-01
   1.8682914e-01
   1.5209893e-01
   6.1975042e-02
   1.0146625e-02
   3.3896084e-05
   1.8611572e-02
   1.3316942e-01
   1.5138428e-01
   1.6040939e-01
   3.2854318e-01
   1.6362039e-01
   3.7362659e-02
   1.0482233e-01
   2.7490051e-02
   2.8028029e-02
   3.2958224e-01
   2.5637844e-01
   1.2558658e-01
   2.9034277e-01
   2.2368746e-01
   3.0048066e-01
   9.9586560e-02
   2.4777772e-04
   4.8001169e-06
   0.0000000e+00
   1.6736871e-04
   1.1853777e-03
   9.7220415e-04
   4.6724159e-03
   3.4910358e-02
   1.7535252e-02
   1.3738773e-04
   1.5518611e-05
   3.3156192e-06
   1.0044408e-02
   1.6159218e-01
   1.2982935e-01
   8.5059379e-03
   1.5957417e-01
   4.0446290e-01
   1.2375684e-01
   1.3172819e-02
   2.1887531e-07
   0.0000000e+00
   0.0000000e+00
   0.0000000e+00
   0.0000000e+00
   0.0000000e+00
   0.0000000e+00
   0.0000000e+00
   0.0000000e+00
   0.0000000e+00
   0.0000000e+00
   0.0000000e+00
   1.1566313e-05
   1.9000775e-04
   1.5544812e-04
   4.8210374e-06
   1.1595807e-02
   4.2491359e-02
   9.7254485e-03
  -2.0798411e-08
   0.0000000e+00
   0.0000000e+00
   0.0000000e+00
   0.0000000e+00
   0.0000000e+00
   0.0000000e+00
   0.0000000e+00
   0.0000000e+00
   0.0000000e+00
   0.0000000e+00
   0.0000000e+00
   0.0000000e+00
   0.0000000e+00
   0.0000000e+00
   0.0000000e+00
   0.0000000e+00
   0.0000000e+00
   0.0000000e+00
   0.0000000e+00
   0.0000000e+00
   0.0000000e+00
   0.0000000e+00
   0.0000000e+00
   0.0000000e+00
   0.0000000e+00
   0.0000000e+00
   0.0000000e+00
   0.0000000e+00
   0.0000000e+00
   0.0000000e+00
   0.0000000e+00
   0.0000000e+00
   0.0000000e+00
   0.0000000e+00
   0.0000000e+00
   0.0000000e+00
   0.0000000e+00
   0.0000000e+00
   0.0000000e+00
   0.0000000e+00
   0.0000000e+00
   0.0000000e+00
   0.0000000e+00
   0.0000000e+00
   0.0000000e+00
   0.0000000e+00
   0.0000000e+00
   0.0000000e+00
   0.0000000e+00
   0.0000000e+00
   0.0000000e+00
   0.0000000e+00
   0.0000000e+00
   0.0000000e+00
   0.0000000e+00
   0.0000000e+00
   0.0000000e+00
   0.0000000e+00
   0.0000000e+00
   0.0000000e+00
   0.0000000e+00
   0.0000000e+00
   0.0000000e+00
   0.0000000e+00
   0.0000000e+00
   0.0000000e+00
   0.0000000e+00
   0.0000000e+00
   0.0000000e+00
   0.0000000e+00
   0.0000000e+00
   0.0000000e+00
   0.0000000e+00
   0.0000000e+00
   0.0000000e+00
   0.0000000e+00
   0.0000000e+00
   0.0000000e+00
   0.0000000e+00
   0.0000000e+00
   0.0000000e+00
   0.0000000e+00
   0.0000000e+00
   0.0000000e+00
   0.0000000e+00
   0.0000000e+00
   0.0000000e+00
   0.0000000e+00
   0.0000000e+00
   0.0000000e+00
   0.0000000e+00
   0.0000000e+00
   0.0000000e+00
   0.0000000e+00
   0.0000000e+00
   0.0000000e+00
   0.0000000e+00
   0.0000000e+00
   0.0000000e+00
   0.0000000e+00
   0.0000000e+00
   0.0000000e+00
   0.0000000e+00
   0.0000000e+00
   0.0000000e+00
   0.0000000e+00
   0.0000000e+00
   0.0000000e+00
   0.0000000e+00
   0.0000000e+00
   0.0000000e+00
   0.0000000e+00
   0.0000000e+00
   0.0000000e+00
   0.0000000e+00
   0.0000000e+00
   0.0000000e+00
   0.0000000e+00
   0.0000000e+00
   0.0000000e+00
   0.0000000e+00
   0.0000000e+00
   0.0000000e+00
   0.0000000e+00
   0.0000000e+00
   0.0000000e+00
   0.0000000e+00
   0.0000000e+00
   0.0000000e+00
   0.0000000e+00
   0.0000000e+00
   0.0000000e+00
   0.0000000e+00
   0.0000000e+00
   0.0000000e+00
   0.0000000e+00
   0.0000000e+00
   0.0000000e+00
   0.0000000e+00
   0.0000000e+00
   0.0000000e+00
   0.0000000e+00
   0.0000000e+00
   0.0000000e+00
   0.0000000e+00
   0.0000000e+00
   0.0000000e+00
   0.0000000e+00
   0.0000000e+00
   0.0000000e+00
   0.0000000e+00
   0.0000000e+00
   0.0000000e+00
   0.0000000e+00
   0.0000000e+00
   0.0000000e+00
   0.0000000e+00
   0.0000000e+00
   0.0000000e+00
   0.0000000e+00
   0.0000000e+00
   0.0000000e+00
   0.0000000e+00
   0.0000000e+00
   0.0000000e+00
   0.0000000e+00
   0.0000000e+00
   0.0000000e+00
   0.0000000e+00
   0.0000000e+00
   0.0000000e+00
   0.0000000e+00
   0.0000000e+00
   0.0000000e+00
   0.0000000e+00
   0.0000000e+00
   0.0000000e+00
   0.0000000e+00
   0.0000000e+00
   0.0000000e+00
   0.0000000e+00
   0.0000000e+00
   0.0000000e+00
   0.0000000e+00
   0.0000000e+00
   0.0000000e+00
   0.0000000e+00
   0.0000000e+00
   0.0000000e+00
   0.0000000e+00
   0.0000000e+00
   0.0000000e+00
   0.0000000e+00
   0.0000000e+00
   0.0000000e+00
   0.0000000e+00
   0.0000000e+00
   0.0000000e+00
   0.0000000e+00
   0.0000000e+00
   0.0000000e+00
   0.0000000e+00
   0.0000000e+00
   0.0000000e+00
   0.0000000e+00
   0.0000000e+00
   0.0000000e+00
   0.0000000e+00
   0.0000000e+00
   0.0000000e+00
   0.0000000e+00
   0.0000000e+00
   0.0000000e+00
   0.0000000e+00
   0.0000000e+00
   0.0000000e+00
   0.0000000e+00
   0.0000000e+00
   0.0000000e+00
   0.0000000e+00
   0.0000000e+00
   0.0000000e+00
   0.0000000e+00
   0.0000000e+00
   0.0000000e+00
   0.0000000e+00
   0.0000000e+00
   0.0000000e+00
   0.0000000e+00
   0.0000000e+00
   0.0000000e+00
   0.0000000e+00
   0.0000000e+00
   0.0000000e+00
   0.0000000e+00
   0.0000000e+00
   0.0000000e+00
   0.0000000e+00
   0.0000000e+00
   0.0000000e+00
   0.0000000e+00
   0.0000000e+00
   0.0000000e+00
