   6.9807943e-03
  -7.5591921e-04
  -4.2535280e-03
  -7.0911156e-03
   2.5715665e-03
  -7.6603179e-04
  -2.9398455e-04
   1.6421604e-03
  -4.6213172e-04
  -7.2750755e-04
   3.2539381e-04
  -7.0313864e-06
  -4.2339073e-03
  -9.9776221e-04
   9.3034442e-03
   9.7229173e-03
   4.0947688e-03
  -1.2635256e-03
   1.3898762e-03
   2.9654433e-05
   1.5460150e-02
   1.4378026e-02
   4.3055210e-02
   2.6441379e-02
   1.6612286e-02
   2.0645494e-02
   2.0807859e-02
   1.8853908e-02
   1.7456898e-02
   2.4994375e-02
   1.6127441e-02
   2.8597193e-02
   2.6729784e-02
   8.1752735e-03
   1.8023306e-02
   7.2444995e-03
   1.7404641e-02
   1.5051354e-02
   2.4289017e-02
   7.7727697e-05
   7.5848184e-02
   5.0172599e-02
   2.9841616e-02
   5.4142196e-02
   5.7835498e-02
   6.0724475e-02
   5.4133370e-02
   5.9200559e-02
   6.8671682e-02
   5.0374487e-02
   6.2299411e-02
   4.6506075e-02
   5.6826535e-02
   6.4624092e-02
   6.7004428e-02
   6.6151084e-02
   6.4893210e-02
   6.4551883e-02
   6.4880195e-02
   1.7272449e-04
   1.1202956e-01
   1.4893370e-01
   1.3610491e-01
   1.2357186e-01
   1.2814057e-01
   1.1110973e-01
   1.2666384e-01
   1.1797497e-01
   1.0300998e-01
   1.2750573e-01
   1.2058630e-01
   1.3447015e-01
   1.1627764e-01
   1.1288343e-01
   1.0096681e-01
   1.1918686e-01
   9.4655295e-02
   1.3282043e-01
   3.0913936e-02
   5.5588221e-05
   1.1246140e-02
   4.3895615e-02
   1.5811152e-01
   1.5779848e-01
   1.1807001e-01
   2.1283203e-01
   1.3556269e-01
   1.8564875e-01
   2.0314939e-01
   1.9502797e-01
   3.2381645e-02
   1.2822140e-01
   1.8609995e-01
   2.0583620e-01
   2.0467469e-01
   1.6635771e-01
   2.2242714e-01
   1.9631147e-01
   6.1251970e-03
   5.4766409e-09
   0.0000000e+00
   2.0967062e-04
   3.4537728e-03
   3.7650501e-03
   6.0568710e-02
   2.7843946e-01
   2.1010980e-01
   3.0094692e-01
   9.9784832e-02
   2.0217772e-02
   1.0094760e-01
   3.7748067e-01
   1.7296787e-01
   1.0350880e-01
   2.0156871e-01
   2.2005721e-01
   2.2454538e-01
   1.1611318e-01
   2.0035652e-03
   0.0000000e+00
   0.0000000e+00
   0.0000000e+00
   0.0000000e+00
   7.2805869e-06
   3.5617373e-02
   4.0342103e-01
   3.4284185e-01
   4.4171284e-02
   9.1438750e-03
   1.8132997e-05
   7.5916841e-02
   2.5897284e-01
   3.2031393e-01
   3.8527392e-01
   3.8753886e-01
   3.7796952e-01
   2.2475381e-02
   2.0152551e-03
   3.4600791e-05
   0.0000000e+00
   0.0000000e+00
   0.0000000e+00
   0.0000000e+00
   1.4027833e-08
   4.0633758e-03
   8.3903735e-02
   7.9183720e-02
   3.1002815e-03
   0.0000000e+00
   4.7626302e-07
   1.9136149e-03
   1.1462704e-02
   2.4660429e-01
   3.5448263e-01
   2.4440191e-01
   2.3563198e-01
   1.1718256e-02
   0.0000000e+00
   0.0000000e+00
   0.0000000e+00
   0.0000000e+00
   0.0000000e+00
   0.0000000e+00
   0.0000000e+00
   0.0000000e+00
   0.0000000e+00
   0.0000000e+00
   0.0000000e+00
   0.0000000e+00
   0.0000000e+00
   0.0000000e+00
   2.0160291e-04
   9.5144725e-03
   1.3560646e-02
   4.5257029e-03
   3.7927357e-03
   1.8864280e-04
   0.0000000e+00
   0.0000000e+00
   0.0000000e+00
   0.0000000e+00
   0.0000000e+00
   0.0000000e+00
   0.0000000e+00
   0.0000000e+00
   0.0000000e+00
   0.0000000e+00
   0.0000000e+00
   0.0000000e+00
   0.0000000e+00
   0.0000000e+00
   0.0000000e+00
   0.0000000e+00
   0.0000000e+00
   0.0000000e+00
   0.0000000e+00
   0.0000000e+00
   0.0000000e+00
   0.0000000e+00
   0.0000000e+00
   0.0000000e+00
   0.0000000e+00
   0.0000000e+00
   0.0000000e+00
   0.0000000e+00
   0.0000000e+00
   0.0000000e+00
   0.0000000e+00
   0.0000000e+00
   0.0000000e+00
   0.0000000e+00
   0.0000000e+00
   0.0000000e+00
   0.0000000e+00
   0.0000000e+00
   0.0000000e+00
   0.0000000e+00
   0.0000000e+00
   0.0000000e+00
   0.0000000e+00
   0.0000000e+00
   0.0000000e+00
   0.0000000e+00
   0.0000000e+00
   0.0000000e+00
   0.0000000e+00
   0.0000000e+00
   0.0000000e+00
   0.0000000e+00
   0.0000000e+00
   0.0000000e+00
   0.0000000e+00
   0.0000000e+00
   0.0000000e+00
   0.0000000e+00
   0.0000000e+00
   0.0000000e+00
   0.0000000e+00
   0.0000000e+00
   0.0000000e+00
   0.0000000e+00
   0.0000000e+00
   0.0000000e+00
   0.0000000e+00
   0.0000000e+00
   0.0000000e+00
   0.0000000e+00
   0.0000000e+00
   0.0000000e+00
   0.0000000e+00
   0.0000000e+00
   0.0000000e+00
   0.0000000e+00
   0.0000000e+00
   0.0000000e+00
   0.0000000e+00
   0.0000000e+00
   0.0000000e+00
   0.0000000e+00
   0.0000000e+00
   0.0000000e+00
   0.0000000e+00
   0.0000000e+00
   0.0000000e+00
   0.0000000e+00
   0.0000000e+00
   0.0000000e+00
   0.0000000e+00
   0.0000000e+00
   0.0000000e+00
   0.0000000e+00
   0.0000000e+00
   0.0000000e+00
   0.0000000e+00
   0.0000000e+00
   0.0000000e+00
   0.0000000e+00
   0.0000000e+00
   0.0000000e+00
   0.0000000e+00
   0.0000000e+00
   0.0000000e+00
   0.0000000e+00
   0.0000000e+00
   0.0000000e+00
   0.0000000e+00
   0.0000000e+00
   0.0000000e+00
   0.0000000e+00
   0.0000000e+00
   0.0000000e+00
   0.0000000e+00
   0.0000000e+00
   0.0000000e+00
   0.0000000e+00
   0.0000000e+00
   0.0000000e+00
   0.0000000e+00
   0.0000000e+00
   0.0000000e+00
   0.0000000e+00
   0.0000000e+00
   0.0000000e+00
   0.0000000e+00
   0.0000000e+00
   0.0000000e+00
   0.0000000e+00
   0.0000000e+00
   0.0000000e+00
   0.0000000e+00
   0.0000000e+00
   0.0000000e+00
   0.0000000e+00
   0.0000000e+00
   0.0000000e+00
   0.0000000e+00
   0.0000000e+00
   0.0000000e+00
   0.0000000e+00
   0.0000000e+00
   0.0000000e+00
   0.0000000e+00
   0.0000000e+00
   0.0000000e+00
   0.0000000e+00
   0.0000000e+00
   0.0000000e+00
   0.0000000e+00
   0.0000000e+00
   0.0000000e+00
   0.0000000e+00
   0.0000000e+00
   0.0000000e+00
   0.0000000e+00
   0.0000000e+00
   0.0000000e+00
   0.0000000e+00
   0.0000000e+00
   0.0000000e+00
   0.0000000e+00
   0.0000000e+00
   0.0000000e+00
   0.0000000e+00
   0.0000000e+00
   0.0000000e+00
   0.0000000e+00
   0.0000000e+00
   0.0000000e+00
   0.0000000e+00
   0.0000000e+00
   0.0000000e+00
   0.0000000e+00
   0.0000000e+00
   0.0000000e+00
   0.0000000e+00
   0.0000000e+00
   0.0000000e+00
   0.0000000e+00
   0.0000000e+00
   0.0000000e+00
   0.0000000e+00
   0.0000000e+00
   0.0000000e+00
   0.0000000e+00
   0.0000000e+00
   0.0000000e+00
   0.0000000e+00
   0.0000000e+00
   0.0000000e+00
   0.0000000e+00
   0.0000000e+00
   0.0000000e+00
   0.0000000e+00
   0.0000000e+00
   0.0000000e+00
   0.0000000e+00
   0.0000000e+00
   0.0000000e+00
   0.0000000e+00
   0.0000000e+00
   0.0000000e+00
   0.0000000e+00
   0.0000000e+00
   0.0000000e+00
   0.0000000e+00
   0.0000000e+00
   0.0000000e+00
   0.0000000e+00
   0.0000000e+00
   0.0000000e+00
   0.0000000e+00
   0.0000000e+00
   0.0000000e+00
   0.0000000e+00
   0.0000000e+00
   0.0000000e+00
   0.0000000e+00
   0.0000000e+00
   0.0000000e+00
   0.0000000e+00
