  -4.2329280e-04
  -3.0258976e-03
   2.4408759e-03
   1.7328376e-03
  -3.9374884e-05
   3.9827270e-04
   5.8616339e-04
  -1.3683516e-03
   9.4944039e-04
  -5.2446984e-04
  -3.5572924e-05
  -1.5745357e-04
   5.8477674e-05
  -1.2118905e-05
   1.5435081e-03
   2.8457968e-03
  -4.7034493e-03
   1.2210278e-04
  -5.2407299e-03
   9.6121508e-03
   2.7853910e-02
   1.8634437e-02
   2.0953411e-02
   1.5402276e-02
   1.9412646e-02
   1.6531107e-02
   1.9698420e-02
   2.0733375e-02
   1.8106609e-02
   2.0466085e-02
   2.0418437e-02
   1.9973110e-02
   1.8866126e-02
   1.9056216e-02
   1.6355593e-02
   1.5005839e-02
   2.4687901e-02
   2.1603550e-02
   2.7083275e-02
   1.4968658e-02
   6.6739886e-02
   5.1910481e-02
   5.9473042e-02
   6.2797159e-02
   5.8423826e-02
   6.6482187e-02
   5.7630373e-02
   5.8305176e-02
   6.0200437e-02
   5.7750697e-02
   5.6992767e-02
   5.8808755e-02
   5.9198131e-02
   6.4165156e-02
   5.7088439e-02
   6.6631676e-02
   5.4082301e-02
   4.8841465e-02
   6.1018456e-02
   2.2428024e-03
   6.9567078e-02
   1.3918736e-01
   1.1425164e-01
   1.1294622e-01
   1.1905748e-01
   1.0843735e-01
   1.1961249e-01
   1.1621931e-01
   1.1724851e-01
   1.1880317e-01
   1.1969187e-01
   1.1789796e-01
   1.1658298e-01
   1.0770258e-01
   1.2132928e-01
   1.1004533e-01
   1.1547498e-01
   1.5688995e-01
   7.6852012e-02
   1.7845889e-04
   1.7859418e-01
   1.8277717e-01
   1.5234396e-01
   2.1163906e-01
   1.5115085e-01
   2.1610992e-01
   1.5804774e-01
   2.0551992e-01
   1.6558329e-01
   1.7715663e-01
   1.6984460e-01
   1.8147537e-01
   1.7638715e-01
   2.0945240e-01
   1.5636299e-01
   2.0258833e-01
   1.8383206e-01
   4.1468202e-02
   1.2812900e-02
   1.2615934e-08
   2.8590267e-01
   2.2877031e-01
   2.6494994e-01
   2.4580372e-01
   6.4625688e-02
   2.7478669e-01
   2.9415182e-01
   6.0327034e-02
   2.5124575e-01
   2.5575940e-01
   2.3135684e-01
   2.7028751e-01
   5.6281502e-02
   6.8183108e-02
   3.3255540e-01
   2.2775880e-01
   4.6765468e-02
   8.5233362e-04
   0.0000000e+00
   0.0000000e+00
   3.0216112e-02
   2.3063540e-02
   2.1206802e-02
   1.7059663e-02
   1.4562930e-03
   3.6073950e-02
   5.0539294e-02
   2.7693869e-02
   3.6334791e-01
   2.9722429e-01
   2.1063383e-01
   3.5540681e-01
   4.1515728e-02
   3.7020235e-02
   3.4522230e-01
   1.8796985e-01
   1.8767065e-03
   2.3504800e-09
   0.0000000e+00
   0.0000000e+00
   0.0000000e+00
   0.0000000e+00
   0.0000000e+00
   0.0000000e+00
   0.0000000e+00
   0.0000000e+00
   0.0000000e+00
   2.5380899e-03
   3.8573991e-02
   3.0047082e-02
   6.3605288e-03
   1.0913895e-02
   1.2672510e-03
   1.9909186e-03
   1.8566316e-02
   1.0111090e-02
   1.0149980e-04
   0.0000000e+00
   0.0000000e+00
   0.0000000e+00
   0.0000000e+00
   0.0000000e+00
   0.0000000e+00
   0.0000000e+00
   0.0000000e+00
   0.0000000e+00
   0.0000000e+00
   0.0000000e+00
   0.0000000e+00
   0.0000000e+00
   0.0000000e+00
   0.0000000e+00
   0.0000000e+00
   0.0000000e+00
   0.0000000e+00
   0.0000000e+00
   0.0000000e+00
   0.0000000e+00
   0.0000000e+00
   0.0000000e+00
   0.0000000e+00
   0.0000000e+00
   0.0000000e+00
   0.0000000e+00
   0.0000000e+00
   0.0000000e+00
   0.0000000e+00
   0.0000000e+00
   0.0000000e+00
   0.0000000e+00
   0.0000000e+00
   0.0000000e+00
   0.0000000e+00
   0.0000000e+00
   0.0000000e+00
   0.0000000e+00
   0.0000000e+00
   0.0000000e+00
   0.0000000e+00
   0.0000000e+00
   0.0000000e+00
   0.0000000e+00
   0.0000000e+00
   0.0000000e+00
   0.0000000e+00
   0.0000000e+00
   0.0000000e+00
   0.0000000e+00
   0.0000000e+00
   0.0000000e+00
   0.0000000e+00
   0.0000000e+00
   0.0000000e+00
   0.0000000e+00
   0.0000000e+00
   0.0000000e+00
   0.0000000e+00
   0.0000000e+00
   0.0000000e+00
   0.0000000e+00
   0.0000000e+00
   0.0000000e+00
   0.0000000e+00
   0.0000000e+00
   0.0000000e+00
   0.0000000e+00
   0.0000000e+00
   0.0000000e+00
   0.0000000e+00
   0.0000000e+00
   0.0000000e+00
   0.0000000e+00
   0.0000000e+00
   0.0000000e+00
   0.0000000e+00
   0.0000000e+00
   0.0000000e+00
   0.0000000e+00
   0.0000000e+00
   0.0000000e+00
   0.0000000e+00
   0.0000000e+00
   0.0000000e+00
   0.0000000e+00
   0.0000000e+00
   0.0000000e+00
   0.0000000e+00
   0.0000000e+00
   0.0000000e+00
   0.0000000e+00
   0.0000000e+00
   0.0000000e+00
   0.0000000e+00
   0.0000000e+00
   0.0000000e+00
   0.0000000e+00
   0.0000000e+00
   0.0000000e+00
   0.0000000e+00
   0.0000000e+00
   0.0000000e+00
   0.0000000e+00
   0.0000000e+00
   0.0000000e+00
   0.0000000e+00
   0.0000000e+00
   0.0000000e+00
   0.0000000e+00
   0.0000000e+00
   0.0000000e+00
   0.0000000e+00
   0.0000000e+00
   0.0000000e+00
   0.0000000e+00
   0.0000000e+00
   0.0000000e+00
   0.0000000e+00
   0.0000000e+00
   0.0000000e+00
   0.0000000e+00
   0.0000000e+00
   0.0000000e+00
   0.0000000e+00
   0.0000000e+00
   0.0000000e+00
   0.0000000e+00
   0.0000000e+00
   0.0000000e+00
   0.0000000e+00
   0.0000000e+00
   0.0000000e+00
   0.0000000e+00
   0.0000000e+00
   0.0000000e+00
   0.0000000e+00
   0.0000000e+00
   0.0000000e+00
   0.0000000e+00
   0.0000000e+00
   0.0000000e+00
   0.0000000e+00
   0.0000000e+00
   0.0000000e+00
   0.0000000e+00
   0.0000000e+00
   0.0000000e+00
   0.0000000e+00
   0.0000000e+00
   0.0000000e+00
   0.0000000e+00
   0.0000000e+00
   0.0000000e+00
   0.0000000e+00
   0.0000000e+00
   0.0000000e+00
   0.0000000e+00
   0.0000000e+00
   0.0000000e+00
   0.0000000e+00
   0.0000000e+00
   0.0000000e+00
   0.0000000e+00
   0.0000000e+00
   0.0000000e+00
   0.0000000e+00
   0.0000000e+00
   0.0000000e+00
   0.0000000e+00
   0.0000000e+00
   0.0000000e+00
   0.0000000e+00
   0.0000000e+00
   0.0000000e+00
   0.0000000e+00
   0.0000000e+00
   0.0000000e+00
   0.0000000e+00
   0.0000000e+00
   0.0000000e+00
   0.0000000e+00
   0.0000000e+00
   0.0000000e+00
   0.0000000e+00
   0.0000000e+00
   0.0000000e+00
   0.0000000e+00
   0.0000000e+00
   0.0000000e+00
   0.0000000e+00
   0.0000000e+00
   0.0000000e+00
   0.0000000e+00
   0.0000000e+00
   0.0000000e+00
   0.0000000e+00
   0.0000000e+00
   0.0000000e+00
   0.0000000e+00
   0.0000000e+00
   0.0000000e+00
   0.0000000e+00
   0.0000000e+00
   0.0000000e+00
   0.0000000e+00
   0.0000000e+00
   0.0000000e+00
   0.0000000e+00
   0.0000000e+00
   0.0000000e+00
   0.0000000e+00
   0.0000000e+00
   0.0000000e+00
   0.0000000e+00
   0.0000000e+00
   0.0000000e+00
   0.0000000e+00
   0.0000000e+00
   0.0000000e+00
   0.0000000e+00
   0.0000000e+00
   0.0000000e+00
   0.0000000e+00
   0.0000000e+00
   0.0000000e+00
   0.0000000e+00
   0.0000000e+00
   0.0000000e+00
   0.0000000e+00
   0.0000000e+00
   0.0000000e+00
   0.0000000e+00
   0.0000000e+00
   0.0000000e+00
   0.0000000e+00
   0.0000000e+00
   0.0000000e+00
   0.0000000e+00
   0.0000000e+00
   0.0000000e+00
   0.0000000e+00
