   3.1324206e-03
   5.0674848e-03
  -9.9952050e-04
   3.1380795e-03
  -3.6932243e-03
   7.5838640e-03
   1.6833599e-02
  -1.6373725e-03
  -1.9033471e-03
   4.6326037e-03
   5.2089848e-03
  -1.6028038e-03
   1.3325776e-03
  -8.0962767e-04
   5.8443207e-03
   2.8997278e-03
   2.0201532e-03
   8.8816205e-03
   6.9465594e-04
   2.6615909e-03
   8.7062747e-03
   1.7973847e-02
   1.0576191e-02
   1.4226934e-02
   2.6892380e-02
   9.3385065e-03
   5.0325381e-03
   2.0725131e-02
   2.1201452e-02
   9.1316987e-03
   1.6260450e-02
   1.9429377e-02
   1.8765207e-02
   1.8472890e-02
   1.2562621e-02
   1.1438696e-02
   1.8674813e-02
   2.9835070e-03
   1.7419989e-02
   1.5053589e-02
   8.2458419e-02
   6.0476319e-02
   8.3870938e-02
   5.9675462e-02
   5.2958429e-02
   6.6463764e-02
   8.7084393e-02
   5.0368211e-02
   6.3401425e-02
   6.6152883e-02
   6.1170255e-02
   5.9971629e-02
   6.0041237e-02
   6.0999517e-02
   6.8461442e-02
   6.6802886e-02
   7.2493456e-02
   6.2798556e-02
   9.2817940e-02
   2.1200401e-02
   1.1163163e-01
   8.0968588e-02
   1.0395922e-01
   1.0847704e-01
   1.2783713e-01
   1.0811020e-01
   7.9767061e-02
   1.3216441e-01
   1.0696105e-01
   1.1099886e-01
   1.1557835e-01
   1.1434839e-01
   1.1692041e-01
   1.1243071e-01
   1.1225806e-01
   9.8798558e-02
   9.3892423e-02
   1.1914443e-01
   4.3474004e-02
   5.9495580e-03
   9.6265312e-02
   2.7214737e-01
   1.9099253e-01
   2.0842785e-01
   1.5727238e-01
   2.0081422e-01
   2.5203954e-01
   1.5467113e-01
   1.9555336e-01
   1.9176018e-01
   1.7152335e-01
   1.9088292e-01
   1.7333824e-01
   1.9033482e-01
   1.9999762e-01
   1.8675867e-01
   2.8710059e-01
   1.6795167e-01
   4.3423594e-03
   6.2824930e-06
   2.0097856e-02
   6.0073908e-02
   3.1926579e-02
   2.0742204e-02
   1.0521802e-02
   8.8435737e-02
   1.5458757e-01
   3.3411020e-02
   1.4449659e-01
   2.2390778e-01
   2.7592699e-01
   1.5417433e-01
   1.9793041e-01
   3.0980905e-01
   1.3283443e-01
   5.3956043e-02
   1.5813097e-01
   8.2783528e-02
   1.2792352e-03
   0.0000000e+00
   0.0000000e+00
   0.0000000e+00
   0.0000000e+00
   0.0000000e+00
   1.3519200e-06
   3.2748778e-04
   7.8790804e-04
   1.6988710e-04
   7.3020149e-03
   2.8090384e-01
   4.3670401e-01
   5.4107905e-02
   2.6148315e-01
   3.6303211e-01
   2.4971411e-02
   2.9297771e-04
   1.6556721e-03
   9.0187105e-04
   1.3894284e-05
   0.0000000e+00
   0.0000000e+00
   0.0000000e+00
   0.0000000e+00
   0.0000000e+00
   0.0000000e+00
   0.0000000e+00
   0.0000000e+00
   0.0000000e+00
   4.4515821e-03
   2.3883040e-01
   3.5478974e-01
   2.9253871e-02
   2.2335252e-02
   3.1725462e-02
   2.4131319e-03
  -3.2022552e-08
   0.0000000e+00
   0.0000000e+00
   0.0000000e+00
   0.0000000e+00
   0.0000000e+00
   0.0000000e+00
   0.0000000e+00
   0.0000000e+00
   0.0000000e+00
   0.0000000e+00
   0.0000000e+00
   0.0000000e+00
   1.4805392e-04
   7.9431930e-03
   1.1799852e-02
   9.5746143e-04
   0.0000000e+00
   0.0000000e+00
   0.0000000e+00
   0.0000000e+00
   0.0000000e+00
   0.0000000e+00
   0.0000000e+00
   0.0000000e+00
   0.0000000e+00
   0.0000000e+00
   0.0000000e+00
   0.0000000e+00
   0.0000000e+00
   0.0000000e+00
   0.0000000e+00
   0.0000000e+00
   0.0000000e+00
   0.0000000e+00
   0.0000000e+00
   0.0000000e+00
   0.0000000e+00
   0.0000000e+00
   0.0000000e+00
   0.0000000e+00
   0.0000000e+00
   0.0000000e+00
   0.0000000e+00
   0.0000000e+00
   0.0000000e+00
   0.0000000e+00
   0.0000000e+00
   0.0000000e+00
   0.0000000e+00
   0.0000000e+00
   0.0000000e+00
   0.0000000e+00
   0.0000000e+00
   0.0000000e+00
   0.0000000e+00
   0.0000000e+00
   0.0000000e+00
   0.0000000e+00
   0.0000000e+00
   0.0000000e+00
   0.0000000e+00
   0.0000000e+00
   0.0000000e+00
   0.0000000e+00
   0.0000000e+00
   0.0000000e+00
   0.0000000e+00
   0.0000000e+00
   0.0000000e+00
   0.0000000e+00
   0.0000000e+00
   0.0000000e+00
   0.0000000e+00
   0.0000000e+00
   0.0000000e+00
   0.0000000e+00
   0.0000000e+00
   0.0000000e+00
   0.0000000e+00
   0.0000000e+00
   0.0000000e+00
   0.0000000e+00
   0.0000000e+00
   0.0000000e+00
   0.0000000e+00
   0.0000000e+00
   0.0000000e+00
   0.0000000e+00
   0.0000000e+00
   0.0000000e+00
   0.0000000e+00
   0.0000000e+00
   0.0000000e+00
   0.0000000e+00
   0.0000000e+00
   0.0000000e+00
   0.0000000e+00
   0.0000000e+00
   0.0000000e+00
   0.0000000e+00
   0.0000000e+00
   0.0000000e+00
   0.0000000e+00
   0.0000000e+00
   0.0000000e+00
   0.0000000e+00
   0.0000000e+00
   0.0000000e+00
   0.0000000e+00
   0.0000000e+00
   0.0000000e+00
   0.0000000e+00
   0.0000000e+00
   0.0000000e+00
   0.0000000e+00
   0.0000000e+00
   0.0000000e+00
   0.0000000e+00
   0.0000000e+00
   0.0000000e+00
   0.0000000e+00
   0.0000000e+00
   0.0000000e+00
   0.0000000e+00
   0.0000000e+00
   0.0000000e+00
   0.0000000e+00
   0.0000000e+00
   0.0000000e+00
   0.0000000e+00
   0.0000000e+00
   0.0000000e+00
   0.0000000e+00
   0.0000000e+00
   0.0000000e+00
   0.0000000e+00
   0.0000000e+00
   0.0000000e+00
   0.0000000e+00
   0.0000000e+00
   0.0000000e+00
   0.0000000e+00
   0.0000000e+00
   0.0000000e+00
   0.0000000e+00
   0.0000000e+00
   0.0000000e+00
   0.0000000e+00
   0.0000000e+00
   0.0000000e+00
   0.0000000e+00
   0.0000000e+00
   0.0000000e+00
   0.0000000e+00
   0.0000000e+00
   0.0000000e+00
   0.0000000e+00
   0.0000000e+00
   0.0000000e+00
   0.0000000e+00
   0.0000000e+00
   0.0000000e+00
   0.0000000e+00
   0.0000000e+00
   0.0000000e+00
   0.0000000e+00
   0.0000000e+00
   0.0000000e+00
   0.0000000e+00
   0.0000000e+00
   0.0000000e+00
   0.0000000e+00
   0.0000000e+00
   0.0000000e+00
   0.0000000e+00
   0.0000000e+00
   0.0000000e+00
   0.0000000e+00
   0.0000000e+00
   0.0000000e+00
   0.0000000e+00
   0.0000000e+00
   0.0000000e+00
   0.0000000e+00
   0.0000000e+00
   0.0000000e+00
   0.0000000e+00
   0.0000000e+00
   0.0000000e+00
   0.0000000e+00
   0.0000000e+00
   0.0000000e+00
   0.0000000e+00
   0.0000000e+00
   0.0000000e+00
   0.0000000e+00
   0.0000000e+00
   0.0000000e+00
   0.0000000e+00
   0.0000000e+00
   0.0000000e+00
   0.0000000e+00
   0.0000000e+00
   0.0000000e+00
   0.0000000e+00
   0.0000000e+00
   0.0000000e+00
   0.0000000e+00
   0.0000000e+00
   0.0000000e+00
   0.0000000e+00
   0.0000000e+00
   0.0000000e+00
   0.0000000e+00
   0.0000000e+00
   0.0000000e+00
   0.0000000e+00
   0.0000000e+00
   0.0000000e+00
   0.0000000e+00
   0.0000000e+00
   0.0000000e+00
   0.0000000e+00
   0.0000000e+00
   0.0000000e+00
   0.0000000e+00
   0.0000000e+00
   0.0000000e+00
   0.0000000e+00
   0.0000000e+00
   0.0000000e+00
   0.0000000e+00
   0.0000000e+00
   0.0000000e+00
   0.0000000e+00
   0.0000000e+00
   0.0000000e+00
   0.0000000e+00
   0.0000000e+00
   0.0000000e+00
   0.0000000e+00
   0.0000000e+00
   0.0000000e+00
   0.0000000e+00
