  -8.8326135e-03
  -1.9708015e-03
  -6.2648007e-03
  -2.5694843e-03
   3.2805594e-03
   2.3113750e-03
   5.1568098e-03
   4.7631536e-04
   9.0237479e-05
  -3.1791148e-03
   1.4176850e-03
   3.8217245e-03
  -1.5257404e-04
  -8.2832582e-04
  -5.8118710e-03
   3.6540123e-03
  -8.3606019e-03
   1.2496907e-03
   3.6828951e-04
  -6.5386305e-04
   3.2792296e-02
   3.4888852e-02
   2.5026914e-02
   1.6953664e-02
   2.0767570e-02
   8.0748063e-03
   1.7984629e-02
   1.9064012e-02
   1.8641821e-02
   2.8574476e-02
   1.0741219e-02
   2.0919610e-02
   1.6629982e-02
   2.3125256e-02
   2.5932670e-02
   1.4439229e-02
   3.1524772e-02
   1.6489309e-02
   2.5732669e-02
   2.1573257e-02
   5.1036118e-02
   1.9015200e-02
   5.7031494e-02
   5.7967756e-02
   6.3859741e-02
   6.1030702e-02
   6.7397638e-02
   5.6278516e-02
   6.1550908e-02
   3.9874725e-02
   7.7671304e-02
   5.1503661e-02
   6.5319850e-02
   4.9560950e-02
   5.3946999e-02
   5.8551060e-02
   4.8561538e-02
   5.1692581e-02
   7.7583311e-02
   2.0571613e-02
   1.1720874e-01
   1.4645742e-01
   1.2419012e-01
   1.2362676e-01
   1.0370946e-01
   1.2151763e-01
   1.0209097e-01
   1.2038971e-01
   1.2100620e-01
   1.3697409e-01
   9.3019622e-02
   1.2450936e-01
   1.1514527e-01
   1.2348394e-01
   1.2104441e-01
   1.2708514e-01
   1.1280797e-01
   1.5043588e-01
   7.0219002e-02
   4.0291167e-03
   5.6604000e-02
   1.9985527e-01
   1.4644040e-01
   1.6578254e-01
   2.1292560e-01
   1.6654656e-01
   1.9514602e-01
   2.0912705e-01
   6.3498681e-02
   1.9323245e-01
   1.5846594e-01
   2.2899566e-01
   6.9822886e-02
   2.0385049e-01
   1.5904130e-01
   1.5424561e-01
   2.2222999e-01
   9.4526180e-02
   7.5809877e-03
   3.2525768e-05
   1.2831243e-01
   1.5329366e-01
   2.6587572e-01
   2.5267816e-01
   1.9139256e-01
   2.6712792e-01
   1.8841423e-01
   4.1693863e-02
   8.6216936e-03
   1.8106980e-01
   3.1739903e-01
   1.0300757e-01
   9.0157151e-03
   3.5707147e-02
   3.2078024e-01
   3.4625248e-01
   1.7838918e-01
   1.3638560e-02
   4.9157685e-05
   0.0000000e+00
   3.9629686e-01
   3.6590641e-01
   3.0930053e-01
   2.0095111e-01
   1.0343383e-02
   1.0075249e-02
   5.8469898e-03
   8.0465278e-05
   2.3553464e-04
   1.7528248e-02
   2.9143290e-02
   2.7418299e-03
   5.7400911e-04
   1.8592438e-02
   2.1661569e-01
   1.5728856e-01
   1.9296707e-02
   9.0750645e-04
   0.0000000e+00
   0.0000000e+00
   7.8428752e-02
   6.6860450e-02
   1.4125973e-02
   4.7546000e-03
   9.8504844e-05
   0.0000000e+00
   0.0000000e+00
   0.0000000e+00
   0.0000000e+00
   0.0000000e+00
   0.0000000e+00
   9.8653102e-03
   2.2070325e-01
   2.1765799e-01
   1.3315498e-02
   2.7226017e-03
   4.8113999e-05
   0.0000000e+00
   0.0000000e+00
   0.0000000e+00
   0.0000000e+00
   0.0000000e+00
   0.0000000e+00
   0.0000000e+00
   0.0000000e+00
   0.0000000e+00
   0.0000000e+00
   0.0000000e+00
   0.0000000e+00
   0.0000000e+00
   0.0000000e+00
   2.4808795e-02
   5.5501365e-01
   5.4648899e-01
   2.3103736e-02
   0.0000000e+00
   0.0000000e+00
   0.0000000e+00
   0.0000000e+00
   0.0000000e+00
   0.0000000e+00
   0.0000000e+00
   0.0000000e+00
   0.0000000e+00
   0.0000000e+00
   0.0000000e+00
   0.0000000e+00
   0.0000000e+00
   0.0000000e+00
   0.0000000e+00
   0.0000000e+00
   3.8381970e-03
   8.5866794e-02
   8.4547935e-02
   3.5744054e-03
   0.0000000e+00
   0.0000000e+00
   0.0000000e+00
   0.0000000e+00
   0.0000000e+00
   0.0000000e+00
   0.0000000e+00
   0.0000000e+00
   0.0000000e+00
   0.0000000e+00
   0.0000000e+00
   0.0000000e+00
   0.0000000e+00
   0.0000000e+00
   0.0000000e+00
   0.0000000e+00
   0.0000000e+00
   0.0000000e+00
   0.0000000e+00
   0.0000000e+00
   0.0000000e+00
   0.0000000e+00
   0.0000000e+00
   0.0000000e+00
   0.0000000e+00
   0.0000000e+00
   0.0000000e+00
   0.0000000e+00
   0.0000000e+00
   0.0000000e+00
   0.0000000e+00
   0.0000000e+00
   0.0000000e+00
   0.0000000e+00
   0.0000000e+00
   0.0000000e+00
   0.0000000e+00
   0.0000000e+00
   0.0000000e+00
   0.0000000e+00
   0.0000000e+00
   0.0000000e+00
   0.0000000e+00
   0.0000000e+00
   0.0000000e+00
   0.0000000e+00
   0.0000000e+00
   0.0000000e+00
   0.0000000e+00
   0.0000000e+00
   0.0000000e+00
   0.0000000e+00
   0.0000000e+00
   0.0000000e+00
   0.0000000e+00
   0.0000000e+00
   0.0000000e+00
   0.0000000e+00
   0.0000000e+00
   0.0000000e+00
   0.0000000e+00
   0.0000000e+00
   0.0000000e+00
   0.0000000e+00
   0.0000000e+00
   0.0000000e+00
   0.0000000e+00
   0.0000000e+00
   0.0000000e+00
   0.0000000e+00
   0.0000000e+00
   0.0000000e+00
   0.0000000e+00
   0.0000000e+00
   0.0000000e+00
   0.0000000e+00
   0.0000000e+00
   0.0000000e+00
   0.0000000e+00
   0.0000000e+00
   0.0000000e+00
   0.0000000e+00
   0.0000000e+00
   0.0000000e+00
   0.0000000e+00
   0.0000000e+00
   0.0000000e+00
   0.0000000e+00
   0.0000000e+00
   0.0000000e+00
   0.0000000e+00
   0.0000000e+00
   0.0000000e+00
   0.0000000e+00
   0.0000000e+00
   0.0000000e+00
   0.0000000e+00
   0.0000000e+00
   0.0000000e+00
   0.0000000e+00
   0.0000000e+00
   0.0000000e+00
   0.0000000e+00
   0.0000000e+00
   0.0000000e+00
   0.0000000e+00
   0.0000000e+00
   0.0000000e+00
   0.0000000e+00
   0.0000000e+00
   0.0000000e+00
   0.0000000e+00
   0.0000000e+00
   0.0000000e+00
   0.0000000e+00
   0.0000000e+00
   0.0000000e+00
   0.0000000e+00
   0.0000000e+00
   0.0000000e+00
   0.0000000e+00
   0.0000000e+00
   0.0000000e+00
   0.0000000e+00
   0.0000000e+00
   0.0000000e+00
   0.0000000e+00
   0.0000000e+00
   0.0000000e+00
   0.0000000e+00
   0.0000000e+00
   0.0000000e+00
   0.0000000e+00
   0.0000000e+00
   0.0000000e+00
   0.0000000e+00
   0.0000000e+00
   0.0000000e+00
   0.0000000e+00
   0.0000000e+00
   0.0000000e+00
   0.0000000e+00
   0.0000000e+00
   0.0000000e+00
   0.0000000e+00
   0.0000000e+00
   0.0000000e+00
   0.0000000e+00
   0.0000000e+00
   0.0000000e+00
   0.0000000e+00
   0.0000000e+00
   0.0000000e+00
   0.0000000e+00
   0.0000000e+00
   0.0000000e+00
   0.0000000e+00
   0.0000000e+00
   0.0000000e+00
   0.0000000e+00
   0.0000000e+00
   0.0000000e+00
   0.0000000e+00
   0.0000000e+00
   0.0000000e+00
   0.0000000e+00
   0.0000000e+00
   0.0000000e+00
   0.0000000e+00
   0.0000000e+00
   0.0000000e+00
   0.0000000e+00
   0.0000000e+00
   0.0000000e+00
   0.0000000e+00
   0.0000000e+00
   0.0000000e+00
   0.0000000e+00
   0.0000000e+00
   0.0000000e+00
   0.0000000e+00
   0.0000000e+00
   0.0000000e+00
   0.0000000e+00
   0.0000000e+00
   0.0000000e+00
   0.0000000e+00
   0.0000000e+00
   0.0000000e+00
   0.0000000e+00
   0.0000000e+00
   0.0000000e+00
   0.0000000e+00
   0.0000000e+00
   0.0000000e+00
   0.0000000e+00
   0.0000000e+00
   0.0000000e+00
   0.0000000e+00
   0.0000000e+00
   0.0000000e+00
   0.0000000e+00
   0.0000000e+00
   0.0000000e+00
   0.0000000e+00
