  -1.1535035e-02
  -2.1234742e-03
   6.5594171e-03
  -9.3366190e-04
  -5.6585832e-03
  -9.0005991e-03
   1.8124135e-03
   3.5284504e-04
   3.6630528e-03
  -2.8959122e-03
   1.5301938e-03
   6.6536710e-03
  -1.3865678e-03
   4.4660742e-03
  -3.0049170e-03
   3.3572143e-03
  -6.1590718e-03
  -1.4775124e-03
  -1.2108496e-04
   7.3268781e-04
   2.8950131e-02
   5.7307343e-03
   2.1904372e-02
   1.2895141e-02
   3.3805895e-02
   2.7369513e-02
   2.0706815e-02
   1.5780467e-02
   1.4668972e-02
   2.4726531e-02
   8.4230633e-03
   2.1426994e-02
   9.4138370e-03
   2.0297402e-02
   1.7392875e-02
   2.1272592e-02
   2.9829448e-02
   1.5895172e-02
   2.9339385e-02
   3.9363221e-03
   6.9783236e-02
   7.4616761e-02
   6.2013848e-02
   6.7428413e-02
   4.3107513e-02
   4.2398850e-02
   6.0780384e-02
   6.2703476e-02
   7.1551264e-02
   5.0772200e-02
   7.8570229e-02
   5.3019569e-02
   7.6025664e-02
   5.7360438e-02
   6.0442873e-02
   5.9152420e-02
   4.4528858e-02
   5.7153302e-02
   5.3469200e-02
   1.2086125e-03
   1.9030182e-02
   9.9183587e-02
   1.1222962e-01
   1.0014369e-01
   1.4241623e-01
   1.4065772e-01
   1.1889833e-01
   1.0742503e-01
   1.0441126e-01
   1.2437767e-01
   9.5806736e-02
   1.2290952e-01
   9.9145423e-02
   1.1487701e-01
   1.2497599e-01
   1.1219349e-01
   1.2525069e-01
   1.5859227e-01
   7.3561304e-02
   1.9575184e-04
   1.4124579e-04
   2.9213242e-02
   2.2434885e-01
   2.6617082e-01
   1.3017535e-01
   8.0292543e-02
   1.5262610e-01
   2.4012963e-01
   7.6087128e-02
   1.9887020e-01
   2.0294865e-01
   1.8368821e-01
   2.0249590e-01
   1.8930227e-01
   1.4927650e-01
   1.9992067e-01
   1.7517724e-01
   4.3319421e-02
   6.8702202e-03
   9.8332442e-06
   0.0000000e+00
   4.6768202e-03
   8.6624957e-02
   1.3540491e-01
   6.0960132e-02
   5.9929411e-03
   8.2197656e-02
   3.2785270e-01
   9.3766275e-02
   6.7310208e-02
   2.2506669e-01
   1.6189140e-01
   1.7242426e-01
   2.3541234e-01
   1.3907674e-01
   1.8921922e-02
   7.3304332e-03
   4.3307978e-04
   1.3574264e-06
   0.0000000e+00
   0.0000000e+00
   2.6858587e-05
   5.3081383e-03
   3.0325098e-01
   4.7904189e-01
   4.2392621e-02
   6.6478496e-03
   2.9714071e-02
   8.2987356e-03
   1.5483673e-04
   2.0492345e-03
   2.9710075e-03
   1.5274185e-01
   4.7523793e-01
   3.1941999e-01
   2.2706964e-02
   0.0000000e+00
   0.0000000e+00
   0.0000000e+00
   0.0000000e+00
   0.0000000e+00
   0.0000000e+00
   2.5558548e-03
   1.6241011e-01
   2.5708744e-01
   2.2752597e-02
   0.0000000e+00
   0.0000000e+00
   0.0000000e+00
   0.0000000e+00
   0.0000000e+00
   2.7206785e-04
   2.8879993e-02
   8.4718501e-02
   5.2443132e-02
   3.6658967e-03
   0.0000000e+00
   0.0000000e+00
   0.0000000e+00
   0.0000000e+00
   0.0000000e+00
   0.0000000e+00
   2.4428353e-05
   1.5522836e-03
   2.4571908e-03
   2.1746480e-04
   0.0000000e+00
   0.0000000e+00
   0.0000000e+00
   0.0000000e+00
   0.0000000e+00
   0.0000000e+00
   0.0000000e+00
   0.0000000e+00
   0.0000000e+00
   0.0000000e+00
   0.0000000e+00
   0.0000000e+00
   0.0000000e+00
   0.0000000e+00
   0.0000000e+00
   0.0000000e+00
   0.0000000e+00
   0.0000000e+00
   0.0000000e+00
   0.0000000e+00
   0.0000000e+00
   0.0000000e+00
   0.0000000e+00
   0.0000000e+00
   0.0000000e+00
   0.0000000e+00
   0.0000000e+00
   0.0000000e+00
   0.0000000e+00
   0.0000000e+00
   0.0000000e+00
   0.0000000e+00
   0.0000000e+00
   0.0000000e+00
   0.0000000e+00
   0.0000000e+00
   0.0000000e+00
   0.0000000e+00
   0.0000000e+00
   0.0000000e+00
   0.0000000e+00
   0.0000000e+00
   0.0000000e+00
   0.0000000e+00
   0.0000000e+00
   0.0000000e+00
   0.0000000e+00
   0.0000000e+00
   0.0000000e+00
   0.0000000e+00
   0.0000000e+00
   0.0000000e+00
   0.0000000e+00
   0.0000000e+00
   0.0000000e+00
   0.0000000e+00
   0.0000000e+00
   0.0000000e+00
   0.0000000e+00
   0.0000000e+00
   0.0000000e+00
   0.0000000e+00
   0.0000000e+00
   0.0000000e+00
   0.0000000e+00
   0.0000000e+00
   0.0000000e+00
   0.0000000e+00
   0.0000000e+00
   0.0000000e+00
   0.0000000e+00
   0.0000000e+00
   0.0000000e+00
   0.0000000e+00
   0.0000000e+00
   0.0000000e+00
   0.0000000e+00
   0.0000000e+00
   0.0000000e+00
   0.0000000e+00
   0.0000000e+00
   0.0000000e+00
   0.0000000e+00
   0.0000000e+00
   0.0000000e+00
   0.0000000e+00
   0.0000000e+00
   0.0000000e+00
   0.0000000e+00
   0.0000000e+00
   0.0000000e+00
   0.0000000e+00
   0.0000000e+00
   0.0000000e+00
   0.0000000e+00
   0.0000000e+00
   0.0000000e+00
   0.0000000e+00
   0.0000000e+00
   0.0000000e+00
   0.0000000e+00
   0.0000000e+00
   0.0000000e+00
   0.0000000e+00
   0.0000000e+00
   0.0000000e+00
   0.0000000e+00
   0.0000000e+00
   0.0000000e+00
   0.0000000e+00
   0.0000000e+00
   0.0000000e+00
   0.0000000e+00
   0.0000000e+00
   0.0000000e+00
   0.0000000e+00
   0.0000000e+00
   0.0000000e+00
   0.0000000e+00
   0.0000000e+00
   0.0000000e+00
   0.0000000e+00
   0.0000000e+00
   0.0000000e+00
   0.0000000e+00
   0.0000000e+00
   0.0000000e+00
   0.0000000e+00
   0.0000000e+00
   0.0000000e+00
   0.0000000e+00
   0.0000000e+00
   0.0000000e+00
   0.0000000e+00
   0.0000000e+00
   0.0000000e+00
   0.0000000e+00
   0.0000000e+00
   0.0000000e+00
   0.0000000e+00
   0.0000000e+00
   0.0000000e+00
   0.0000000e+00
   0.0000000e+00
   0.0000000e+00
   0.0000000e+00
   0.0000000e+00
   0.0000000e+00
   0.0000000e+00
   0.0000000e+00
   0.0000000e+00
   0.0000000e+00
   0.0000000e+00
   0.0000000e+00
   0.0000000e+00
   0.0000000e+00
   0.0000000e+00
   0.0000000e+00
   0.0000000e+00
   0.0000000e+00
   0.0000000e+00
   0.0000000e+00
   0.0000000e+00
   0.0000000e+00
   0.0000000e+00
   0.0000000e+00
   0.0000000e+00
   0.0000000e+00
   0.0000000e+00
   0.0000000e+00
   0.0000000e+00
   0.0000000e+00
   0.0000000e+00
   0.0000000e+00
   0.0000000e+00
   0.0000000e+00
   0.0000000e+00
   0.0000000e+00
   0.0000000e+00
   0.0000000e+00
   0.0000000e+00
   0.0000000e+00
   0.0000000e+00
   0.0000000e+00
   0.0000000e+00
   0.0000000e+00
   0.0000000e+00
   0.0000000e+00
   0.0000000e+00
   0.0000000e+00
   0.0000000e+00
   0.0000000e+00
   0.0000000e+00
   0.0000000e+00
   0.0000000e+00
   0.0000000e+00
   0.0000000e+00
   0.0000000e+00
   0.0000000e+00
   0.0000000e+00
   0.0000000e+00
   0.0000000e+00
   0.0000000e+00
   0.0000000e+00
   0.0000000e+00
   0.0000000e+00
   0.0000000e+00
   0.0000000e+00
   0.0000000e+00
   0.0000000e+00
   0.0000000e+00
   0.0000000e+00
   0.0000000e+00
   0.0000000e+00
   0.0000000e+00
   0.0000000e+00
   0.0000000e+00
   0.0000000e+00
   0.0000000e+00
   0.0000000e+00
   0.0000000e+00
   0.0000000e+00
   0.0000000e+00
   0.0000000e+00
   0.0000000e+00
   0.0000000e+00
   0.0000000e+00
   0.0000000e+00
   0.0000000e+00
   0.0000000e+00
   0.0000000e+00
   0.0000000e+00
   0.0000000e+00
   0.0000000e+00
