   8.2766407e-04
  -6.1046842e-06
  -2.4546934e-04
   5.1916796e-04
   2.2961617e-03
  -1.2608819e-03
   3.4161299e-03
   2.2344789e-03
   3.6472519e-03
   1.5897310e-03
  -3.0077950e-03
  -4.4696038e-04
  -1.7933857e-03
  -1.2304543e-03
   7.2682141e-05
   6.2554124e-03
  -2.3785429e-03
  -4.0485100e-05
   3.3337872e-03
   2.7745779e-03
   1.0221182e-02
   2.1263975e-02
   2.1444425e-02
   1.0512965e-02
   1.4732534e-02
   2.1598814e-02
   1.7098175e-02
   1.6783738e-02
   1.6743870e-02
   1.5551968e-02
   2.4698640e-02
   2.4212127e-02
   1.7012424e-02
   2.3862169e-02
   1.1677655e-02
   1.3575854e-02
   2.2779380e-02
   1.4433053e-02
   2.1036980e-02
   1.7891296e-03
   7.3392466e-02
   5.2489670e-02
   6.2547917e-02
   6.8695887e-02
   7.1406938e-02
   5.5163754e-02
   6.0860056e-02
   6.4169770e-02
   6.2436956e-02
   6.5902981e-02
   5.2084636e-02
   5.5999820e-02
   5.9619087e-02
   5.7158738e-02
   6.3265334e-02
   6.5341752e-02
   5.6909482e-02
   6.5159567e-02
   7.9732186e-02
   1.9226435e-03
   1.0534541e-01
   1.3994143e-01
   1.1294204e-01
   9.7865362e-02
   8.2031615e-02
   1.2599052e-01
   1.1701085e-01
   1.0435554e-01
   1.2120272e-01
   1.0182558e-01
   1.2428555e-01
   1.2225211e-01
   1.1683136e-01
   1.1630682e-01
   1.1419668e-01
   1.2140141e-01
   1.0393517e-01
   1.2501894e-01
   4.5425394e-02
   8.3741514e-04
   9.2904395e-02
   1.4628603e-01
   1.9445576e-01
   2.5513911e-01
   1.9181912e-01
   1.6922282e-01
   1.6763697e-01
   2.2864601e-01
   1.5930556e-01
   2.1340494e-01
   1.6511659e-01
   1.7158205e-01
   1.7104410e-01
   1.9987827e-01
   1.6544775e-01
   1.6932043e-01
   1.9879155e-01
   2.3155630e-01
   1.2399403e-02
   3.1029926e-06
   3.6675182e-01
   2.3683415e-01
   6.6793878e-02
   8.2063091e-02
   1.5443761e-01
   3.9549526e-01
   1.2094056e-01
   5.1743005e-02
   1.1821587e-01
   2.6825557e-01
   7.5621977e-02
   3.1370379e-01
   2.3417611e-01
   2.3891722e-02
   1.5347757e-01
   3.1946553e-01
   8.8905007e-02
   4.6561786e-02
   2.2710658e-03
   0.0000000e+00
   1.0596338e-01
   6.6189750e-02
   6.1428144e-03
   1.7348641e-04
   4.3879594e-02
   1.6879421e-01
   4.0632544e-02
   3.8183434e-06
   3.4249027e-03
   9.6737609e-03
   2.3749662e-02
   3.2568669e-01
   2.4840833e-01
   6.2847164e-03
   6.4599875e-03
   1.4180399e-02
   1.8831491e-03
   0.0000000e+00
   0.0000000e+00
   0.0000000e+00
   1.0539235e-05
   6.5832907e-06
   6.1060874e-07
   1.2338824e-08
   1.8435718e-04
   7.1008227e-04
   1.7093565e-04
   0.0000000e+00
   0.0000000e+00
   0.0000000e+00
   1.1098040e-03
   1.6384649e-02
   1.2500698e-02
   3.1514476e-04
   0.0000000e+00
   0.0000000e+00
   0.0000000e+00
   0.0000000e+00
   0.0000000e+00
   0.0000000e+00
   0.0000000e+00
   0.0000000e+00
   0.0000000e+00
   0.0000000e+00
   0.0000000e+00
   0.0000000e+00
   0.0000000e+00
   0.0000000e+00
   0.0000000e+00
   0.0000000e+00
   0.0000000e+00
   0.0000000e+00
   0.0000000e+00
   0.0000000e+00
   0.0000000e+00
   0.0000000e+00
   0.0000000e+00
   0.0000000e+00
   0.0000000e+00
   0.0000000e+00
   0.0000000e+00
   0.0000000e+00
   0.0000000e+00
   0.0000000e+00
   0.0000000e+00
   0.0000000e+00
   0.0000000e+00
   0.0000000e+00
   0.0000000e+00
   0.0000000e+00
   0.0000000e+00
   0.0000000e+00
   0.0000000e+00
   0.0000000e+00
   0.0000000e+00
   0.0000000e+00
   0.0000000e+00
   0.0000000e+00
   0.0000000e+00
   0.0000000e+00
   0.0000000e+00
   0.0000000e+00
   0.0000000e+00
   0.0000000e+00
   0.0000000e+00
   0.0000000e+00
   0.0000000e+00
   0.0000000e+00
   0.0000000e+00
   0.0000000e+00
   0.0000000e+00
   0.0000000e+00
   0.0000000e+00
   0.0000000e+00
   0.0000000e+00
   0.0000000e+00
   0.0000000e+00
   0.0000000e+00
   0.0000000e+00
   0.0000000e+00
   0.0000000e+00
   0.0000000e+00
   0.0000000e+00
   0.0000000e+00
   0.0000000e+00
   0.0000000e+00
   0.0000000e+00
   0.0000000e+00
   0.0000000e+00
   0.0000000e+00
   0.0000000e+00
   0.0000000e+00
   0.0000000e+00
   0.0000000e+00
   0.0000000e+00
   0.0000000e+00
   0.0000000e+00
   0.0000000e+00
   0.0000000e+00
   0.0000000e+00
   0.0000000e+00
   0.0000000e+00
   0.0000000e+00
   0.0000000e+00
   0.0000000e+00
   0.0000000e+00
   0.0000000e+00
   0.0000000e+00
   0.0000000e+00
   0.0000000e+00
   0.0000000e+00
   0.0000000e+00
   0.0000000e+00
   0.0000000e+00
   0.0000000e+00
   0.0000000e+00
   0.0000000e+00
   0.0000000e+00
   0.0000000e+00
   0.0000000e+00
   0.0000000e+00
   0.0000000e+00
   0.0000000e+00
   0.0000000e+00
   0.0000000e+00
   0.0000000e+00
   0.0000000e+00
   0.0000000e+00
   0.0000000e+00
   0.0000000e+00
   0.0000000e+00
   0.0000000e+00
   0.0000000e+00
   0.0000000e+00
   0.0000000e+00
   0.0000000e+00
   0.0000000e+00
   0.0000000e+00
   0.0000000e+00
   0.0000000e+00
   0.0000000e+00
   0.0000000e+00
   0.0000000e+00
   0.0000000e+00
   0.0000000e+00
   0.0000000e+00
   0.0000000e+00
   0.0000000e+00
   0.0000000e+00
   0.0000000e+00
   0.0000000e+00
   0.0000000e+00
   0.0000000e+00
   0.0000000e+00
   0.0000000e+00
   0.0000000e+00
   0.0000000e+00
   0.0000000e+00
   0.0000000e+00
   0.0000000e+00
   0.0000000e+00
   0.0000000e+00
   0.0000000e+00
   0.0000000e+00
   0.0000000e+00
   0.0000000e+00
   0.0000000e+00
   0.0000000e+00
   0.0000000e+00
   0.0000000e+00
   0.0000000e+00
   0.0000000e+00
   0.0000000e+00
   0.0000000e+00
   0.0000000e+00
   0.0000000e+00
   0.0000000e+00
   0.0000000e+00
   0.0000000e+00
   0.0000000e+00
   0.0000000e+00
   0.0000000e+00
   0.0000000e+00
   0.0000000e+00
   0.0000000e+00
   0.0000000e+00
   0.0000000e+00
   0.0000000e+00
   0.0000000e+00
   0.0000000e+00
   0.0000000e+00
   0.0000000e+00
   0.0000000e+00
   0.0000000e+00
   0.0000000e+00
   0.0000000e+00
   0.0000000e+00
   0.0000000e+00
   0.0000000e+00
   0.0000000e+00
   0.0000000e+00
   0.0000000e+00
   0.0000000e+00
   0.0000000e+00
   0.0000000e+00
   0.0000000e+00
   0.0000000e+00
   0.0000000e+00
   0.0000000e+00
   0.0000000e+00
   0.0000000e+00
   0.0000000e+00
   0.0000000e+00
   0.0000000e+00
   0.0000000e+00
   0.0000000e+00
   0.0000000e+00
   0.0000000e+00
   0.0000000e+00
   0.0000000e+00
   0.0000000e+00
   0.0000000e+00
   0.0000000e+00
   0.0000000e+00
   0.0000000e+00
   0.0000000e+00
   0.0000000e+00
   0.0000000e+00
   0.0000000e+00
   0.0000000e+00
   0.0000000e+00
   0.0000000e+00
   0.0000000e+00
   0.0000000e+00
   0.0000000e+00
   0.0000000e+00
   0.0000000e+00
   0.0000000e+00
   0.0000000e+00
   0.0000000e+00
   0.0000000e+00
   0.0000000e+00
   0.0000000e+00
   0.0000000e+00
   0.0000000e+00
   0.0000000e+00
   0.0000000e+00
   0.0000000e+00
   0.0000000e+00
   0.0000000e+00
   0.0000000e+00
   0.0000000e+00
   0.0000000e+00
   0.0000000e+00
   0.0000000e+00
   0.0000000e+00
   0.0000000e+00
   0.0000000e+00
   0.0000000e+00
   0.0000000e+00
