  -4.8419579e-03
  -5.8265890e-04
   4.5487734e-03
  -5.4664154e-04
  -1.5509975e-04
   6.8054783e-04
   3.3639541e-03
  -3.5633119e-03
   1.0513923e-02
   1.4260661e-02
  -4.6061057e-04
  -5.2481621e-03
   2.0947042e-04
   1.1405134e-02
   2.7578247e-03
  -2.9132901e-03
   1.4925240e-03
   4.9050867e-03
  -5.8567485e-03
   7.7596159e-03
   2.8705468e-02
   1.3832765e-02
   1.8683684e-02
   1.7487264e-02
   2.3068642e-02
   1.4964680e-02
   1.6101307e-02
   2.1180138e-02
   2.4343227e-02
  -1.3391131e-02
   1.8532806e-02
   2.6346232e-02
   1.7491973e-02
   9.2562144e-03
   4.8271780e-03
   1.6804064e-02
   1.7899371e-02
   1.8591501e-02
   2.3766752e-02
   2.1523719e-02
   6.8527899e-02
   6.9871810e-02
   6.1853659e-02
   6.2914593e-02
   5.3549594e-02
   6.5281373e-02
   6.3479420e-02
   5.8455671e-02
   5.6427946e-02
   7.6239899e-02
   6.8804119e-02
   4.3908388e-02
   6.9638740e-02
   6.5576478e-02
   7.4824541e-02
   7.3770495e-02
   6.4759623e-02
   4.4149514e-02
   7.2654805e-02
   4.9892757e-03
   3.8469176e-02
   1.1074186e-01
   9.9225462e-02
   1.1199157e-01
   1.2279077e-01
   1.1289188e-01
   1.1541380e-01
   1.0932396e-01
   1.2589114e-01
   9.5463106e-02
   1.0798946e-01
   1.4031837e-01
   9.9248853e-02
   1.0487199e-01
   1.1449906e-01
   3.2547751e-02
   1.1677497e-01
   1.4757529e-01
   9.4334941e-02
   6.5908858e-04
   1.0144178e-01
   3.1420775e-01
   1.7524903e-01
   2.1620352e-01
   1.8747407e-01
   1.7238163e-01
   1.8256241e-01
   2.2901041e-01
   1.3009586e-01
   2.4918700e-01
   8.4584364e-02
   1.2588804e-01
   2.5646426e-01
   1.7760885e-01
   2.3274794e-01
   1.4581887e-01
   2.4805735e-01
   2.8437669e-02
   6.4592349e-03
   2.5636786e-05
   6.3307967e-02
   1.8995409e-01
   7.0170996e-02
   3.0154525e-02
   5.0650212e-02
   2.6116803e-01
   2.6968634e-01
   1.0048944e-01
   5.6899794e-02
   2.4137319e-01
   7.7093092e-02
   1.2676628e-02
   9.5480612e-02
   1.3394262e-01
   1.0918036e-01
   1.4940736e-01
   2.4455618e-01
   2.3117807e-02
  -1.3904024e-06
   0.0000000e+00
   1.0720672e-03
   3.2065060e-03
   1.0434715e-03
   6.4704926e-05
   1.3709694e-03
   1.1655271e-02
   1.0159725e-02
   2.2277291e-03
   3.3999494e-04
   1.7334019e-03
   5.6819782e-04
   8.4404982e-06
   6.5351688e-05
   5.5885669e-05
   6.2565622e-05
   2.6770719e-03
   4.4173369e-03
   4.1333115e-04
   0.0000000e+00
   0.0000000e+00
   0.0000000e+00
   0.0000000e+00
   0.0000000e+00
   0.0000000e+00
   0.0000000e+00
   0.0000000e+00
   0.0000000e+00
   0.0000000e+00
   0.0000000e+00
   0.0000000e+00
   0.0000000e+00
   0.0000000e+00
   0.0000000e+00
   0.0000000e+00
   0.0000000e+00
   0.0000000e+00
   0.0000000e+00
   0.0000000e+00
   0.0000000e+00
   0.0000000e+00
   0.0000000e+00
   0.0000000e+00
   0.0000000e+00
   0.0000000e+00
   0.0000000e+00
   0.0000000e+00
   0.0000000e+00
   0.0000000e+00
   0.0000000e+00
   0.0000000e+00
   0.0000000e+00
   0.0000000e+00
   0.0000000e+00
   0.0000000e+00
   0.0000000e+00
   0.0000000e+00
   0.0000000e+00
   0.0000000e+00
   0.0000000e+00
   0.0000000e+00
   0.0000000e+00
   0.0000000e+00
   0.0000000e+00
   0.0000000e+00
   0.0000000e+00
   0.0000000e+00
   0.0000000e+00
   0.0000000e+00
   0.0000000e+00
   0.0000000e+00
   0.0000000e+00
   0.0000000e+00
   0.0000000e+00
   0.0000000e+00
   0.0000000e+00
   0.0000000e+00
   0.0000000e+00
   0.0000000e+00
   0.0000000e+00
   0.0000000e+00
   0.0000000e+00
   0.0000000e+00
   0.0000000e+00
   0.0000000e+00
   0.0000000e+00
   0.0000000e+00
   0.0000000e+00
   0.0000000e+00
   0.0000000e+00
   0.0000000e+00
   0.0000000e+00
   0.0000000e+00
   0.0000000e+00
   0.0000000e+00
   0.0000000e+00
   0.0000000e+00
   0.0000000e+00
   0.0000000e+00
   0.0000000e+00
   0.0000000e+00
   0.0000000e+00
   0.0000000e+00
   0.0000000e+00
   0.0000000e+00
   0.0000000e+00
   0.0000000e+00
   0.0000000e+00
   0.0000000e+00
   0.0000000e+00
   0.0000000e+00
   0.0000000e+00
   0.0000000e+00
   0.0000000e+00
   0.0000000e+00
   0.0000000e+00
   0.0000000e+00
   0.0000000e+00
   0.0000000e+00
   0.0000000e+00
   0.0000000e+00
   0.0000000e+00
   0.0000000e+00
   0.0000000e+00
   0.0000000e+00
   0.0000000e+00
   0.0000000e+00
   0.0000000e+00
   0.0000000e+00
   0.0000000e+00
   0.0000000e+00
   0.0000000e+00
   0.0000000e+00
   0.0000000e+00
   0.0000000e+00
   0.0000000e+00
   0.0000000e+00
   0.0000000e+00
   0.0000000e+00
   0.0000000e+00
   0.0000000e+00
   0.0000000e+00
   0.0000000e+00
   0.0000000e+00
   0.0000000e+00
   0.0000000e+00
   0.0000000e+00
   0.0000000e+00
   0.0000000e+00
   0.0000000e+00
   0.0000000e+00
   0.0000000e+00
   0.0000000e+00
   0.0000000e+00
   0.0000000e+00
   0.0000000e+00
   0.0000000e+00
   0.0000000e+00
   0.0000000e+00
   0.0000000e+00
   0.0000000e+00
   0.0000000e+00
   0.0000000e+00
   0.0000000e+00
   0.0000000e+00
   0.0000000e+00
   0.0000000e+00
   0.0000000e+00
   0.0000000e+00
   0.0000000e+00
   0.0000000e+00
   0.0000000e+00
   0.0000000e+00
   0.0000000e+00
   0.0000000e+00
   0.0000000e+00
   0.0000000e+00
   0.0000000e+00
   0.0000000e+00
   0.0000000e+00
   0.0000000e+00
   0.0000000e+00
   0.0000000e+00
   0.0000000e+00
   0.0000000e+00
   0.0000000e+00
   0.0000000e+00
   0.0000000e+00
   0.0000000e+00
   0.0000000e+00
   0.0000000e+00
   0.0000000e+00
   0.0000000e+00
   0.0000000e+00
   0.0000000e+00
   0.0000000e+00
   0.0000000e+00
   0.0000000e+00
   0.0000000e+00
   0.0000000e+00
   0.0000000e+00
   0.0000000e+00
   0.0000000e+00
   0.0000000e+00
   0.0000000e+00
   0.0000000e+00
   0.0000000e+00
   0.0000000e+00
   0.0000000e+00
   0.0000000e+00
   0.0000000e+00
   0.0000000e+00
   0.0000000e+00
   0.0000000e+00
   0.0000000e+00
   0.0000000e+00
   0.0000000e+00
   0.0000000e+00
   0.0000000e+00
   0.0000000e+00
   0.0000000e+00
   0.0000000e+00
   0.0000000e+00
   0.0000000e+00
   0.0000000e+00
   0.0000000e+00
   0.0000000e+00
   0.0000000e+00
   0.0000000e+00
   0.0000000e+00
   0.0000000e+00
   0.0000000e+00
   0.0000000e+00
   0.0000000e+00
   0.0000000e+00
   0.0000000e+00
   0.0000000e+00
   0.0000000e+00
   0.0000000e+00
   0.0000000e+00
   0.0000000e+00
   0.0000000e+00
   0.0000000e+00
   0.0000000e+00
   0.0000000e+00
   0.0000000e+00
   0.0000000e+00
   0.0000000e+00
   0.0000000e+00
   0.0000000e+00
   0.0000000e+00
   0.0000000e+00
   0.0000000e+00
   0.0000000e+00
   0.0000000e+00
   0.0000000e+00
   0.0000000e+00
   0.0000000e+00
   0.0000000e+00
   0.0000000e+00
   0.0000000e+00
   0.0000000e+00
   0.0000000e+00
   0.0000000e+00
   0.0000000e+00
   0.0000000e+00
   0.0000000e+00
   0.0000000e+00
   0.0000000e+00
   0.0000000e+00
   0.0000000e+00
   0.0000000e+00
   0.0000000e+00
   0.0000000e+00
   0.0000000e+00
   0.0000000e+00
   0.0000000e+00
   0.0000000e+00
   0.0000000e+00
   0.0000000e+00
   0.0000000e+00
