   1.3533031e-03
  -4.5977506e-05
   1.3473172e-04
   1.0750885e-02
   3.4072049e-04
  -2.4358995e-03
  -1.0916649e-02
  -7.8431105e-04
   7.3820260e-03
   2.7795101e-03
   1.4429465e-03
   1.0229257e-02
  -1.1713433e-03
  -1.8274852e-03
   8.3135196e-04
   5.7383171e-03
   7.3382268e-03
   7.6989157e-04
  -3.9463922e-04
   3.6549647e-05
   1.0261495e-02
   2.1621312e-02
   7.2624607e-03
   3.2547189e-03
   2.6558650e-02
   3.3250905e-02
   3.0925085e-02
   2.0465429e-02
   1.4844169e-02
   2.3032784e-02
   4.0151280e-03
   1.0419278e-02
   1.7516807e-02
   2.2918108e-02
   1.3794002e-02
   1.3562706e-02
   6.5860557e-03
   3.5988377e-04
   2.5070242e-02
   6.4011021e-03
   2.6839706e-02
   9.6552681e-02
   5.9500951e-02
   8.2939542e-02
   3.9656509e-02
   4.5922091e-02
   3.2510039e-02
   6.0332994e-02
   5.9393154e-02
   6.1762467e-02
   6.2920646e-02
   7.3059653e-02
   7.6565311e-02
   6.3851191e-02
   6.8164263e-02
   7.7564415e-02
   8.0905644e-02
   7.4322281e-02
   7.0227978e-02
   9.4630136e-03
   1.5680273e-01
   8.5914129e-02
   5.0309873e-02
   1.1071146e-01
   1.3627055e-01
   1.5012577e-01
   1.4543965e-01
   1.3838194e-01
   1.1644394e-01
   1.1234625e-01
   1.2487343e-01
   8.4740872e-02
   4.0798589e-02
   1.1483256e-01
   7.4231586e-02
   9.2067625e-02
   5.8043374e-02
   1.4085501e-01
   5.7283869e-02
   1.9453316e-03
   1.9803278e-01
   3.6329856e-02
   2.5261780e-03
   9.1308961e-03
   1.2154031e-01
   1.5038171e-01
   7.4180777e-02
   1.3602975e-01
   1.6604520e-01
   1.9549001e-01
   1.2633380e-01
   2.3240097e-01
   1.6959182e-01
   1.9638568e-01
   2.4625544e-01
   2.1287435e-01
   2.3669989e-01
   1.9863592e-01
   2.6737457e-02
   0.0000000e+00
   1.4454601e-02
   2.5884104e-03
   7.4564208e-05
   5.3295583e-05
   1.5784541e-03
   1.8152287e-03
   1.9402722e-02
   2.8467025e-01
   3.2746147e-01
   1.5251136e-01
   2.8055769e-01
   3.0923216e-01
   1.2395857e-01
   4.3045802e-02
   6.4145619e-02
   4.7114984e-02
   5.9324331e-02
   3.5536020e-02
   3.2759651e-03
   0.0000000e+00
   0.0000000e+00
   0.0000000e+00
   0.0000000e+00
   0.0000000e+00
   0.0000000e+00
   0.0000000e+00
   3.5490464e-03
   5.1918411e-02
   4.3785069e-02
   9.4609414e-03
   5.1803381e-02
   3.8831811e-02
   3.4887212e-03
   1.1582827e-04
   0.0000000e+00
   0.0000000e+00
   0.0000000e+00
   0.0000000e+00
   0.0000000e+00
   0.0000000e+00
   0.0000000e+00
   0.0000000e+00
   0.0000000e+00
   0.0000000e+00
   0.0000000e+00
   0.0000000e+00
   0.0000000e+00
   0.0000000e+00
   0.0000000e+00
   0.0000000e+00
   0.0000000e+00
   0.0000000e+00
   0.0000000e+00
   0.0000000e+00
   0.0000000e+00
   0.0000000e+00
   0.0000000e+00
   0.0000000e+00
   0.0000000e+00
   0.0000000e+00
   0.0000000e+00
   0.0000000e+00
   0.0000000e+00
   0.0000000e+00
   0.0000000e+00
   0.0000000e+00
   0.0000000e+00
   0.0000000e+00
   0.0000000e+00
   0.0000000e+00
   0.0000000e+00
   0.0000000e+00
   0.0000000e+00
   0.0000000e+00
   0.0000000e+00
   0.0000000e+00
   0.0000000e+00
   0.0000000e+00
   0.0000000e+00
   0.0000000e+00
   0.0000000e+00
   0.0000000e+00
   0.0000000e+00
   0.0000000e+00
   0.0000000e+00
   0.0000000e+00
   0.0000000e+00
   0.0000000e+00
   0.0000000e+00
   0.0000000e+00
   0.0000000e+00
   0.0000000e+00
   0.0000000e+00
   0.0000000e+00
   0.0000000e+00
   0.0000000e+00
   0.0000000e+00
   0.0000000e+00
   0.0000000e+00
   0.0000000e+00
   0.0000000e+00
   0.0000000e+00
   0.0000000e+00
   0.0000000e+00
   0.0000000e+00
   0.0000000e+00
   0.0000000e+00
   0.0000000e+00
   0.0000000e+00
   0.0000000e+00
   0.0000000e+00
   0.0000000e+00
   0.0000000e+00
   0.0000000e+00
   0.0000000e+00
   0.0000000e+00
   0.0000000e+00
   0.0000000e+00
   0.0000000e+00
   0.0000000e+00
   0.0000000e+00
   0.0000000e+00
   0.0000000e+00
   0.0000000e+00
   0.0000000e+00
   0.0000000e+00
   0.0000000e+00
   0.0000000e+00
   0.0000000e+00
   0.0000000e+00
   0.0000000e+00
   0.0000000e+00
   0.0000000e+00
   0.0000000e+00
   0.0000000e+00
   0.0000000e+00
   0.0000000e+00
   0.0000000e+00
   0.0000000e+00
   0.0000000e+00
   0.0000000e+00
   0.0000000e+00
   0.0000000e+00
   0.0000000e+00
   0.0000000e+00
   0.0000000e+00
   0.0000000e+00
   0.0000000e+00
   0.0000000e+00
   0.0000000e+00
   0.0000000e+00
   0.0000000e+00
   0.0000000e+00
   0.0000000e+00
   0.0000000e+00
   0.0000000e+00
   0.0000000e+00
   0.0000000e+00
   0.0000000e+00
   0.0000000e+00
   0.0000000e+00
   0.0000000e+00
   0.0000000e+00
   0.0000000e+00
   0.0000000e+00
   0.0000000e+00
   0.0000000e+00
   0.0000000e+00
   0.0000000e+00
   0.0000000e+00
   0.0000000e+00
   0.0000000e+00
   0.0000000e+00
   0.0000000e+00
   0.0000000e+00
   0.0000000e+00
   0.0000000e+00
   0.0000000e+00
   0.0000000e+00
   0.0000000e+00
   0.0000000e+00
   0.0000000e+00
   0.0000000e+00
   0.0000000e+00
   0.0000000e+00
   0.0000000e+00
   0.0000000e+00
   0.0000000e+00
   0.0000000e+00
   0.0000000e+00
   0.0000000e+00
   0.0000000e+00
   0.0000000e+00
   0.0000000e+00
   0.0000000e+00
   0.0000000e+00
   0.0000000e+00
   0.0000000e+00
   0.0000000e+00
   0.0000000e+00
   0.0000000e+00
   0.0000000e+00
   0.0000000e+00
   0.0000000e+00
   0.0000000e+00
   0.0000000e+00
   0.0000000e+00
   0.0000000e+00
   0.0000000e+00
   0.0000000e+00
   0.0000000e+00
   0.0000000e+00
   0.0000000e+00
   0.0000000e+00
   0.0000000e+00
   0.0000000e+00
   0.0000000e+00
   0.0000000e+00
   0.0000000e+00
   0.0000000e+00
   0.0000000e+00
   0.0000000e+00
   0.0000000e+00
   0.0000000e+00
   0.0000000e+00
   0.0000000e+00
   0.0000000e+00
   0.0000000e+00
   0.0000000e+00
   0.0000000e+00
   0.0000000e+00
   0.0000000e+00
   0.0000000e+00
   0.0000000e+00
   0.0000000e+00
   0.0000000e+00
   0.0000000e+00
   0.0000000e+00
   0.0000000e+00
   0.0000000e+00
   0.0000000e+00
   0.0000000e+00
   0.0000000e+00
   0.0000000e+00
   0.0000000e+00
   0.0000000e+00
   0.0000000e+00
   0.0000000e+00
   0.0000000e+00
   0.0000000e+00
   0.0000000e+00
   0.0000000e+00
   0.0000000e+00
   0.0000000e+00
   0.0000000e+00
   0.0000000e+00
   0.0000000e+00
   0.0000000e+00
   0.0000000e+00
   0.0000000e+00
   0.0000000e+00
   0.0000000e+00
   0.0000000e+00
   0.0000000e+00
   0.0000000e+00
   0.0000000e+00
   0.0000000e+00
   0.0000000e+00
   0.0000000e+00
   0.0000000e+00
   0.0000000e+00
   0.0000000e+00
   0.0000000e+00
   0.0000000e+00
   0.0000000e+00
   0.0000000e+00
   0.0000000e+00
   0.0000000e+00
   0.0000000e+00
   0.0000000e+00
   0.0000000e+00
   0.0000000e+00
   0.0000000e+00
   0.0000000e+00
   0.0000000e+00
   0.0000000e+00
   0.0000000e+00
   0.0000000e+00
   0.0000000e+00
   0.0000000e+00
   0.0000000e+00
   0.0000000e+00
   0.0000000e+00
   0.0000000e+00
   0.0000000e+00
   0.0000000e+00
   0.0000000e+00
   0.0000000e+00
   0.0000000e+00
   0.0000000e+00
