  -1.1350066e-03
  -1.3550990e-03
   3.2740601e-04
  -1.2732410e-03
  -1.3855147e-03
   5.9686600e-05
   3.2353493e-03
   1.5729009e-03
   6.7777994e-04
   1.0306613e-03
  -3.8657045e-04
  -8.2643489e-05
  -2.0159639e-03
   1.7216535e-03
   1.8030715e-03
   7.5033170e-04
  -6.7361343e-04
   6.7954013e-04
   4.4364187e-03
   2.1171291e-03
   2.2015363e-02
   2.1380588e-02
   2.2478301e-02
   1.8732612e-02
   2.4117411e-02
   1.7701130e-02
   1.9497828e-02
   1.3434831e-02
   1.8062777e-02
   1.8374500e-02
   1.9237162e-02
   1.9624235e-02
   2.6249839e-02
   1.3546843e-02
   1.8954224e-02
   1.3743760e-02
   2.4657716e-02
   1.0030207e-02
   2.2551626e-02
   6.5368706e-03
   5.6208559e-02
   5.1717730e-02
   5.7538868e-02
   5.7827894e-02
   5.3463507e-02
   6.0559837e-02
   5.9850569e-02
   6.3348944e-02
   6.4049196e-02
   5.6703641e-02
   6.5348512e-02
   5.2401606e-02
   4.8642698e-02
   6.8106994e-02
   6.3725474e-02
   6.2558972e-02
   5.9108864e-02
   6.1853403e-02
   8.2282837e-02
   7.1632384e-03
   1.1398904e-01
   1.4976683e-01
   8.7314329e-02
   1.3130872e-01
   1.1943732e-01
   1.1897967e-01
   1.1438922e-01
   1.1547927e-01
   1.0674049e-01
   1.2593205e-01
   1.0187243e-01
   1.3432873e-01
   1.3038456e-01
   1.0574899e-01
   1.0186256e-01
   1.2623946e-01
   9.4539071e-02
   1.3335511e-01
   6.2718854e-02
   2.3077337e-03
   5.1834339e-02
   1.7480722e-01
   1.9289266e-01
   1.6963329e-01
   1.6692682e-01
   1.7847901e-01
   1.7693426e-01
   1.7771065e-01
   1.9943132e-01
   1.5085402e-01
   2.2759190e-01
   8.5488083e-02
   1.7016021e-01
   1.8683645e-01
   2.2976743e-01
   1.4019513e-01
   2.3395722e-01
   1.9467765e-01
   1.8351873e-02
   1.1426094e-05
   4.7651004e-02
   3.4122951e-01
   2.8913063e-01
   1.0004743e-01
   2.6134457e-01
   2.3020154e-01
   2.2733607e-01
   2.8375280e-01
   2.7627878e-01
   6.8529440e-02
   1.9666793e-01
   3.1716649e-01
   2.8742626e-01
   2.1188354e-01
   4.6492822e-02
   2.2663832e-02
   3.6974307e-02
   2.5265254e-02
   1.5728671e-03
   0.0000000e+00
   1.1292318e-02
   7.6363594e-02
   4.6821078e-02
   3.0204129e-02
   3.6608886e-01
   3.0656802e-01
   2.8551723e-02
   2.5321113e-02
   2.3795931e-02
   4.7322722e-03
   3.7874222e-02
   1.2721927e-01
   6.9215477e-02
   2.9645292e-02
   3.5451323e-04
   0.0000000e+00
   0.0000000e+00
   0.0000000e+00
   0.0000000e+00
   0.0000000e+00
   0.0000000e+00
   0.0000000e+00
   0.0000000e+00
   2.2870675e-03
   4.0787989e-02
   3.5138255e-02
   1.1491840e-03
   0.0000000e+00
   0.0000000e+00
   3.2182507e-12
   9.0701574e-06
   3.5512880e-05
   8.6903270e-06
   0.0000000e+00
   0.0000000e+00
   0.0000000e+00
   0.0000000e+00
   0.0000000e+00
   0.0000000e+00
   0.0000000e+00
   0.0000000e+00
   0.0000000e+00
   0.0000000e+00
   0.0000000e+00
   0.0000000e+00
   0.0000000e+00
   0.0000000e+00
   0.0000000e+00
   0.0000000e+00
   0.0000000e+00
   0.0000000e+00
   0.0000000e+00
   0.0000000e+00
   0.0000000e+00
   0.0000000e+00
   0.0000000e+00
   0.0000000e+00
   0.0000000e+00
   0.0000000e+00
   0.0000000e+00
   0.0000000e+00
   0.0000000e+00
   0.0000000e+00
   0.0000000e+00
   0.0000000e+00
   0.0000000e+00
   0.0000000e+00
   0.0000000e+00
   0.0000000e+00
   0.0000000e+00
   0.0000000e+00
   0.0000000e+00
   0.0000000e+00
   0.0000000e+00
   0.0000000e+00
   0.0000000e+00
   0.0000000e+00
   0.0000000e+00
   0.0000000e+00
   0.0000000e+00
   0.0000000e+00
   0.0000000e+00
   0.0000000e+00
   0.0000000e+00
   0.0000000e+00
   0.0000000e+00
   0.0000000e+00
   0.0000000e+00
   0.0000000e+00
   0.0000000e+00
   0.0000000e+00
   0.0000000e+00
   0.0000000e+00
   0.0000000e+00
   0.0000000e+00
   0.0000000e+00
   0.0000000e+00
   0.0000000e+00
   0.0000000e+00
   0.0000000e+00
   0.0000000e+00
   0.0000000e+00
   0.0000000e+00
   0.0000000e+00
   0.0000000e+00
   0.0000000e+00
   0.0000000e+00
   0.0000000e+00
   0.0000000e+00
   0.0000000e+00
   0.0000000e+00
   0.0000000e+00
   0.0000000e+00
   0.0000000e+00
   0.0000000e+00
   0.0000000e+00
   0.0000000e+00
   0.0000000e+00
   0.0000000e+00
   0.0000000e+00
   0.0000000e+00
   0.0000000e+00
   0.0000000e+00
   0.0000000e+00
   0.0000000e+00
   0.0000000e+00
   0.0000000e+00
   0.0000000e+00
   0.0000000e+00
   0.0000000e+00
   0.0000000e+00
   0.0000000e+00
   0.0000000e+00
   0.0000000e+00
   0.0000000e+00
   0.0000000e+00
   0.0000000e+00
   0.0000000e+00
   0.0000000e+00
   0.0000000e+00
   0.0000000e+00
   0.0000000e+00
   0.0000000e+00
   0.0000000e+00
   0.0000000e+00
   0.0000000e+00
   0.0000000e+00
   0.0000000e+00
   0.0000000e+00
   0.0000000e+00
   0.0000000e+00
   0.0000000e+00
   0.0000000e+00
   0.0000000e+00
   0.0000000e+00
   0.0000000e+00
   0.0000000e+00
   0.0000000e+00
   0.0000000e+00
   0.0000000e+00
   0.0000000e+00
   0.0000000e+00
   0.0000000e+00
   0.0000000e+00
   0.0000000e+00
   0.0000000e+00
   0.0000000e+00
   0.0000000e+00
   0.0000000e+00
   0.0000000e+00
   0.0000000e+00
   0.0000000e+00
   0.0000000e+00
   0.0000000e+00
   0.0000000e+00
   0.0000000e+00
   0.0000000e+00
   0.0000000e+00
   0.0000000e+00
   0.0000000e+00
   0.0000000e+00
   0.0000000e+00
   0.0000000e+00
   0.0000000e+00
   0.0000000e+00
   0.0000000e+00
   0.0000000e+00
   0.0000000e+00
   0.0000000e+00
   0.0000000e+00
   0.0000000e+00
   0.0000000e+00
   0.0000000e+00
   0.0000000e+00
   0.0000000e+00
   0.0000000e+00
   0.0000000e+00
   0.0000000e+00
   0.0000000e+00
   0.0000000e+00
   0.0000000e+00
   0.0000000e+00
   0.0000000e+00
   0.0000000e+00
   0.0000000e+00
   0.0000000e+00
   0.0000000e+00
   0.0000000e+00
   0.0000000e+00
   0.0000000e+00
   0.0000000e+00
   0.0000000e+00
   0.0000000e+00
   0.0000000e+00
   0.0000000e+00
   0.0000000e+00
   0.0000000e+00
   0.0000000e+00
   0.0000000e+00
   0.0000000e+00
   0.0000000e+00
   0.0000000e+00
   0.0000000e+00
   0.0000000e+00
   0.0000000e+00
   0.0000000e+00
   0.0000000e+00
   0.0000000e+00
   0.0000000e+00
   0.0000000e+00
   0.0000000e+00
   0.0000000e+00
   0.0000000e+00
   0.0000000e+00
   0.0000000e+00
   0.0000000e+00
   0.0000000e+00
   0.0000000e+00
   0.0000000e+00
   0.0000000e+00
   0.0000000e+00
   0.0000000e+00
   0.0000000e+00
   0.0000000e+00
   0.0000000e+00
   0.0000000e+00
   0.0000000e+00
   0.0000000e+00
   0.0000000e+00
   0.0000000e+00
   0.0000000e+00
   0.0000000e+00
   0.0000000e+00
   0.0000000e+00
   0.0000000e+00
   0.0000000e+00
   0.0000000e+00
   0.0000000e+00
   0.0000000e+00
   0.0000000e+00
   0.0000000e+00
   0.0000000e+00
   0.0000000e+00
   0.0000000e+00
   0.0000000e+00
   0.0000000e+00
   0.0000000e+00
   0.0000000e+00
   0.0000000e+00
   0.0000000e+00
   0.0000000e+00
   0.0000000e+00
   0.0000000e+00
   0.0000000e+00
   0.0000000e+00
   0.0000000e+00
   0.0000000e+00
   0.0000000e+00
   0.0000000e+00
   0.0000000e+00
