  -8.3077509e-03
  -3.6634682e-03
   9.7629444e-04
   3.6416808e-04
   3.5188507e-04
   5.3738880e-03
  -1.1822528e-03
   1.2865259e-03
  -2.3812584e-03
  -6.8130772e-04
  -8.6619920e-04
   1.5245928e-05
   1.6823458e-03
  -1.2426351e-03
   8.7459108e-04
   6.9631544e-04
  -1.1910999e-03
  -7.5382129e-03
   3.3614458e-03
   1.1552467e-04
   2.9253420e-02
   3.3243355e-02
   1.7875023e-02
   1.5256541e-02
   2.2103547e-02
   8.7206992e-03
   1.8263612e-02
   1.9111446e-02
   2.3098025e-02
   2.1834423e-02
   2.0679658e-02
   2.0257224e-02
   1.6436028e-02
   2.2417247e-02
   1.7477519e-02
   1.6811746e-02
   2.4078677e-02
   2.2368456e-02
   2.5474167e-02
   1.9153656e-04
   3.0895333e-02
   5.1959006e-02
   6.8806691e-02
   5.9744325e-02
   5.5261733e-02
   7.7325003e-02
   6.6091782e-02
   5.7240238e-02
   5.4052481e-02
   5.3985931e-02
   5.7240563e-02
   5.8243062e-02
   6.2044067e-02
   5.7257828e-02
   5.6612122e-02
   6.9685792e-02
   4.6021651e-02
   6.8534549e-02
   3.7286889e-02
   9.9654583e-05
   1.5788883e-01
   1.1942142e-01
   1.0372139e-01
   1.1978241e-01
   1.1978670e-01
   8.9427057e-02
   1.0469642e-01
   1.2045621e-01
   1.2366541e-01
   1.2396972e-01
   1.2161487e-01
   1.1375636e-01
   1.1727092e-01
   1.1845613e-01
   1.1945923e-01
   1.0625418e-01
   1.2277703e-01
   1.3854333e-01
   1.8762189e-02
   1.1324851e-05
   1.6120478e-01
   1.5084153e-01
   2.3059754e-01
   1.5413023e-01
   1.8503226e-01
   2.2350544e-01
   2.1632067e-01
   1.6578692e-01
   1.5982554e-01
   1.6452835e-01
   1.6669338e-01
   1.9054316e-01
   1.6768476e-01
   1.7159235e-01
   1.8921134e-01
   1.9522214e-01
   1.9847237e-01
   1.1062906e-01
   5.8994433e-03
   0.0000000e+00
   6.8646649e-03
   2.2384971e-02
   1.1822783e-01
   3.2946028e-01
   1.7480847e-01
   9.9976899e-02
   1.0900514e-01
   3.0734847e-01
   3.0073744e-01
   2.8334150e-01
   2.8002681e-01
   1.1581627e-01
   3.4613088e-01
   2.0547522e-01
   2.2445701e-01
   2.9882953e-01
   8.3860481e-02
   2.9211739e-03
   1.0713295e-04
   0.0000000e+00
   0.0000000e+00
   2.4123592e-05
   5.8627674e-02
   3.8764210e-01
   1.5911733e-01
   7.8248083e-04
   3.5524174e-03
   8.0061222e-02
   8.6486086e-02
   5.8552200e-02
   5.4851472e-02
   4.4680491e-02
   3.5316599e-01
   1.7993866e-01
   2.6132884e-02
   3.2678518e-02
   7.1554415e-03
   1.0033201e-05
   0.0000000e+00
   0.0000000e+00
   0.0000000e+00
   0.0000000e+00
   4.6682236e-03
   3.0663715e-02
   1.2373589e-02
   3.4358436e-05
   5.7901959e-07
   1.4722017e-05
   1.5547381e-05
   7.4424632e-07
   0.0000000e+00
   2.6681918e-03
   2.2680926e-02
   1.1452345e-02
   8.8108842e-05
   0.0000000e+00
   0.0000000e+00
   0.0000000e+00
   0.0000000e+00
   0.0000000e+00
   0.0000000e+00
   0.0000000e+00
   0.0000000e+00
   0.0000000e+00
   0.0000000e+00
   0.0000000e+00
   0.0000000e+00
   0.0000000e+00
   0.0000000e+00
   0.0000000e+00
   0.0000000e+00
   0.0000000e+00
   0.0000000e+00
   0.0000000e+00
   0.0000000e+00
   0.0000000e+00
   0.0000000e+00
   0.0000000e+00
   0.0000000e+00
   0.0000000e+00
   0.0000000e+00
   0.0000000e+00
   0.0000000e+00
   0.0000000e+00
   0.0000000e+00
   0.0000000e+00
   0.0000000e+00
   0.0000000e+00
   0.0000000e+00
   0.0000000e+00
   0.0000000e+00
   0.0000000e+00
   0.0000000e+00
   0.0000000e+00
   0.0000000e+00
   0.0000000e+00
   0.0000000e+00
   0.0000000e+00
   0.0000000e+00
   0.0000000e+00
   0.0000000e+00
   0.0000000e+00
   0.0000000e+00
   0.0000000e+00
   0.0000000e+00
   0.0000000e+00
   0.0000000e+00
   0.0000000e+00
   0.0000000e+00
   0.0000000e+00
   0.0000000e+00
   0.0000000e+00
   0.0000000e+00
   0.0000000e+00
   0.0000000e+00
   0.0000000e+00
   0.0000000e+00
   0.0000000e+00
   0.0000000e+00
   0.0000000e+00
   0.0000000e+00
   0.0000000e+00
   0.0000000e+00
   0.0000000e+00
   0.0000000e+00
   0.0000000e+00
   0.0000000e+00
   0.0000000e+00
   0.0000000e+00
   0.0000000e+00
   0.0000000e+00
   0.0000000e+00
   0.0000000e+00
   0.0000000e+00
   0.0000000e+00
   0.0000000e+00
   0.0000000e+00
   0.0000000e+00
   0.0000000e+00
   0.0000000e+00
   0.0000000e+00
   0.0000000e+00
   0.0000000e+00
   0.0000000e+00
   0.0000000e+00
   0.0000000e+00
   0.0000000e+00
   0.0000000e+00
   0.0000000e+00
   0.0000000e+00
   0.0000000e+00
   0.0000000e+00
   0.0000000e+00
   0.0000000e+00
   0.0000000e+00
   0.0000000e+00
   0.0000000e+00
   0.0000000e+00
   0.0000000e+00
   0.0000000e+00
   0.0000000e+00
   0.0000000e+00
   0.0000000e+00
   0.0000000e+00
   0.0000000e+00
   0.0000000e+00
   0.0000000e+00
   0.0000000e+00
   0.0000000e+00
   0.0000000e+00
   0.0000000e+00
   0.0000000e+00
   0.0000000e+00
   0.0000000e+00
   0.0000000e+00
   0.0000000e+00
   0.0000000e+00
   0.0000000e+00
   0.0000000e+00
   0.0000000e+00
   0.0000000e+00
   0.0000000e+00
   0.0000000e+00
   0.0000000e+00
   0.0000000e+00
   0.0000000e+00
   0.0000000e+00
   0.0000000e+00
   0.0000000e+00
   0.0000000e+00
   0.0000000e+00
   0.0000000e+00
   0.0000000e+00
   0.0000000e+00
   0.0000000e+00
   0.0000000e+00
   0.0000000e+00
   0.0000000e+00
   0.0000000e+00
   0.0000000e+00
   0.0000000e+00
   0.0000000e+00
   0.0000000e+00
   0.0000000e+00
   0.0000000e+00
   0.0000000e+00
   0.0000000e+00
   0.0000000e+00
   0.0000000e+00
   0.0000000e+00
   0.0000000e+00
   0.0000000e+00
   0.0000000e+00
   0.0000000e+00
   0.0000000e+00
   0.0000000e+00
   0.0000000e+00
   0.0000000e+00
   0.0000000e+00
   0.0000000e+00
   0.0000000e+00
   0.0000000e+00
   0.0000000e+00
   0.0000000e+00
   0.0000000e+00
   0.0000000e+00
   0.0000000e+00
   0.0000000e+00
   0.0000000e+00
   0.0000000e+00
   0.0000000e+00
   0.0000000e+00
   0.0000000e+00
   0.0000000e+00
   0.0000000e+00
   0.0000000e+00
   0.0000000e+00
   0.0000000e+00
   0.0000000e+00
   0.0000000e+00
   0.0000000e+00
   0.0000000e+00
   0.0000000e+00
   0.0000000e+00
   0.0000000e+00
   0.0000000e+00
   0.0000000e+00
   0.0000000e+00
   0.0000000e+00
   0.0000000e+00
   0.0000000e+00
   0.0000000e+00
   0.0000000e+00
   0.0000000e+00
   0.0000000e+00
   0.0000000e+00
   0.0000000e+00
   0.0000000e+00
   0.0000000e+00
   0.0000000e+00
   0.0000000e+00
   0.0000000e+00
   0.0000000e+00
   0.0000000e+00
   0.0000000e+00
   0.0000000e+00
   0.0000000e+00
   0.0000000e+00
   0.0000000e+00
   0.0000000e+00
   0.0000000e+00
   0.0000000e+00
   0.0000000e+00
   0.0000000e+00
   0.0000000e+00
   0.0000000e+00
   0.0000000e+00
   0.0000000e+00
   0.0000000e+00
   0.0000000e+00
   0.0000000e+00
   0.0000000e+00
   0.0000000e+00
   0.0000000e+00
   0.0000000e+00
   0.0000000e+00
   0.0000000e+00
   0.0000000e+00
   0.0000000e+00
   0.0000000e+00
   0.0000000e+00
   0.0000000e+00
   0.0000000e+00
   0.0000000e+00
   0.0000000e+00
   0.0000000e+00
   0.0000000e+00
   0.0000000e+00
   0.0000000e+00
   0.0000000e+00
