   5.1492587e-03
   1.8681184e-03
   3.7626014e-04
   6.6720453e-04
   4.9590726e-04
  -3.5620530e-04
  -2.5626671e-03
  -2.2901817e-03
  -2.1904096e-03
  -3.0711765e-03
  -2.3086005e-03
   1.8745265e-03
   8.5094103e-04
  -8.3109202e-04
  -9.8722296e-05
   3.7729163e-03
   9.6633873e-03
   3.3693331e-03
  -2.2990485e-03
   5.0462206e-03
   1.0585942e-02
   1.1793731e-02
   1.7806968e-02
   1.8693097e-02
   1.7317064e-02
   2.0689018e-02
   2.4070656e-02
   2.8645079e-02
   2.0764265e-02
   2.6101186e-02
   1.6738330e-02
   1.9209907e-02
   1.7218863e-02
   2.1515296e-02
   1.8793961e-02
   1.2425323e-02
   1.5939073e-02
  -1.5623418e-03
   2.3439567e-02
   2.5102485e-02
   7.7647035e-02
   7.6384961e-02
   6.2652143e-02
   6.0455503e-02
   6.3420944e-02
   5.8168618e-02
   4.9753300e-02
   4.9438755e-02
   5.4176687e-02
   5.1023362e-02
   6.2544931e-02
   6.5158824e-02
   6.1665583e-02
   5.5269113e-02
   6.1010679e-02
   7.0127362e-02
   6.6089272e-02
   7.6610251e-02
   7.9409386e-02
   1.7598783e-02
   1.0030910e-01
   8.4148555e-02
   1.1636086e-01
   1.1284099e-01
   1.0912528e-01
   1.2025462e-01
   1.2759848e-01
   1.2898078e-01
   1.2738793e-01
   1.2292980e-01
   1.1721231e-01
   9.3958324e-02
   1.1865547e-01
   1.2521540e-01
   1.0752602e-01
   1.1245322e-01
   9.4411743e-02
   1.2098029e-01
   4.4315908e-02
   3.1084820e-03
   2.0334759e-01
   2.3469141e-01
   2.1546279e-01
   1.8803983e-01
   2.2618753e-01
   1.4706807e-01
   1.7943255e-01
   1.4849796e-01
   1.4689927e-01
   1.7277315e-01
   1.6834766e-01
   2.3130331e-01
   1.6272226e-01
   1.5545277e-01
   2.0912754e-01
   1.9013290e-01
   2.3862797e-01
   1.5770219e-01
   4.9326222e-03
   2.9580729e-08
   1.4248839e-01
   2.2378877e-01
   9.7693469e-02
   4.6649148e-02
   5.1057686e-02
   2.4841737e-01
   3.6627830e-01
   3.7805841e-02
   2.1117808e-01
   3.9031923e-01
   6.8141910e-02
   1.4132112e-01
   2.9370013e-01
   3.6131264e-01
   9.2295860e-02
   5.1365464e-02
   1.8453123e-01
   1.0585502e-01
   1.9880278e-03
   0.0000000e+00
   3.9831827e-03
   7.5309254e-03
   1.7873289e-03
   8.4284047e-05
   2.8373431e-03
   1.6060692e-01
   2.4355394e-01
   2.1346147e-02
   1.0459150e-01
   1.9414556e-01
   2.1397610e-02
   1.3634767e-02
   1.3618055e-01
   2.0041970e-01
   3.3079253e-02
   2.5011787e-04
   2.5166322e-03
   1.4465508e-03
   2.6560582e-05
   0.0000000e+00
   0.0000000e+00
   0.0000000e+00
   0.0000000e+00
   0.0000000e+00
   5.4124797e-05
   3.0637176e-03
   4.6460046e-03
   3.9566673e-04
   8.0409929e-04
   1.4925908e-03
   1.6222470e-04
   1.1969429e-04
   1.5282924e-03
   2.1404126e-03
   3.4704786e-04
   0.0000000e+00
   0.0000000e+00
   0.0000000e+00
   0.0000000e+00
   0.0000000e+00
   0.0000000e+00
   0.0000000e+00
   0.0000000e+00
   0.0000000e+00
   0.0000000e+00
   0.0000000e+00
   0.0000000e+00
   0.0000000e+00
   0.0000000e+00
   0.0000000e+00
   0.0000000e+00
   0.0000000e+00
   0.0000000e+00
   0.0000000e+00
   0.0000000e+00
   0.0000000e+00
   0.0000000e+00
   0.0000000e+00
   0.0000000e+00
   0.0000000e+00
   0.0000000e+00
   0.0000000e+00
   0.0000000e+00
   0.0000000e+00
   0.0000000e+00
   0.0000000e+00
   0.0000000e+00
   0.0000000e+00
   0.0000000e+00
   0.0000000e+00
   0.0000000e+00
   0.0000000e+00
   0.0000000e+00
   0.0000000e+00
   0.0000000e+00
   0.0000000e+00
   0.0000000e+00
   0.0000000e+00
   0.0000000e+00
   0.0000000e+00
   0.0000000e+00
   0.0000000e+00
   0.0000000e+00
   0.0000000e+00
   0.0000000e+00
   0.0000000e+00
   0.0000000e+00
   0.0000000e+00
   0.0000000e+00
   0.0000000e+00
   0.0000000e+00
   0.0000000e+00
   0.0000000e+00
   0.0000000e+00
   0.0000000e+00
   0.0000000e+00
   0.0000000e+00
   0.0000000e+00
   0.0000000e+00
   0.0000000e+00
   0.0000000e+00
   0.0000000e+00
   0.0000000e+00
   0.0000000e+00
   0.0000000e+00
   0.0000000e+00
   0.0000000e+00
   0.0000000e+00
   0.0000000e+00
   0.0000000e+00
   0.0000000e+00
   0.0000000e+00
   0.0000000e+00
   0.0000000e+00
   0.0000000e+00
   0.0000000e+00
   0.0000000e+00
   0.0000000e+00
   0.0000000e+00
   0.0000000e+00
   0.0000000e+00
   0.0000000e+00
   0.0000000e+00
   0.0000000e+00
   0.0000000e+00
   0.0000000e+00
   0.0000000e+00
   0.0000000e+00
   0.0000000e+00
   0.0000000e+00
   0.0000000e+00
   0.0000000e+00
   0.0000000e+00
   0.0000000e+00
   0.0000000e+00
   0.0000000e+00
   0.0000000e+00
   0.0000000e+00
   0.0000000e+00
   0.0000000e+00
   0.0000000e+00
   0.0000000e+00
   0.0000000e+00
   0.0000000e+00
   0.0000000e+00
   0.0000000e+00
   0.0000000e+00
   0.0000000e+00
   0.0000000e+00
   0.0000000e+00
   0.0000000e+00
   0.0000000e+00
   0.0000000e+00
   0.0000000e+00
   0.0000000e+00
   0.0000000e+00
   0.0000000e+00
   0.0000000e+00
   0.0000000e+00
   0.0000000e+00
   0.0000000e+00
   0.0000000e+00
   0.0000000e+00
   0.0000000e+00
   0.0000000e+00
   0.0000000e+00
   0.0000000e+00
   0.0000000e+00
   0.0000000e+00
   0.0000000e+00
   0.0000000e+00
   0.0000000e+00
   0.0000000e+00
   0.0000000e+00
   0.0000000e+00
   0.0000000e+00
   0.0000000e+00
   0.0000000e+00
   0.0000000e+00
   0.0000000e+00
   0.0000000e+00
   0.0000000e+00
   0.0000000e+00
   0.0000000e+00
   0.0000000e+00
   0.0000000e+00
   0.0000000e+00
   0.0000000e+00
   0.0000000e+00
   0.0000000e+00
   0.0000000e+00
   0.0000000e+00
   0.0000000e+00
   0.0000000e+00
   0.0000000e+00
   0.0000000e+00
   0.0000000e+00
   0.0000000e+00
   0.0000000e+00
   0.0000000e+00
   0.0000000e+00
   0.0000000e+00
   0.0000000e+00
   0.0000000e+00
   0.0000000e+00
   0.0000000e+00
   0.0000000e+00
   0.0000000e+00
   0.0000000e+00
   0.0000000e+00
   0.0000000e+00
   0.0000000e+00
   0.0000000e+00
   0.0000000e+00
   0.0000000e+00
   0.0000000e+00
   0.0000000e+00
   0.0000000e+00
   0.0000000e+00
   0.0000000e+00
   0.0000000e+00
   0.0000000e+00
   0.0000000e+00
   0.0000000e+00
   0.0000000e+00
   0.0000000e+00
   0.0000000e+00
   0.0000000e+00
   0.0000000e+00
   0.0000000e+00
   0.0000000e+00
   0.0000000e+00
   0.0000000e+00
   0.0000000e+00
   0.0000000e+00
   0.0000000e+00
   0.0000000e+00
   0.0000000e+00
   0.0000000e+00
   0.0000000e+00
   0.0000000e+00
   0.0000000e+00
   0.0000000e+00
   0.0000000e+00
   0.0000000e+00
   0.0000000e+00
   0.0000000e+00
   0.0000000e+00
   0.0000000e+00
   0.0000000e+00
   0.0000000e+00
   0.0000000e+00
   0.0000000e+00
   0.0000000e+00
   0.0000000e+00
   0.0000000e+00
   0.0000000e+00
   0.0000000e+00
   0.0000000e+00
   0.0000000e+00
   0.0000000e+00
   0.0000000e+00
   0.0000000e+00
   0.0000000e+00
   0.0000000e+00
   0.0000000e+00
   0.0000000e+00
   0.0000000e+00
   0.0000000e+00
   0.0000000e+00
   0.0000000e+00
   0.0000000e+00
   0.0000000e+00
   0.0000000e+00
   0.0000000e+00
   0.0000000e+00
   0.0000000e+00
   0.0000000e+00
   0.0000000e+00
   0.0000000e+00
