   1.0436926e-03
  -1.6482371e-03
  -2.2292741e-03
   2.3514871e-03
   6.7245329e-03
   5.5505883e-04
   2.3843426e-04
   2.6632511e-03
  -7.1906053e-04
   9.0495573e-04
  -3.6050839e-03
   6.8769953e-03
  -1.9569190e-03
   8.7010248e-03
   4.5181775e-03
   2.4585278e-03
   3.0152029e-03
  -2.4710324e-03
  -2.3935865e-04
   1.1111321e-03
   1.5014812e-02
   1.8895764e-02
   2.6804849e-02
   8.2331162e-03
   2.0339979e-02
   1.2721520e-02
   1.7738364e-02
   1.5465912e-02
   2.0068977e-02
   2.1572975e-02
   2.5136307e-02
   6.4119924e-03
   1.4369507e-02
   8.0207038e-03
   9.7376125e-03
   9.6583941e-03
   2.5277580e-02
   2.9205858e-02
   1.2412593e-02
   2.0322580e-04
   6.7246893e-02
   6.0604486e-02
   5.1121871e-02
   7.3933208e-02
   4.9391564e-02
   7.3641172e-02
   6.4100604e-02
   6.5943050e-02
   6.2709567e-02
   4.2479698e-02
   6.4747496e-02
   7.3500845e-02
   6.7077101e-02
   8.3238490e-02
   6.9345735e-02
   7.7677646e-02
   2.5706614e-03
   5.8579476e-02
   6.8410167e-02
   1.4148065e-03
   9.2594969e-02
   1.5121019e-01
   6.6406139e-02
   1.1742463e-01
   1.1669839e-01
   9.8219535e-02
   1.1188452e-01
   9.8825734e-02
   1.0510686e-01
   1.5477826e-01
   5.6359486e-02
   1.1464880e-01
   1.1722750e-01
   8.9057318e-02
   6.9251846e-02
   1.2035478e-01
   1.3190073e-01
   1.7017899e-01
   6.5973720e-02
   1.2172190e-03
   6.8354443e-02
   2.3880630e-01
   1.4351582e-01
   1.1641883e-01
   2.0959322e-01
   1.8931582e-01
   2.2146604e-01
   2.1067488e-01
   5.4321681e-02
   1.6468515e-01
   1.7624781e-01
   3.7773554e-02
   1.9309058e-01
   2.6106103e-01
   1.9714834e-01
   2.1178767e-01
   1.7984354e-01
   9.5474284e-02
   8.9298517e-03
   3.8415037e-05
   9.8318693e-03
   1.0980385e-01
   3.7817199e-01
   2.6092874e-01
   2.2083408e-01
   2.0276741e-01
   2.5262005e-01
   2.6226337e-01
   3.4441841e-02
   1.5161655e-01
   4.0139731e-01
   7.7239085e-02
   1.4365465e-01
   2.0798097e-01
   2.2041127e-01
   1.0413384e-01
   2.8428371e-02
   1.4983157e-03
   1.1033253e-04
   0.0000000e+00
   0.0000000e+00
   2.7861661e-02
   1.3399492e-01
   7.0273831e-02
   1.0841664e-02
   1.0305006e-02
   1.6586097e-02
   2.1237633e-02
   2.7335694e-03
   4.1138317e-02
   1.2472546e-01
   2.3696355e-02
   2.9223115e-03
   5.1150920e-03
   7.5408035e-03
   1.5367783e-03
   3.8839829e-07
   5.7029486e-10
   0.0000000e+00
   0.0000000e+00
   0.0000000e+00
   4.1720820e-05
   2.0063956e-04
   9.9792142e-05
   5.5400198e-07
   0.0000000e+00
   0.0000000e+00
   0.0000000e+00
   2.1309583e-08
   3.4788047e-05
   1.0559498e-04
   1.9960532e-05
   0.0000000e+00
   0.0000000e+00
   0.0000000e+00
   0.0000000e+00
   0.0000000e+00
   0.0000000e+00
   0.0000000e+00
   0.0000000e+00
   0.0000000e+00
   0.0000000e+00
   0.0000000e+00
   0.0000000e+00
   0.0000000e+00
   0.0000000e+00
   0.0000000e+00
   0.0000000e+00
   0.0000000e+00
   0.0000000e+00
   0.0000000e+00
   0.0000000e+00
   0.0000000e+00
   0.0000000e+00
   0.0000000e+00
   0.0000000e+00
   0.0000000e+00
   0.0000000e+00
   0.0000000e+00
   0.0000000e+00
   0.0000000e+00
   0.0000000e+00
   0.0000000e+00
   0.0000000e+00
   0.0000000e+00
   0.0000000e+00
   0.0000000e+00
   0.0000000e+00
   0.0000000e+00
   0.0000000e+00
   0.0000000e+00
   0.0000000e+00
   0.0000000e+00
   0.0000000e+00
   0.0000000e+00
   0.0000000e+00
   0.0000000e+00
   0.0000000e+00
   0.0000000e+00
   0.0000000e+00
   0.0000000e+00
   0.0000000e+00
   0.0000000e+00
   0.0000000e+00
   0.0000000e+00
   0.0000000e+00
   0.0000000e+00
   0.0000000e+00
   0.0000000e+00
   0.0000000e+00
   0.0000000e+00
   0.0000000e+00
   0.0000000e+00
   0.0000000e+00
   0.0000000e+00
   0.0000000e+00
   0.0000000e+00
   0.0000000e+00
   0.0000000e+00
   0.0000000e+00
   0.0000000e+00
   0.0000000e+00
   0.0000000e+00
   0.0000000e+00
   0.0000000e+00
   0.0000000e+00
   0.0000000e+00
   0.0000000e+00
   0.0000000e+00
   0.0000000e+00
   0.0000000e+00
   0.0000000e+00
   0.0000000e+00
   0.0000000e+00
   0.0000000e+00
   0.0000000e+00
   0.0000000e+00
   0.0000000e+00
   0.0000000e+00
   0.0000000e+00
   0.0000000e+00
   0.0000000e+00
   0.0000000e+00
   0.0000000e+00
   0.0000000e+00
   0.0000000e+00
   0.0000000e+00
   0.0000000e+00
   0.0000000e+00
   0.0000000e+00
   0.0000000e+00
   0.0000000e+00
   0.0000000e+00
   0.0000000e+00
   0.0000000e+00
   0.0000000e+00
   0.0000000e+00
   0.0000000e+00
   0.0000000e+00
   0.0000000e+00
   0.0000000e+00
   0.0000000e+00
   0.0000000e+00
   0.0000000e+00
   0.0000000e+00
   0.0000000e+00
   0.0000000e+00
   0.0000000e+00
   0.0000000e+00
   0.0000000e+00
   0.0000000e+00
   0.0000000e+00
   0.0000000e+00
   0.0000000e+00
   0.0000000e+00
   0.0000000e+00
   0.0000000e+00
   0.0000000e+00
   0.0000000e+00
   0.0000000e+00
   0.0000000e+00
   0.0000000e+00
   0.0000000e+00
   0.0000000e+00
   0.0000000e+00
   0.0000000e+00
   0.0000000e+00
   0.0000000e+00
   0.0000000e+00
   0.0000000e+00
   0.0000000e+00
   0.0000000e+00
   0.0000000e+00
   0.0000000e+00
   0.0000000e+00
   0.0000000e+00
   0.0000000e+00
   0.0000000e+00
   0.0000000e+00
   0.0000000e+00
   0.0000000e+00
   0.0000000e+00
   0.0000000e+00
   0.0000000e+00
   0.0000000e+00
   0.0000000e+00
   0.0000000e+00
   0.0000000e+00
   0.0000000e+00
   0.0000000e+00
   0.0000000e+00
   0.0000000e+00
   0.0000000e+00
   0.0000000e+00
   0.0000000e+00
   0.0000000e+00
   0.0000000e+00
   0.0000000e+00
   0.0000000e+00
   0.0000000e+00
   0.0000000e+00
   0.0000000e+00
   0.0000000e+00
   0.0000000e+00
   0.0000000e+00
   0.0000000e+00
   0.0000000e+00
   0.0000000e+00
   0.0000000e+00
   0.0000000e+00
   0.0000000e+00
   0.0000000e+00
   0.0000000e+00
   0.0000000e+00
   0.0000000e+00
   0.0000000e+00
   0.0000000e+00
   0.0000000e+00
   0.0000000e+00
   0.0000000e+00
   0.0000000e+00
   0.0000000e+00
   0.0000000e+00
   0.0000000e+00
   0.0000000e+00
   0.0000000e+00
   0.0000000e+00
   0.0000000e+00
   0.0000000e+00
   0.0000000e+00
   0.0000000e+00
   0.0000000e+00
   0.0000000e+00
   0.0000000e+00
   0.0000000e+00
   0.0000000e+00
   0.0000000e+00
   0.0000000e+00
   0.0000000e+00
   0.0000000e+00
   0.0000000e+00
   0.0000000e+00
   0.0000000e+00
   0.0000000e+00
   0.0000000e+00
   0.0000000e+00
   0.0000000e+00
   0.0000000e+00
   0.0000000e+00
   0.0000000e+00
   0.0000000e+00
   0.0000000e+00
   0.0000000e+00
   0.0000000e+00
   0.0000000e+00
   0.0000000e+00
   0.0000000e+00
   0.0000000e+00
   0.0000000e+00
   0.0000000e+00
   0.0000000e+00
   0.0000000e+00
   0.0000000e+00
   0.0000000e+00
   0.0000000e+00
   0.0000000e+00
   0.0000000e+00
   0.0000000e+00
   0.0000000e+00
   0.0000000e+00
   0.0000000e+00
   0.0000000e+00
   0.0000000e+00
   0.0000000e+00
   0.0000000e+00
   0.0000000e+00
   0.0000000e+00
   0.0000000e+00
   0.0000000e+00
   0.0000000e+00
