   5.0169432e-04
   3.6484404e-03
  -8.6028449e-04
  -7.6668828e-03
   1.8916917e-03
  -1.5181839e-03
   1.3129006e-03
  -6.4357224e-04
  -5.1529576e-04
   3.7872208e-03
  -4.0323723e-03
  -1.0819341e-02
   1.4825557e-03
  -7.0452040e-03
  -2.2028750e-04
   2.7299810e-03
   4.7287685e-03
   7.6109890e-04
  -3.2849552e-03
  -1.3319186e-03
   3.4385234e-02
   2.9855746e-02
   2.5156327e-02
   2.5468133e-02
   2.5295234e-02
   1.8801451e-02
   1.6253029e-02
   2.0554457e-02
   1.8718667e-02
   1.6879889e-02
   1.4475276e-02
   3.2374464e-02
   2.4012410e-02
   2.6233853e-02
   2.4433887e-02
   8.5530668e-03
   1.4773893e-02
   1.3749656e-02
   4.4507684e-02
   1.1205984e-02
   6.5602516e-02
   1.2518884e-02
   2.9185834e-02
   6.0320970e-02
   4.2377858e-02
   6.0251783e-02
   6.3543644e-02
   6.5355092e-02
   5.5922548e-02
   6.5157448e-02
   7.0778428e-02
   3.8201662e-02
   5.0090444e-02
   4.4519415e-02
   5.8181283e-02
   5.2156438e-02
   8.0139021e-02
   5.7410208e-02
   4.9594824e-02
   8.3233164e-03
   1.2287014e-01
   1.9538614e-01
   1.1951726e-01
   1.3296886e-01
   1.3279877e-01
   1.2458563e-01
   1.1265474e-01
   8.8134760e-02
   1.3136427e-01
   9.7843977e-02
   1.0316893e-01
   1.3671410e-01
   1.3218567e-01
   1.3756513e-01
   1.1324182e-01
   1.4068274e-01
   7.3538343e-02
   1.4922407e-01
   7.2352702e-02
   9.9382311e-04
   8.4511168e-02
   1.5928684e-01
   6.0862105e-02
   1.4652378e-01
   1.6116115e-01
   8.8652273e-02
   2.1668935e-01
   1.7905597e-01
   1.8163248e-01
   1.5952211e-01
   2.2989937e-01
   1.4473370e-01
   9.9609914e-02
   1.6225285e-01
   1.6432635e-01
   1.2834457e-01
   2.6786453e-01
   1.4207022e-01
   1.5464866e-02
   0.0000000e+00
   2.0691018e-03
   3.7839589e-03
   2.7374336e-03
   1.5814444e-01
   3.0132457e-01
   2.3170962e-01
   2.5301406e-01
   1.3545159e-01
   3.8881822e-01
   1.7622773e-01
   3.0068173e-02
   6.1837191e-03
   1.3355930e-03
   7.9056617e-02
   3.8768727e-01
   1.5264441e-01
   2.0610960e-01
   9.7585322e-02
   8.8470873e-04
   0.0000000e+00
   0.0000000e+00
   0.0000000e+00
   3.3382960e-04
   3.7479821e-02
   3.0736466e-01
   3.2277792e-01
   2.9417296e-02
   2.2909831e-02
   1.4785858e-01
   6.3324808e-02
   2.4074465e-04
   0.0000000e+00
   0.0000000e+00
   2.0367083e-02
   1.0015083e-01
   3.1226212e-02
   3.4588425e-03
   1.6416113e-03
   1.5327126e-05
   0.0000000e+00
   0.0000000e+00
   0.0000000e+00
   0.0000000e+00
   6.9584312e-04
   2.3540184e-02
   2.8680308e-02
   1.7351784e-03
   5.2480082e-05
   3.6834749e-04
   1.5775649e-04
   5.9974965e-07
   0.0000000e+00
   0.0000000e+00
   4.4804252e-07
   2.1989377e-06
   6.7350182e-07
   1.7402643e-10
   0.0000000e+00
   0.0000000e+00
   0.0000000e+00
   0.0000000e+00
   0.0000000e+00
   0.0000000e+00
   0.0000000e+00
   0.0000000e+00
   0.0000000e+00
   0.0000000e+00
   0.0000000e+00
   0.0000000e+00
   0.0000000e+00
   0.0000000e+00
   0.0000000e+00
   0.0000000e+00
   0.0000000e+00
   0.0000000e+00
   0.0000000e+00
   0.0000000e+00
   0.0000000e+00
   0.0000000e+00
   0.0000000e+00
   0.0000000e+00
   0.0000000e+00
   0.0000000e+00
   0.0000000e+00
   0.0000000e+00
   0.0000000e+00
   0.0000000e+00
   0.0000000e+00
   0.0000000e+00
   0.0000000e+00
   0.0000000e+00
   0.0000000e+00
   0.0000000e+00
   0.0000000e+00
   0.0000000e+00
   0.0000000e+00
   0.0000000e+00
   0.0000000e+00
   0.0000000e+00
   0.0000000e+00
   0.0000000e+00
   0.0000000e+00
   0.0000000e+00
   0.0000000e+00
   0.0000000e+00
   0.0000000e+00
   0.0000000e+00
   0.0000000e+00
   0.0000000e+00
   0.0000000e+00
   0.0000000e+00
   0.0000000e+00
   0.0000000e+00
   0.0000000e+00
   0.0000000e+00
   0.0000000e+00
   0.0000000e+00
   0.0000000e+00
   0.0000000e+00
   0.0000000e+00
   0.0000000e+00
   0.0000000e+00
   0.0000000e+00
   0.0000000e+00
   0.0000000e+00
   0.0000000e+00
   0.0000000e+00
   0.0000000e+00
   0.0000000e+00
   0.0000000e+00
   0.0000000e+00
   0.0000000e+00
   0.0000000e+00
   0.0000000e+00
   0.0000000e+00
   0.0000000e+00
   0.0000000e+00
   0.0000000e+00
   0.0000000e+00
   0.0000000e+00
   0.0000000e+00
   0.0000000e+00
   0.0000000e+00
   0.0000000e+00
   0.0000000e+00
   0.0000000e+00
   0.0000000e+00
   0.0000000e+00
   0.0000000e+00
   0.0000000e+00
   0.0000000e+00
   0.0000000e+00
   0.0000000e+00
   0.0000000e+00
   0.0000000e+00
   0.0000000e+00
   0.0000000e+00
   0.0000000e+00
   0.0000000e+00
   0.0000000e+00
   0.0000000e+00
   0.0000000e+00
   0.0000000e+00
   0.0000000e+00
   0.0000000e+00
   0.0000000e+00
   0.0000000e+00
   0.0000000e+00
   0.0000000e+00
   0.0000000e+00
   0.0000000e+00
   0.0000000e+00
   0.0000000e+00
   0.0000000e+00
   0.0000000e+00
   0.0000000e+00
   0.0000000e+00
   0.0000000e+00
   0.0000000e+00
   0.0000000e+00
   0.0000000e+00
   0.0000000e+00
   0.0000000e+00
   0.0000000e+00
   0.0000000e+00
   0.0000000e+00
   0.0000000e+00
   0.0000000e+00
   0.0000000e+00
   0.0000000e+00
   0.0000000e+00
   0.0000000e+00
   0.0000000e+00
   0.0000000e+00
   0.0000000e+00
   0.0000000e+00
   0.0000000e+00
   0.0000000e+00
   0.0000000e+00
   0.0000000e+00
   0.0000000e+00
   0.0000000e+00
   0.0000000e+00
   0.0000000e+00
   0.0000000e+00
   0.0000000e+00
   0.0000000e+00
   0.0000000e+00
   0.0000000e+00
   0.0000000e+00
   0.0000000e+00
   0.0000000e+00
   0.0000000e+00
   0.0000000e+00
   0.0000000e+00
   0.0000000e+00
   0.0000000e+00
   0.0000000e+00
   0.0000000e+00
   0.0000000e+00
   0.0000000e+00
   0.0000000e+00
   0.0000000e+00
   0.0000000e+00
   0.0000000e+00
   0.0000000e+00
   0.0000000e+00
   0.0000000e+00
   0.0000000e+00
   0.0000000e+00
   0.0000000e+00
   0.0000000e+00
   0.0000000e+00
   0.0000000e+00
   0.0000000e+00
   0.0000000e+00
   0.0000000e+00
   0.0000000e+00
   0.0000000e+00
   0.0000000e+00
   0.0000000e+00
   0.0000000e+00
   0.0000000e+00
   0.0000000e+00
   0.0000000e+00
   0.0000000e+00
   0.0000000e+00
   0.0000000e+00
   0.0000000e+00
   0.0000000e+00
   0.0000000e+00
   0.0000000e+00
   0.0000000e+00
   0.0000000e+00
   0.0000000e+00
   0.0000000e+00
   0.0000000e+00
   0.0000000e+00
   0.0000000e+00
   0.0000000e+00
   0.0000000e+00
   0.0000000e+00
   0.0000000e+00
   0.0000000e+00
   0.0000000e+00
   0.0000000e+00
   0.0000000e+00
   0.0000000e+00
   0.0000000e+00
   0.0000000e+00
   0.0000000e+00
   0.0000000e+00
   0.0000000e+00
   0.0000000e+00
   0.0000000e+00
   0.0000000e+00
   0.0000000e+00
   0.0000000e+00
   0.0000000e+00
   0.0000000e+00
   0.0000000e+00
   0.0000000e+00
   0.0000000e+00
   0.0000000e+00
   0.0000000e+00
   0.0000000e+00
   0.0000000e+00
   0.0000000e+00
   0.0000000e+00
   0.0000000e+00
   0.0000000e+00
   0.0000000e+00
   0.0000000e+00
   0.0000000e+00
   0.0000000e+00
   0.0000000e+00
   0.0000000e+00
   0.0000000e+00
   0.0000000e+00
   0.0000000e+00
