  -7.4300270e-04
   2.9279569e-03
   8.9624209e-04
   1.1171955e-03
  -2.0587441e-03
  -1.6090971e-03
   6.2520724e-04
  -1.3826660e-03
  -1.9138716e-03
   9.5610885e-04
  -1.8502938e-04
   6.9301798e-04
   6.4998729e-03
  -7.2929418e-04
   2.2616093e-03
  -2.4714764e-03
  -3.3795887e-03
   1.9032970e-03
   1.9766830e-03
   1.3644016e-04
   1.3227290e-02
   1.5082153e-02
   1.3745488e-02
   1.7152188e-02
   2.6195176e-02
   1.8808387e-02
   2.1173597e-02
   2.0292647e-02
   2.1544681e-02
   2.0035184e-02
   1.1334736e-02
   1.8386308e-02
   1.0586299e-02
   1.7074303e-02
   1.7152570e-02
   2.4572353e-02
   3.3122354e-02
   1.6138329e-02
   5.1623187e-04
   1.8631803e-05
   7.0772277e-02
   7.0019157e-02
   6.1209541e-02
   6.2002002e-02
   5.0544482e-02
   6.0074468e-02
   5.1960789e-02
   6.0085917e-02
   5.5129244e-02
   5.8614769e-02
   6.1488268e-02
   7.1568600e-02
   6.3168686e-02
   6.9230075e-02
   6.0861509e-02
   4.8894520e-02
   5.7256059e-02
   4.3596026e-02
   1.2374662e-03
   4.1267470e-07
   1.3339493e-01
   1.2355575e-01
   1.0640760e-01
   1.2393279e-01
   1.2217538e-01
   1.2004101e-01
   1.3184991e-01
   1.1665775e-01
   1.2083155e-01
   1.1780017e-01
   1.2691402e-01
   7.1482304e-02
   1.2935886e-01
   8.8148962e-02
   1.2492336e-01
   1.2461424e-01
   1.2486820e-01
   1.1334504e-01
   4.6106332e-03
   2.0066439e-09
   1.4763526e-02
   1.0131252e-02
   1.3916272e-02
   9.0715661e-02
   2.1934009e-01
   9.5367009e-02
   1.9488604e-01
   1.5330337e-01
   1.8378563e-01
   1.6842322e-01
   1.5055199e-01
   2.0748564e-01
   1.6061290e-01
   2.1771995e-01
   1.7528641e-01
   1.4190414e-01
   2.2261423e-01
   1.4008922e-01
   4.2329755e-03
   0.0000000e+00
   0.0000000e+00
   3.6347945e-05
   6.5089146e-02
   3.3037132e-01
   1.3891222e-01
   3.6932843e-02
   3.2288207e-01
   1.9129087e-01
   1.5958450e-01
   3.2258321e-01
   2.0934109e-01
   2.8853423e-01
   1.8200326e-01
   3.0528884e-01
   1.5318322e-01
   7.3197803e-03
   2.1016956e-02
   1.3265949e-02
   3.5579093e-04
   0.0000000e+00
   0.0000000e+00
   1.2542496e-05
   6.1706084e-02
   4.1146943e-01
   1.7890387e-01
   4.2196434e-03
   3.3019374e-02
   1.9066473e-02
   1.6616717e-02
   3.6359372e-02
   2.0603220e-02
   2.6125429e-02
   8.0112440e-03
   2.0505948e-02
   1.1702389e-02
   1.7989460e-04
   0.0000000e+00
   0.0000000e+00
   0.0000000e+00
   0.0000000e+00
   0.0000000e+00
   1.1823375e-08
   4.9218558e-03
   3.7452661e-02
   1.7229429e-02
   9.1420823e-05
   0.0000000e+00
   0.0000000e+00
   0.0000000e+00
   0.0000000e+00
   0.0000000e+00
   0.0000000e+00
   0.0000000e+00
   0.0000000e+00
   0.0000000e+00
   0.0000000e+00
   0.0000000e+00
   0.0000000e+00
   0.0000000e+00
   0.0000000e+00
   0.0000000e+00
   0.0000000e+00
   0.0000000e+00
   0.0000000e+00
   0.0000000e+00
   0.0000000e+00
   0.0000000e+00
   0.0000000e+00
   0.0000000e+00
   0.0000000e+00
   0.0000000e+00
   0.0000000e+00
   0.0000000e+00
   0.0000000e+00
   0.0000000e+00
   0.0000000e+00
   0.0000000e+00
   0.0000000e+00
   0.0000000e+00
   0.0000000e+00
   0.0000000e+00
   0.0000000e+00
   0.0000000e+00
   0.0000000e+00
   0.0000000e+00
   0.0000000e+00
   0.0000000e+00
   0.0000000e+00
   0.0000000e+00
   0.0000000e+00
   0.0000000e+00
   0.0000000e+00
   0.0000000e+00
   0.0000000e+00
   0.0000000e+00
   0.0000000e+00
   0.0000000e+00
   0.0000000e+00
   0.0000000e+00
   0.0000000e+00
   0.0000000e+00
   0.0000000e+00
   0.0000000e+00
   0.0000000e+00
   0.0000000e+00
   0.0000000e+00
   0.0000000e+00
   0.0000000e+00
   0.0000000e+00
   0.0000000e+00
   0.0000000e+00
   0.0000000e+00
   0.0000000e+00
   0.0000000e+00
   0.0000000e+00
   0.0000000e+00
   0.0000000e+00
   0.0000000e+00
   0.0000000e+00
   0.0000000e+00
   0.0000000e+00
   0.0000000e+00
   0.0000000e+00
   0.0000000e+00
   0.0000000e+00
   0.0000000e+00
   0.0000000e+00
   0.0000000e+00
   0.0000000e+00
   0.0000000e+00
   0.0000000e+00
   0.0000000e+00
   0.0000000e+00
   0.0000000e+00
   0.0000000e+00
   0.0000000e+00
   0.0000000e+00
   0.0000000e+00
   0.0000000e+00
   0.0000000e+00
   0.0000000e+00
   0.0000000e+00
   0.0000000e+00
   0.0000000e+00
   0.0000000e+00
   0.0000000e+00
   0.0000000e+00
   0.0000000e+00
   0.0000000e+00
   0.0000000e+00
   0.0000000e+00
   0.0000000e+00
   0.0000000e+00
   0.0000000e+00
   0.0000000e+00
   0.0000000e+00
   0.0000000e+00
   0.0000000e+00
   0.0000000e+00
   0.0000000e+00
   0.0000000e+00
   0.0000000e+00
   0.0000000e+00
   0.0000000e+00
   0.0000000e+00
   0.0000000e+00
   0.0000000e+00
   0.0000000e+00
   0.0000000e+00
   0.0000000e+00
   0.0000000e+00
   0.0000000e+00
   0.0000000e+00
   0.0000000e+00
   0.0000000e+00
   0.0000000e+00
   0.0000000e+00
   0.0000000e+00
   0.0000000e+00
   0.0000000e+00
   0.0000000e+00
   0.0000000e+00
   0.0000000e+00
   0.0000000e+00
   0.0000000e+00
   0.0000000e+00
   0.0000000e+00
   0.0000000e+00
   0.0000000e+00
   0.0000000e+00
   0.0000000e+00
   0.0000000e+00
   0.0000000e+00
   0.0000000e+00
   0.0000000e+00
   0.0000000e+00
   0.0000000e+00
   0.0000000e+00
   0.0000000e+00
   0.0000000e+00
   0.0000000e+00
   0.0000000e+00
   0.0000000e+00
   0.0000000e+00
   0.0000000e+00
   0.0000000e+00
   0.0000000e+00
   0.0000000e+00
   0.0000000e+00
   0.0000000e+00
   0.0000000e+00
   0.0000000e+00
   0.0000000e+00
   0.0000000e+00
   0.0000000e+00
   0.0000000e+00
   0.0000000e+00
   0.0000000e+00
   0.0000000e+00
   0.0000000e+00
   0.0000000e+00
   0.0000000e+00
   0.0000000e+00
   0.0000000e+00
   0.0000000e+00
   0.0000000e+00
   0.0000000e+00
   0.0000000e+00
   0.0000000e+00
   0.0000000e+00
   0.0000000e+00
   0.0000000e+00
   0.0000000e+00
   0.0000000e+00
   0.0000000e+00
   0.0000000e+00
   0.0000000e+00
   0.0000000e+00
   0.0000000e+00
   0.0000000e+00
   0.0000000e+00
   0.0000000e+00
   0.0000000e+00
   0.0000000e+00
   0.0000000e+00
   0.0000000e+00
   0.0000000e+00
   0.0000000e+00
   0.0000000e+00
   0.0000000e+00
   0.0000000e+00
   0.0000000e+00
   0.0000000e+00
   0.0000000e+00
   0.0000000e+00
   0.0000000e+00
   0.0000000e+00
   0.0000000e+00
   0.0000000e+00
   0.0000000e+00
   0.0000000e+00
   0.0000000e+00
   0.0000000e+00
   0.0000000e+00
   0.0000000e+00
   0.0000000e+00
   0.0000000e+00
   0.0000000e+00
   0.0000000e+00
   0.0000000e+00
   0.0000000e+00
   0.0000000e+00
   0.0000000e+00
   0.0000000e+00
   0.0000000e+00
   0.0000000e+00
   0.0000000e+00
   0.0000000e+00
   0.0000000e+00
   0.0000000e+00
   0.0000000e+00
   0.0000000e+00
   0.0000000e+00
   0.0000000e+00
   0.0000000e+00
   0.0000000e+00
   0.0000000e+00
   0.0000000e+00
   0.0000000e+00
   0.0000000e+00
   0.0000000e+00
   0.0000000e+00
   0.0000000e+00
   0.0000000e+00
   0.0000000e+00
   0.0000000e+00
   0.0000000e+00
   0.0000000e+00
   0.0000000e+00
   0.0000000e+00
