   8.2958487e-05
   2.0283896e-03
  -2.1803969e-03
  -1.1273624e-02
   9.8981869e-04
  -1.1594496e-03
  -5.2759860e-04
   2.7173037e-03
   8.2799415e-03
   5.8402949e-04
  -6.9344559e-04
   2.4159644e-03
   1.9262002e-03
   3.0373926e-03
  -4.0626582e-03
  -4.7221096e-03
   6.4073069e-03
   8.8127592e-03
   7.6215184e-04
  -6.5259213e-05
   8.6086828e-03
   1.2977327e-02
   2.7240737e-02
   3.1793858e-02
   1.9133555e-02
   2.3776164e-02
   2.2290059e-02
   1.0564963e-02
   4.2582283e-03
   1.7727397e-02
   1.9343647e-02
   1.5925680e-02
   1.3537982e-02
   1.1225227e-02
   2.6394362e-02
   2.7864930e-02
   1.2220069e-02
   5.6269420e-03
   1.6873382e-02
   1.1052289e-03
   7.9256789e-02
   7.7292244e-02
   3.8953076e-02
   4.1478452e-02
   5.2588506e-02
   5.4218005e-02
   4.7467252e-02
   8.5924957e-02
   7.6940614e-02
   6.7111285e-02
   5.7890969e-02
   6.7024881e-02
   6.9283320e-02
   7.2348769e-02
   4.7832005e-02
   5.3293321e-02
   5.8134470e-02
   7.9419292e-02
   7.8873805e-02
   3.3998250e-03
   8.6957031e-02
   8.5254975e-02
   1.4572313e-01
   1.4100364e-01
   1.3859943e-01
   1.2560556e-01
   1.3175316e-01
   7.7356554e-02
   1.0194794e-01
   9.9030979e-02
   1.1884431e-01
   1.0776944e-01
   9.5403931e-02
   1.0675048e-01
   1.2610172e-01
   1.2658151e-01
   1.1787099e-01
   1.0158091e-01
   4.9405513e-02
   1.2609698e-03
   2.8038159e-01
   1.8788855e-01
   1.3087055e-01
   9.8363303e-02
   5.0572370e-02
   6.5102957e-02
   1.8848141e-01
   2.1862817e-01
   1.7494281e-01
   2.3874348e-01
   1.6296379e-01
   2.2050361e-01
   2.2978743e-01
   1.9257839e-01
   1.7099560e-01
   1.3745705e-01
   2.1006909e-01
   5.0819758e-02
   7.3757402e-04
   1.4021130e-06
   1.5704106e-01
   9.8127546e-02
   1.0337004e-02
   1.1806792e-02
   2.9922071e-01
   3.3444766e-01
   6.4547669e-02
   1.9904590e-01
   1.7651536e-01
   2.0041434e-01
   1.1631354e-01
   7.9506011e-02
   1.1316108e-01
   1.7138954e-01
   2.8849103e-01
   1.4178434e-01
   3.3719013e-01
   8.7637359e-02
   3.1592272e-06
   0.0000000e+00
   1.7519350e-03
   1.0929604e-03
   1.0125922e-04
   7.5010293e-03
   2.0909983e-01
   2.3172826e-01
   1.2385881e-02
   3.0069080e-03
   3.7399270e-03
   1.8565342e-01
   5.1374587e-01
   9.0255888e-02
   4.7011458e-04
   1.2045593e-01
   4.2196451e-01
   1.0220954e-01
   4.0408521e-02
   1.0784598e-02
   4.1844274e-07
   0.0000000e+00
   0.0000000e+00
   0.0000000e+00
   0.0000000e+00
   1.5361952e-04
   4.2834548e-03
   4.7470030e-03
   2.4663612e-04
   0.0000000e+00
   9.4046744e-05
   8.2539835e-02
   2.3377917e-01
   4.1102241e-02
   7.7359233e-07
   1.0959361e-02
   3.8529871e-02
   8.4628397e-03
   0.0000000e+00
   0.0000000e+00
   0.0000000e+00
   0.0000000e+00
   0.0000000e+00
   0.0000000e+00
   0.0000000e+00
   0.0000000e+00
   0.0000000e+00
   0.0000000e+00
   0.0000000e+00
   0.0000000e+00
   4.7775036e-07
   4.1929613e-04
   1.1875805e-03
   2.0879628e-04
   0.0000000e+00
   0.0000000e+00
   0.0000000e+00
   0.0000000e+00
   0.0000000e+00
   0.0000000e+00
   0.0000000e+00
   0.0000000e+00
   0.0000000e+00
   0.0000000e+00
   0.0000000e+00
   0.0000000e+00
   0.0000000e+00
   0.0000000e+00
   0.0000000e+00
   0.0000000e+00
   0.0000000e+00
   0.0000000e+00
   0.0000000e+00
   0.0000000e+00
   0.0000000e+00
   0.0000000e+00
   0.0000000e+00
   0.0000000e+00
   0.0000000e+00
   0.0000000e+00
   0.0000000e+00
   0.0000000e+00
   0.0000000e+00
   0.0000000e+00
   0.0000000e+00
   0.0000000e+00
   0.0000000e+00
   0.0000000e+00
   0.0000000e+00
   0.0000000e+00
   0.0000000e+00
   0.0000000e+00
   0.0000000e+00
   0.0000000e+00
   0.0000000e+00
   0.0000000e+00
   0.0000000e+00
   0.0000000e+00
   0.0000000e+00
   0.0000000e+00
   0.0000000e+00
   0.0000000e+00
   0.0000000e+00
   0.0000000e+00
   0.0000000e+00
   0.0000000e+00
   0.0000000e+00
   0.0000000e+00
   0.0000000e+00
   0.0000000e+00
   0.0000000e+00
   0.0000000e+00
   0.0000000e+00
   0.0000000e+00
   0.0000000e+00
   0.0000000e+00
   0.0000000e+00
   0.0000000e+00
   0.0000000e+00
   0.0000000e+00
   0.0000000e+00
   0.0000000e+00
   0.0000000e+00
   0.0000000e+00
   0.0000000e+00
   0.0000000e+00
   0.0000000e+00
   0.0000000e+00
   0.0000000e+00
   0.0000000e+00
   0.0000000e+00
   0.0000000e+00
   0.0000000e+00
   0.0000000e+00
   0.0000000e+00
   0.0000000e+00
   0.0000000e+00
   0.0000000e+00
   0.0000000e+00
   0.0000000e+00
   0.0000000e+00
   0.0000000e+00
   0.0000000e+00
   0.0000000e+00
   0.0000000e+00
   0.0000000e+00
   0.0000000e+00
   0.0000000e+00
   0.0000000e+00
   0.0000000e+00
   0.0000000e+00
   0.0000000e+00
   0.0000000e+00
   0.0000000e+00
   0.0000000e+00
   0.0000000e+00
   0.0000000e+00
   0.0000000e+00
   0.0000000e+00
   0.0000000e+00
   0.0000000e+00
   0.0000000e+00
   0.0000000e+00
   0.0000000e+00
   0.0000000e+00
   0.0000000e+00
   0.0000000e+00
   0.0000000e+00
   0.0000000e+00
   0.0000000e+00
   0.0000000e+00
   0.0000000e+00
   0.0000000e+00
   0.0000000e+00
   0.0000000e+00
   0.0000000e+00
   0.0000000e+00
   0.0000000e+00
   0.0000000e+00
   0.0000000e+00
   0.0000000e+00
   0.0000000e+00
   0.0000000e+00
   0.0000000e+00
   0.0000000e+00
   0.0000000e+00
   0.0000000e+00
   0.0000000e+00
   0.0000000e+00
   0.0000000e+00
   0.0000000e+00
   0.0000000e+00
   0.0000000e+00
   0.0000000e+00
   0.0000000e+00
   0.0000000e+00
   0.0000000e+00
   0.0000000e+00
   0.0000000e+00
   0.0000000e+00
   0.0000000e+00
   0.0000000e+00
   0.0000000e+00
   0.0000000e+00
   0.0000000e+00
   0.0000000e+00
   0.0000000e+00
   0.0000000e+00
   0.0000000e+00
   0.0000000e+00
   0.0000000e+00
   0.0000000e+00
   0.0000000e+00
   0.0000000e+00
   0.0000000e+00
   0.0000000e+00
   0.0000000e+00
   0.0000000e+00
   0.0000000e+00
   0.0000000e+00
   0.0000000e+00
   0.0000000e+00
   0.0000000e+00
   0.0000000e+00
   0.0000000e+00
   0.0000000e+00
   0.0000000e+00
   0.0000000e+00
   0.0000000e+00
   0.0000000e+00
   0.0000000e+00
   0.0000000e+00
   0.0000000e+00
   0.0000000e+00
   0.0000000e+00
   0.0000000e+00
   0.0000000e+00
   0.0000000e+00
   0.0000000e+00
   0.0000000e+00
   0.0000000e+00
   0.0000000e+00
   0.0000000e+00
   0.0000000e+00
   0.0000000e+00
   0.0000000e+00
   0.0000000e+00
   0.0000000e+00
   0.0000000e+00
   0.0000000e+00
   0.0000000e+00
   0.0000000e+00
   0.0000000e+00
   0.0000000e+00
   0.0000000e+00
   0.0000000e+00
   0.0000000e+00
   0.0000000e+00
   0.0000000e+00
   0.0000000e+00
   0.0000000e+00
   0.0000000e+00
   0.0000000e+00
   0.0000000e+00
   0.0000000e+00
   0.0000000e+00
   0.0000000e+00
   0.0000000e+00
   0.0000000e+00
   0.0000000e+00
   0.0000000e+00
   0.0000000e+00
   0.0000000e+00
   0.0000000e+00
   0.0000000e+00
   0.0000000e+00
   0.0000000e+00
   0.0000000e+00
   0.0000000e+00
   0.0000000e+00
   0.0000000e+00
   0.0000000e+00
