   4.9808947e-03
  -2.7802986e-03
  -2.6203087e-03
   7.8384532e-04
  -1.1268943e-03
   6.2307516e-03
   4.0317945e-03
  -6.6196835e-04
   3.8703738e-04
  -2.8412521e-03
  -5.1041349e-03
   2.7119447e-03
   2.3406159e-03
   1.3054886e-03
   9.9226951e-03
   1.1188742e-02
  -4.2505685e-03
   9.5815787e-04
   1.3168918e-03
  -4.9261577e-04
   9.9350632e-03
   2.5560883e-02
   2.6467335e-02
   1.7854074e-02
   1.9036150e-02
   1.5328500e-02
   1.3277986e-02
   1.9740396e-02
   1.7519924e-02
   3.0882835e-02
   2.7463857e-02
   1.7722043e-02
   1.1844636e-02
   2.0074655e-02
   1.0484264e-04
   8.7871099e-03
   2.8066276e-02
   1.3376531e-02
   2.4438930e-02
   3.1872118e-03
   7.0637090e-02
   4.8631598e-02
   4.5495783e-02
   6.4895432e-02
   6.0781725e-02
   6.1968485e-02
   6.9592769e-02
   5.8211114e-02
   6.1920676e-02
   4.6130762e-02
   3.8140352e-02
   6.0429427e-02
   6.9909707e-02
   6.0694357e-02
   7.9442974e-02
   7.3972126e-02
   4.7643883e-02
   5.7660407e-02
   7.1066623e-02
   3.0883977e-03
   1.1466124e-01
   1.3187478e-01
   1.3958505e-01
   1.0310859e-01
   1.1676069e-01
   1.1451690e-01
   1.0361163e-01
   1.1802994e-01
   1.1770428e-01
   1.3351814e-01
   1.3966830e-01
   1.1780537e-01
   9.9429887e-02
   1.1591282e-01
   1.0092914e-01
   9.6145408e-02
   1.2702905e-01
   1.4210033e-01
   7.4940678e-02
   8.5126032e-04
   8.6565365e-03
   8.9332374e-02
   1.7702003e-01
   1.7106206e-01
   1.8735938e-01
   1.8155676e-01
   2.0595417e-01
   1.7923736e-01
   1.4442433e-01
   1.4407123e-01
   1.5481915e-01
   1.6755207e-01
   2.0417802e-01
   2.0689660e-01
   1.8487843e-01
   2.3962262e-01
   1.7015829e-01
   2.1988156e-02
   5.8885827e-03
   3.5088143e-06
   5.2203096e-03
   2.1497738e-01
   2.6036003e-01
   2.7372883e-01
   2.5229363e-01
   1.8849198e-01
   1.9695466e-01
   2.1475389e-01
   3.8745386e-01
   1.2254881e-01
   1.4869400e-01
   3.6415794e-01
   1.8894464e-01
   1.3700510e-01
   2.2608689e-01
   2.4835689e-01
   1.2336589e-01
   1.5214517e-03
   0.0000000e+00
   0.0000000e+00
   7.5657265e-03
   3.1260412e-01
   3.5009542e-01
   9.4365028e-02
   5.0052788e-02
   4.1598762e-01
   3.3581778e-01
   3.8750352e-02
   1.3148040e-01
   4.1939975e-02
   3.0286186e-02
   6.9505761e-02
   1.2727749e-02
   2.5897573e-03
   5.7802141e-03
   8.3080967e-03
   4.2727733e-03
   5.1243251e-05
   0.0000000e+00
   0.0000000e+00
   5.9153805e-04
   2.4524208e-02
   2.7223955e-02
   4.5273105e-03
   1.9480458e-02
   3.1269660e-01
   2.5204616e-01
   7.2051047e-03
   1.6238705e-04
   5.1704526e-05
   2.1889085e-08
   0.0000000e+00
   0.0000000e+00
   0.0000000e+00
   0.0000000e+00
   0.0000000e+00
   0.0000000e+00
   0.0000000e+00
   0.0000000e+00
   0.0000000e+00
   0.0000000e+00
   0.0000000e+00
   0.0000000e+00
   0.0000000e+00
   4.8560373e-04
   7.7948186e-03
   6.2829403e-03
   1.7881433e-04
   0.0000000e+00
   0.0000000e+00
   0.0000000e+00
   0.0000000e+00
   0.0000000e+00
   0.0000000e+00
   0.0000000e+00
   0.0000000e+00
   0.0000000e+00
   0.0000000e+00
   0.0000000e+00
   0.0000000e+00
   0.0000000e+00
   0.0000000e+00
   0.0000000e+00
   0.0000000e+00
   0.0000000e+00
   0.0000000e+00
   0.0000000e+00
   0.0000000e+00
   0.0000000e+00
   0.0000000e+00
   0.0000000e+00
   0.0000000e+00
   0.0000000e+00
   0.0000000e+00
   0.0000000e+00
   0.0000000e+00
   0.0000000e+00
   0.0000000e+00
   0.0000000e+00
   0.0000000e+00
   0.0000000e+00
   0.0000000e+00
   0.0000000e+00
   0.0000000e+00
   0.0000000e+00
   0.0000000e+00
   0.0000000e+00
   0.0000000e+00
   0.0000000e+00
   0.0000000e+00
   0.0000000e+00
   0.0000000e+00
   0.0000000e+00
   0.0000000e+00
   0.0000000e+00
   0.0000000e+00
   0.0000000e+00
   0.0000000e+00
   0.0000000e+00
   0.0000000e+00
   0.0000000e+00
   0.0000000e+00
   0.0000000e+00
   0.0000000e+00
   0.0000000e+00
   0.0000000e+00
   0.0000000e+00
   0.0000000e+00
   0.0000000e+00
   0.0000000e+00
   0.0000000e+00
   0.0000000e+00
   0.0000000e+00
   0.0000000e+00
   0.0000000e+00
   0.0000000e+00
   0.0000000e+00
   0.0000000e+00
   0.0000000e+00
   0.0000000e+00
   0.0000000e+00
   0.0000000e+00
   0.0000000e+00
   0.0000000e+00
   0.0000000e+00
   0.0000000e+00
   0.0000000e+00
   0.0000000e+00
   0.0000000e+00
   0.0000000e+00
   0.0000000e+00
   0.0000000e+00
   0.0000000e+00
   0.0000000e+00
   0.0000000e+00
   0.0000000e+00
   0.0000000e+00
   0.0000000e+00
   0.0000000e+00
   0.0000000e+00
   0.0000000e+00
   0.0000000e+00
   0.0000000e+00
   0.0000000e+00
   0.0000000e+00
   0.0000000e+00
   0.0000000e+00
   0.0000000e+00
   0.0000000e+00
   0.0000000e+00
   0.0000000e+00
   0.0000000e+00
   0.0000000e+00
   0.0000000e+00
   0.0000000e+00
   0.0000000e+00
   0.0000000e+00
   0.0000000e+00
   0.0000000e+00
   0.0000000e+00
   0.0000000e+00
   0.0000000e+00
   0.0000000e+00
   0.0000000e+00
   0.0000000e+00
   0.0000000e+00
   0.0000000e+00
   0.0000000e+00
   0.0000000e+00
   0.0000000e+00
   0.0000000e+00
   0.0000000e+00
   0.0000000e+00
   0.0000000e+00
   0.0000000e+00
   0.0000000e+00
   0.0000000e+00
   0.0000000e+00
   0.0000000e+00
   0.0000000e+00
   0.0000000e+00
   0.0000000e+00
   0.0000000e+00
   0.0000000e+00
   0.0000000e+00
   0.0000000e+00
   0.0000000e+00
   0.0000000e+00
   0.0000000e+00
   0.0000000e+00
   0.0000000e+00
   0.0000000e+00
   0.0000000e+00
   0.0000000e+00
   0.0000000e+00
   0.0000000e+00
   0.0000000e+00
   0.0000000e+00
   0.0000000e+00
   0.0000000e+00
   0.0000000e+00
   0.0000000e+00
   0.0000000e+00
   0.0000000e+00
   0.0000000e+00
   0.0000000e+00
   0.0000000e+00
   0.0000000e+00
   0.0000000e+00
   0.0000000e+00
   0.0000000e+00
   0.0000000e+00
   0.0000000e+00
   0.0000000e+00
   0.0000000e+00
   0.0000000e+00
   0.0000000e+00
   0.0000000e+00
   0.0000000e+00
   0.0000000e+00
   0.0000000e+00
   0.0000000e+00
   0.0000000e+00
   0.0000000e+00
   0.0000000e+00
   0.0000000e+00
   0.0000000e+00
   0.0000000e+00
   0.0000000e+00
   0.0000000e+00
   0.0000000e+00
   0.0000000e+00
   0.0000000e+00
   0.0000000e+00
   0.0000000e+00
   0.0000000e+00
   0.0000000e+00
   0.0000000e+00
   0.0000000e+00
   0.0000000e+00
   0.0000000e+00
   0.0000000e+00
   0.0000000e+00
   0.0000000e+00
   0.0000000e+00
   0.0000000e+00
   0.0000000e+00
   0.0000000e+00
   0.0000000e+00
   0.0000000e+00
   0.0000000e+00
   0.0000000e+00
   0.0000000e+00
   0.0000000e+00
   0.0000000e+00
   0.0000000e+00
   0.0000000e+00
   0.0000000e+00
   0.0000000e+00
   0.0000000e+00
   0.0000000e+00
   0.0000000e+00
   0.0000000e+00
   0.0000000e+00
   0.0000000e+00
   0.0000000e+00
   0.0000000e+00
   0.0000000e+00
   0.0000000e+00
   0.0000000e+00
   0.0000000e+00
   0.0000000e+00
   0.0000000e+00
   0.0000000e+00
   0.0000000e+00
   0.0000000e+00
   0.0000000e+00
   0.0000000e+00
   0.0000000e+00
   0.0000000e+00
