  -2.4064003e-03
  -9.7196055e-03
  -7.3829633e-03
   3.1991975e-03
   3.7409844e-03
   3.6528271e-04
  -1.0950319e-03
  -1.5375296e-03
  -2.6265335e-03
  -5.5624587e-03
  -1.5456553e-03
  -2.3581957e-04
  -8.8262498e-04
   9.7426258e-05
   2.1430505e-03
  -5.9055787e-03
   2.1227451e-03
  -3.6350006e-03
  -6.1738794e-03
   3.3791031e-03
   2.8055014e-02
   3.0230663e-02
   2.1977008e-02
   1.7745101e-02
   1.7869515e-02
   2.0498382e-02
   1.9486664e-02
   2.2124652e-02
   2.1672107e-02
   2.5295223e-02
   2.4799085e-02
   2.1111095e-02
   1.9283893e-02
   1.7246841e-02
   2.0660475e-02
   2.4161960e-02
   4.2443066e-02
   1.2222207e-02
   3.8159720e-02
   1.8252762e-02
   2.3088870e-02
   4.7947600e-02
   6.0300725e-02
   5.8563397e-02
   5.8595959e-02
   5.8694371e-02
   5.6980225e-02
   5.9538049e-02
   5.4369335e-02
   5.0429839e-02
   5.1579975e-02
   5.3168812e-02
   6.0774371e-02
   6.7607293e-02
   4.3719247e-02
   5.9803617e-02
   1.5849078e-02
   5.1736828e-02
   5.6105786e-02
   1.0107941e-02
   8.7599750e-02
   1.4312381e-01
   9.7919421e-02
   1.2439683e-01
   1.1814303e-01
   1.1752980e-01
   1.2270959e-01
   1.0900562e-01
   1.3047987e-01
   1.2979956e-01
   1.2677952e-01
   1.3491708e-01
   1.0610284e-01
   1.0566558e-01
   1.3981807e-01
   1.2277478e-01
   1.5684731e-01
   1.5313239e-01
   6.3349449e-02
   1.0797836e-03
   9.1076694e-02
   2.4822597e-01
   1.9160768e-01
   1.6780719e-01
   1.4619234e-01
   1.8960603e-01
   1.5454904e-01
   2.1432189e-01
   1.1873121e-01
   1.8438918e-01
   1.3134231e-01
   9.6369000e-02
   2.4357444e-01
   2.0443504e-01
   1.1764672e-01
   1.0720843e-01
   2.0582797e-01
   5.6005015e-02
   9.0288526e-03
   0.0000000e+00
   9.6687198e-03
   3.4519110e-02
   5.2462189e-02
   3.6289632e-01
   2.6091317e-01
   2.1377672e-01
   3.2262742e-01
   1.6537351e-01
   2.9332159e-01
   3.1548467e-01
   2.6760415e-02
   8.8424224e-03
   4.2341616e-02
   7.9958928e-02
   3.9303962e-01
   1.9577070e-01
   1.6512411e-02
   2.7361450e-03
   0.0000000e+00
   0.0000000e+00
   0.0000000e+00
  -4.8832770e-06
   1.6942159e-02
   1.7040653e-01
   9.9010186e-02
   9.5925709e-02
   3.5871513e-01
   9.0399322e-02
   1.0747752e-01
   1.4002211e-01
   9.2810309e-03
   0.0000000e+00
   0.0000000e+00
   3.0139633e-02
   2.4821502e-01
   1.2205990e-01
   8.4933647e-04
   0.0000000e+00
   0.0000000e+00
   0.0000000e+00
   0.0000000e+00
   0.0000000e+00
   1.0324646e-04
   1.0210896e-03
   5.8260725e-04
   4.8564572e-03
   2.0104851e-02
   5.2134604e-03
   1.7582582e-04
   2.3321132e-04
   1.6080218e-05
   0.0000000e+00
   0.0000000e+00
   4.9371727e-04
   4.0660098e-03
   1.9994630e-03
   1.3912979e-05
   0.0000000e+00
   0.0000000e+00
   0.0000000e+00
   0.0000000e+00
   0.0000000e+00
   0.0000000e+00
   0.0000000e+00
   0.0000000e+00
   0.0000000e+00
   0.0000000e+00
   0.0000000e+00
   0.0000000e+00
   0.0000000e+00
   0.0000000e+00
   0.0000000e+00
   0.0000000e+00
   0.0000000e+00
   0.0000000e+00
   0.0000000e+00
   0.0000000e+00
   0.0000000e+00
   0.0000000e+00
   0.0000000e+00
   0.0000000e+00
   0.0000000e+00
   0.0000000e+00
   0.0000000e+00
   0.0000000e+00
   0.0000000e+00
   0.0000000e+00
   0.0000000e+00
   0.0000000e+00
   0.0000000e+00
   0.0000000e+00
   0.0000000e+00
   0.0000000e+00
   0.0000000e+00
   0.0000000e+00
   0.0000000e+00
   0.0000000e+00
   0.0000000e+00
   0.0000000e+00
   0.0000000e+00
   0.0000000e+00
   0.0000000e+00
   0.0000000e+00
   0.0000000e+00
   0.0000000e+00
   0.0000000e+00
   0.0000000e+00
   0.0000000e+00
   0.0000000e+00
   0.0000000e+00
   0.0000000e+00
   0.0000000e+00
   0.0000000e+00
   0.0000000e+00
   0.0000000e+00
   0.0000000e+00
   0.0000000e+00
   0.0000000e+00
   0.0000000e+00
   0.0000000e+00
   0.0000000e+00
   0.0000000e+00
   0.0000000e+00
   0.0000000e+00
   0.0000000e+00
   0.0000000e+00
   0.0000000e+00
   0.0000000e+00
   0.0000000e+00
   0.0000000e+00
   0.0000000e+00
   0.0000000e+00
   0.0000000e+00
   0.0000000e+00
   0.0000000e+00
   0.0000000e+00
   0.0000000e+00
   0.0000000e+00
   0.0000000e+00
   0.0000000e+00
   0.0000000e+00
   0.0000000e+00
   0.0000000e+00
   0.0000000e+00
   0.0000000e+00
   0.0000000e+00
   0.0000000e+00
   0.0000000e+00
   0.0000000e+00
   0.0000000e+00
   0.0000000e+00
   0.0000000e+00
   0.0000000e+00
   0.0000000e+00
   0.0000000e+00
   0.0000000e+00
   0.0000000e+00
   0.0000000e+00
   0.0000000e+00
   0.0000000e+00
   0.0000000e+00
   0.0000000e+00
   0.0000000e+00
   0.0000000e+00
   0.0000000e+00
   0.0000000e+00
   0.0000000e+00
   0.0000000e+00
   0.0000000e+00
   0.0000000e+00
   0.0000000e+00
   0.0000000e+00
   0.0000000e+00
   0.0000000e+00
   0.0000000e+00
   0.0000000e+00
   0.0000000e+00
   0.0000000e+00
   0.0000000e+00
   0.0000000e+00
   0.0000000e+00
   0.0000000e+00
   0.0000000e+00
   0.0000000e+00
   0.0000000e+00
   0.0000000e+00
   0.0000000e+00
   0.0000000e+00
   0.0000000e+00
   0.0000000e+00
   0.0000000e+00
   0.0000000e+00
   0.0000000e+00
   0.0000000e+00
   0.0000000e+00
   0.0000000e+00
   0.0000000e+00
   0.0000000e+00
   0.0000000e+00
   0.0000000e+00
   0.0000000e+00
   0.0000000e+00
   0.0000000e+00
   0.0000000e+00
   0.0000000e+00
   0.0000000e+00
   0.0000000e+00
   0.0000000e+00
   0.0000000e+00
   0.0000000e+00
   0.0000000e+00
   0.0000000e+00
   0.0000000e+00
   0.0000000e+00
   0.0000000e+00
   0.0000000e+00
   0.0000000e+00
   0.0000000e+00
   0.0000000e+00
   0.0000000e+00
   0.0000000e+00
   0.0000000e+00
   0.0000000e+00
   0.0000000e+00
   0.0000000e+00
   0.0000000e+00
   0.0000000e+00
   0.0000000e+00
   0.0000000e+00
   0.0000000e+00
   0.0000000e+00
   0.0000000e+00
   0.0000000e+00
   0.0000000e+00
   0.0000000e+00
   0.0000000e+00
   0.0000000e+00
   0.0000000e+00
   0.0000000e+00
   0.0000000e+00
   0.0000000e+00
   0.0000000e+00
   0.0000000e+00
   0.0000000e+00
   0.0000000e+00
   0.0000000e+00
   0.0000000e+00
   0.0000000e+00
   0.0000000e+00
   0.0000000e+00
   0.0000000e+00
   0.0000000e+00
   0.0000000e+00
   0.0000000e+00
   0.0000000e+00
   0.0000000e+00
   0.0000000e+00
   0.0000000e+00
   0.0000000e+00
   0.0000000e+00
   0.0000000e+00
   0.0000000e+00
   0.0000000e+00
   0.0000000e+00
   0.0000000e+00
   0.0000000e+00
   0.0000000e+00
   0.0000000e+00
   0.0000000e+00
   0.0000000e+00
   0.0000000e+00
   0.0000000e+00
   0.0000000e+00
   0.0000000e+00
   0.0000000e+00
   0.0000000e+00
   0.0000000e+00
   0.0000000e+00
   0.0000000e+00
   0.0000000e+00
   0.0000000e+00
   0.0000000e+00
   0.0000000e+00
   0.0000000e+00
   0.0000000e+00
   0.0000000e+00
   0.0000000e+00
   0.0000000e+00
   0.0000000e+00
   0.0000000e+00
   0.0000000e+00
   0.0000000e+00
   0.0000000e+00
   0.0000000e+00
   0.0000000e+00
   0.0000000e+00
   0.0000000e+00
   0.0000000e+00
   0.0000000e+00
   0.0000000e+00
