  -1.2978907e-03
   2.3431954e-03
  -2.3780058e-03
   2.0432854e-03
  -4.3248776e-04
  -6.0966851e-03
   2.6142680e-06
   1.2516259e-03
  -6.0553401e-04
  -3.5710438e-03
  -6.3007746e-03
   1.8754276e-03
   6.5067168e-03
   1.0384261e-03
   1.2376093e-03
   5.2211839e-03
   2.5205246e-03
   2.5078952e-03
  -9.7913290e-04
  -8.1838289e-03
   2.0594688e-02
   1.8779930e-02
   2.2158190e-02
   1.5865082e-02
   2.0875094e-02
   2.6476959e-02
   2.1315374e-02
   1.5517928e-02
   2.1032172e-02
   2.6703832e-02
   2.4556067e-02
   1.7149523e-02
   8.0992636e-03
   1.7645741e-02
   2.0144554e-02
   1.3252656e-02
   1.6820952e-02
   8.7602827e-03
   4.0225900e-02
   2.5075899e-02
   6.4340193e-02
   3.9558854e-02
   6.6069413e-02
   6.0361059e-02
   5.8630501e-02
   4.7218107e-02
   5.6566465e-02
   6.4996453e-02
   5.9985428e-02
   3.8120702e-02
   5.8254911e-02
   6.0766144e-02
   6.2929494e-02
   7.4376798e-02
   5.0676604e-02
   7.3516980e-02
   6.2210099e-02
   7.0209816e-02
   4.2269718e-02
   1.2762512e-02
   1.2164237e-01
   1.2241690e-01
   1.0101791e-01
   1.2665342e-01
   1.1426999e-01
   1.3489769e-01
   1.2168095e-01
   1.1016435e-01
   1.0783542e-01
   1.6382062e-01
   1.1032327e-01
   1.1687289e-01
   1.1369033e-01
   1.0354324e-01
   1.2158131e-01
   1.1174838e-01
   8.7230688e-02
   1.6471254e-01
   3.7192361e-02
   9.6178479e-04
   7.8120611e-02
   2.2858524e-01
   2.2150370e-01
   1.4583866e-01
   1.7857646e-01
   2.0403118e-01
   6.7612901e-02
   2.4228751e-01
   1.4810189e-01
   1.1042920e-01
   1.8121473e-01
   1.9435362e-01
   1.4611138e-01
   2.2578065e-01
   1.7785271e-01
   1.7583677e-01
   2.3769834e-01
   3.9151161e-02
   3.0954090e-03
   0.0000000e+00
   6.5572935e-03
   4.5313698e-02
   8.2968751e-02
   3.2793611e-01
   2.7728173e-01
   3.7617671e-02
   2.6660129e-02
   2.6210079e-01
   2.0687799e-01
   3.3862245e-01
   2.6617606e-01
   1.9238300e-01
   2.9998828e-01
   2.0466108e-01
   9.0349216e-02
   1.4854420e-01
   2.0906301e-01
   1.6503883e-02
   4.6584634e-08
   0.0000000e+00
   5.6870290e-09
   1.2950002e-05
   4.7312993e-03
   7.9694033e-02
   6.6462029e-02
   2.0334300e-03
   1.0639626e-03
   1.5057021e-02
   3.0503835e-02
   1.9242312e-01
   1.2114344e-01
   1.8643275e-01
   3.9214309e-01
   2.1274056e-01
   4.5124296e-01
   8.2736278e-02
   2.9338243e-03
   2.4206313e-04
   0.0000000e+00
   0.0000000e+00
   0.0000000e+00
   0.0000000e+00
   2.3580088e-10
   3.9929542e-09
   3.3302508e-09
   1.0189024e-10
   0.0000000e+00
   0.0000000e+00
   1.2803349e-04
   1.4346217e-03
   1.0232443e-03
   2.1519052e-02
   4.6081131e-02
   1.4634022e-01
   4.0600882e-01
   7.2948018e-02
   0.0000000e+00
   0.0000000e+00
   0.0000000e+00
   0.0000000e+00
   0.0000000e+00
   0.0000000e+00
   0.0000000e+00
   0.0000000e+00
   0.0000000e+00
   0.0000000e+00
   0.0000000e+00
   0.0000000e+00
   0.0000000e+00
   0.0000000e+00
   0.0000000e+00
   0.0000000e+00
   4.8496770e-06
   5.0432921e-03
   1.4581392e-02
   2.6198535e-03
   0.0000000e+00
   0.0000000e+00
   0.0000000e+00
   0.0000000e+00
   0.0000000e+00
   0.0000000e+00
   0.0000000e+00
   0.0000000e+00
   0.0000000e+00
   0.0000000e+00
   0.0000000e+00
   0.0000000e+00
   0.0000000e+00
   0.0000000e+00
   0.0000000e+00
   0.0000000e+00
   0.0000000e+00
   0.0000000e+00
   0.0000000e+00
   0.0000000e+00
   0.0000000e+00
   0.0000000e+00
   0.0000000e+00
   0.0000000e+00
   0.0000000e+00
   0.0000000e+00
   0.0000000e+00
   0.0000000e+00
   0.0000000e+00
   0.0000000e+00
   0.0000000e+00
   0.0000000e+00
   0.0000000e+00
   0.0000000e+00
   0.0000000e+00
   0.0000000e+00
   0.0000000e+00
   0.0000000e+00
   0.0000000e+00
   0.0000000e+00
   0.0000000e+00
   0.0000000e+00
   0.0000000e+00
   0.0000000e+00
   0.0000000e+00
   0.0000000e+00
   0.0000000e+00
   0.0000000e+00
   0.0000000e+00
   0.0000000e+00
   0.0000000e+00
   0.0000000e+00
   0.0000000e+00
   0.0000000e+00
   0.0000000e+00
   0.0000000e+00
   0.0000000e+00
   0.0000000e+00
   0.0000000e+00
   0.0000000e+00
   0.0000000e+00
   0.0000000e+00
   0.0000000e+00
   0.0000000e+00
   0.0000000e+00
   0.0000000e+00
   0.0000000e+00
   0.0000000e+00
   0.0000000e+00
   0.0000000e+00
   0.0000000e+00
   0.0000000e+00
   0.0000000e+00
   0.0000000e+00
   0.0000000e+00
   0.0000000e+00
   0.0000000e+00
   0.0000000e+00
   0.0000000e+00
   0.0000000e+00
   0.0000000e+00
   0.0000000e+00
   0.0000000e+00
   0.0000000e+00
   0.0000000e+00
   0.0000000e+00
   0.0000000e+00
   0.0000000e+00
   0.0000000e+00
   0.0000000e+00
   0.0000000e+00
   0.0000000e+00
   0.0000000e+00
   0.0000000e+00
   0.0000000e+00
   0.0000000e+00
   0.0000000e+00
   0.0000000e+00
   0.0000000e+00
   0.0000000e+00
   0.0000000e+00
   0.0000000e+00
   0.0000000e+00
   0.0000000e+00
   0.0000000e+00
   0.0000000e+00
   0.0000000e+00
   0.0000000e+00
   0.0000000e+00
   0.0000000e+00
   0.0000000e+00
   0.0000000e+00
   0.0000000e+00
   0.0000000e+00
   0.0000000e+00
   0.0000000e+00
   0.0000000e+00
   0.0000000e+00
   0.0000000e+00
   0.0000000e+00
   0.0000000e+00
   0.0000000e+00
   0.0000000e+00
   0.0000000e+00
   0.0000000e+00
   0.0000000e+00
   0.0000000e+00
   0.0000000e+00
   0.0000000e+00
   0.0000000e+00
   0.0000000e+00
   0.0000000e+00
   0.0000000e+00
   0.0000000e+00
   0.0000000e+00
   0.0000000e+00
   0.0000000e+00
   0.0000000e+00
   0.0000000e+00
   0.0000000e+00
   0.0000000e+00
   0.0000000e+00
   0.0000000e+00
   0.0000000e+00
   0.0000000e+00
   0.0000000e+00
   0.0000000e+00
   0.0000000e+00
   0.0000000e+00
   0.0000000e+00
   0.0000000e+00
   0.0000000e+00
   0.0000000e+00
   0.0000000e+00
   0.0000000e+00
   0.0000000e+00
   0.0000000e+00
   0.0000000e+00
   0.0000000e+00
   0.0000000e+00
   0.0000000e+00
   0.0000000e+00
   0.0000000e+00
   0.0000000e+00
   0.0000000e+00
   0.0000000e+00
   0.0000000e+00
   0.0000000e+00
   0.0000000e+00
   0.0000000e+00
   0.0000000e+00
   0.0000000e+00
   0.0000000e+00
   0.0000000e+00
   0.0000000e+00
   0.0000000e+00
   0.0000000e+00
   0.0000000e+00
   0.0000000e+00
   0.0000000e+00
   0.0000000e+00
   0.0000000e+00
   0.0000000e+00
   0.0000000e+00
   0.0000000e+00
   0.0000000e+00
   0.0000000e+00
   0.0000000e+00
   0.0000000e+00
   0.0000000e+00
   0.0000000e+00
   0.0000000e+00
   0.0000000e+00
   0.0000000e+00
   0.0000000e+00
   0.0000000e+00
   0.0000000e+00
   0.0000000e+00
   0.0000000e+00
   0.0000000e+00
   0.0000000e+00
   0.0000000e+00
   0.0000000e+00
   0.0000000e+00
   0.0000000e+00
   0.0000000e+00
   0.0000000e+00
   0.0000000e+00
   0.0000000e+00
   0.0000000e+00
   0.0000000e+00
   0.0000000e+00
   0.0000000e+00
   0.0000000e+00
   0.0000000e+00
   0.0000000e+00
   0.0000000e+00
   0.0000000e+00
   0.0000000e+00
   0.0000000e+00
   0.0000000e+00
   0.0000000e+00
   0.0000000e+00
   0.0000000e+00
