   6.3855502e-04
  -7.7098895e-04
  -2.8585056e-03
   1.6809038e-03
   1.8744357e-03
  -1.4261794e-03
   1.7721550e-04
  -1.1652598e-03
   1.8224400e-03
  -7.2765738e-04
  -3.3485288e-04
   1.5473577e-03
   3.4088272e-04
  -5.0628163e-03
  -5.9486213e-03
  -3.1713946e-03
   2.9092546e-03
   5.5311862e-03
   6.1955181e-03
  -2.4424308e-03
   2.7849565e-02
   2.4507615e-02
   2.2428867e-02
   1.3742839e-02
   1.7319902e-02
   2.1738453e-02
   2.1214277e-02
   2.0137420e-02
   1.7122721e-02
   2.1665762e-02
   2.0751940e-02
   1.6757549e-02
   1.8482084e-02
   2.4472289e-02
   2.8546521e-02
   2.1025115e-02
   2.3324960e-02
   1.1061511e-02
   1.9279681e-02
   1.8742476e-03
   4.6466711e-02
   4.0075820e-02
   6.9563283e-02
   6.7641918e-02
   6.2138251e-02
   5.5783406e-02
   5.3740797e-02
   6.0241270e-02
   6.1986983e-02
   5.4493339e-02
   5.6116327e-02
   6.4015612e-02
   6.1521839e-02
   5.2181042e-02
   4.5672401e-02
   5.7198884e-02
   4.9519945e-02
   7.1529782e-02
   5.8622560e-02
   7.6988780e-04
   1.3672110e-01
   1.3947377e-01
   9.9539107e-02
   1.0827552e-01
   1.1203561e-01
   1.2004458e-01
   1.2794851e-01
   1.1328717e-01
   1.1377976e-01
   1.2542376e-01
   1.2304678e-01
   1.0729196e-01
   1.1323601e-01
   1.2480403e-01
   1.3491985e-01
   1.2604493e-01
   1.1738889e-01
   1.4311832e-01
   7.5539651e-02
   2.1509455e-04
   1.0508703e-01
   1.4201270e-01
   2.3307179e-01
   1.5558994e-01
   2.0130898e-01
   1.7104824e-01
   1.4595369e-01
   1.8613389e-01
   1.9136078e-01
   1.4051099e-01
   1.6775751e-01
   2.1283181e-01
   1.7262049e-01
   1.8604178e-01
   1.2098721e-01
   1.2496534e-01
   2.0668257e-01
   5.9140521e-02
   6.0948238e-03
   1.0693105e-05
   1.3806620e-03
   2.4614559e-02
   1.7553195e-01
   2.7838112e-01
   1.6628879e-01
   2.5285482e-01
   3.4735604e-01
   1.8578985e-01
   2.7071679e-01
   2.9583551e-01
   2.6185643e-01
   1.7743697e-01
   2.3623878e-01
   1.8408207e-01
   2.7836215e-01
   3.2510833e-01
   2.9328926e-01
   2.3864117e-02
   1.3617457e-06
   0.0000000e+00
   0.0000000e+00
   5.2252923e-04
   1.2222066e-01
   4.5695033e-01
   1.1599324e-01
   6.8225282e-02
   1.0736496e-01
   2.0691060e-02
   2.2949452e-02
   4.8369252e-02
   3.6510560e-02
   3.9776168e-02
   4.1757617e-01
   2.9381415e-01
   1.2953869e-01
   2.2752495e-01
   1.6743083e-01
   5.4122263e-03
   4.5531422e-09
   0.0000000e+00
   0.0000000e+00
   4.8201403e-07
   2.1247188e-02
   7.8768534e-02
   1.8249564e-02
   2.2635830e-05
   3.5830386e-05
   3.1709140e-06
   0.0000000e+00
   0.0000000e+00
   0.0000000e+00
   5.6202219e-03
   6.6903992e-02
   4.4013076e-02
   1.7402340e-03
   4.6455603e-03
   3.6578788e-03
   1.1629758e-04
   0.0000000e+00
   0.0000000e+00
   0.0000000e+00
   0.0000000e+00
   0.0000000e+00
   0.0000000e+00
   0.0000000e+00
   0.0000000e+00
   0.0000000e+00
   0.0000000e+00
   0.0000000e+00
   0.0000000e+00
   0.0000000e+00
   0.0000000e+00
   0.0000000e+00
   0.0000000e+00
   0.0000000e+00
   0.0000000e+00
   0.0000000e+00
   0.0000000e+00
   0.0000000e+00
   0.0000000e+00
   0.0000000e+00
   0.0000000e+00
   0.0000000e+00
   0.0000000e+00
   0.0000000e+00
   0.0000000e+00
   0.0000000e+00
   0.0000000e+00
   0.0000000e+00
   0.0000000e+00
   0.0000000e+00
   0.0000000e+00
   0.0000000e+00
   0.0000000e+00
   0.0000000e+00
   0.0000000e+00
   0.0000000e+00
   0.0000000e+00
   0.0000000e+00
   0.0000000e+00
   0.0000000e+00
   0.0000000e+00
   0.0000000e+00
   0.0000000e+00
   0.0000000e+00
   0.0000000e+00
   0.0000000e+00
   0.0000000e+00
   0.0000000e+00
   0.0000000e+00
   0.0000000e+00
   0.0000000e+00
   0.0000000e+00
   0.0000000e+00
   0.0000000e+00
   0.0000000e+00
   0.0000000e+00
   0.0000000e+00
   0.0000000e+00
   0.0000000e+00
   0.0000000e+00
   0.0000000e+00
   0.0000000e+00
   0.0000000e+00
   0.0000000e+00
   0.0000000e+00
   0.0000000e+00
   0.0000000e+00
   0.0000000e+00
   0.0000000e+00
   0.0000000e+00
   0.0000000e+00
   0.0000000e+00
   0.0000000e+00
   0.0000000e+00
   0.0000000e+00
   0.0000000e+00
   0.0000000e+00
   0.0000000e+00
   0.0000000e+00
   0.0000000e+00
   0.0000000e+00
   0.0000000e+00
   0.0000000e+00
   0.0000000e+00
   0.0000000e+00
   0.0000000e+00
   0.0000000e+00
   0.0000000e+00
   0.0000000e+00
   0.0000000e+00
   0.0000000e+00
   0.0000000e+00
   0.0000000e+00
   0.0000000e+00
   0.0000000e+00
   0.0000000e+00
   0.0000000e+00
   0.0000000e+00
   0.0000000e+00
   0.0000000e+00
   0.0000000e+00
   0.0000000e+00
   0.0000000e+00
   0.0000000e+00
   0.0000000e+00
   0.0000000e+00
   0.0000000e+00
   0.0000000e+00
   0.0000000e+00
   0.0000000e+00
   0.0000000e+00
   0.0000000e+00
   0.0000000e+00
   0.0000000e+00
   0.0000000e+00
   0.0000000e+00
   0.0000000e+00
   0.0000000e+00
   0.0000000e+00
   0.0000000e+00
   0.0000000e+00
   0.0000000e+00
   0.0000000e+00
   0.0000000e+00
   0.0000000e+00
   0.0000000e+00
   0.0000000e+00
   0.0000000e+00
   0.0000000e+00
   0.0000000e+00
   0.0000000e+00
   0.0000000e+00
   0.0000000e+00
   0.0000000e+00
   0.0000000e+00
   0.0000000e+00
   0.0000000e+00
   0.0000000e+00
   0.0000000e+00
   0.0000000e+00
   0.0000000e+00
   0.0000000e+00
   0.0000000e+00
   0.0000000e+00
   0.0000000e+00
   0.0000000e+00
   0.0000000e+00
   0.0000000e+00
   0.0000000e+00
   0.0000000e+00
   0.0000000e+00
   0.0000000e+00
   0.0000000e+00
   0.0000000e+00
   0.0000000e+00
   0.0000000e+00
   0.0000000e+00
   0.0000000e+00
   0.0000000e+00
   0.0000000e+00
   0.0000000e+00
   0.0000000e+00
   0.0000000e+00
   0.0000000e+00
   0.0000000e+00
   0.0000000e+00
   0.0000000e+00
   0.0000000e+00
   0.0000000e+00
   0.0000000e+00
   0.0000000e+00
   0.0000000e+00
   0.0000000e+00
   0.0000000e+00
   0.0000000e+00
   0.0000000e+00
   0.0000000e+00
   0.0000000e+00
   0.0000000e+00
   0.0000000e+00
   0.0000000e+00
   0.0000000e+00
   0.0000000e+00
   0.0000000e+00
   0.0000000e+00
   0.0000000e+00
   0.0000000e+00
   0.0000000e+00
   0.0000000e+00
   0.0000000e+00
   0.0000000e+00
   0.0000000e+00
   0.0000000e+00
   0.0000000e+00
   0.0000000e+00
   0.0000000e+00
   0.0000000e+00
   0.0000000e+00
   0.0000000e+00
   0.0000000e+00
   0.0000000e+00
   0.0000000e+00
   0.0000000e+00
   0.0000000e+00
   0.0000000e+00
   0.0000000e+00
   0.0000000e+00
   0.0000000e+00
   0.0000000e+00
   0.0000000e+00
   0.0000000e+00
   0.0000000e+00
   0.0000000e+00
   0.0000000e+00
   0.0000000e+00
   0.0000000e+00
   0.0000000e+00
   0.0000000e+00
   0.0000000e+00
   0.0000000e+00
   0.0000000e+00
   0.0000000e+00
   0.0000000e+00
   0.0000000e+00
   0.0000000e+00
   0.0000000e+00
   0.0000000e+00
   0.0000000e+00
   0.0000000e+00
   0.0000000e+00
   0.0000000e+00
   0.0000000e+00
   0.0000000e+00
   0.0000000e+00
   0.0000000e+00
   0.0000000e+00
   0.0000000e+00
   0.0000000e+00
   0.0000000e+00
