   1.6966289e-03
   5.3709078e-04
   1.7180107e-03
   1.4285047e-03
  -2.0632131e-03
   6.5795405e-03
   3.4777144e-03
   1.9567577e-03
   9.3267703e-04
   3.1414062e-03
  -2.9983891e-03
  -3.3424702e-04
   2.4808298e-03
  -1.1360025e-03
  -8.8920334e-04
   1.3206869e-04
  -4.4944152e-04
   2.5644823e-03
  -3.3279498e-04
  -1.0090552e-04
   1.5726547e-02
   1.4004447e-02
   1.2306304e-02
   2.2107463e-02
   2.0352424e-02
   1.3069993e-02
   1.3471246e-02
   1.9485414e-02
   1.3927783e-02
   1.1404455e-02
   3.0205093e-02
   1.7964420e-02
   1.1777000e-02
   1.7519713e-02
   2.7068140e-02
   1.6933471e-02
   2.2885497e-02
   1.0065804e-02
   2.7985668e-02
   1.1359437e-02
   6.8715544e-02
   7.7540221e-02
   6.3265397e-02
   5.6148165e-02
   5.6894637e-02
   6.6159263e-02
   7.1050386e-02
   5.2915264e-02
   8.4312820e-02
   6.7270675e-02
   4.2056788e-02
   6.1003655e-02
   7.5195235e-02
   6.1711414e-02
   4.9066099e-02
   5.6701400e-02
   6.3649270e-02
   5.5378190e-02
   8.1449520e-02
   1.9666476e-02
   1.0196222e-01
   7.5299156e-02
   1.1992638e-01
   1.2019295e-01
   1.2035026e-01
   1.1093067e-01
   9.4899966e-02
   1.3363528e-01
   8.0381917e-02
   1.1330941e-01
   1.3925695e-01
   1.1180441e-01
   9.6649354e-02
   1.1721677e-01
   1.2688928e-01
   1.2966959e-01
   9.8259765e-02
   1.4805558e-01
   4.4651795e-02
   4.5617055e-03
   2.5574195e-01
   2.1230709e-01
   1.7927700e-01
   1.6440264e-01
   1.6450219e-01
   2.1168561e-01
   2.4075086e-01
   1.4512336e-01
   2.4710151e-01
   1.8203135e-01
   1.3464389e-01
   1.8273612e-01
   2.3079732e-01
   1.6494006e-01
   1.7803754e-01
   1.3642788e-01
   2.2719589e-01
   1.4731762e-01
   8.2476863e-03
   6.7642166e-07
   1.2023693e-01
   9.5796719e-02
   2.0164028e-01
   3.6401918e-01
   2.1489300e-01
   1.8637912e-01
   2.1190078e-01
   4.1112799e-02
   1.4251519e-01
   1.1370332e-01
   3.4474350e-01
   2.1335250e-01
   1.8839779e-01
   1.2806550e-01
   2.9018321e-01
   3.5309352e-01
   1.4545628e-01
   3.2034504e-02
   3.8488887e-04
   0.0000000e+00
   7.1049950e-04
   2.0408301e-03
   3.5045351e-02
   6.8311706e-02
   3.4087946e-02
   8.4337809e-03
   8.3251916e-03
   6.2479370e-04
   5.5884326e-04
   4.0871009e-02
   2.6944259e-01
   1.0999185e-01
   4.1761478e-03
   8.6003913e-03
   1.7277347e-01
   2.2402393e-01
   1.8934015e-02
   2.3170869e-04
   0.0000000e+00
   0.0000000e+00
   0.0000000e+00
   0.0000000e+00
   0.0000000e+00
   0.0000000e+00
   0.0000000e+00
   0.0000000e+00
   0.0000000e+00
   0.0000000e+00
   0.0000000e+00
   6.4891876e-04
   4.2363233e-03
   1.6999255e-03
   4.5731753e-06
   1.0676135e-04
   4.2152252e-03
   5.5135580e-03
   3.7231064e-04
   0.0000000e+00
   0.0000000e+00
   0.0000000e+00
   0.0000000e+00
   0.0000000e+00
   0.0000000e+00
   0.0000000e+00
   0.0000000e+00
   0.0000000e+00
   0.0000000e+00
   0.0000000e+00
   0.0000000e+00
   0.0000000e+00
   0.0000000e+00
   0.0000000e+00
   0.0000000e+00
   0.0000000e+00
   0.0000000e+00
   0.0000000e+00
   0.0000000e+00
   0.0000000e+00
   0.0000000e+00
   0.0000000e+00
   0.0000000e+00
   0.0000000e+00
   0.0000000e+00
   0.0000000e+00
   0.0000000e+00
   0.0000000e+00
   0.0000000e+00
   0.0000000e+00
   0.0000000e+00
   0.0000000e+00
   0.0000000e+00
   0.0000000e+00
   0.0000000e+00
   0.0000000e+00
   0.0000000e+00
   0.0000000e+00
   0.0000000e+00
   0.0000000e+00
   0.0000000e+00
   0.0000000e+00
   0.0000000e+00
   0.0000000e+00
   0.0000000e+00
   0.0000000e+00
   0.0000000e+00
   0.0000000e+00
   0.0000000e+00
   0.0000000e+00
   0.0000000e+00
   0.0000000e+00
   0.0000000e+00
   0.0000000e+00
   0.0000000e+00
   0.0000000e+00
   0.0000000e+00
   0.0000000e+00
   0.0000000e+00
   0.0000000e+00
   0.0000000e+00
   0.0000000e+00
   0.0000000e+00
   0.0000000e+00
   0.0000000e+00
   0.0000000e+00
   0.0000000e+00
   0.0000000e+00
   0.0000000e+00
   0.0000000e+00
   0.0000000e+00
   0.0000000e+00
   0.0000000e+00
   0.0000000e+00
   0.0000000e+00
   0.0000000e+00
   0.0000000e+00
   0.0000000e+00
   0.0000000e+00
   0.0000000e+00
   0.0000000e+00
   0.0000000e+00
   0.0000000e+00
   0.0000000e+00
   0.0000000e+00
   0.0000000e+00
   0.0000000e+00
   0.0000000e+00
   0.0000000e+00
   0.0000000e+00
   0.0000000e+00
   0.0000000e+00
   0.0000000e+00
   0.0000000e+00
   0.0000000e+00
   0.0000000e+00
   0.0000000e+00
   0.0000000e+00
   0.0000000e+00
   0.0000000e+00
   0.0000000e+00
   0.0000000e+00
   0.0000000e+00
   0.0000000e+00
   0.0000000e+00
   0.0000000e+00
   0.0000000e+00
   0.0000000e+00
   0.0000000e+00
   0.0000000e+00
   0.0000000e+00
   0.0000000e+00
   0.0000000e+00
   0.0000000e+00
   0.0000000e+00
   0.0000000e+00
   0.0000000e+00
   0.0000000e+00
   0.0000000e+00
   0.0000000e+00
   0.0000000e+00
   0.0000000e+00
   0.0000000e+00
   0.0000000e+00
   0.0000000e+00
   0.0000000e+00
   0.0000000e+00
   0.0000000e+00
   0.0000000e+00
   0.0000000e+00
   0.0000000e+00
   0.0000000e+00
   0.0000000e+00
   0.0000000e+00
   0.0000000e+00
   0.0000000e+00
   0.0000000e+00
   0.0000000e+00
   0.0000000e+00
   0.0000000e+00
   0.0000000e+00
   0.0000000e+00
   0.0000000e+00
   0.0000000e+00
   0.0000000e+00
   0.0000000e+00
   0.0000000e+00
   0.0000000e+00
   0.0000000e+00
   0.0000000e+00
   0.0000000e+00
   0.0000000e+00
   0.0000000e+00
   0.0000000e+00
   0.0000000e+00
   0.0000000e+00
   0.0000000e+00
   0.0000000e+00
   0.0000000e+00
   0.0000000e+00
   0.0000000e+00
   0.0000000e+00
   0.0000000e+00
   0.0000000e+00
   0.0000000e+00
   0.0000000e+00
   0.0000000e+00
   0.0000000e+00
   0.0000000e+00
   0.0000000e+00
   0.0000000e+00
   0.0000000e+00
   0.0000000e+00
   0.0000000e+00
   0.0000000e+00
   0.0000000e+00
   0.0000000e+00
   0.0000000e+00
   0.0000000e+00
   0.0000000e+00
   0.0000000e+00
   0.0000000e+00
   0.0000000e+00
   0.0000000e+00
   0.0000000e+00
   0.0000000e+00
   0.0000000e+00
   0.0000000e+00
   0.0000000e+00
   0.0000000e+00
   0.0000000e+00
   0.0000000e+00
   0.0000000e+00
   0.0000000e+00
   0.0000000e+00
   0.0000000e+00
   0.0000000e+00
   0.0000000e+00
   0.0000000e+00
   0.0000000e+00
   0.0000000e+00
   0.0000000e+00
   0.0000000e+00
   0.0000000e+00
   0.0000000e+00
   0.0000000e+00
   0.0000000e+00
   0.0000000e+00
   0.0000000e+00
   0.0000000e+00
   0.0000000e+00
   0.0000000e+00
   0.0000000e+00
   0.0000000e+00
   0.0000000e+00
   0.0000000e+00
   0.0000000e+00
   0.0000000e+00
   0.0000000e+00
   0.0000000e+00
   0.0000000e+00
   0.0000000e+00
   0.0000000e+00
   0.0000000e+00
   0.0000000e+00
   0.0000000e+00
   0.0000000e+00
   0.0000000e+00
   0.0000000e+00
   0.0000000e+00
   0.0000000e+00
   0.0000000e+00
   0.0000000e+00
   0.0000000e+00
   0.0000000e+00
   0.0000000e+00
   0.0000000e+00
   0.0000000e+00
   0.0000000e+00
   0.0000000e+00
   0.0000000e+00
   0.0000000e+00
