   9.6877862e-04
   5.9668865e-05
  -4.1211904e-04
  -1.6697334e-04
  -5.9587711e-03
  -5.6979713e-03
  -6.7009995e-04
  -6.1699705e-04
   8.0675755e-04
  -5.7811219e-03
  -9.0271615e-06
  -1.9131694e-03
   9.8678495e-04
  -2.3995872e-04
   2.2662443e-03
  -8.6277839e-04
   4.7126039e-04
   1.1577186e-03
  -5.0922177e-03
   9.6103011e-04
   3.3573534e-02
   2.3691948e-02
   1.5597968e-02
   2.5708957e-02
   2.7923733e-02
   2.2554613e-02
   2.2410298e-02
   1.7533870e-02
   3.0858085e-02
   2.2341315e-02
   2.3069611e-02
   2.2030295e-02
   1.7987394e-02
   2.0740881e-02
   1.4461375e-02
   1.6511211e-02
   2.8836616e-02
   1.1833573e-02
   3.2647486e-02
   3.2080504e-02
   4.6604530e-02
   4.5983342e-02
   7.1046081e-02
   4.3131611e-02
   4.5205610e-02
   5.7891108e-02
   5.0861395e-02
   6.6781004e-02
   2.8179541e-02
   6.1023199e-02
   4.8203370e-02
   5.6881251e-02
   6.0598890e-02
   5.7009115e-02
   6.8113371e-02
   6.9404191e-02
   3.7907189e-02
   6.9878450e-02
   4.3705618e-02
   1.5065156e-02
   1.2254856e-01
   1.4525768e-01
   9.6210792e-02
   1.4087547e-01
   1.3358632e-01
   1.2040259e-01
   1.2339153e-01
   1.1266722e-01
   1.4637331e-01
   1.1725508e-01
   1.3361305e-01
   1.1915719e-01
   1.1474267e-01
   1.2189607e-01
   9.9038130e-02
   1.0234971e-01
   1.4716599e-01
   1.4651165e-01
   3.1580420e-02
   1.2051388e-03
   1.2753610e-01
   2.1924249e-01
   1.4324828e-01
   1.5655635e-01
   1.4906950e-01
   1.3215159e-01
   2.1096947e-01
   9.2259813e-02
   1.7147759e-01
   1.5948297e-01
   1.3969294e-01
   1.7157790e-01
   1.8411169e-01
   1.7754915e-01
   2.1595646e-01
   1.5850086e-01
   9.4581803e-02
   2.8072318e-02
   2.8726236e-03
   1.3723887e-11
   8.0277679e-03
   1.1459997e-01
   3.6232294e-01
   1.6726578e-01
   5.7155053e-03
   2.2955311e-02
   2.7797486e-01
   3.0479973e-01
   2.0054477e-01
   3.5412172e-01
   2.3784089e-01
   3.2520467e-01
   2.1276789e-01
   5.3480594e-02
   2.0425750e-01
   4.0211243e-01
   1.0929380e-01
   2.4909560e-04
   4.0192447e-08
   0.0000000e+00
   7.4114556e-06
   8.1115084e-02
   3.7280065e-01
   1.7942585e-01
   8.5220499e-04
   7.5283277e-03
   2.3555841e-01
   2.8289836e-01
   1.2476798e-01
   1.5957677e-01
   6.1947826e-02
   5.9076853e-02
   3.5324443e-02
   1.1786524e-03
   3.8868647e-02
   1.4812327e-01
   3.7585175e-02
   4.1980553e-06
   0.0000000e+00
   0.0000000e+00
   0.0000000e+00
   4.7464191e-03
   2.1843879e-02
   1.0515289e-02
   4.9937351e-05
   2.9636927e-04
   9.4972728e-03
   1.1290480e-02
   9.5501240e-04
   3.2675901e-04
   1.6652352e-05
   3.8742592e-09
   0.0000000e+00
   0.0000000e+00
   1.6835024e-04
   6.8228037e-04
   1.7281913e-04
   1.4201126e-11
   0.0000000e+00
   0.0000000e+00
   0.0000000e+00
   0.0000000e+00
   0.0000000e+00
   0.0000000e+00
   0.0000000e+00
   0.0000000e+00
   0.0000000e+00
   0.0000000e+00
   0.0000000e+00
   0.0000000e+00
   0.0000000e+00
   0.0000000e+00
   0.0000000e+00
   0.0000000e+00
   0.0000000e+00
   0.0000000e+00
   0.0000000e+00
   0.0000000e+00
   0.0000000e+00
   0.0000000e+00
   0.0000000e+00
   0.0000000e+00
   0.0000000e+00
   0.0000000e+00
   0.0000000e+00
   0.0000000e+00
   0.0000000e+00
   0.0000000e+00
   0.0000000e+00
   0.0000000e+00
   0.0000000e+00
   0.0000000e+00
   0.0000000e+00
   0.0000000e+00
   0.0000000e+00
   0.0000000e+00
   0.0000000e+00
   0.0000000e+00
   0.0000000e+00
   0.0000000e+00
   0.0000000e+00
   0.0000000e+00
   0.0000000e+00
   0.0000000e+00
   0.0000000e+00
   0.0000000e+00
   0.0000000e+00
   0.0000000e+00
   0.0000000e+00
   0.0000000e+00
   0.0000000e+00
   0.0000000e+00
   0.0000000e+00
   0.0000000e+00
   0.0000000e+00
   0.0000000e+00
   0.0000000e+00
   0.0000000e+00
   0.0000000e+00
   0.0000000e+00
   0.0000000e+00
   0.0000000e+00
   0.0000000e+00
   0.0000000e+00
   0.0000000e+00
   0.0000000e+00
   0.0000000e+00
   0.0000000e+00
   0.0000000e+00
   0.0000000e+00
   0.0000000e+00
   0.0000000e+00
   0.0000000e+00
   0.0000000e+00
   0.0000000e+00
   0.0000000e+00
   0.0000000e+00
   0.0000000e+00
   0.0000000e+00
   0.0000000e+00
   0.0000000e+00
   0.0000000e+00
   0.0000000e+00
   0.0000000e+00
   0.0000000e+00
   0.0000000e+00
   0.0000000e+00
   0.0000000e+00
   0.0000000e+00
   0.0000000e+00
   0.0000000e+00
   0.0000000e+00
   0.0000000e+00
   0.0000000e+00
   0.0000000e+00
   0.0000000e+00
   0.0000000e+00
   0.0000000e+00
   0.0000000e+00
   0.0000000e+00
   0.0000000e+00
   0.0000000e+00
   0.0000000e+00
   0.0000000e+00
   0.0000000e+00
   0.0000000e+00
   0.0000000e+00
   0.0000000e+00
   0.0000000e+00
   0.0000000e+00
   0.0000000e+00
   0.0000000e+00
   0.0000000e+00
   0.0000000e+00
   0.0000000e+00
   0.0000000e+00
   0.0000000e+00
   0.0000000e+00
   0.0000000e+00
   0.0000000e+00
   0.0000000e+00
   0.0000000e+00
   0.0000000e+00
   0.0000000e+00
   0.0000000e+00
   0.0000000e+00
   0.0000000e+00
   0.0000000e+00
   0.0000000e+00
   0.0000000e+00
   0.0000000e+00
   0.0000000e+00
   0.0000000e+00
   0.0000000e+00
   0.0000000e+00
   0.0000000e+00
   0.0000000e+00
   0.0000000e+00
   0.0000000e+00
   0.0000000e+00
   0.0000000e+00
   0.0000000e+00
   0.0000000e+00
   0.0000000e+00
   0.0000000e+00
   0.0000000e+00
   0.0000000e+00
   0.0000000e+00
   0.0000000e+00
   0.0000000e+00
   0.0000000e+00
   0.0000000e+00
   0.0000000e+00
   0.0000000e+00
   0.0000000e+00
   0.0000000e+00
   0.0000000e+00
   0.0000000e+00
   0.0000000e+00
   0.0000000e+00
   0.0000000e+00
   0.0000000e+00
   0.0000000e+00
   0.0000000e+00
   0.0000000e+00
   0.0000000e+00
   0.0000000e+00
   0.0000000e+00
   0.0000000e+00
   0.0000000e+00
   0.0000000e+00
   0.0000000e+00
   0.0000000e+00
   0.0000000e+00
   0.0000000e+00
   0.0000000e+00
   0.0000000e+00
   0.0000000e+00
   0.0000000e+00
   0.0000000e+00
   0.0000000e+00
   0.0000000e+00
   0.0000000e+00
   0.0000000e+00
   0.0000000e+00
   0.0000000e+00
   0.0000000e+00
   0.0000000e+00
   0.0000000e+00
   0.0000000e+00
   0.0000000e+00
   0.0000000e+00
   0.0000000e+00
   0.0000000e+00
   0.0000000e+00
   0.0000000e+00
   0.0000000e+00
   0.0000000e+00
   0.0000000e+00
   0.0000000e+00
   0.0000000e+00
   0.0000000e+00
   0.0000000e+00
   0.0000000e+00
   0.0000000e+00
   0.0000000e+00
   0.0000000e+00
   0.0000000e+00
   0.0000000e+00
   0.0000000e+00
   0.0000000e+00
   0.0000000e+00
   0.0000000e+00
   0.0000000e+00
   0.0000000e+00
   0.0000000e+00
   0.0000000e+00
   0.0000000e+00
   0.0000000e+00
   0.0000000e+00
   0.0000000e+00
   0.0000000e+00
   0.0000000e+00
   0.0000000e+00
   0.0000000e+00
   0.0000000e+00
   0.0000000e+00
   0.0000000e+00
   0.0000000e+00
   0.0000000e+00
   0.0000000e+00
   0.0000000e+00
   0.0000000e+00
   0.0000000e+00
   0.0000000e+00
   0.0000000e+00
   0.0000000e+00
   0.0000000e+00
   0.0000000e+00
   0.0000000e+00
