   4.7199139e-03
   5.8697394e-04
   8.8915083e-04
  -1.3721010e-03
   5.1101362e-04
   3.7524553e-04
   5.7671241e-04
   6.8238386e-03
   7.3102836e-03
   7.8980940e-04
   1.1892082e-04
  -2.6546069e-03
  -6.3059948e-05
   1.5099655e-03
   3.5503704e-04
  -8.1539405e-04
   6.3734564e-03
   2.9952157e-03
   2.6415247e-04
   3.7345142e-08
   4.8073384e-03
   1.7253408e-02
   2.5785956e-02
   2.1247525e-02
   1.9744900e-02
   1.9995132e-02
   4.5157985e-03
   1.3281007e-02
   1.6953184e-02
   1.4201444e-02
   3.1894408e-02
   2.7055327e-02
   6.8232914e-03
   2.3500133e-02
   2.8690747e-02
   1.4710782e-02
   8.1396069e-03
   1.0470576e-02
   1.0056334e-02
   4.9781934e-04
   6.0013316e-02
   1.0657924e-01
   4.0046088e-02
   4.6383719e-02
   6.1405416e-02
   5.8225019e-02
   8.0636388e-02
   7.0140822e-02
   5.6105935e-02
   6.0008930e-02
   5.2429897e-02
   4.6031084e-02
   7.6931210e-02
   6.0534329e-02
   3.4430510e-02
   7.7804933e-02
   8.2161492e-02
   9.3861549e-02
   7.9948534e-02
   3.9551410e-03
   4.1745297e-02
   8.1564826e-02
   1.2681932e-01
   1.3781315e-01
   1.1314194e-01
   1.1974602e-01
   7.2188304e-02
   1.0895108e-01
   1.2005720e-01
   1.2854799e-01
   1.1210910e-01
   1.3678107e-01
   9.4438751e-02
   1.0271566e-01
   1.6694672e-01
   7.8676102e-02
   1.1707382e-01
   1.2025861e-01
   5.8354112e-02
   2.7892556e-03
   3.6415074e-02
   2.0532365e-01
   1.9227448e-01
   1.0512760e-01
   1.2279927e-01
   2.5428841e-01
   1.9510631e-01
   2.5896129e-01
   6.6858455e-02
   1.8099793e-01
   1.6843868e-01
   1.7775206e-01
   1.8763644e-01
   1.6214448e-01
   1.0156688e-01
   2.5047401e-01
   1.9490637e-01
   1.5520623e-02
   1.5626396e-03
   5.2718476e-05
   2.6967446e-02
   2.6411844e-01
   2.4238456e-01
   4.2999971e-02
   2.3668608e-02
   6.7979241e-02
   8.3388533e-02
   8.9786017e-02
   6.9124805e-02
   3.7896005e-01
   1.5455495e-01
   3.2171270e-02
   3.1187837e-01
   2.2360188e-01
   1.8838091e-02
   2.0753323e-01
   1.6289856e-01
   4.1788715e-03
   0.0000000e+00
   0.0000000e+00
   2.6758864e-03
   2.9778859e-01
   4.3066992e-01
   8.7188121e-02
   8.6491739e-09
   9.6505490e-07
   2.0159941e-05
   3.6910517e-05
   1.3335452e-02
   8.5259717e-02
   3.3577237e-02
   2.4928147e-03
   3.2475638e-02
   2.3272233e-02
   7.8451125e-04
   4.3295448e-03
   3.4244629e-03
   9.3544930e-05
   0.0000000e+00
   0.0000000e+00
   3.3363571e-04
   4.7008574e-02
   6.8499491e-02
   1.3897843e-02
   0.0000000e+00
   0.0000000e+00
   0.0000000e+00
   0.0000000e+00
   0.0000000e+00
   0.0000000e+00
   0.0000000e+00
   0.0000000e+00
   0.0000000e+00
   0.0000000e+00
   0.0000000e+00
   0.0000000e+00
   0.0000000e+00
   0.0000000e+00
   0.0000000e+00
   0.0000000e+00
   0.0000000e+00
   0.0000000e+00
   0.0000000e+00
   0.0000000e+00
   0.0000000e+00
   0.0000000e+00
   0.0000000e+00
   0.0000000e+00
   0.0000000e+00
   0.0000000e+00
   0.0000000e+00
   0.0000000e+00
   0.0000000e+00
   0.0000000e+00
   0.0000000e+00
   0.0000000e+00
   0.0000000e+00
   0.0000000e+00
   0.0000000e+00
   0.0000000e+00
   0.0000000e+00
   0.0000000e+00
   0.0000000e+00
   0.0000000e+00
   0.0000000e+00
   0.0000000e+00
   0.0000000e+00
   0.0000000e+00
   0.0000000e+00
   0.0000000e+00
   0.0000000e+00
   0.0000000e+00
   0.0000000e+00
   0.0000000e+00
   0.0000000e+00
   0.0000000e+00
   0.0000000e+00
   0.0000000e+00
   0.0000000e+00
   0.0000000e+00
   0.0000000e+00
   0.0000000e+00
   0.0000000e+00
   0.0000000e+00
   0.0000000e+00
   0.0000000e+00
   0.0000000e+00
   0.0000000e+00
   0.0000000e+00
   0.0000000e+00
   0.0000000e+00
   0.0000000e+00
   0.0000000e+00
   0.0000000e+00
   0.0000000e+00
   0.0000000e+00
   0.0000000e+00
   0.0000000e+00
   0.0000000e+00
   0.0000000e+00
   0.0000000e+00
   0.0000000e+00
   0.0000000e+00
   0.0000000e+00
   0.0000000e+00
   0.0000000e+00
   0.0000000e+00
   0.0000000e+00
   0.0000000e+00
   0.0000000e+00
   0.0000000e+00
   0.0000000e+00
   0.0000000e+00
   0.0000000e+00
   0.0000000e+00
   0.0000000e+00
   0.0000000e+00
   0.0000000e+00
   0.0000000e+00
   0.0000000e+00
   0.0000000e+00
   0.0000000e+00
   0.0000000e+00
   0.0000000e+00
   0.0000000e+00
   0.0000000e+00
   0.0000000e+00
   0.0000000e+00
   0.0000000e+00
   0.0000000e+00
   0.0000000e+00
   0.0000000e+00
   0.0000000e+00
   0.0000000e+00
   0.0000000e+00
   0.0000000e+00
   0.0000000e+00
   0.0000000e+00
   0.0000000e+00
   0.0000000e+00
   0.0000000e+00
   0.0000000e+00
   0.0000000e+00
   0.0000000e+00
   0.0000000e+00
   0.0000000e+00
   0.0000000e+00
   0.0000000e+00
   0.0000000e+00
   0.0000000e+00
   0.0000000e+00
   0.0000000e+00
   0.0000000e+00
   0.0000000e+00
   0.0000000e+00
   0.0000000e+00
   0.0000000e+00
   0.0000000e+00
   0.0000000e+00
   0.0000000e+00
   0.0000000e+00
   0.0000000e+00
   0.0000000e+00
   0.0000000e+00
   0.0000000e+00
   0.0000000e+00
   0.0000000e+00
   0.0000000e+00
   0.0000000e+00
   0.0000000e+00
   0.0000000e+00
   0.0000000e+00
   0.0000000e+00
   0.0000000e+00
   0.0000000e+00
   0.0000000e+00
   0.0000000e+00
   0.0000000e+00
   0.0000000e+00
   0.0000000e+00
   0.0000000e+00
   0.0000000e+00
   0.0000000e+00
   0.0000000e+00
   0.0000000e+00
   0.0000000e+00
   0.0000000e+00
   0.0000000e+00
   0.0000000e+00
   0.0000000e+00
   0.0000000e+00
   0.0000000e+00
   0.0000000e+00
   0.0000000e+00
   0.0000000e+00
   0.0000000e+00
   0.0000000e+00
   0.0000000e+00
   0.0000000e+00
   0.0000000e+00
   0.0000000e+00
   0.0000000e+00
   0.0000000e+00
   0.0000000e+00
   0.0000000e+00
   0.0000000e+00
   0.0000000e+00
   0.0000000e+00
   0.0000000e+00
   0.0000000e+00
   0.0000000e+00
   0.0000000e+00
   0.0000000e+00
   0.0000000e+00
   0.0000000e+00
   0.0000000e+00
   0.0000000e+00
   0.0000000e+00
   0.0000000e+00
   0.0000000e+00
   0.0000000e+00
   0.0000000e+00
   0.0000000e+00
   0.0000000e+00
   0.0000000e+00
   0.0000000e+00
   0.0000000e+00
   0.0000000e+00
   0.0000000e+00
   0.0000000e+00
   0.0000000e+00
   0.0000000e+00
   0.0000000e+00
   0.0000000e+00
   0.0000000e+00
   0.0000000e+00
   0.0000000e+00
   0.0000000e+00
   0.0000000e+00
   0.0000000e+00
   0.0000000e+00
   0.0000000e+00
   0.0000000e+00
   0.0000000e+00
   0.0000000e+00
   0.0000000e+00
   0.0000000e+00
   0.0000000e+00
   0.0000000e+00
   0.0000000e+00
   0.0000000e+00
   0.0000000e+00
   0.0000000e+00
   0.0000000e+00
   0.0000000e+00
   0.0000000e+00
   0.0000000e+00
   0.0000000e+00
   0.0000000e+00
   0.0000000e+00
   0.0000000e+00
   0.0000000e+00
   0.0000000e+00
   0.0000000e+00
   0.0000000e+00
   0.0000000e+00
   0.0000000e+00
   0.0000000e+00
   0.0000000e+00
   0.0000000e+00
   0.0000000e+00
   0.0000000e+00
   0.0000000e+00
   0.0000000e+00
   0.0000000e+00
   0.0000000e+00
   0.0000000e+00
   0.0000000e+00
   0.0000000e+00
   0.0000000e+00
