   1.7588418e-03
   1.5509241e-03
  -5.4782821e-03
  -2.2404143e-04
   4.1091939e-04
  -1.0226900e-03
   2.2170368e-03
  -2.5085178e-03
  -1.5666527e-03
   6.4050948e-04
   3.5436320e-05
  -2.3937584e-03
   3.4600469e-03
   3.2935519e-03
  -1.5671375e-03
   5.7695167e-05
  -8.7161414e-04
   4.9977473e-03
   2.3278892e-03
   1.4901749e-04
   1.5628156e-02
   2.8336367e-02
   2.6916708e-02
   1.7841517e-02
   2.1675354e-02
   1.8780662e-02
   1.8572462e-02
   2.0284223e-02
   2.3147898e-02
   1.8921704e-02
   1.9156479e-02
   2.1866368e-02
   1.8369379e-02
   1.2173764e-02
   2.4017323e-02
   2.0977748e-02
   1.7535730e-02
   8.6363544e-03
   3.5352218e-02
   5.7940261e-03
   5.7238591e-02
   3.0620022e-02
   5.8718488e-02
   5.6816539e-02
   5.8671013e-02
   5.7211376e-02
   6.1355612e-02
   5.8155779e-02
   5.3539275e-02
   6.0049305e-02
   5.7925951e-02
   5.7566912e-02
   5.6676722e-02
   7.2580509e-02
   5.1629451e-02
   5.5675598e-02
   6.8096290e-02
   5.9400612e-02
   6.8260010e-02
   6.3335956e-03
   1.3003999e-01
   1.4911702e-01
   1.1077660e-01
   1.2736093e-01
   1.1229387e-01
   1.2337708e-01
   1.1546677e-01
   1.1660091e-01
   1.2791722e-01
   1.1401539e-01
   1.2411343e-01
   1.1502874e-01
   1.2382990e-01
   9.4765518e-02
   1.2686198e-01
   1.2360791e-01
   9.2225783e-02
   1.4754319e-01
   4.9304760e-02
   1.0563760e-03
   4.7050697e-02
   1.4774413e-01
   1.6615784e-01
   1.7492858e-01
   1.8819978e-01
   1.5078022e-01
   1.8305804e-01
   1.7696341e-01
   1.6129980e-01
   1.7274204e-01
   1.7346132e-01
   1.7239559e-01
   1.8345896e-01
   2.0294848e-01
   1.6430808e-01
   1.6331508e-01
   2.2563441e-01
   1.4005604e-01
   7.2903570e-03
   6.8592446e-07
   8.6223999e-02
   3.9030567e-01
   3.1198095e-01
   9.0401355e-02
   2.8170772e-01
   3.0095408e-01
   2.9697896e-01
   1.5946938e-01
   3.6447868e-01
   2.2335051e-01
   2.6235046e-01
   2.7464766e-01
   1.0130015e-01
   2.2129210e-01
   3.5162715e-01
   1.1628216e-01
   2.7492492e-01
   1.1018664e-01
   8.9514246e-04
   0.0000000e+00
   4.3723211e-02
   1.7964103e-01
   1.1251114e-01
   2.3307213e-02
   5.5936408e-02
   5.7446202e-02
   4.0991273e-02
   5.0443095e-02
   2.5120230e-01
   1.3188537e-01
   3.6654609e-01
   2.7095652e-01
   9.3862111e-03
   1.1801217e-01
   3.2997058e-01
   5.9586499e-02
   1.2300163e-02
   4.8990562e-03
   3.1184941e-05
   0.0000000e+00
   3.4247566e-04
   1.2389772e-03
   4.5992184e-04
   3.2425672e-05
   6.8715962e-12
   0.0000000e+00
   0.0000000e+00
   8.0313030e-04
   5.3900453e-03
   5.4247557e-03
   4.2696383e-02
   3.0347881e-02
   6.5432746e-04
   5.0017524e-03
   1.4053087e-02
   2.4498434e-03
   0.0000000e+00
   0.0000000e+00
   0.0000000e+00
   0.0000000e+00
   0.0000000e+00
   0.0000000e+00
   0.0000000e+00
   0.0000000e+00
   0.0000000e+00
   0.0000000e+00
   0.0000000e+00
   0.0000000e+00
   0.0000000e+00
   0.0000000e+00
   0.0000000e+00
   0.0000000e+00
   0.0000000e+00
   0.0000000e+00
   0.0000000e+00
   0.0000000e+00
   0.0000000e+00
   0.0000000e+00
   0.0000000e+00
   0.0000000e+00
   0.0000000e+00
   0.0000000e+00
   0.0000000e+00
   0.0000000e+00
   0.0000000e+00
   0.0000000e+00
   0.0000000e+00
   0.0000000e+00
   0.0000000e+00
   0.0000000e+00
   0.0000000e+00
   0.0000000e+00
   0.0000000e+00
   0.0000000e+00
   0.0000000e+00
   0.0000000e+00
   0.0000000e+00
   0.0000000e+00
   0.0000000e+00
   0.0000000e+00
   0.0000000e+00
   0.0000000e+00
   0.0000000e+00
   0.0000000e+00
   0.0000000e+00
   0.0000000e+00
   0.0000000e+00
   0.0000000e+00
   0.0000000e+00
   0.0000000e+00
   0.0000000e+00
   0.0000000e+00
   0.0000000e+00
   0.0000000e+00
   0.0000000e+00
   0.0000000e+00
   0.0000000e+00
   0.0000000e+00
   0.0000000e+00
   0.0000000e+00
   0.0000000e+00
   0.0000000e+00
   0.0000000e+00
   0.0000000e+00
   0.0000000e+00
   0.0000000e+00
   0.0000000e+00
   0.0000000e+00
   0.0000000e+00
   0.0000000e+00
   0.0000000e+00
   0.0000000e+00
   0.0000000e+00
   0.0000000e+00
   0.0000000e+00
   0.0000000e+00
   0.0000000e+00
   0.0000000e+00
   0.0000000e+00
   0.0000000e+00
   0.0000000e+00
   0.0000000e+00
   0.0000000e+00
   0.0000000e+00
   0.0000000e+00
   0.0000000e+00
   0.0000000e+00
   0.0000000e+00
   0.0000000e+00
   0.0000000e+00
   0.0000000e+00
   0.0000000e+00
   0.0000000e+00
   0.0000000e+00
   0.0000000e+00
   0.0000000e+00
   0.0000000e+00
   0.0000000e+00
   0.0000000e+00
   0.0000000e+00
   0.0000000e+00
   0.0000000e+00
   0.0000000e+00
   0.0000000e+00
   0.0000000e+00
   0.0000000e+00
   0.0000000e+00
   0.0000000e+00
   0.0000000e+00
   0.0000000e+00
   0.0000000e+00
   0.0000000e+00
   0.0000000e+00
   0.0000000e+00
   0.0000000e+00
   0.0000000e+00
   0.0000000e+00
   0.0000000e+00
   0.0000000e+00
   0.0000000e+00
   0.0000000e+00
   0.0000000e+00
   0.0000000e+00
   0.0000000e+00
   0.0000000e+00
   0.0000000e+00
   0.0000000e+00
   0.0000000e+00
   0.0000000e+00
   0.0000000e+00
   0.0000000e+00
   0.0000000e+00
   0.0000000e+00
   0.0000000e+00
   0.0000000e+00
   0.0000000e+00
   0.0000000e+00
   0.0000000e+00
   0.0000000e+00
   0.0000000e+00
   0.0000000e+00
   0.0000000e+00
   0.0000000e+00
   0.0000000e+00
   0.0000000e+00
   0.0000000e+00
   0.0000000e+00
   0.0000000e+00
   0.0000000e+00
   0.0000000e+00
   0.0000000e+00
   0.0000000e+00
   0.0000000e+00
   0.0000000e+00
   0.0000000e+00
   0.0000000e+00
   0.0000000e+00
   0.0000000e+00
   0.0000000e+00
   0.0000000e+00
   0.0000000e+00
   0.0000000e+00
   0.0000000e+00
   0.0000000e+00
   0.0000000e+00
   0.0000000e+00
   0.0000000e+00
   0.0000000e+00
   0.0000000e+00
   0.0000000e+00
   0.0000000e+00
   0.0000000e+00
   0.0000000e+00
   0.0000000e+00
   0.0000000e+00
   0.0000000e+00
   0.0000000e+00
   0.0000000e+00
   0.0000000e+00
   0.0000000e+00
   0.0000000e+00
   0.0000000e+00
   0.0000000e+00
   0.0000000e+00
   0.0000000e+00
   0.0000000e+00
   0.0000000e+00
   0.0000000e+00
   0.0000000e+00
   0.0000000e+00
   0.0000000e+00
   0.0000000e+00
   0.0000000e+00
   0.0000000e+00
   0.0000000e+00
   0.0000000e+00
   0.0000000e+00
   0.0000000e+00
   0.0000000e+00
   0.0000000e+00
   0.0000000e+00
   0.0000000e+00
   0.0000000e+00
   0.0000000e+00
   0.0000000e+00
   0.0000000e+00
   0.0000000e+00
   0.0000000e+00
   0.0000000e+00
   0.0000000e+00
   0.0000000e+00
   0.0000000e+00
   0.0000000e+00
   0.0000000e+00
   0.0000000e+00
   0.0000000e+00
   0.0000000e+00
   0.0000000e+00
   0.0000000e+00
   0.0000000e+00
   0.0000000e+00
   0.0000000e+00
   0.0000000e+00
   0.0000000e+00
   0.0000000e+00
   0.0000000e+00
   0.0000000e+00
   0.0000000e+00
   0.0000000e+00
   0.0000000e+00
   0.0000000e+00
   0.0000000e+00
   0.0000000e+00
   0.0000000e+00
   0.0000000e+00
   0.0000000e+00
   0.0000000e+00
   0.0000000e+00
   0.0000000e+00
   0.0000000e+00
