   7.7615655e-04
   1.8934731e-03
   2.8243742e-03
  -1.4078110e-03
   4.4407106e-03
  -2.3360453e-03
   2.4123428e-03
   5.5735562e-03
   8.4246556e-04
  -3.2961846e-03
  -5.6718588e-04
  -6.5859238e-04
   6.3544392e-04
  -1.3990851e-04
   1.8699668e-03
   1.3671808e-03
   1.5087205e-04
   6.0005258e-04
  -1.0235046e-03
   5.1292166e-03
   8.4683724e-03
   1.7013399e-02
   2.1411102e-02
   1.1641720e-02
   1.3171873e-02
   2.1424640e-02
   1.9683407e-02
   5.3717530e-03
   2.1076669e-02
   2.2932952e-02
   2.9354857e-02
   1.7364977e-02
   1.5084285e-02
   2.1765712e-02
   8.1933787e-03
   1.6830829e-02
   2.8675256e-02
   8.5420799e-03
   2.6964169e-02
   3.6037759e-02
   4.0824080e-02
   6.7626630e-02
   5.4481376e-02
   7.0069764e-02
   7.1649241e-02
   5.6947820e-02
   5.5161405e-02
   8.1662415e-02
   5.7590244e-02
   4.6364243e-02
   4.5156620e-02
   6.2612517e-02
   6.7412794e-02
   5.8282644e-02
   6.7849154e-02
   7.6271361e-02
   2.4756669e-02
   8.7627732e-02
   4.9802187e-02
   1.8834734e-02
   1.4715035e-01
   1.0725926e-01
   1.2085552e-01
   1.0594825e-01
   9.2879936e-02
   1.1751286e-01
   1.2899760e-01
   7.3545846e-02
   1.2735252e-01
   1.3338257e-01
   1.3030130e-01
   1.1554923e-01
   9.6803519e-02
   1.1732659e-01
   1.0483133e-01
   9.9814313e-02
   1.4796265e-01
   1.1643289e-01
   2.9408711e-02
   1.6925979e-03
   1.7770164e-01
   1.4481826e-01
   2.7745675e-01
   1.4091969e-01
   2.2609620e-01
   1.7535209e-01
   1.6943351e-01
   2.4209313e-01
   1.6709627e-01
   1.0302765e-01
   1.8691544e-01
   1.7647076e-01
   1.8353836e-01
   2.0747965e-01
   2.0099439e-01
   1.6194619e-01
   2.0157768e-01
   4.1103429e-02
   1.0449481e-03
   0.0000000e+00
   1.4279727e-02
   3.8927412e-02
   9.0334659e-02
   1.1508092e-01
   2.6832490e-01
   1.0907534e-01
   3.8985676e-02
   1.3567058e-01
   6.9368125e-02
   1.1202385e-01
   3.0384959e-01
   2.8999654e-01
   2.1669852e-01
   6.8937925e-02
   1.9166338e-01
   3.1762186e-01
   6.6451332e-02
   2.0114234e-03
   1.3981236e-06
   0.0000000e+00
   0.0000000e+00
   1.9704094e-05
   6.8968136e-05
   1.5054581e-03
   5.1884789e-03
   2.2139043e-03
   9.0874789e-05
   9.8718216e-04
   1.8008169e-01
   4.7047290e-01
   2.0811902e-01
   5.5950009e-02
   1.7321318e-02
   7.4383976e-04
   1.4629855e-02
   3.3522288e-02
   4.9073862e-03
   9.6677767e-07
   0.0000000e+00
   0.0000000e+00
   0.0000000e+00
   0.0000000e+00
   0.0000000e+00
   0.0000000e+00
   0.0000000e+00
   0.0000000e+00
   0.0000000e+00
   5.9450233e-04
   1.6286663e-01
   3.8386255e-01
   5.6453345e-02
   2.4563017e-04
   5.0319559e-07
   0.0000000e+00
   0.0000000e+00
   0.0000000e+00
   0.0000000e+00
   0.0000000e+00
   0.0000000e+00
   0.0000000e+00
   0.0000000e+00
   0.0000000e+00
   0.0000000e+00
   0.0000000e+00
   0.0000000e+00
   0.0000000e+00
   0.0000000e+00
   2.1457728e-05
   5.8784143e-03
   1.3837699e-02
   1.9896259e-03
   0.0000000e+00
   0.0000000e+00
   0.0000000e+00
   0.0000000e+00
   0.0000000e+00
   0.0000000e+00
   0.0000000e+00
   0.0000000e+00
   0.0000000e+00
   0.0000000e+00
   0.0000000e+00
   0.0000000e+00
   0.0000000e+00
   0.0000000e+00
   0.0000000e+00
   0.0000000e+00
   0.0000000e+00
   0.0000000e+00
   0.0000000e+00
   0.0000000e+00
   0.0000000e+00
   0.0000000e+00
   0.0000000e+00
   0.0000000e+00
   0.0000000e+00
   0.0000000e+00
   0.0000000e+00
   0.0000000e+00
   0.0000000e+00
   0.0000000e+00
   0.0000000e+00
   0.0000000e+00
   0.0000000e+00
   0.0000000e+00
   0.0000000e+00
   0.0000000e+00
   0.0000000e+00
   0.0000000e+00
   0.0000000e+00
   0.0000000e+00
   0.0000000e+00
   0.0000000e+00
   0.0000000e+00
   0.0000000e+00
   0.0000000e+00
   0.0000000e+00
   0.0000000e+00
   0.0000000e+00
   0.0000000e+00
   0.0000000e+00
   0.0000000e+00
   0.0000000e+00
   0.0000000e+00
   0.0000000e+00
   0.0000000e+00
   0.0000000e+00
   0.0000000e+00
   0.0000000e+00
   0.0000000e+00
   0.0000000e+00
   0.0000000e+00
   0.0000000e+00
   0.0000000e+00
   0.0000000e+00
   0.0000000e+00
   0.0000000e+00
   0.0000000e+00
   0.0000000e+00
   0.0000000e+00
   0.0000000e+00
   0.0000000e+00
   0.0000000e+00
   0.0000000e+00
   0.0000000e+00
   0.0000000e+00
   0.0000000e+00
   0.0000000e+00
   0.0000000e+00
   0.0000000e+00
   0.0000000e+00
   0.0000000e+00
   0.0000000e+00
   0.0000000e+00
   0.0000000e+00
   0.0000000e+00
   0.0000000e+00
   0.0000000e+00
   0.0000000e+00
   0.0000000e+00
   0.0000000e+00
   0.0000000e+00
   0.0000000e+00
   0.0000000e+00
   0.0000000e+00
   0.0000000e+00
   0.0000000e+00
   0.0000000e+00
   0.0000000e+00
   0.0000000e+00
   0.0000000e+00
   0.0000000e+00
   0.0000000e+00
   0.0000000e+00
   0.0000000e+00
   0.0000000e+00
   0.0000000e+00
   0.0000000e+00
   0.0000000e+00
   0.0000000e+00
   0.0000000e+00
   0.0000000e+00
   0.0000000e+00
   0.0000000e+00
   0.0000000e+00
   0.0000000e+00
   0.0000000e+00
   0.0000000e+00
   0.0000000e+00
   0.0000000e+00
   0.0000000e+00
   0.0000000e+00
   0.0000000e+00
   0.0000000e+00
   0.0000000e+00
   0.0000000e+00
   0.0000000e+00
   0.0000000e+00
   0.0000000e+00
   0.0000000e+00
   0.0000000e+00
   0.0000000e+00
   0.0000000e+00
   0.0000000e+00
   0.0000000e+00
   0.0000000e+00
   0.0000000e+00
   0.0000000e+00
   0.0000000e+00
   0.0000000e+00
   0.0000000e+00
   0.0000000e+00
   0.0000000e+00
   0.0000000e+00
   0.0000000e+00
   0.0000000e+00
   0.0000000e+00
   0.0000000e+00
   0.0000000e+00
   0.0000000e+00
   0.0000000e+00
   0.0000000e+00
   0.0000000e+00
   0.0000000e+00
   0.0000000e+00
   0.0000000e+00
   0.0000000e+00
   0.0000000e+00
   0.0000000e+00
   0.0000000e+00
   0.0000000e+00
   0.0000000e+00
   0.0000000e+00
   0.0000000e+00
   0.0000000e+00
   0.0000000e+00
   0.0000000e+00
   0.0000000e+00
   0.0000000e+00
   0.0000000e+00
   0.0000000e+00
   0.0000000e+00
   0.0000000e+00
   0.0000000e+00
   0.0000000e+00
   0.0000000e+00
   0.0000000e+00
   0.0000000e+00
   0.0000000e+00
   0.0000000e+00
   0.0000000e+00
   0.0000000e+00
   0.0000000e+00
   0.0000000e+00
   0.0000000e+00
   0.0000000e+00
   0.0000000e+00
   0.0000000e+00
   0.0000000e+00
   0.0000000e+00
   0.0000000e+00
   0.0000000e+00
   0.0000000e+00
   0.0000000e+00
   0.0000000e+00
   0.0000000e+00
   0.0000000e+00
   0.0000000e+00
   0.0000000e+00
   0.0000000e+00
   0.0000000e+00
   0.0000000e+00
   0.0000000e+00
   0.0000000e+00
   0.0000000e+00
   0.0000000e+00
   0.0000000e+00
   0.0000000e+00
   0.0000000e+00
   0.0000000e+00
   0.0000000e+00
   0.0000000e+00
   0.0000000e+00
   0.0000000e+00
   0.0000000e+00
   0.0000000e+00
   0.0000000e+00
   0.0000000e+00
   0.0000000e+00
   0.0000000e+00
   0.0000000e+00
   0.0000000e+00
   0.0000000e+00
   0.0000000e+00
   0.0000000e+00
   0.0000000e+00
   0.0000000e+00
   0.0000000e+00
   0.0000000e+00
   0.0000000e+00
