   1.9705985e+00   8.6693029e-01   8.6234530e-02
   1.2736890e+00   9.0589398e-01   2.9903730e-01
   1.0391114e+00   3.4360028e-01   1.0835844e+00
   1.4764888e+00   5.3170268e-02   1.4892796e+00
   2.0300206e+00   1.4779266e-02   3.1674157e-01
   2.3200924e+00   2.1494590e-02   1.8724832e-02
   2.4136464e+00   4.8383100e-02   1.6099304e-03
   2.3858306e+00   1.1379852e-01   3.1157369e-04
   2.2765717e+00   2.5652717e-01   1.4182650e-04
   2.0379455e+00   5.1500032e-01   1.4552940e-04
   1.6344325e+00   8.2002994e-01   2.9979076e-04
   1.1843209e+00   9.1387471e-01   9.8334959e-04
   9.3053638e-01   7.0747700e-01   3.5946333e-03
   9.5815428e-01   4.6781120e-01   1.0172482e-02
   1.1857566e+00   3.5101881e-01   1.9035203e-02
   1.4593442e+00   3.3983874e-01   2.6726858e-02
   1.6279049e+00   4.0202287e-01   3.6331287e-02
   1.6360604e+00   5.0477638e-01   5.8424033e-02
   1.5289327e+00   5.7696767e-01   1.1796429e-01
   1.4257285e+00   5.2149696e-01   2.7224632e-01
   1.4931271e+00   3.3668523e-01   5.6790252e-01
   1.7958239e+00   1.6907476e-01   7.6481755e-01
   2.0971137e+00   1.0150834e-01   5.1724536e-01
   2.2777975e+00   1.0884887e-01   2.1001887e-01
   2.3363462e+00   1.8197101e-01   9.1441265e-02
   2.2285454e+00   3.4319319e-01   6.6558639e-02
   1.9477842e+00   5.7885557e-01   9.1369886e-02
   1.5744709e+00   7.0412411e-01   2.1155987e-01
   1.3422940e+00   4.8524140e-01   5.9585761e-01
   1.5744529e+00   1.6854362e-01   1.1565391e+00
   1.9865957e+00   5.3347345e-02   7.7970915e-01
   2.2730887e+00   4.3595102e-02   1.6638165e-01
   2.3843243e+00   8.0924174e-02   2.9013700e-02
   2.3491795e+00   1.7920551e-01   9.3916388e-03
   2.1759459e+00   3.8053515e-01   6.7321338e-03
   1.8459778e+00   6.8058276e-01   1.0247254e-02
   1.3946603e+00   8.8956258e-01   2.7896418e-02
   1.0434479e+00   7.6070019e-01   9.9262439e-02
   1.0008526e+00   4.3438595e-01   3.0203583e-01
   1.3264062e+00   2.0284778e-01   5.2480047e-01
   1.8092375e+00   1.1733733e-01   4.2581844e-01
   2.1461188e+00   1.1860278e-01   1.9985759e-01
   2.2825180e+00   1.8751056e-01   9.4814662e-02
   2.2055507e+00   3.4263381e-01   7.1115002e-02
   1.9441936e+00   5.6779324e-01   9.7465616e-02
   1.5889008e+00   6.8539793e-01   2.2136127e-01
   1.3713659e+00   4.7358797e-01   6.0688223e-01
   1.6030148e+00   1.6757796e-01   1.1496485e+00
   2.0027238e+00   5.4618819e-02   7.7062298e-01
   2.2784550e+00   4.5334953e-02   1.6836207e-01
   2.3847883e+00   8.4049462e-02   3.0530745e-02
   2.3457172e+00   1.8551335e-01   1.0264371e-02
   2.1663954e+00   3.9163278e-01   7.6167113e-03
   1.8293410e+00   6.9254883e-01   1.1931815e-02
   1.3775195e+00   8.8851555e-01   3.3053459e-02
   1.0388246e+00   7.4029126e-01   1.1747405e-01
   1.0188152e+00   4.0803460e-01   3.4786005e-01
   1.3814815e+00   1.8393085e-01   5.6775574e-01
   1.8609310e+00   1.0753414e-01   4.1771119e-01
   2.1772154e+00   1.1436523e-01   1.7967286e-01
   2.2971024e+00   1.8873013e-01   8.2193314e-02
   2.1992857e+00   3.5284457e-01   6.2049419e-02
   1.9228935e+00   5.8839743e-01   8.7575202e-02
   1.5534038e+00   7.0807876e-01   2.0611609e-01
   1.3274876e+00   4.8585960e-01   5.8378571e-01
   1.5643630e+00   1.7039221e-01   1.1345516e+00
   1.9795347e+00   5.4882670e-02   7.7327498e-01
   2.2690682e+00   4.4870936e-02   1.6975758e-01
   2.3820362e+00   8.2752540e-02   3.0468727e-02
   2.3468380e+00   1.8258434e-01   1.0085458e-02
   2.1708505e+00   3.8629893e-01   7.3657870e-03
   1.8373884e+00   6.8659181e-01   1.1381582e-02
   1.3860806e+00   8.8836690e-01   3.1258005e-02
   1.0418982e+00   7.4849896e-01   1.1107431e-01
   1.0124426e+00   4.1794583e-01   3.3255602e-01
   1.3613666e+00   1.9024668e-01   5.5596161e-01
   1.8427512e+00   1.1029302e-01   4.2307941e-01
   2.1669489e+00   1.1498560e-01   1.8665082e-01
   2.2929239e+00   1.8715124e-01   8.5848628e-02
   2.2029521e+00   3.4786633e-01   6.4266708e-02
   1.9320907e+00   5.8060725e-01   8.9424896e-02
   1.5662909e+00   7.0268628e-01   2.0768297e-01
   1.3390655e+00   4.8656506e-01   5.8374390e-01
   1.5712362e+00   1.7196953e-01   1.1361175e+00
   1.9819297e+00   5.5305615e-02   7.8151037e-01
   2.2696889e+00   4.4822533e-02   1.7288765e-01
   2.3822782e+00   8.2407798e-02   3.0997049e-02
   2.3478714e+00   1.8176504e-01   1.0217594e-02
   2.1724448e+00   3.8482473e-01   7.4288056e-03
   1.8398043e+00   6.8488482e-01   1.1435152e-02
   1.3886567e+00   8.8791704e-01   3.1327049e-02
   1.0433053e+00   7.4953308e-01   1.1126328e-01
   1.0124285e+00   4.1861656e-01   3.3358205e-01
   1.3608903e+00   1.9006926e-01   5.5857188e-01
   1.8426016e+00   1.0979274e-01   4.2466937e-01
   2.1672916e+00   1.1430919e-01   1.8650244e-01
   2.2935765e+00   1.8622167e-01   8.5275777e-02
   2.2041320e+00   3.4671938e-01   6.3520789e-02
   1.9335461e+00   5.8012785e-01   8.8095553e-02
   1.5667357e+00   7.0482935e-01   2.0442674e-01
   1.3359658e+00   4.9095543e-01   5.7634385e-01
   1.5654572e+00   1.7435785e-01   1.1318366e+00
   1.9767461e+00   5.5850537e-02   7.8937840e-01
   2.2671903e+00   4.4704697e-02   1.7634883e-01
   2.3815388e+00   8.1799911e-02   3.1534484e-02
   2.3490220e+00   1.8031634e-01   1.0318072e-02
   2.1749673e+00   3.8217218e-01   7.4420678e-03
   1.8439917e+00   6.8181070e-01   1.1376605e-02
   1.3931870e+00   8.8733657e-01   3.1026765e-02
   1.0454972e+00   7.5231902e-01   1.1012473e-01
   1.0111368e+00   4.2145589e-01   3.3139572e-01
   1.3561759e+00   1.9127089e-01   5.5867471e-01
   1.8385507e+00   1.0988758e-01   4.2743284e-01
   2.1654142e+00   1.1376024e-01   1.8787824e-01
   2.2933281e+00   1.8494231e-01   8.5492299e-02
   2.2061184e+00   3.4448608e-01   6.3244573e-02
   1.9370080e+00   5.7794753e-01   8.7147499e-02
   1.5699894e+00   7.0580762e-01   2.0146673e-01
   1.3353595e+00   4.9559679e-01   5.6878701e-01
   1.5610700e+00   1.7719255e-01   1.1275561e+00
   1.9719273e+00   5.6522945e-02   7.9917814e-01
   2.2647294e+00   4.4583673e-02   1.8068761e-01
   2.3808133e+00   8.1114211e-02   3.2222869e-02
   2.3504197e+00   1.7867555e-01   1.0454930e-02
   2.1778715e+00   3.7916402e-01   7.4721615e-03
   1.8487692e+00   6.7829671e-01   1.1332699e-02
   1.3983798e+00   8.8659361e-01   3.0747730e-02
   1.0480848e+00   7.5534187e-01   1.0904297e-01
   1.0098834e+00   4.2448248e-01   3.2945887e-01
   1.3513664e+00   1.9244448e-01   5.5939807e-01
   1.8344515e+00   1.0986522e-01   4.3061229e-01
   2.1636062e+00   1.1305007e-01   1.8923725e-01
   2.2932302e+00   1.8344152e-01   8.5573142e-02
   2.2083868e+00   3.4197378e-01   6.2790667e-02
   1.9408282e+00   5.7562054e-01   8.5891047e-02
   1.5733932e+00   7.0724542e-01   1.9776260e-01
   1.3340908e+00   5.0132614e-01   5.5946678e-01
   1.5553220e+00   1.8068975e-01   1.1219013e+00
   1.9657836e+00   5.7362631e-02   8.1086424e-01
   2.2615955e+00   4.4446705e-02   1.8605322e-01
   2.3798748e+00   8.0292304e-02   3.3077811e-02
   2.3520991e+00   1.7670103e-01   1.0623575e-02
   2.1813719e+00   3.7553131e-01   7.5087862e-03
   1.8545463e+00   6.7401761e-01   1.1279137e-02
   1.4047015e+00   8.8563086e-01   3.0409348e-02
   1.0512763e+00   7.5899167e-01   1.0772583e-01
   1.0084016e+00   4.2819967e-01   3.2705203e-01
   1.3455168e+00   1.9390843e-01   5.6017429e-01
   1.8294178e+00   1.0986040e-01   4.3449007e-01
   2.1613605e+00   1.1220671e-01   1.9093301e-01
   2.2930777e+00   1.8164004e-01   8.5695857e-02
   2.2111195e+00   3.3893562e-01   6.2263194e-02
   1.9454626e+00   5.7275071e-01   8.4412857e-02
   1.5775969e+00   7.0885871e-01   1.9339009e-01
   1.3327491e+00   5.0821975e-01   5.4834501e-01
   1.5463423e+00   1.8499548e-01   1.1147190e+00
   1.9571424e+00   5.8334174e-02   8.2487193e-01
   2.2573344e+00   4.4215834e-02   1.9247289e-01
   2.3786292e+00   7.9185710e-02   3.4041398e-02
   2.3542150e+00   1.7408799e-01   1.0782369e-02
   2.1859304e+00   3.7072202e-01   7.5083240e-03
   1.8621583e+00   6.6833050e-01   1.1134004e-02
   1.4130719e+00   8.8440628e-01   2.9764778e-02
   1.0553978e+00   7.6426072e-01   1.0529663e-01
   1.0058741e+00   4.3397423e-01   3.2189630e-01
   1.3359273e+00   1.9664110e-01   5.5877880e-01
   1.8208383e+00   1.1036526e-01   4.3951551e-01
   2.1570945e+00   1.1143655e-01   1.9402897e-01
   2.2921346e+00   1.7947851e-01   8.6487676e-02
   2.2146279e+00   3.3487898e-01   6.2090719e-02
   1.9519468e+00   5.6832542e-01   8.3171506e-02
   1.5843335e+00   7.0950061e-01   1.8907392e-01
   1.3334687e+00   5.1566670e-01   5.3659225e-01
   1.5340002e+00   1.8999545e-01   1.1068110e+00
   1.9459881e+00   5.9341257e-02   8.4115623e-01
   2.2519974e+00   4.3825877e-02   1.9966107e-01
   2.3771403e+00   7.7718896e-02   3.5001286e-02
   2.3568139e+00   1.7070757e-01   1.0881045e-02
   2.1917160e+00   3.6450092e-01   7.4299071e-03
   1.8719510e+00   6.6093253e-01   1.0832832e-02
   1.4239121e+00   8.8287534e-01   2.8639084e-02
   1.0605922e+00   7.7173520e-01   1.0113896e-01
   1.0017724e+00   4.4279598e-01   3.1220999e-01
   1.3207383e+00   2.0147120e-01   5.5298132e-01
   1.8067134e+00   1.1186050e-01   4.4563923e-01
   2.1494741e+00   1.1101564e-01   1.9939772e-01
   2.2896938e+00   1.7707198e-01   8.8545058e-02
   2.2189501e+00   3.2964148e-01   6.2715394e-02
   1.9608039e+00   5.6169835e-01   8.2694382e-02
   1.5947908e+00   7.0798786e-01   1.8579719e-01
   1.3382665e+00   5.2248794e-01   5.2616862e-01
   1.5254851e+00   1.9518889e-01   1.0996670e+00
   1.9367524e+00   6.0451898e-02   8.5857117e-01
   2.2473303e+00   4.3475885e-02   2.0760903e-01
   2.3758407e+00   7.6300808e-02   3.6103945e-02
   2.3595130e+00   1.6742218e-01   1.1019041e-02
   2.1974308e+00   3.5842663e-01   7.3793270e-03
   1.8815766e+00   6.5359125e-01   1.0579789e-02
   1.4346947e+00   8.8108602e-01   2.7659431e-02
   1.0659931e+00   7.7875754e-01   9.7481352e-02
   9.9825258e-01   4.5119503e-01   3.0365735e-01
   1.3068827e+00   2.0599041e-01   5.4803475e-01
   1.7936222e+00   1.1317254e-01   4.5155960e-01
   2.1424123e+00   1.1050609e-01   2.0441659e-01
   2.2875147e+00   1.7468840e-01   9.0357116e-02
   2.2231491e+00   3.2461408e-01   6.3137360e-02
   1.9692346e+00   5.5545830e-01   8.1981103e-02
   1.6045704e+00   7.0687850e-01   1.8214834e-01
   1.3422069e+00   5.2973427e-01   5.1502697e-01
   1.5157179e+00   2.0072719e-01   1.0913098e+00
   1.9264721e+00   6.1652745e-02   8.7622217e-01
   2.2421328e+00   4.3130042e-02   2.1608601e-01
   2.3743554e+00   7.4850451e-02   3.7279194e-02
   2.3622667e+00   1.6405006e-01   1.1161458e-02
   2.2033017e+00   3.5215379e-01   7.3241514e-03
   1.8915356e+00   6.4589166e-01   1.0316911e-02
   1.4460001e+00   8.7899807e-01   2.6654426e-02
   1.0718152e+00   7.8597613e-01   9.3716757e-02
   9.9477165e-01   4.6011673e-01   2.9463654e-01
   1.2925172e+00   2.1091114e-01   5.4226880e-01
   1.7797351e+00   1.1467719e-01   4.5748213e-01
   2.1347646e+00   1.1008157e-01   2.0985107e-01
   2.2850431e+00   1.7231863e-01   9.2402936e-02
   2.2274094e+00   3.1949076e-01   6.3690989e-02
   1.9779231e+00   5.4892364e-01   8.1394730e-02
   1.6148658e+00   7.0531546e-01   1.7871797e-01
   1.3468644e+00   5.3680203e-01   5.0421018e-01
   1.5067440e+00   2.0640145e-01   1.0826442e+00
   1.9164792e+00   6.2919456e-02   8.9383730e-01
   2.2369700e+00   4.2812979e-02   2.2495903e-01
   2.3728550e+00   7.3440381e-02   3.8524665e-02
   2.3650124e+00   1.6075709e-01   1.1317064e-02
   2.2090733e+00   3.4599430e-01   7.2771935e-03
   1.9013504e+00   6.3821333e-01   1.0071470e-02
   1.4572843e+00   8.7668273e-01   2.5710985e-02
   1.0778142e+00   7.9293925e-01   9.0161507e-02
   9.9162446e-01   4.6896710e-01   2.8597039e-01
   1.2787071e+00   2.1584387e-01   5.3644281e-01
   1.7661029e+00   1.1620161e-01   4.6315156e-01
   2.1271535e+00   1.0969509e-01   2.1527582e-01
   2.2825427e+00   1.7003589e-01   9.4458798e-02
   2.2315420e+00   3.1452904e-01   6.4245545e-02
   1.9863757e+00   5.4252590e-01   8.0828359e-02
   1.6249575e+00   7.0364143e-01   1.7540591e-01
   1.3515589e+00   5.4367861e-01   4.9369146e-01
   1.4981366e+00   2.1211512e-01   1.0736379e+00
   1.9066209e+00   6.4225445e-02   9.1093935e-01
   2.2318009e+00   4.2526257e-02   2.3402194e-01
   2.3713245e+00   7.2087648e-02   3.9808309e-02
   2.3676927e+00   1.5758451e-01   1.1478750e-02
   2.2146621e+00   3.4002724e-01   7.2354924e-03
   1.9108880e+00   6.3066370e-01   9.8410580e-03
   1.4683876e+00   8.7419070e-01   2.4825592e-02
   1.0838890e+00   7.9958559e-01   8.6809208e-02
   9.8880098e-01   4.7767603e-01   2.7764557e-01
   1.2655023e+00   2.2077095e-01   5.3049853e-01
   1.7527872e+00   1.1775797e-01   4.6847467e-01
   2.1196005e+00   1.0937228e-01   2.2066650e-01
   2.2800011e+00   1.6788002e-01   9.6539195e-02
   2.2354925e+00   3.0978591e-01   6.4828009e-02
   1.9945119e+00   5.3631451e-01   8.0331215e-02
   1.6347823e+00   7.0180761e-01   1.7233119e-01
   1.3563606e+00   5.5016515e-01   4.8377335e-01
   1.4902622e+00   2.1772326e-01   1.0646210e+00
   1.8972390e+00   6.5539213e-02   9.2717099e-01
   2.2267961e+00   4.2275808e-02   2.4306423e-01
   2.3698171e+00   7.0822029e-02   4.1102947e-02
   2.3702553e+00   1.5460316e-01   1.1643976e-02
   2.2199449e+00   3.3439107e-01   7.2007821e-03
   1.9199259e+00   6.2343221e-01   9.6315088e-03
   1.4790337e+00   8.7160490e-01   2.4018371e-02
   1.0898747e+00   8.0575795e-01   8.3738120e-02
   9.8635397e-01   4.8600746e-01   2.6989063e-01
   1.2532263e+00   2.2554471e-01   5.2467543e-01
   1.7401536e+00   1.1928953e-01   4.7335106e-01
   2.1123307e+00   1.0910568e-01   2.2586330e-01
   2.2775084e+00   1.6588713e-01   9.8571878e-02
   2.2391817e+00   3.0536115e-01   6.5407224e-02
   2.0021465e+00   5.3044717e-01   7.9891299e-02
   1.6440835e+00   6.9991762e-01   1.6951245e-01
   1.3610709e+00   5.5617387e-01   4.7457901e-01
   1.4831342e+00   2.2311058e-01   1.0557938e+00
   1.8884491e+00   6.6830114e-02   9.4223504e-01
   2.2220331e+00   4.2062154e-02   2.5187870e-01
   2.3683593e+00   6.9659608e-02   4.2378244e-02
   2.3726580e+00   1.5185315e-01   1.1808207e-02
   2.2248451e+00   3.2916744e-01   7.1724539e-03
   1.9283278e+00   6.1664290e-01   9.4437532e-03
   1.4890394e+00   8.6900391e-01   2.3293693e-02
   1.0956416e+00   8.1138393e-01   8.0969242e-02
   9.8427704e-01   4.9382626e-01   2.6278857e-01
   1.2420100e+00   2.3008134e-01   5.1908758e-01
   1.7283854e+00   1.2076748e-01   4.7772947e-01
   2.1054644e+00   1.0889443e-01   2.3077674e-01
   2.2751112e+00   1.6407857e-01   1.0052120e-01
   2.2425653e+00   3.0130707e-01   6.5973500e-02
   2.0091829e+00   5.2500619e-01   7.9513129e-02
   1.6527293e+00   6.9802298e-01   1.6697954e-01
   1.3656007e+00   5.6162708e-01   4.6622222e-01
   1.4768190e+00   2.2817574e-01   1.0473721e+00
   1.8803860e+00   6.8069909e-02   9.5593963e-01
   2.2175970e+00   4.1884279e-02   2.6028289e-01
   2.3669816e+00   6.8611387e-02   4.3607045e-02
   2.3748707e+00   1.4936299e-01   1.1967760e-02
   2.2293072e+00   3.2441699e-01   7.1501616e-03
   1.9359908e+00   6.1039584e-01   9.2785357e-03
   1.4982562e+00   8.6646440e-01   2.2654318e-02
   1.1010740e+00   8.1641535e-01   7.8516642e-02
   9.8255243e-01   5.0101602e-01   2.5640877e-01
   1.2319505e+00   2.3430067e-01   5.1385960e-01
   1.7176405e+00   1.2215981e-01   4.8159061e-01
   2.0991154e+00   1.0873102e-01   2.3532406e-01
   2.2728600e+00   1.6246433e-01   1.0234810e-01
   2.2456147e+00   2.9765801e-01   6.6511663e-02
   2.0155504e+00   5.2005710e-01   7.9190916e-02
   1.6606106e+00   6.9618690e-01   1.6473519e-01
   1.3698483e+00   5.6649550e-01   4.5874593e-01
   1.4712990e+00   2.3284709e-01   1.0395100e+00
   1.8731092e+00   6.9235624e-02   9.6818755e-01
   2.2135373e+00   4.1739057e-02   2.6813228e-01
   2.3657040e+00   6.7680644e-02   4.4766353e-02
   2.3768751e+00   1.4714324e-01   1.2119262e-02
   2.2333060e+00   3.2016608e-01   7.1330702e-03
   1.9428663e+00   6.0474696e-01   9.1350685e-03
   1.5065998e+00   8.6404908e-01   2.2097620e-02
   1.1060902e+00   8.2084571e-01   7.6373712e-02
   9.8114387e-01   5.0751446e-01   2.5076414e-01
   1.2230625e+00   2.3815425e-01   5.0906570e-01
   1.7079908e+00   1.2344592e-01   4.8494465e-01
   2.0933474e+00   1.0860824e-01   2.3945775e-01
   2.2707866e+00   1.6104406e-01   1.0402834e-01
   2.2483223e+00   2.9442229e-01   6.7012584e-02
   2.0212247e+00   5.1562741e-01   7.8919993e-02
   1.6676792e+00   6.9445334e-01   1.6277325e-01
   1.3737526e+00   5.7077747e-01   4.5215370e-01
   1.4665378e+00   2.3708011e-01   1.0323166e+00
   1.8666428e+00   7.0310522e-02   9.7896690e-01
   2.2098834e+00   4.1622463e-02   2.7532670e-01
   2.3645405e+00   6.6865424e-02   4.5839101e-02
   2.3786645e+00   1.4519190e-01   1.2260204e-02
   2.2368388e+00   3.1641655e-01   7.1203292e-03
   1.9489456e+00   5.9971835e-01   9.0119601e-03
   1.5140352e+00   8.6180494e-01   2.1618551e-02
   1.1106387e+00   8.2469422e-01   7.4523897e-02
   9.8000912e-01   5.1329690e-01   2.4583771e-01
   1.2153135e+00   2.4161525e-01   5.0475093e-01
   1.6994538e+00   1.2461215e-01   4.8782209e-01
   2.0881918e+00   1.0851810e-01   2.4315424e-01
   2.2689113e+00   1.5980969e-01   1.0554654e-01
   2.2506951e+00   2.9159075e-01   6.7469442e-02
   2.0262123e+00   5.1171961e-01   7.8693860e-02
   1.6739266e+00   6.9285505e-01   1.6107677e-01
   1.3772755e+00   5.7449722e-01   4.4641140e-01
   1.4624724e+00   2.4085689e-01   1.0258484e+00
   1.8609707e+00   7.1284489e-02   9.8833065e-01
   2.2066415e+00   4.1530056e-02   2.8181058e-01
   2.3634976e+00   6.6159562e-02   4.6814438e-02
   2.3802414e+00   1.4349671e-01   1.2388891e-02
   2.2399220e+00   3.1314964e-01   7.1110602e-03
   1.9542540e+00   5.9530184e-01   8.9073037e-03
   1.5205722e+00   8.5976167e-01   2.1210137e-02
   1.1146982e+00   8.2800019e-01   7.2942650e-02
   9.7910401e-01   5.1837374e-01   2.4158611e-01
   1.2086316e+00   2.4467902e-01   5.0092759e-01
   1.6919967e+00   1.2565302e-01   4.9026588e-01
   2.0836473e+00   1.0845344e-01   2.4641356e-01
   2.2672416e+00   1.5874797e-01   1.0689759e-01
   2.2527511e+00   2.8914042e-01   6.7879103e-02
   2.0305455e+00   5.0831430e-01   7.8506370e-02
   1.6793797e+00   6.9141030e-01   1.5962364e-01
   1.3804047e+00   5.7769463e-01   4.4146172e-01
   1.4590305e+00   2.4418111e-01   1.0201203e+00
   1.8560517e+00   7.2153431e-02   9.9637640e-01
   2.2038015e+00   4.1457526e-02   2.8756791e-01
   2.3625758e+00   6.5554328e-02   4.7687416e-02
   2.3816152e+00   1.4203883e-01   1.2504466e-02
   2.2425846e+00   3.1033297e-01   7.1044788e-03
   1.9588397e+00   5.9146777e-01   8.8190161e-03
   1.5262523e+00   8.5793347e-01   2.0864655e-02
   1.1182714e+00   8.3081394e-01   7.1601944e-02
   9.7838705e-01   5.2277975e-01   2.3795157e-01
   1.2029233e+00   2.4735710e-01   4.9758505e-01
   1.6855537e+00   1.2656916e-01   4.9232479e-01
   2.0796898e+00   1.0840801e-01   2.4925253e-01
   2.2657749e+00   1.5784264e-01   1.0808389e-01
   2.2545159e+00   2.8704002e-01   6.8240986e-02
   2.0342728e+00   5.0537794e-01   7.8351576e-02
   1.6840887e+00   6.9012625e-01   1.5838863e-01
   1.3831466e+00   5.8041916e-01   4.3723261e-01
   1.4561361e+00   2.4707294e-01   1.0151127e+00
   1.8518264e+00   7.2918262e-02   1.0032276e+00
   2.2013404e+00   4.1400966e-02   2.9261444e-01
   2.3617709e+00   6.5039577e-02   4.8458082e-02
   2.3828003e+00   1.4079562e-01   1.2606773e-02
   2.2448636e+00   3.0792589e-01   7.0999133e-03
   1.9627651e+00   5.8817197e-01   8.7449883e-03
   1.5311391e+00   8.5632183e-01   2.0574228e-02
   1.1213795e+00   8.3319087e-01   7.0472642e-02
   9.7782147e-01   5.2656627e-01   2.3486865e-01
   1.1980840e+00   2.4967297e-01   4.9469563e-01
   1.6800378e+00   1.2736599e-01   4.9404851e-01
   2.0762786e+00   1.0837676e-01   2.5169991e-01
   2.2645015e+00   1.5707621e-01   1.0911369e-01
   2.2560184e+00   2.8525380e-01   6.8556658e-02
   2.0374520e+00   5.0286825e-01   7.8224188e-02
   1.6881186e+00   6.8900102e-01   1.5734584e-01
   1.3855220e+00   5.8272403e-01   4.3364578e-01
   1.4537151e+00   2.4956352e-01   1.0107833e+00
   1.8482263e+00   7.3583642e-02   1.0090185e+00
   2.1992275e+00   4.1357026e-02   2.9698903e-01
   2.3610754e+00   6.4604731e-02   4.9130333e-02
   2.3838142e+00   1.3974295e-01   1.2696208e-02
   2.2467996e+00   3.0588402e-01   7.0968220e-03
   1.9660998e+00   5.8536233e-01   8.6832179e-03
   1.5353080e+00   8.5491881e-01   2.0331315e-02
   1.1240558e+00   8.3518662e-01   6.9526494e-02
   9.7737613e-01   5.2979357e-01   2.3227039e-01
   1.1940072e+00   2.5165734e-01   4.9222143e-01
   1.6753519e+00   1.2805207e-01   4.9548455e-01
   2.0733638e+00   1.0835571e-01   2.5379130e-01
   2.2634068e+00   1.5643122e-01   1.0999895e-01
   2.2572891e+00   2.8374480e-01   6.8829078e-02
   2.0401447e+00   5.0073910e-01   7.8119572e-02
   1.6915411e+00   6.8802656e-01   1.5647010e-01
   1.3875599e+00   5.8466233e-01   4.3062233e-01
   1.4516988e+00   2.5169039e-01   1.0070746e+00
   1.8451799e+00   7.4156751e-02   1.0138840e+00
   2.1974279e+00   4.1322938e-02   3.0074538e-01
   2.3604797e+00   6.4239429e-02   4.9710731e-02
   2.3846753e+00   1.3885685e-01   1.2773556e-02
   2.2484339e+00   3.0416263e-01   7.0947832e-03
   1.9689147e+00   5.8298377e-01   8.6318718e-03
   1.5388396e+00   8.5371021e-01   2.0128965e-02
   1.1263407e+00   8.3685418e-01   6.8737210e-02
   9.7702547e-01   5.3252525e-01   2.3009209e-01
   1.1905905e+00   2.5334460e-01   4.9011939e-01
   1.6713967e+00   1.2863778e-01   4.9667639e-01
   2.0708914e+00   1.0834185e-01   2.5556540e-01
   2.2624735e+00   1.5589109e-01   1.1075372e-01
   2.2583578e+00   2.8247698e-01   6.9062068e-02
   2.0424120e+00   4.9894394e-01   7.8033779e-02
   1.6944295e+00   6.8719091e-01   1.5573792e-01
   1.3892942e+00   5.8628446e-01   4.2808674e-01
   1.4500251e+00   2.5349372e-01   1.0039224e+00
   1.8426166e+00   7.4646221e-02   1.0179521e+00
   2.1959053e+00   4.1296478e-02   3.0394512e-01
   2.3599734e+00   6.3933956e-02   5.0207451e-02
   2.3854022e+00   1.3811460e-01   1.2839844e-02
   2.2498062e+00   3.0271884e-01   7.0934797e-03
   1.9712781e+00   5.8098179e-01   8.5893197e-03
   1.5418137e+00   8.5267822e-01   1.9960953e-02
   1.1282776e+00   8.3824207e-01   6.8081081e-02
   9.7674899e-01   5.3482411e-01   2.2827370e-01
   1.1877391e+00   2.5476995e-01   4.8834512e-01
   1.6680760e+00   1.2913424e-01   4.9766265e-01
   2.0688070e+00   1.0833297e-01   2.5706115e-01
   2.2616832e+00   1.5544058e-01   1.1139279e-01
   2.2592523e+00   2.8141664e-01   6.9259839e-02
   2.0443117e+00   4.9743811e-01   7.7963484e-02
   1.6968543e+00   6.8648013e-01   1.5512803e-01
   1.3907603e+00   5.8763662e-01   4.2596925e-01
   1.4486397e+00   2.5501358e-01   1.0012605e+00
   1.8404700e+00   7.5061282e-02   1.0213401e+00
   2.1946242e+00   4.1275897e-02   3.0665240e-01
   2.3595457e+00   6.3679473e-02   5.0629411e-02
   2.3860127e+00   1.3749534e-01   1.2896217e-02
   2.2509535e+00   3.0151299e-01   7.0926789e-03
   1.9732538e+00   5.7930488e-01   8.5541394e-03
   1.5443061e+00   8.5180345e-01   1.9821819e-02
   1.1299095e+00   8.3939358e-01   6.7537174e-02
   9.7653049e-01   5.3674948e-01   2.2676108e-01
   1.1853677e+00   2.5596758e-01   4.8685557e-01
   1.6653003e+00   1.2955253e-01   4.9847696e-01
   2.0670585e+00   1.0832747e-01   2.5831580e-01
   2.2610181e+00   1.5506607e-01   1.1193078e-01
   2.2599981e+00   2.8053313e-01   6.9426667e-02
   2.0458971e+00   4.9618035e-01   7.7905920e-02
   1.6988809e+00   6.8587960e-01   1.5462155e-01
   1.3919928e+00   5.8876008e-01   4.2420706e-01
   1.4474952e+00   2.5628815e-01   9.9902473e-01
   1.8386794e+00   7.5411143e-02   1.0241528e+00
   2.1935514e+00   4.1259837e-02   3.0893013e-01
   2.3591865e+00   6.3468125e-02   5.0985628e-02
   2.3865232e+00   1.3698040e-01   1.2943849e-02
   2.2519093e+00   3.0050940e-01   7.0922144e-03
   1.9748993e+00   5.7790584e-01   8.5251085e-03
   1.5463862e+00   8.5106644e-01   1.9706840e-02
   1.1312778e+00   8.4034659e-01   6.7087321e-02
   9.7635730e-01   5.3835565e-01   2.2550640e-01
   1.1834011e+00   2.5696934e-01   4.8561058e-01
   1.6629886e+00   1.2990321e-01   4.9914813e-01
   2.0655981e+00   1.0832421e-01   2.5936378e-01
   2.2604608e+00   1.5475558e-01   1.1238151e-01
   2.2606181e+00   2.7979924e-01   6.9566661e-02
   2.0472157e+00   4.9513347e-01   7.7858795e-02
   1.7005687e+00   6.8537503e-01   1.5420198e-01
   1.3930240e+00   5.8969106e-01   4.2274475e-01
   1.4465513e+00   2.5735258e-01   9.9715521e-01
   1.8371906e+00   7.5704573e-02   1.0264819e+00
   2.1926565e+00   4.1247258e-02   3.1083748e-01
   2.3588859e+00   6.3293044e-02   5.1284776e-02
   2.3869485e+00   1.3655338e-01   1.2983878e-02
   2.2527030e+00   2.9967654e-01   7.0919696e-03
   1.9762658e+00   5.7674247e-01   8.5011878e-03
   1.5481166e+00   8.5044862e-01   1.9611984e-02
   1.1324202e+00   8.4113372e-01   6.6715940e-02
   9.7621958e-01   5.3969114e-01   2.2446811e-01
   1.1817739e+00   2.5780416e-01   4.8457379e-01
   1.6610690e+00   1.3019601e-01   4.9970057e-01
   2.0643826e+00   1.0832243e-01   2.6023608e-01
   2.2599959e+00   1.5449873e-01   1.1275762e-01
   2.2611320e+00   2.7919118e-01   6.9683634e-02
   2.0483094e+00   4.9426462e-01   7.7820222e-02
   1.7019702e+00   6.8495303e-01   1.5385513e-01
   1.3938837e+00   5.9046089e-01   4.2153415e-01
   1.4457740e+00   2.5823845e-01   9.9559771e-01
   1.8359561e+00   7.5949652e-02   1.0284065e+00
   2.1919124e+00   4.1237363e-02   3.1242845e-01
   2.3586355e+00   6.3148306e-02   5.1534902e-02
   2.3873018e+00   1.3620005e-01   1.3017367e-02
   2.2533606e+00   2.9898701e-01   7.0918642e-03
   1.9773977e+00   5.7577770e-01   8.4815011e-03
   1.5495520e+00   8.4993284e-01   1.9533837e-02
   1.1333709e+00   8.4178281e-01   6.6409798e-02
   9.7610970e-01   5.4079858e-01   2.2361051e-01
   1.1804300e+00   2.5849772e-01   4.8371298e-01
   1.6594791e+00   1.3043964e-01   5.0015481e-01
   2.0633737e+00   1.0832158e-01   2.6096005e-01
   2.2596092e+00   1.5428664e-01   1.1307042e-01
   2.2615571e+00   2.7868842e-01   6.9781023e-02
   2.0492146e+00   4.9354524e-01   7.7788651e-02
   1.7031309e+00   6.8460141e-01   1.5356887e-01
   1.3945979e+00   5.9109633e-01   4.2053387e-01
   1.4451345e+00   2.5897363e-01   9.9430411e-01
   1.8349347e+00   7.6153641e-02   1.0299942e+00
   2.1912953e+00   4.1229544e-02   3.1375123e-01
   2.3584274e+00   6.3028857e-02   5.1743281e-02
   2.3875945e+00   1.3590824e-01   1.3045279e-02
   2.2539043e+00   2.9841724e-01   7.0918441e-03
   1.9783334e+00   5.7497942e-01   8.4653143e-03
   1.5507399e+00   8.4950373e-01   1.9469526e-02
   1.1341597e+00   8.4231737e-01   6.6157739e-02
   9.7602175e-01   5.4171487e-01   2.2290325e-01
   1.1793219e+00   2.5907245e-01   4.8300003e-01
   1.6581648e+00   1.3064178e-01   5.0052800e-01
   2.0625383e+00   1.0832131e-01   2.6155949e-01
   2.2592885e+00   1.5411178e-01   1.1332987e-01
   2.2619081e+00   2.7827344e-01   6.9861869e-02
   2.0499622e+00   4.9295079e-01   7.7762810e-02
   1.7040904e+00   6.8430933e-01   1.5333295e-01
   1.3951899e+00   5.9162011e-01   4.1970868e-01
   1.4446089e+00   2.5958231e-01   9.9323239e-01
   1.8340911e+00   7.6322944e-02   1.0313022e+00
   2.1907848e+00   4.1223340e-02   3.1484809e-01
   2.3582550e+00   6.2930414e-02   5.1916359e-02
   2.3878366e+00   1.3566761e-01   1.3068472e-02
   2.2543530e+00   2.9794720e-01   7.0918733e-03
   1.9791056e+00   5.7432010e-01   8.4520151e-03
   1.5517213e+00   8.4914772e-01   1.9416649e-02
   1.1348126e+00   8.4275715e-01   6.5950412e-02
   9.7595112e-01   5.4247162e-01   2.2232072e-01
   1.1784092e+00   2.5954772e-01   4.8241073e-01
   1.6570802e+00   1.3080912e-01   5.0083442e-01
   2.0618480e+00   1.0832138e-01   2.6205485e-01
   2.2590232e+00   1.5396778e-01   1.1354457e-01
   2.2621975e+00   2.7793139e-01   6.9928821e-02
   2.0505788e+00   4.9246036e-01   7.7741658e-02
   1.7048823e+00   6.8406734e-01   1.5313874e-01
   1.3956795e+00   5.9205132e-01   4.1902884e-01
   1.4441771e+00   2.6008529e-01   9.9234631e-01
   1.8333955e+00   7.6463127e-02   1.0323787e+00
   2.1903631e+00   4.1218396e-02   3.1575561e-01
   2.3581125e+00   6.2849375e-02   5.2059759e-02
   2.3880364e+00   1.3546942e-01   1.3087693e-02
   2.2547228e+00   2.9755993e-01   7.0919286e-03
   1.9797421e+00   5.7377638e-01   8.4410951e-03
   1.5525307e+00   8.4885305e-01   1.9373204e-02
   1.1353522e+00   8.4311865e-01   6.5780013e-02
   9.7589426e-01   5.4309566e-01   2.2184142e-01
   1.1776583e+00   2.5994006e-01   4.8192445e-01
   1.6561864e+00   1.3094738e-01   5.0108588e-01
   2.0612784e+00   1.0832163e-01   2.6246354e-01
   2.2588040e+00   1.5384931e-01   1.1372192e-01
   2.2624359e+00   2.7764979e-01   6.9984157e-02
   2.0510868e+00   4.9205627e-01   7.7724344e-02
   1.7055348e+00   6.8386725e-01   1.5297900e-01
   1.3960837e+00   5.9240601e-01   4.1846933e-01
   1.4438227e+00   2.6050025e-01   9.9161497e-01
   1.8328226e+00   7.6578972e-02   1.0332638e+00
   2.1900153e+00   4.1214441e-02   3.1650511e-01
   2.3579948e+00   6.2782725e-02   5.2178325e-02
   2.3882012e+00   1.3530635e-01   1.3103590e-02
   2.2550273e+00   2.9724120e-01   7.0919955e-03
   1.9802660e+00   5.7332855e-01   8.4321329e-03
   1.5531975e+00   8.4860962e-01   1.9337530e-02
   1.1357972e+00   8.4341560e-01   6.5640056e-02
   9.7584835e-01   5.4360963e-01   2.2144739e-01
   1.1770411e+00   2.6026348e-01   4.8152372e-01
   1.6554507e+00   1.3106144e-01   5.0129215e-01
   2.0608092e+00   1.0832198e-01   2.6280028e-01
   2.2586232e+00   1.5375193e-01   1.1386819e-01
   2.2626319e+00   2.7741816e-01   7.0029816e-02
   2.0515047e+00   4.9172369e-01   7.7710171e-02
   1.7060720e+00   6.8370211e-01   1.5284773e-01
   1.3964169e+00   5.9269751e-01   4.1800926e-01
   1.4435318e+00   2.6084215e-01   9.9101218e-01
   1.8323512e+00   7.6674552e-02   1.0339910e+00
   2.1897289e+00   4.1211267e-02   3.1712318e-01
   2.3578977e+00   6.2727952e-02   5.2276192e-02
   2.3883368e+00   1.3517229e-01   1.3116714e-02
   2.2552777e+00   2.9697911e-01   7.0920648e-03
   1.9806969e+00   5.7296007e-01   8.4247805e-03
   1.5537462e+00   8.4840882e-01   1.9308251e-02
   1.1361639e+00   8.4365939e-01   6.5525162e-02
   9.7581121e-01   5.4403251e-01   2.2112367e-01
   1.1765340e+00   2.6052977e-01   4.8119387e-01
   1.6548455e+00   1.3115540e-01   5.0146132e-01
   2.0604229e+00   1.0832236e-01   2.6307744e-01
   2.2584744e+00   1.5367194e-01   1.1398867e-01
   2.2627931e+00   2.7722779e-01   7.0067440e-02
   2.0518483e+00   4.9145021e-01   7.7698568e-02
   1.7065138e+00   6.8356598e-01   1.5273991e-01
   1.3966913e+00   5.9293693e-01   4.1763123e-01
   1.4432932e+00   2.6112354e-01   9.9051592e-01
   1.8319636e+00   7.6753307e-02   1.0345881e+00
   2.1894932e+00   4.1208712e-02   3.1763223e-01
   2.3578178e+00   6.2682966e-02   5.2356861e-02
   2.3884484e+00   1.3506215e-01   1.3127533e-02
   2.2554835e+00   2.9676376e-01   7.0921316e-03
   1.9810510e+00   5.7265714e-01   8.4187505e-03
   1.5541973e+00   8.4824340e-01   1.9284230e-02
   1.1364657e+00   8.4385945e-01   6.5430884e-02
   9.7578111e-01   5.4438017e-01   2.2085788e-01
   1.1761177e+00   2.6074882e-01   4.8092260e-01
   1.6543483e+00   1.3123273e-01   5.0160000e-01
   2.0601053e+00   1.0832272e-01   2.6330536e-01
   2.2583518e+00   1.5360626e-01   1.1408781e-01
   2.2629255e+00   2.7707143e-01   7.0098410e-02
   2.0521307e+00   4.9122549e-01   7.7689068e-02
   1.7068768e+00   6.8345392e-01   1.5265140e-01
   1.3969170e+00   5.9313348e-01   4.1732080e-01
   1.4430975e+00   2.6135494e-01   9.9010774e-01
   1.8316452e+00   7.6818128e-02   1.0350782e+00
   2.1892995e+00   4.1206649e-02   3.1805108e-01
   2.3577521e+00   6.2646038e-02   5.2423277e-02
   2.3885401e+00   1.3497172e-01   1.3136442e-02
   2.2556526e+00   2.9658691e-01   7.0921931e-03
   1.9813419e+00   5.7240826e-01   8.4138064e-03
   1.5545679e+00   8.4810727e-01   1.9264529e-02
   1.1367138e+00   8.4402356e-01   6.5353550e-02
   9.7575666e-01   5.4466578e-01   2.2063974e-01
   1.1757760e+00   2.6092887e-01   4.8069967e-01
   1.6539398e+00   1.3129632e-01   5.0171368e-01
   2.0598443e+00   1.0832307e-01   2.6349264e-01
   2.2582511e+00   1.5355236e-01   1.1416933e-01
   2.2630342e+00   2.7694307e-01   7.0123879e-02
   2.0523625e+00   4.9104095e-01   7.7681290e-02
   1.7071750e+00   6.8336174e-01   1.5257878e-01
   1.3971025e+00   5.9329476e-01   4.1706599e-01
   1.4429371e+00   2.6154508e-01   9.8977227e-01
   1.8313838e+00   7.6871433e-02   1.0354803e+00
   2.1891403e+00   4.1204980e-02   3.1839542e-01
   2.3576981e+00   6.2615737e-02   5.2477906e-02
   2.3886154e+00   1.3489751e-01   1.3143771e-02
   2.2557914e+00   2.9644175e-01   7.0922480e-03
   1.9815806e+00   5.7220392e-01   8.4097536e-03
   1.5548723e+00   8.4799535e-01   1.9248376e-02
   1.1369177e+00   8.4415815e-01   6.5290132e-02
   9.7573678e-01   5.4490029e-01   2.2046079e-01
   1.1754957e+00   2.6107676e-01   4.8051659e-01
   1.6536046e+00   1.3134856e-01   5.0180685e-01
   2.0596300e+00   1.0832338e-01   2.6364644e-01
   2.2581684e+00   1.5350815e-01   1.1423630e-01
   2.2631234e+00   2.7683774e-01   7.0144808e-02
   2.0525527e+00   4.9088947e-01   7.7674922e-02
   1.7074198e+00   6.8328598e-01   1.5251920e-01
   1.3972549e+00   5.9342705e-01   4.1685694e-01
   1.4428056e+00   2.6170123e-01   9.8949674e-01
   1.8311693e+00   7.6915236e-02   1.0358101e+00
   2.1890096e+00   4.1203626e-02   3.1867830e-01
   2.3576537e+00   6.2590883e-02   5.2522807e-02
   2.3886773e+00   1.3483662e-01   1.3149795e-02
   2.2559052e+00   2.9632265e-01   7.0922960e-03
   1.9817766e+00   5.7203620e-01   8.4064318e-03
   1.5551221e+00   8.4790338e-01   1.9235133e-02
   1.1370851e+00   8.4426849e-01   6.5238138e-02
   9.7572060e-01   5.4509276e-01   2.2031402e-01
   1.1752658e+00   2.6119817e-01   4.8036630e-01
   1.6533295e+00   1.3139147e-01   5.0188320e-01
   2.0594540e+00   1.0832366e-01   2.6377269e-01
   2.2581004e+00   1.5347189e-01   1.1429129e-01
   2.2631966e+00   2.7675134e-01   7.0161997e-02
   2.0527088e+00   4.9076518e-01   7.7669707e-02
   1.7076206e+00   6.8322376e-01   1.5247035e-01
   1.3973800e+00   5.9353554e-01   4.1668547e-01
   1.4426979e+00   2.6182940e-01   9.8927054e-01
   1.8309933e+00   7.6951209e-02   1.0360805e+00
   2.1889023e+00   4.1202527e-02   3.1891058e-01
   2.3576173e+00   6.2570501e-02   5.2559687e-02
   2.3887280e+00   1.3478669e-01   1.3154744e-02
   2.2559987e+00   2.9622496e-01   7.0923375e-03
   1.9819373e+00   5.7189861e-01   8.4037096e-03
   1.5553270e+00   8.4782787e-01   1.9224279e-02
   1.1372226e+00   8.4435894e-01   6.5195520e-02
   9.7570741e-01   5.4525065e-01   2.2019368e-01
   1.1750773e+00   2.6129781e-01   4.8024299e-01
   1.6531038e+00   1.3142668e-01   5.0194576e-01
   2.0593097e+00   1.0832389e-01   2.6387627e-01
   2.2580447e+00   1.5344216e-01   1.1433642e-01
   2.2632567e+00   2.7668049e-01   7.0176106e-02
   2.0528369e+00   4.9066324e-01   7.7665437e-02
   1.7077854e+00   6.8317268e-01   1.5243030e-01
   1.3974827e+00   5.9362449e-01   4.1654486e-01
   1.4426096e+00   2.6193457e-01   9.8908493e-01
   1.8308489e+00   7.6980737e-02   1.0363021e+00
   2.1888143e+00   4.1201634e-02   3.1910121e-01
   2.3575874e+00   6.2553791e-02   5.2589964e-02
   2.3887697e+00   1.3474575e-01   1.3158806e-02
   2.2560753e+00   2.9614486e-01   7.0923728e-03
   1.9820690e+00   5.7178577e-01   8.4014790e-03
   1.5554951e+00   8.4776589e-01   1.9215385e-02
   1.1373353e+00   8.4443307e-01   6.5160590e-02
   9.7569666e-01   5.4538015e-01   2.2009503e-01
   1.1749228e+00   2.6137954e-01   4.8014184e-01
   1.6529188e+00   1.3145558e-01   5.0199701e-01
   2.0591913e+00   1.0832410e-01   2.6396123e-01
   2.2579989e+00   1.5341778e-01   1.1437345e-01
   2.2633059e+00   2.7662240e-01   7.0187683e-02
   2.0529418e+00   4.9057965e-01   7.7661940e-02
   1.7079205e+00   6.8313076e-01   1.5239747e-01
   1.3975669e+00   5.9369740e-01   4.1642960e-01
   1.4425372e+00   2.6202083e-01   9.8893267e-01
   1.8307306e+00   7.7004964e-02   1.0364838e+00
   2.1887421e+00   4.1200906e-02   3.1925760e-01
   2.3575629e+00   6.2540094e-02   5.2614809e-02
   2.3888038e+00   1.3471218e-01   1.3162140e-02
   2.2561381e+00   2.9607919e-01   7.0924027e-03
   1.9821771e+00   5.7169324e-01   8.3996514e-03
   1.5556329e+00   8.4771504e-01   1.9208096e-02
   1.1374278e+00   8.4449382e-01   6.5131967e-02
   9.7568787e-01   5.4548633e-01   2.2001417e-01
   1.1747962e+00   2.6144657e-01   4.8005890e-01
   1.6527671e+00   1.3147928e-01   5.0203900e-01
   2.0590942e+00   1.0832427e-01   2.6403090e-01
   2.2579614e+00   1.5339781e-01   1.1440382e-01
   2.2633462e+00   2.7657478e-01   7.0197179e-02
   2.0530279e+00   4.9051112e-01   7.7659077e-02
   1.7080312e+00   6.8309638e-01   1.5237056e-01
   1.3976359e+00   5.9375715e-01   4.1633512e-01
   1.4424779e+00   2.6209156e-01   9.8880781e-01
   1.8306335e+00   7.7024837e-02   1.0366327e+00
   2.1886829e+00   4.1200313e-02   3.1938586e-01
   2.3575428e+00   6.2528869e-02   5.2635190e-02
   2.3888318e+00   1.3468467e-01   1.3164875e-02
   2.2561896e+00   2.9602537e-01   7.0924278e-03
   1.9822656e+00   5.7161739e-01   8.3981541e-03
   1.5557459e+00   8.4767333e-01   1.9202124e-02
   1.1375036e+00   8.4454360e-01   6.5108513e-02
   9.7568070e-01   5.4557337e-01   2.1994791e-01
   1.1746924e+00   2.6150152e-01   4.7999090e-01
   1.6526427e+00   1.3149871e-01   5.0207340e-01
   2.0590146e+00   1.0832441e-01   2.6408801e-01
   2.2579306e+00   1.5338144e-01   1.1442872e-01
   2.2633793e+00   2.7653575e-01   7.0204966e-02
   2.0530984e+00   4.9045495e-01   7.7656732e-02
   1.7081220e+00   6.8306818e-01   1.5234851e-01
   1.3976926e+00   5.9380612e-01   4.1625769e-01
   1.4424293e+00   2.6214954e-01   9.8870545e-01
   1.8305540e+00   7.7041132e-02   1.0367547e+00
   2.1886344e+00   4.1199829e-02   3.1949103e-01
   2.3575263e+00   6.2519670e-02   5.2651903e-02
   2.3888548e+00   1.3466213e-01   1.3167118e-02
   2.2562317e+00   2.9598125e-01   7.0924488e-03
   1.9823382e+00   5.7155523e-01   8.3969275e-03
   1.5558385e+00   8.4763913e-01   1.9197231e-02
   1.1375658e+00   8.4458439e-01   6.5089298e-02
   9.7567484e-01   5.4564471e-01   2.1989362e-01
   1.1746074e+00   2.6154657e-01   4.7993516e-01
   1.6525408e+00   1.3151464e-01   5.0210158e-01
   2.0589494e+00   1.0832454e-01   2.6413483e-01
   2.2579054e+00   1.5336803e-01   1.1444913e-01
   2.2634064e+00   2.7650377e-01   7.0211350e-02
   2.0531562e+00   4.9040891e-01   7.7654812e-02
   1.7081964e+00   6.8304506e-01   1.5233045e-01
   1.3977390e+00   5.9384624e-01   4.1619424e-01
   1.4423895e+00   2.6219707e-01   9.8862153e-01
   1.8304888e+00   7.7054492e-02   1.0368547e+00
   2.1885946e+00   4.1199434e-02   3.1957725e-01
   2.3575128e+00   6.2512132e-02   5.2665606e-02
   2.3888736e+00   1.3464366e-01   1.3168957e-02
   2.2562663e+00   2.9594510e-01   7.0924663e-03
   1.9823977e+00   5.7150428e-01   8.3959227e-03
   1.5559144e+00   8.4761110e-01   1.9193223e-02
   1.1376168e+00   8.4461780e-01   6.5073555e-02
   9.7567005e-01   5.4570318e-01   2.1984913e-01
   1.1745377e+00   2.6158349e-01   4.7988948e-01
   1.6524573e+00   1.3152770e-01   5.0212466e-01
   2.0588959e+00   1.0832464e-01   2.6417320e-01
   2.2578847e+00   1.5335704e-01   1.1446586e-01
   2.2634286e+00   2.7647757e-01   7.0216582e-02
   2.0532036e+00   4.9037119e-01   7.7653239e-02
   1.7082574e+00   6.8302611e-01   1.5231564e-01
   1.3977770e+00   5.9387912e-01   4.1614225e-01
   1.4423570e+00   2.6223603e-01   9.8855276e-01
   1.8304354e+00   7.7065442e-02   1.0369366e+00
   2.1885620e+00   4.1199111e-02   3.1964791e-01
   2.3575017e+00   6.2505957e-02   5.2676839e-02
   2.3888890e+00   1.3462852e-01   1.3170465e-02
   2.2562947e+00   2.9591549e-01   7.0924808e-03
   1.9824464e+00   5.7146253e-01   8.3950996e-03
   1.5559766e+00   8.4758812e-01   1.9189939e-02
   1.1376585e+00   8.4464517e-01   6.5060659e-02
   9.7566614e-01   5.4575108e-01   2.1981268e-01
   1.1744806e+00   2.6161375e-01   4.7985204e-01
   1.6523888e+00   1.3153840e-01   5.0214356e-01
   2.0588521e+00   1.0832472e-01   2.6420464e-01
   2.2578678e+00   1.5334803e-01   1.1447958e-01
   2.2634468e+00   2.7645609e-01   7.0220871e-02
   2.0532424e+00   4.9034028e-01   7.7651951e-02
   1.7083074e+00   6.8301058e-01   1.5230352e-01
   1.3978082e+00   5.9390605e-01   4.1609966e-01
   1.4423303e+00   2.6226795e-01   9.8849641e-01
   1.8303917e+00   7.7074417e-02   1.0370037e+00
   2.1885353e+00   4.1198848e-02   3.1970582e-01
   2.3574926e+00   6.2500898e-02   5.2686045e-02
   2.3889016e+00   1.3461612e-01   1.3171701e-02
   2.2563179e+00   2.9589122e-01   7.0924928e-03
   1.9824864e+00   5.7142832e-01   8.3944254e-03
   1.5560276e+00   8.4756928e-01   1.9187250e-02
   1.1376927e+00   8.4466759e-01   6.5050094e-02
   9.7566293e-01   5.4579034e-01   2.1978283e-01
   1.1744339e+00   2.6163854e-01   4.7982137e-01
   1.6523328e+00   1.3154717e-01   5.0215905e-01
   2.0588162e+00   1.0832479e-01   2.6423040e-01
   2.2578539e+00   1.5334066e-01   1.1449081e-01
   2.2634617e+00   2.7643851e-01   7.0224385e-02
   2.0532742e+00   4.9031495e-01   7.7650896e-02
   1.7083483e+00   6.8299785e-01   1.5229358e-01
   1.3978338e+00   5.9392811e-01   4.1606476e-01
   1.4423084e+00   2.6229410e-01   9.8845023e-01
   1.8303558e+00   7.7081771e-02   1.0370587e+00
   2.1885135e+00   4.1198632e-02   3.1975327e-01
   2.3574852e+00   6.2496753e-02   5.2693589e-02
   2.3889120e+00   1.3460596e-01   1.3172713e-02
   2.2563369e+00   2.9587134e-01   7.0925027e-03
   1.9825191e+00   5.7140030e-01   8.3938732e-03
   1.5560693e+00   8.4755385e-01   1.9185047e-02
   1.1377208e+00   8.4468596e-01   6.5041440e-02
   9.7566031e-01   5.4582250e-01   2.1975837e-01
   1.1743956e+00   2.6165885e-01   4.7979624e-01
   1.6522868e+00   1.3155435e-01   5.0217173e-01
   2.0587867e+00   1.0832485e-01   2.6425151e-01
   2.2578425e+00   1.5333461e-01   1.1450002e-01
   2.2634739e+00   2.7642410e-01   7.0227265e-02
   2.0533003e+00   4.9029421e-01   7.7650032e-02
   1.7083819e+00   6.8298743e-01   1.5228544e-01
   1.3978547e+00   5.9394618e-01   4.1603618e-01
   1.4422905e+00   2.6231553e-01   9.8841239e-01
   1.8303265e+00   7.7087797e-02   1.0371037e+00
   2.1884955e+00   4.1198456e-02   3.1979215e-01
   2.3574791e+00   6.2493358e-02   5.2699771e-02
   2.3889204e+00   1.3459764e-01   1.3173543e-02
   2.2563525e+00   2.9585505e-01   7.0925109e-03
   1.9825459e+00   5.7137734e-01   8.3934209e-03
   1.5561035e+00   8.4754121e-01   1.9183242e-02
   1.1377437e+00   8.4470101e-01   6.5034352e-02
   9.7565817e-01   5.4584884e-01   2.1973833e-01
   1.1743642e+00   2.6167549e-01   4.7977565e-01
   1.6522492e+00   1.3156024e-01   5.0218212e-01
   2.0587627e+00   1.0832490e-01   2.6426880e-01
   2.2578332e+00   1.5332967e-01   1.1450756e-01
   2.2634839e+00   2.7641229e-01   7.0229624e-02
   2.0533216e+00   4.9027721e-01   7.7649325e-02
   1.7084093e+00   6.8297888e-01   1.5227878e-01
   1.3978719e+00   5.9396099e-01   4.1601276e-01
   1.4422758e+00   2.6233308e-01   9.8838140e-01
   1.8303024e+00   7.7092734e-02   1.0371406e+00
   2.1884808e+00   4.1198312e-02   3.1982401e-01
   2.3574741e+00   6.2490577e-02   5.2704836e-02
   2.3889274e+00   1.3459082e-01   1.3174222e-02
   2.2563652e+00   2.9584171e-01   7.0925177e-03
   1.9825678e+00   5.7135853e-01   8.3930504e-03
   1.5561315e+00   8.4753085e-01   1.9181764e-02
   1.1377626e+00   8.4471333e-01   6.5028546e-02
   9.7565641e-01   5.4587042e-01   2.1972192e-01
   1.1743385e+00   2.6168913e-01   4.7975879e-01
   1.6522184e+00   1.3156506e-01   5.0219063e-01
   2.0587429e+00   1.0832494e-01   2.6428297e-01
   2.2578256e+00   1.5332561e-01   1.1451374e-01
   2.2634921e+00   2.7640262e-01   7.0231557e-02
   2.0533391e+00   4.9026329e-01   7.7648746e-02
   1.7084318e+00   6.8297188e-01   1.5227332e-01
   1.3978859e+00   5.9397311e-01   4.1599358e-01
   1.4422638e+00   2.6234747e-01   9.8835600e-01
   1.8302827e+00   7.7096779e-02   1.0371708e+00
   2.1884688e+00   4.1198194e-02   3.1985010e-01
   2.3574700e+00   6.2488299e-02   5.2708985e-02
   2.3889331e+00   1.3458524e-01   1.3174779e-02
   2.2563757e+00   2.9583079e-01   7.0925232e-03
   1.9825858e+00   5.7134313e-01   8.3927469e-03
   1.5561545e+00   8.4752236e-01   1.9180553e-02
   1.1377780e+00   8.4472342e-01   6.5023790e-02
   9.7565497e-01   5.4588810e-01   2.1970848e-01
   1.1743174e+00   2.6170029e-01   4.7974497e-01
   1.6521931e+00   1.3156901e-01   5.0219760e-01
   2.0587267e+00   1.0832497e-01   2.6429457e-01
   2.2578193e+00   1.5332229e-01   1.1451880e-01
   2.2634988e+00   2.7639470e-01   7.0233140e-02
   2.0533534e+00   4.9025189e-01   7.7648271e-02
   1.7084503e+00   6.8296615e-01   1.5226885e-01
   1.3978974e+00   5.9398305e-01   4.1597787e-01
   1.4422539e+00   2.6235925e-01   9.8833520e-01
   1.8302665e+00   7.7100092e-02   1.0371955e+00
   2.1884590e+00   4.1198097e-02   3.1987148e-01
   2.3574666e+00   6.2486433e-02   5.2712385e-02
   2.3889377e+00   1.3458066e-01   1.3175236e-02
   2.2563842e+00   2.9582184e-01   7.0925278e-03
   1.9826006e+00   5.7133051e-01   8.3924984e-03
   1.5561733e+00   8.4751541e-01   1.9179561e-02
   1.1377906e+00   8.4473169e-01   6.5019895e-02
   9.7565380e-01   5.4590258e-01   2.1969746e-01
   1.1743002e+00   2.6170944e-01   4.7973365e-01
   1.6521725e+00   1.3157225e-01   5.0220331e-01
   2.0587135e+00   1.0832499e-01   2.6430407e-01
   2.2578142e+00   1.5331957e-01   1.1452295e-01
   2.2635043e+00   2.7638821e-01   7.0234437e-02
   2.0533651e+00   4.9024255e-01   7.7647883e-02
   1.7084654e+00   6.8296145e-01   1.5226518e-01
   1.3979068e+00   5.9399118e-01   4.1596500e-01
   1.4422459e+00   2.6236890e-01   9.8831816e-01
   1.8302533e+00   7.7102806e-02   1.0372158e+00
   2.1884509e+00   4.1198018e-02   3.1988899e-01
   2.3574639e+00   6.2484905e-02   5.2715169e-02
   2.3889415e+00   1.3457692e-01   1.3175609e-02
   2.2563913e+00   2.9581450e-01   7.0925316e-03
   1.9826126e+00   5.7132017e-01   8.3922948e-03
   1.5561887e+00   8.4750971e-01   1.9178749e-02
   1.1378010e+00   8.4473846e-01   6.5016705e-02
   9.7565283e-01   5.4591445e-01   2.1968845e-01
   1.1742861e+00   2.6171694e-01   4.7972438e-01
   1.6521555e+00   1.3157490e-01   5.0220798e-01
   2.0587026e+00   1.0832502e-01   2.6431186e-01
   2.2578100e+00   1.5331734e-01   1.1452635e-01
   2.2635088e+00   2.7638290e-01   7.0235500e-02
   2.0533747e+00   4.9023489e-01   7.7647564e-02
   1.7084777e+00   6.8295760e-01   1.5226218e-01
   1.3979146e+00   5.9399785e-01   4.1595446e-01
   1.4422393e+00   2.6237680e-01   9.8830421e-01
   1.8302425e+00   7.7105029e-02   1.0372324e+00
   2.1884443e+00   4.1197953e-02   3.1990333e-01
   2.3574616e+00   6.2483653e-02   5.2717450e-02
   2.3889447e+00   1.3457385e-01   1.3175915e-02
   2.2563970e+00   2.9580850e-01   7.0925346e-03
   1.9826225e+00   5.7131170e-01   8.3921281e-03
   1.5562013e+00   8.4750505e-01   1.9178084e-02
   1.1378094e+00   8.4474401e-01   6.5014092e-02
   9.7565205e-01   5.4592416e-01   2.1968106e-01
   1.1742745e+00   2.6172307e-01   4.7971679e-01
   1.6521416e+00   1.3157707e-01   5.0221181e-01
   2.0586938e+00   1.0832503e-01   2.6431824e-01
   2.2578066e+00   1.5331552e-01   1.1452913e-01
   2.2635125e+00   2.7637855e-01   7.0236370e-02
   2.0533826e+00   4.9022863e-01   7.7647304e-02
   1.7084879e+00   6.8295445e-01   1.5225972e-01
   1.3979209e+00   5.9400330e-01   4.1594583e-01
   1.4422339e+00   2.6238327e-01   9.8829278e-01
   1.8302336e+00   7.7106850e-02   1.0372460e+00
   2.1884389e+00   4.1197900e-02   3.1991508e-01
   2.3574598e+00   6.2482628e-02   5.2719319e-02
   2.3889472e+00   1.3457134e-01   1.3176166e-02
   2.2564017e+00   2.9580358e-01   7.0925372e-03
   1.9826306e+00   5.7130477e-01   8.3919916e-03
   1.5562116e+00   8.4750123e-01   1.9177539e-02
   1.1378164e+00   8.4474855e-01   6.5011952e-02
   9.7565140e-01   5.4593212e-01   2.1967501e-01
   1.1742650e+00   2.6172810e-01   4.7971057e-01
   1.6521303e+00   1.3157885e-01   5.0221495e-01
   2.0586865e+00   1.0832505e-01   2.6432346e-01
   2.2578037e+00   1.5331402e-01   1.1453141e-01
   2.2635155e+00   2.7637498e-01   7.0237083e-02
   2.0533890e+00   4.9022349e-01   7.7647090e-02
   1.7084962e+00   6.8295187e-01   1.5225771e-01
   1.3979261e+00   5.9400777e-01   4.1593875e-01
   1.4422294e+00   2.6238858e-01   9.8828341e-01
   1.8302264e+00   7.7108342e-02   1.0372571e+00
   2.1884344e+00   4.1197857e-02   3.1992471e-01
   2.3574583e+00   6.2481788e-02   5.2720849e-02
   2.3889493e+00   1.3456928e-01   1.3176372e-02
   2.2564056e+00   2.9579955e-01   7.0925392e-03
   1.9826372e+00   5.7129909e-01   8.3918797e-03
   1.5562201e+00   8.4749810e-01   1.9177093e-02
   1.1378221e+00   8.4475227e-01   6.5010199e-02
   9.7565087e-01   5.4593864e-01   2.1967005e-01
   1.1742573e+00   2.6173222e-01   4.7970548e-01
   1.6521210e+00   1.3158031e-01   5.0221752e-01
   2.0586805e+00   1.0832506e-01   2.6432774e-01
   2.2578014e+00   1.5331280e-01   1.1453327e-01
   2.2635180e+00   2.7637206e-01   7.0237667e-02
   2.0533943e+00   4.9021929e-01   7.7646915e-02
   1.7085030e+00   6.8294975e-01   1.5225606e-01
   1.3979303e+00   5.9401143e-01   4.1593296e-01
   1.4422258e+00   2.6239292e-01   9.8827574e-01
   1.8302204e+00   7.7109564e-02   1.0372662e+00
   2.1884308e+00   4.1197822e-02   3.1993259e-01
   2.3574571e+00   6.2481100e-02   5.2722103e-02
   2.3889511e+00   1.3456759e-01   1.3176540e-02
   2.2564087e+00   2.9579625e-01   7.0925409e-03
   1.9826427e+00   5.7129444e-01   8.3917881e-03
   1.5562270e+00   8.4749553e-01   1.9176727e-02
   1.1378267e+00   8.4475532e-01   6.5008764e-02
   9.7565044e-01   5.4594398e-01   2.1966599e-01
   1.1742509e+00   2.6173559e-01   4.7970131e-01
   1.6521133e+00   1.3158150e-01   5.0221962e-01
   2.0586756e+00   1.0832507e-01   2.6433124e-01
   2.2577996e+00   1.5331180e-01   1.1453480e-01
   2.2635200e+00   2.7636967e-01   7.0238145e-02
   2.0533986e+00   4.9021585e-01   7.7646772e-02
   1.7085085e+00   6.8294802e-01   1.5225471e-01
   1.3979338e+00   5.9401443e-01   4.1592822e-01
   1.4422228e+00   2.6239648e-01   9.8826946e-01
   1.8302155e+00   7.7110565e-02   1.0372737e+00
   2.1884278e+00   4.1197792e-02   3.1993904e-01
   2.3574561e+00   6.2480537e-02   5.2723129e-02
   2.3889525e+00   1.3456621e-01   1.3176678e-02
   2.2564113e+00   2.9579355e-01   7.0925423e-03
   1.9826471e+00   5.7129063e-01   8.3917131e-03
   1.5562327e+00   8.4749343e-01   1.9176428e-02
   1.1378305e+00   8.4475781e-01   6.5007588e-02
   9.7565008e-01   5.4594835e-01   2.1966267e-01
   1.1742457e+00   2.6173835e-01   4.7969789e-01
   1.6521071e+00   1.3158248e-01   5.0222134e-01
   2.0586716e+00   1.0832508e-01   2.6433411e-01
   2.2577980e+00   1.5331098e-01   1.1453605e-01
   2.2635217e+00   2.7636771e-01   7.0238536e-02
   2.0534022e+00   4.9021303e-01   7.7646655e-02
   1.7085131e+00   6.8294660e-01   1.5225361e-01
   1.3979366e+00   5.9401689e-01   4.1592433e-01
   1.4422204e+00   2.6239939e-01   9.8826432e-01
   1.8302115e+00   7.7111384e-02   1.0372798e+00
   2.1884254e+00   4.1197769e-02   3.1994433e-01
   2.3574552e+00   6.2480076e-02   5.2723970e-02
   2.3889536e+00   1.3456508e-01   1.3176791e-02
   2.2564134e+00   2.9579134e-01   7.0925435e-03
   1.9826507e+00   5.7128751e-01   8.3916517e-03
   1.5562374e+00   8.4749171e-01   1.9176183e-02
   1.1378337e+00   8.4475986e-01   6.5006625e-02
   9.7564979e-01   5.4595193e-01   2.1965995e-01
   1.1742414e+00   2.6174062e-01   4.7969509e-01
   1.6521020e+00   1.3158328e-01   5.0222275e-01
   2.0586684e+00   1.0832509e-01   2.6433646e-01
   2.2577967e+00   1.5331030e-01   1.1453708e-01
   2.2635230e+00   2.7636611e-01   7.0238857e-02
   2.0534051e+00   4.9021072e-01   7.7646559e-02
   1.7085168e+00   6.8294544e-01   1.5225270e-01
   1.3979390e+00   5.9401890e-01   4.1592115e-01
   1.4422184e+00   2.6240178e-01   9.8826010e-01
   1.8302083e+00   7.7112056e-02   1.0372848e+00
   2.1884234e+00   4.1197749e-02   3.1994866e-01
   2.3574545e+00   6.2479698e-02   5.2724659e-02
   2.3889546e+00   1.3456415e-01   1.3176883e-02
   2.2564152e+00   2.9578952e-01   7.0925444e-03
   1.9826537e+00   5.7128495e-01   8.3916013e-03
   1.5562412e+00   8.4749031e-01   1.9175982e-02
   1.1378362e+00   8.4476153e-01   6.5005836e-02
   9.7564956e-01   5.4595486e-01   2.1965772e-01
   1.1742379e+00   2.6174247e-01   4.7969280e-01
   1.6520978e+00   1.3158393e-01   5.0222391e-01
   2.0586657e+00   1.0832509e-01   2.6433839e-01
   2.2577957e+00   1.5330975e-01   1.1453792e-01
   2.2635241e+00   2.7636480e-01   7.0239120e-02
   2.0534075e+00   4.9020882e-01   7.7646480e-02
   1.7085199e+00   6.8294449e-01   1.5225196e-01
   1.3979409e+00   5.9402055e-01   4.1591855e-01
   1.4422168e+00   2.6240373e-01   9.8825665e-01
   1.8302056e+00   7.7112605e-02   1.0372889e+00
   2.1884217e+00   4.1197733e-02   3.1995221e-01
   2.3574540e+00   6.2479388e-02   5.2725223e-02
   2.3889553e+00   1.3456339e-01   1.3176959e-02
   2.2564166e+00   2.9578804e-01   7.0925452e-03
   1.9826562e+00   5.7128286e-01   8.3915601e-03
   1.5562443e+00   8.4748915e-01   1.9175818e-02
   1.1378383e+00   8.4476290e-01   6.5005190e-02
   9.7564936e-01   5.4595726e-01   2.1965589e-01
   1.1742351e+00   2.6174399e-01   4.7969092e-01
   1.6520944e+00   1.3158447e-01   5.0222486e-01
   2.0586635e+00   1.0832510e-01   2.6433996e-01
   2.2577948e+00   1.5330930e-01   1.1453861e-01
   2.2635250e+00   2.7636372e-01   7.0239335e-02
   2.0534094e+00   4.9020728e-01   7.7646416e-02
   1.7085224e+00   6.8294371e-01   1.5225135e-01
   1.3979424e+00   5.9402190e-01   4.1591641e-01
   1.4422154e+00   2.6240533e-01   9.8825382e-01
   1.8302034e+00   7.7113056e-02   1.0372923e+00
   2.1884204e+00   4.1197720e-02   3.1995511e-01
   2.3574535e+00   6.2479135e-02   5.2725685e-02
   2.3889560e+00   1.3456277e-01   1.3177021e-02
   2.2564177e+00   2.9578682e-01   7.0925458e-03
   1.9826582e+00   5.7128114e-01   8.3915264e-03
   1.5562468e+00   8.4748821e-01   1.9175683e-02
   1.1378400e+00   8.4476402e-01   6.5004661e-02
   9.7564920e-01   5.4595923e-01   2.1965440e-01
   1.1742327e+00   2.6174523e-01   4.7968938e-01
   1.6520916e+00   1.3158491e-01   5.0222563e-01
   2.0586617e+00   1.0832510e-01   2.6434126e-01
   2.2577942e+00   1.5330893e-01   1.1453917e-01
   2.2635258e+00   2.7636284e-01   7.0239511e-02
   2.0534110e+00   4.9020601e-01   7.7646363e-02
   1.7085244e+00   6.8294307e-01   1.5225085e-01
   1.3979437e+00   5.9402300e-01   4.1591466e-01
   1.4422143e+00   2.6240664e-01   9.8825151e-01
   1.8302016e+00   7.7113424e-02   1.0372950e+00
   2.1884193e+00   4.1197709e-02   3.1995749e-01
   2.3574532e+00   6.2478927e-02   5.2726063e-02
   2.3889565e+00   1.3456226e-01   1.3177072e-02
   2.2564187e+00   2.9578583e-01   7.0925463e-03
   1.9826598e+00   5.7127974e-01   8.3914987e-03
   1.5562489e+00   8.4748743e-01   1.9175573e-02
   1.1378414e+00   8.4476494e-01   6.5004228e-02
   9.7564907e-01   5.4596084e-01   2.1965317e-01
   1.1742308e+00   2.6174625e-01   4.7968812e-01
   1.6520893e+00   1.3158527e-01   5.0222627e-01
   2.0586602e+00   1.0832510e-01   2.6434231e-01
   2.2577936e+00   1.5330863e-01   1.1453963e-01
   2.2635264e+00   2.7636212e-01   7.0239656e-02
   2.0534123e+00   4.9020497e-01   7.7646320e-02
   1.7085261e+00   6.8294255e-01   1.5225045e-01
   1.3979448e+00   5.9402391e-01   4.1591323e-01
   1.4422134e+00   2.6240772e-01   9.8824961e-01
   1.8302001e+00   7.7113727e-02   1.0372973e+00
   2.1884184e+00   4.1197701e-02   3.1995944e-01
   2.3574529e+00   6.2478757e-02   5.2726373e-02
   2.3889569e+00   1.3456185e-01   1.3177113e-02
   2.2564195e+00   2.9578501e-01   7.0925467e-03
   1.9826612e+00   5.7127859e-01   8.3914761e-03
   1.5562506e+00   8.4748680e-01   1.9175482e-02
   1.1378426e+00   8.4476570e-01   6.5003873e-02
   9.7564896e-01   5.4596216e-01   2.1965217e-01
   1.1742292e+00   2.6174708e-01   4.7968709e-01
   1.6520874e+00   1.3158556e-01   5.0222679e-01
   2.0586590e+00   1.0832510e-01   2.6434318e-01
   2.2577931e+00   1.5330838e-01   1.1454001e-01
   2.2635269e+00   2.7636153e-01   7.0239774e-02
   2.0534134e+00   4.9020412e-01   7.7646284e-02
   1.7085275e+00   6.8294212e-01   1.5225011e-01
   1.3979456e+00   5.9402465e-01   4.1591206e-01
   1.4422127e+00   2.6240860e-01   9.8824806e-01
   1.8301989e+00   7.7113974e-02   1.0372991e+00
   2.1884177e+00   4.1197694e-02   3.1996104e-01
   2.3574526e+00   6.2478618e-02   5.2726627e-02
   2.3889573e+00   1.3456151e-01   1.3177147e-02
   2.2564201e+00   2.9578434e-01   7.0925471e-03
   1.9826623e+00   5.7127765e-01   8.3914576e-03
   1.5562521e+00   8.4748628e-01   1.9175408e-02
   1.1378435e+00   8.4476631e-01   6.5003582e-02
   9.7564888e-01   5.4596324e-01   2.1965135e-01
   1.1742280e+00   2.6174776e-01   4.7968625e-01
   1.6520858e+00   1.3158581e-01   5.0222721e-01
   2.0586580e+00   1.0832511e-01   2.6434389e-01
   2.2577927e+00   1.5330818e-01   1.1454032e-01
   2.2635273e+00   2.7636104e-01   7.0239871e-02
   2.0534142e+00   4.9020342e-01   7.7646255e-02
   1.7085286e+00   6.8294177e-01   1.5224984e-01
   1.3979463e+00   5.9402526e-01   4.1591110e-01
   1.4422121e+00   2.6240932e-01   9.8824679e-01
   1.8301979e+00   7.7114177e-02   1.0373007e+00
   2.1884171e+00   4.1197688e-02   3.1996235e-01
   2.3574524e+00   6.2478504e-02   5.2726835e-02
   2.3889575e+00   1.3456123e-01   1.3177175e-02
   2.2564206e+00   2.9578380e-01   7.0925474e-03
   1.9826632e+00   5.7127688e-01   8.3914424e-03
   1.5562532e+00   8.4748586e-01   1.9175348e-02
   1.1378443e+00   8.4476682e-01   6.5003344e-02
   9.7564881e-01   5.4596413e-01   2.1965067e-01
   1.1742269e+00   2.6174832e-01   4.7968556e-01
   1.6520846e+00   1.3158600e-01   5.0222756e-01
   2.0586572e+00   1.0832511e-01   2.6434447e-01
   2.2577924e+00   1.5330801e-01   1.1454057e-01
   2.2635276e+00   2.7636065e-01   7.0239950e-02
   2.0534150e+00   4.9020285e-01   7.7646232e-02
   1.7085295e+00   6.8294148e-01   1.5224962e-01
   1.3979469e+00   5.9402575e-01   4.1591031e-01
   1.4422116e+00   2.6240991e-01   9.8824575e-01
   1.8301971e+00   7.7114342e-02   1.0373019e+00
   2.1884166e+00   4.1197683e-02   3.1996342e-01
   2.3574522e+00   6.2478411e-02   5.2727005e-02
   2.3889578e+00   1.3456100e-01   1.3177198e-02
   2.2564211e+00   2.9578335e-01   7.0925476e-03
   1.9826639e+00   5.7127624e-01   8.3914299e-03
   1.5562541e+00   8.4748551e-01   1.9175298e-02
   1.1378449e+00   8.4476723e-01   6.5003150e-02
   9.7564875e-01   5.4596485e-01   2.1965012e-01
   1.1742260e+00   2.6174878e-01   4.7968499e-01
   1.6520835e+00   1.3158617e-01   5.0222785e-01
   2.0586565e+00   1.0832511e-01   2.6434495e-01
   2.2577922e+00   1.5330788e-01   1.1454078e-01
   2.2635279e+00   2.7636032e-01   7.0240015e-02
   2.0534155e+00   4.9020238e-01   7.7646212e-02
   1.7085303e+00   6.8294125e-01   1.5224943e-01
   1.3979474e+00   5.9402616e-01   4.1590967e-01
   1.4422112e+00   2.6241039e-01   9.8824489e-01
   1.8301965e+00   7.7114478e-02   1.0373029e+00
   2.1884162e+00   4.1197679e-02   3.1996429e-01
   2.3574521e+00   6.2478334e-02   5.2727145e-02
   2.3889580e+00   1.3456081e-01   1.3177217e-02
   2.2564214e+00   2.9578298e-01   7.0925478e-03
   1.9826645e+00   5.7127573e-01   8.3914197e-03
   1.5562549e+00   8.4748522e-01   1.9175258e-02
   1.1378454e+00   8.4476757e-01   6.5002990e-02
   9.7564870e-01   5.4596545e-01   2.1964967e-01
   1.1742253e+00   2.6174916e-01   4.7968453e-01
   1.6520827e+00   1.3158630e-01   5.0222808e-01
   2.0586560e+00   1.0832511e-01   2.6434534e-01
   2.2577920e+00   1.5330776e-01   1.1454095e-01
   2.2635281e+00   2.7636005e-01   7.0240068e-02
   2.0534160e+00   4.9020200e-01   7.7646196e-02
   1.7085309e+00   6.8294105e-01   1.5224928e-01
   1.3979478e+00   5.9402649e-01   4.1590914e-01
   1.4422109e+00   2.6241079e-01   9.8824420e-01
   1.8301959e+00   7.7114590e-02   1.0373037e+00
   2.1884158e+00   4.1197676e-02   3.1996501e-01
   2.3574520e+00   6.2478272e-02   5.2727259e-02
   2.3889581e+00   1.3456066e-01   1.3177232e-02
   2.2564217e+00   2.9578268e-01   7.0925480e-03
   1.9826650e+00   5.7127530e-01   8.3914114e-03
   1.5562555e+00   8.4748499e-01   1.9175224e-02
   1.1378459e+00   8.4476785e-01   6.5002859e-02
   9.7564866e-01   5.4596593e-01   2.1964930e-01
   1.1742248e+00   2.6174946e-01   4.7968415e-01
   1.6520820e+00   1.3158641e-01   5.0222827e-01
   2.0586555e+00   1.0832511e-01   2.6434565e-01
   2.2577918e+00   1.5330767e-01   1.1454109e-01
   2.2635283e+00   2.7635984e-01   7.0240112e-02
   2.0534164e+00   4.9020168e-01   7.7646183e-02
   1.7085314e+00   6.8294090e-01   1.5224916e-01
   1.3979481e+00   5.9402677e-01   4.1590871e-01
   1.4422106e+00   2.6241111e-01   9.8824362e-01
   1.8301955e+00   7.7114681e-02   1.0373044e+00
   2.1884156e+00   4.1197673e-02   3.1996560e-01
   2.3574519e+00   6.2478220e-02   5.2727353e-02
   2.3889582e+00   1.3456053e-01   1.3177245e-02
   2.2564219e+00   2.9578243e-01   7.0925481e-03
   1.9826654e+00   5.7127496e-01   8.3914046e-03
   1.5562561e+00   8.4748480e-01   1.9175197e-02
   1.1378462e+00   8.4476808e-01   6.5002752e-02
   9.7564863e-01   5.4596633e-01   2.1964900e-01
   1.1742243e+00   2.6174972e-01   4.7968383e-01
   1.6520814e+00   1.3158650e-01   5.0222843e-01
   2.0586552e+00   1.0832511e-01   2.6434592e-01
   2.2577916e+00   1.5330760e-01   1.1454120e-01
   2.2635285e+00   2.7635966e-01   7.0240147e-02
   2.0534167e+00   4.9020143e-01   7.7646173e-02
   1.7085318e+00   6.8294077e-01   1.5224906e-01
   1.3979483e+00   5.9402699e-01   4.1590836e-01
   1.4422104e+00   2.6241138e-01   9.8824315e-01
   1.8301951e+00   7.7114756e-02   1.0373050e+00
   2.1884154e+00   4.1197671e-02   3.1996608e-01
   2.3574518e+00   6.2478178e-02   5.2727429e-02
   2.3889584e+00   1.3456043e-01   1.3177255e-02
   2.2564221e+00   2.9578223e-01   7.0925482e-03
   1.9826657e+00   5.7127467e-01   8.3913990e-03
   1.5562565e+00   8.4748464e-01   1.9175175e-02
   1.1378465e+00   8.4476826e-01   6.5002664e-02
   9.7564860e-01   5.4596666e-01   2.1964875e-01
   1.1742239e+00   2.6174992e-01   4.7968358e-01
   1.6520810e+00   1.3158657e-01   5.0222856e-01
   2.0586549e+00   1.0832511e-01   2.6434613e-01
   2.2577915e+00   1.5330754e-01   1.1454130e-01
   2.2635286e+00   2.7635951e-01   7.0240177e-02
   2.0534170e+00   4.9020122e-01   7.7646164e-02
   1.7085322e+00   6.8294066e-01   1.5224898e-01
   1.3979485e+00   5.9402717e-01   4.1590807e-01
   1.4422102e+00   2.6241159e-01   9.8824277e-01
   1.8301948e+00   7.7114817e-02   1.0373054e+00
   2.1884152e+00   4.1197669e-02   3.1996648e-01
   2.3574518e+00   6.2478144e-02   5.2727492e-02
   2.3889584e+00   1.3456034e-01   1.3177263e-02
   2.2564223e+00   2.9578207e-01   7.0925483e-03
   1.9826660e+00   5.7127444e-01   8.3913944e-03
   1.5562568e+00   8.4748451e-01   1.9175156e-02
   1.1378467e+00   8.4476842e-01   6.5002592e-02
   9.7564858e-01   5.4596693e-01   2.1964855e-01
   1.1742236e+00   2.6175009e-01   4.7968337e-01
   1.6520806e+00   1.3158663e-01   5.0222866e-01
   2.0586546e+00   1.0832511e-01   2.6434631e-01
   2.2577914e+00   1.5330749e-01   1.1454137e-01
   2.2635287e+00   2.7635939e-01   7.0240201e-02
   2.0534172e+00   4.9020104e-01   7.7646157e-02
   1.7085325e+00   6.8294058e-01   1.5224891e-01
   1.3979487e+00   5.9402732e-01   4.1590783e-01
   1.4422101e+00   2.6241177e-01   9.8824246e-01
   1.8301946e+00   7.7114867e-02   1.0373058e+00
   2.1884150e+00   4.1197668e-02   3.1996680e-01
   2.3574517e+00   6.2478116e-02   5.2727543e-02
   2.3889585e+00   1.3456027e-01   1.3177270e-02
   2.2564224e+00   2.9578193e-01   7.0925483e-03
   1.9826662e+00   5.7127425e-01   8.3913906e-03
   1.5562571e+00   8.4748441e-01   1.9175141e-02
   1.1378469e+00   8.4476854e-01   6.5002534e-02
   9.7564856e-01   5.4596714e-01   2.1964838e-01
   1.1742233e+00   2.6175023e-01   4.7968320e-01
   1.6520803e+00   1.3158668e-01   5.0222875e-01
   2.0586544e+00   1.0832511e-01   2.6434645e-01
   2.2577914e+00   1.5330745e-01   1.1454144e-01
   2.2635288e+00   2.7635929e-01   7.0240220e-02
   2.0534174e+00   4.9020090e-01   7.7646151e-02
   1.7085327e+00   6.8294050e-01   1.5224885e-01
   1.3979489e+00   5.9402745e-01   4.1590763e-01
   1.4422099e+00   2.6241192e-01   9.8824220e-01
   1.8301944e+00   7.7114908e-02   1.0373061e+00
   2.1884149e+00   4.1197666e-02   3.1996706e-01
   2.3574517e+00   6.2478093e-02   5.2727585e-02
   2.3889586e+00   1.3456022e-01   1.3177276e-02
   2.2564225e+00   2.9578182e-01   7.0925484e-03
   1.9826664e+00   5.7127409e-01   8.3913876e-03
   1.5562573e+00   8.4748432e-01   1.9175129e-02
   1.1378471e+00   8.4476864e-01   6.5002485e-02
   9.7564855e-01   5.4596732e-01   2.1964825e-01
   1.1742231e+00   2.6175034e-01   4.7968306e-01
   1.6520800e+00   1.3158672e-01   5.0222882e-01
   2.0586543e+00   1.0832511e-01   2.6434657e-01
   2.2577913e+00   1.5330741e-01   1.1454149e-01
   2.2635289e+00   2.7635921e-01   7.0240236e-02
   2.0534175e+00   4.9020079e-01   7.7646146e-02
   1.7085329e+00   6.8294045e-01   1.5224881e-01
   1.3979490e+00   5.9402755e-01   4.1590747e-01
   1.4422098e+00   2.6241204e-01   9.8824199e-01
   1.8301942e+00   7.7114941e-02   1.0373064e+00
   2.1884148e+00   4.1197665e-02   3.1996728e-01
   2.3574516e+00   6.2478074e-02   5.2727620e-02
   2.3889586e+00   1.3456017e-01   1.3177280e-02
   2.2564226e+00   2.9578173e-01   7.0925484e-03
   1.9826666e+00   5.7127396e-01   8.3913850e-03
   1.5562575e+00   8.4748425e-01   1.9175119e-02
   1.1378472e+00   8.4476873e-01   6.5002446e-02
   9.7564853e-01   5.4596747e-01   2.1964813e-01
   1.1742229e+00   2.6175043e-01   4.7968294e-01
   1.6520798e+00   1.3158675e-01   5.0222888e-01
   2.0586541e+00   1.0832511e-01   2.6434666e-01
   2.2577912e+00   1.5330738e-01   1.1454153e-01
   2.2635289e+00   2.7635915e-01   7.0240249e-02
   2.0534177e+00   4.9020069e-01   7.7646142e-02
   1.7085330e+00   6.8294040e-01   1.5224877e-01
   1.3979491e+00   5.9402763e-01   4.1590734e-01
   1.4422098e+00   2.6241213e-01   9.8824181e-01
   1.8301941e+00   7.7114969e-02   1.0373066e+00
   2.1884147e+00   4.1197665e-02   3.1996746e-01
   2.3574516e+00   6.2478058e-02   5.2727648e-02
   2.3889587e+00   1.3456013e-01   1.3177284e-02
   2.2564227e+00   2.9578166e-01   7.0925485e-03
   1.9826667e+00   5.7127386e-01   8.3913830e-03
   1.5562577e+00   8.4748419e-01   1.9175111e-02
   1.1378473e+00   8.4476879e-01   6.5002414e-02
   9.7564853e-01   5.4596759e-01   2.1964804e-01
   1.1742228e+00   2.6175051e-01   4.7968285e-01
   1.6520796e+00   1.3158678e-01   5.0222892e-01
   2.0586540e+00   1.0832511e-01   2.6434674e-01
   2.2577912e+00   1.5330736e-01   1.1454156e-01
   2.2635290e+00   2.7635909e-01   7.0240260e-02
   2.0534178e+00   4.9020061e-01   7.7646139e-02
   1.7085331e+00   6.8294036e-01   1.5224874e-01
   1.3979492e+00   5.9402770e-01   4.1590724e-01
   1.4422097e+00   2.6241221e-01   9.8824167e-01
   1.8301940e+00   7.7114991e-02   1.0373067e+00
   2.1884147e+00   4.1197664e-02   3.1996760e-01
   2.3574516e+00   6.2478045e-02   5.2727671e-02
   2.3889587e+00   1.3456010e-01   1.3177287e-02
   2.2564227e+00   2.9578160e-01   7.0925485e-03
   1.9826668e+00   5.7127377e-01   8.3913813e-03
   1.5562578e+00   8.4748415e-01   1.9175104e-02
   1.1378474e+00   8.4476885e-01   6.5002387e-02
   9.7564852e-01   5.4596769e-01   2.1964797e-01
   1.1742227e+00   2.6175057e-01   4.7968277e-01
   1.6520795e+00   1.3158680e-01   5.0222896e-01
   2.0586539e+00   1.0832511e-01   2.6434681e-01
   2.2577912e+00   1.5330734e-01   1.1454159e-01
   2.2635290e+00   2.7635905e-01   7.0240269e-02
   2.0534178e+00   4.9020055e-01   7.7646136e-02
   1.7085332e+00   6.8294033e-01   1.5224872e-01
   1.3979492e+00   5.9402775e-01   4.1590715e-01
   1.4422096e+00   2.6241228e-01   9.8824156e-01
   1.8301939e+00   7.7115010e-02   1.0373069e+00
   2.1884146e+00   4.1197663e-02   3.1996772e-01
   2.3574516e+00   6.2478035e-02   5.2727690e-02
   2.3889587e+00   1.3456008e-01   1.3177290e-02
   2.2564228e+00   2.9578155e-01   7.0925485e-03
   1.9826669e+00   5.7127370e-01   8.3913799e-03
   1.5562579e+00   8.4748411e-01   1.9175099e-02
   1.1378475e+00   8.4476890e-01   6.5002366e-02
   9.7564851e-01   5.4596777e-01   2.1964791e-01
   1.1742226e+00   2.6175062e-01   4.7968271e-01
   1.6520794e+00   1.3158682e-01   5.0222899e-01
   2.0586539e+00   1.0832511e-01   2.6434686e-01
   2.2577911e+00   1.5330733e-01   1.1454162e-01
   2.2635290e+00   2.7635901e-01   7.0240276e-02
   2.0534179e+00   4.9020050e-01   7.7646134e-02
   1.7085333e+00   6.8294030e-01   1.5224869e-01
   1.3979493e+00   5.9402780e-01   4.1590708e-01
   1.4422096e+00   2.6241233e-01   9.8824146e-01
   1.8301938e+00   7.7115025e-02   1.0373070e+00
   2.1884146e+00   4.1197663e-02   3.1996782e-01
   2.3574515e+00   6.2478027e-02   5.2727706e-02
   2.3889587e+00   1.3456006e-01   1.3177292e-02
   2.2564228e+00   2.9578151e-01   7.0925486e-03
   1.9826669e+00   5.7127365e-01   8.3913788e-03
   1.5562580e+00   8.4748408e-01   1.9175094e-02
   1.1378475e+00   8.4476893e-01   6.5002348e-02
   9.7564851e-01   5.4596784e-01   2.1964786e-01
   1.1742225e+00   2.6175066e-01   4.7968266e-01
   1.6520793e+00   1.3158683e-01   5.0222902e-01
   2.0586538e+00   1.0832511e-01   2.6434690e-01
   2.2577911e+00   1.5330732e-01   1.1454163e-01
   2.2635290e+00   2.7635899e-01   7.0240282e-02
   2.0534180e+00   4.9020046e-01   7.7646132e-02
   1.7085334e+00   6.8294028e-01   1.5224868e-01
   1.3979493e+00   5.9402783e-01   4.1590702e-01
   1.4422096e+00   2.6241238e-01   9.8824139e-01
   1.8301937e+00   7.7115037e-02   1.0373071e+00
   2.1884145e+00   4.1197663e-02   3.1996790e-01
   2.3574515e+00   6.2478020e-02   5.2727718e-02
   2.3889587e+00   1.3456004e-01   1.3177294e-02
   2.2564229e+00   2.9578147e-01   7.0925486e-03
   1.9826670e+00   5.7127360e-01   8.3913779e-03
   1.5562581e+00   8.4748405e-01   1.9175090e-02
   1.1378476e+00   8.4476897e-01   6.5002333e-02
   9.7564850e-01   5.4596789e-01   2.1964782e-01
   1.1742224e+00   2.6175070e-01   4.7968262e-01
   1.6520792e+00   1.3158684e-01   5.0222904e-01
   2.0586538e+00   1.0832511e-01   2.6434694e-01
   2.2577911e+00   1.5330731e-01   1.1454165e-01
   2.2635291e+00   2.7635896e-01   7.0240287e-02
   2.0534180e+00   4.9020042e-01   7.7646131e-02
   1.7085335e+00   6.8294026e-01   1.5224866e-01
   1.3979493e+00   5.9402786e-01   4.1590697e-01
   1.4422095e+00   2.6241241e-01   9.8824132e-01
   1.8301937e+00   7.7115048e-02   1.0373072e+00
   2.1884145e+00   4.1197662e-02   3.1996796e-01
   2.3574515e+00   6.2478014e-02   5.2727729e-02
   2.3889588e+00   1.3456002e-01   1.3177295e-02
   2.2564229e+00   2.9578145e-01   7.0925486e-03
   1.9826670e+00   5.7127356e-01   8.3913771e-03
   1.5562581e+00   8.4748403e-01   1.9175087e-02
   1.1378476e+00   8.4476899e-01   6.5002321e-02
   9.7564850e-01   5.4596793e-01   2.1964778e-01
   1.1742224e+00   2.6175073e-01   4.7968258e-01
   1.6520791e+00   1.3158685e-01   5.0222906e-01
   2.0586537e+00   1.0832512e-01   2.6434697e-01
   2.2577911e+00   1.5330730e-01   1.1454166e-01
   2.2635291e+00   2.7635894e-01   7.0240291e-02
   2.0534180e+00   4.9020039e-01   7.7646130e-02
   1.7085335e+00   6.8294025e-01   1.5224865e-01
   1.3979494e+00   5.9402789e-01   4.1590693e-01
   1.4422095e+00   2.6241244e-01   9.8824127e-01
   1.8301937e+00   7.7115056e-02   1.0373072e+00
   2.1884145e+00   4.1197662e-02   3.1996802e-01
   2.3574515e+00   6.2478009e-02   5.2727737e-02
   2.3889588e+00   1.3456001e-01   1.3177296e-02
   2.2564229e+00   2.9578142e-01   7.0925486e-03
   1.9826671e+00   5.7127353e-01   8.3913765e-03
   1.5562582e+00   8.4748401e-01   1.9175085e-02
   1.1378476e+00   8.4476901e-01   6.5002312e-02
   9.7564849e-01   5.4596797e-01   2.1964775e-01
   1.1742223e+00   2.6175075e-01   4.7968255e-01
   1.6520791e+00   1.3158686e-01   5.0222907e-01
   2.0586537e+00   1.0832512e-01   2.6434699e-01
   2.2577911e+00   1.5330729e-01   1.1454167e-01
   2.2635291e+00   2.7635892e-01   7.0240294e-02
   2.0534181e+00   4.9020037e-01   7.7646129e-02
   1.7085335e+00   6.8294024e-01   1.5224864e-01
   1.3979494e+00   5.9402791e-01   4.1590690e-01
   1.4422095e+00   2.6241247e-01   9.8824123e-01
   1.8301936e+00   7.7115063e-02   1.0373073e+00
   2.1884144e+00   4.1197662e-02   3.1996806e-01
   2.3574515e+00   6.2478005e-02   5.2727744e-02
   2.3889588e+00   1.3456000e-01   1.3177297e-02
   2.2564229e+00   2.9578140e-01   7.0925486e-03
   1.9826671e+00   5.7127350e-01   8.3913760e-03
   1.5562582e+00   8.4748400e-01   1.9175083e-02
   1.1378477e+00   8.4476903e-01   6.5002304e-02
   9.7564849e-01   5.4596800e-01   2.1964773e-01
   1.1742223e+00   2.6175077e-01   4.7968253e-01
   1.6520790e+00   1.3158687e-01   5.0222909e-01
   2.0586537e+00   1.0832512e-01   2.6434701e-01
   2.2577911e+00   1.5330729e-01   1.1454168e-01
   2.2635291e+00   2.7635891e-01   7.0240297e-02
   2.0534181e+00   4.9020035e-01   7.7646128e-02
   1.7085336e+00   6.8294023e-01   1.5224864e-01
   1.3979494e+00   5.9402793e-01   4.1590687e-01
   1.4422095e+00   2.6241249e-01   9.8824119e-01
   1.8301936e+00   7.7115068e-02   1.0373073e+00
   2.1884144e+00   4.1197662e-02   3.1996810e-01
   2.3574515e+00   6.2478002e-02   5.2727750e-02
   2.3889588e+00   1.3456000e-01   1.3177298e-02
   2.2564229e+00   2.9578139e-01   7.0925486e-03
   1.9826671e+00   5.7127348e-01   8.3913755e-03
   1.5562583e+00   8.4748398e-01   1.9175081e-02
   1.1378477e+00   8.4476904e-01   6.5002297e-02
   9.7564849e-01   5.4596802e-01   2.1964771e-01
   1.1742223e+00   2.6175078e-01   4.7968251e-01
   1.6520790e+00   1.3158687e-01   5.0222909e-01
   2.0586536e+00   1.0832512e-01   2.6434703e-01
   2.2577910e+00   1.5330728e-01   1.1454169e-01
   2.2635291e+00   2.7635890e-01   7.0240299e-02
   2.0534181e+00   4.9020034e-01   7.7646127e-02
   1.7085336e+00   6.8294022e-01   1.5224863e-01
   1.3979494e+00   5.9402794e-01   4.1590685e-01
   1.4422095e+00   2.6241250e-01   9.8824116e-01
   1.8301936e+00   7.7115073e-02   1.0373074e+00
   2.1884144e+00   4.1197662e-02   3.1996813e-01
   2.3574515e+00   6.2478000e-02   5.2727755e-02
   2.3889588e+00   1.3455999e-01   1.3177299e-02
   2.2564229e+00   2.9578138e-01   7.0925486e-03
   1.9826671e+00   5.7127346e-01   8.3913752e-03
   1.5562583e+00   8.4748397e-01   1.9175080e-02
   1.1378477e+00   8.4476905e-01   6.5002292e-02
   9.7564849e-01   5.4596804e-01   2.1964770e-01
   1.1742222e+00   2.6175080e-01   4.7968250e-01
   1.6520790e+00   1.3158688e-01   5.0222910e-01
   2.0586536e+00   1.0832512e-01   2.6434704e-01
   2.2577910e+00   1.5330728e-01   1.1454169e-01
   2.2635291e+00   2.7635889e-01   7.0240301e-02
   2.0534181e+00   4.9020032e-01   7.7646127e-02
   1.7085336e+00   6.8294021e-01   1.5224863e-01
   1.3979494e+00   5.9402795e-01   4.1590683e-01
   1.4422094e+00   2.6241252e-01   9.8824114e-01
   1.8301936e+00   7.7115076e-02   1.0373074e+00
   2.1884144e+00   4.1197662e-02   3.1996815e-01
   2.3574515e+00   6.2477998e-02   5.2727758e-02
   2.3889588e+00   1.3455998e-01   1.3177299e-02
   2.2564230e+00   2.9578137e-01   7.0925486e-03
   1.9826672e+00   5.7127345e-01   8.3913749e-03
   1.5562583e+00   8.4748397e-01   1.9175079e-02
   1.1378477e+00   8.4476906e-01   6.5002287e-02
   9.7564849e-01   5.4596806e-01   2.1964769e-01
   1.1742222e+00   2.6175081e-01   4.7968248e-01
   1.6520790e+00   1.3158688e-01   5.0222911e-01
   2.0586536e+00   1.0832512e-01   2.6434705e-01
   2.2577910e+00   1.5330727e-01   1.1454170e-01
   2.2635291e+00   2.7635888e-01   7.0240302e-02
   2.0534181e+00   4.9020031e-01   7.7646126e-02
   1.7085336e+00   6.8294021e-01   1.5224862e-01
   1.3979495e+00   5.9402796e-01   4.1590682e-01
   1.4422094e+00   2.6241253e-01   9.8824112e-01
   1.8301935e+00   7.7115080e-02   1.0373074e+00
   2.1884144e+00   4.1197661e-02   3.1996817e-01
   2.3574515e+00   6.2477996e-02   5.2727762e-02
   2.3889588e+00   1.3455998e-01   1.3177299e-02
   2.2564230e+00   2.9578136e-01   7.0925486e-03
   1.9826672e+00   5.7127344e-01   8.3913747e-03
   1.5562583e+00   8.4748396e-01   1.9175078e-02
   1.1378477e+00   8.4476907e-01   6.5002284e-02
   9.7564849e-01   5.4596807e-01   2.1964768e-01
   1.1742222e+00   2.6175082e-01   4.7968247e-01
   1.6520789e+00   1.3158689e-01   5.0222911e-01
   2.0586536e+00   1.0832512e-01   2.6434706e-01
   2.2577910e+00   1.5330727e-01   1.1454170e-01
   2.2635291e+00   2.7635888e-01   7.0240303e-02
   2.0534182e+00   4.9020030e-01   7.7646126e-02
   1.7085336e+00   6.8294020e-01   1.5224862e-01
   1.3979495e+00   5.9402797e-01   4.1590681e-01
   1.4422094e+00   2.6241254e-01   9.8824110e-01
   1.8301935e+00   7.7115082e-02   1.0373074e+00
   2.1884144e+00   4.1197661e-02   3.1996819e-01
   2.3574515e+00   6.2477994e-02   5.2727764e-02
   2.3889588e+00   1.3455998e-01   1.3177300e-02
   2.2564230e+00   2.9578135e-01   7.0925486e-03
   1.9826672e+00   5.7127343e-01   8.3913745e-03
   1.5562583e+00   8.4748396e-01   1.9175077e-02
   1.1378477e+00   8.4476908e-01   6.5002281e-02
   9.7564849e-01   5.4596809e-01   2.1964767e-01
   1.1742222e+00   2.6175082e-01   4.7968246e-01
   1.6520789e+00   1.3158689e-01   5.0222912e-01
   2.0586536e+00   1.0832512e-01   2.6434707e-01
   2.2577910e+00   1.5330727e-01   1.1454171e-01
   2.2635291e+00   2.7635887e-01   7.0240304e-02
   2.0534182e+00   4.9020030e-01   7.7646126e-02
   1.7085337e+00   6.8294020e-01   1.5224862e-01
   1.3979495e+00   5.9402797e-01   4.1590680e-01
   1.4422094e+00   2.6241254e-01   9.8824109e-01
   1.8301935e+00   7.7115084e-02   1.0373074e+00
   2.1884144e+00   4.1197661e-02   3.1996820e-01
   2.3574515e+00   6.2477993e-02   5.2727766e-02
   2.3889588e+00   1.3455997e-01   1.3177300e-02
   2.2564230e+00   2.9578135e-01   7.0925486e-03
   1.9826672e+00   5.7127342e-01   8.3913743e-03
   1.5562583e+00   8.4748395e-01   1.9175076e-02
   1.1378478e+00   8.4476908e-01   6.5002278e-02
   9.7564848e-01   5.4596809e-01   2.1964766e-01
   1.1742222e+00   2.6175083e-01   4.7968246e-01
   1.6520789e+00   1.3158689e-01   5.0222912e-01
   2.0586536e+00   1.0832512e-01   2.6434707e-01
   2.2577910e+00   1.5330727e-01   1.1454171e-01
   2.2635291e+00   2.7635887e-01   7.0240305e-02
   2.0534182e+00   4.9020029e-01   7.7646125e-02
   1.7085337e+00   6.8294020e-01   1.5224861e-01
   1.3979495e+00   5.9402798e-01   4.1590679e-01
   1.4422094e+00   2.6241255e-01   9.8824108e-01
   1.8301935e+00   7.7115086e-02   1.0373074e+00
   2.1884144e+00   4.1197661e-02   3.1996821e-01
   2.3574515e+00   6.2477992e-02   5.2727768e-02
   2.3889588e+00   1.3455997e-01   1.3177300e-02
   2.2564230e+00   2.9578134e-01   7.0925487e-03
   1.9826672e+00   5.7127341e-01   8.3913742e-03
   1.5562584e+00   8.4748395e-01   1.9175076e-02
   1.1378478e+00   8.4476909e-01   6.5002276e-02
   9.7564848e-01   5.4596810e-01   2.1964765e-01
   1.1742222e+00   2.6175083e-01   4.7968245e-01
   1.6520789e+00   1.3158689e-01   5.0222912e-01
   2.0586536e+00   1.0832512e-01   2.6434708e-01
   2.2577910e+00   1.5330727e-01   1.1454171e-01
   2.2635291e+00   2.7635887e-01   7.0240306e-02
   2.0534182e+00   4.9020029e-01   7.7646125e-02
   1.7085337e+00   6.8294019e-01   1.5224861e-01
   1.3979495e+00   5.9402798e-01   4.1590678e-01
   1.4422094e+00   2.6241255e-01   9.8824107e-01
   1.8301935e+00   7.7115087e-02   1.0373075e+00
   2.1884144e+00   4.1197661e-02   3.1996822e-01
   2.3574515e+00   6.2477992e-02   5.2727769e-02
   2.3889588e+00   1.3455997e-01   1.3177301e-02
   2.2564230e+00   2.9578134e-01   7.0925487e-03
   1.9826672e+00   5.7127341e-01   8.3913741e-03
   1.5562584e+00   8.4748394e-01   1.9175076e-02
   1.1378478e+00   8.4476909e-01   6.5002275e-02
   9.7564848e-01   5.4596811e-01   2.1964765e-01
   1.1742222e+00   2.6175084e-01   4.7968245e-01
   1.6520789e+00   1.3158689e-01   5.0222913e-01
   2.0586536e+00   1.0832512e-01   2.6434708e-01
   2.2577910e+00   1.5330726e-01   1.1454171e-01
   2.2635292e+00   2.7635886e-01   7.0240306e-02
   2.0534182e+00   4.9020028e-01   7.7646125e-02
   1.7085337e+00   6.8294019e-01   1.5224861e-01
   1.3979495e+00   5.9402799e-01   4.1590678e-01
   1.4422094e+00   2.6241256e-01   9.8824107e-01
   1.8301935e+00   7.7115088e-02   1.0373075e+00
   2.1884144e+00   4.1197661e-02   3.1996823e-01
   2.3574515e+00   6.2477991e-02   5.2727771e-02
   2.3889588e+00   1.3455997e-01   1.3177301e-02
   2.2564230e+00   2.9578133e-01   7.0925487e-03
   1.9826672e+00   5.7127340e-01   8.3913740e-03
   1.5562584e+00   8.4748394e-01   1.9175075e-02
   1.1378478e+00   8.4476909e-01   6.5002273e-02
   9.7564848e-01   5.4596811e-01   2.1964765e-01
   1.1742222e+00   2.6175084e-01   4.7968244e-01
   1.6520789e+00   1.3158689e-01   5.0222913e-01
   2.0586536e+00   1.0832512e-01   2.6434708e-01
   2.2577910e+00   1.5330726e-01   1.1454171e-01
   2.2635292e+00   2.7635886e-01   7.0240307e-02
   2.0534182e+00   4.9020028e-01   7.7646125e-02
   1.7085337e+00   6.8294019e-01   1.5224861e-01
   1.3979495e+00   5.9402799e-01   4.1590677e-01
   1.4422094e+00   2.6241256e-01   9.8824106e-01
   1.8301935e+00   7.7115089e-02   1.0373075e+00
   2.1884144e+00   4.1197661e-02   3.1996823e-01
   2.3574515e+00   6.2477990e-02   5.2727771e-02
   2.3889588e+00   1.3455997e-01   1.3177301e-02
   2.2564230e+00   2.9578133e-01   7.0925487e-03
   1.9826672e+00   5.7127340e-01   8.3913740e-03
   1.5562584e+00   8.4748394e-01   1.9175075e-02
   1.1378478e+00   8.4476909e-01   6.5002272e-02
   9.7564848e-01   5.4596812e-01   2.1964764e-01
   1.1742222e+00   2.6175084e-01   4.7968244e-01
   1.6520789e+00   1.3158689e-01   5.0222913e-01
   2.0586535e+00   1.0832512e-01   2.6434709e-01
   2.2577910e+00   1.5330726e-01   1.1454171e-01
   2.2635292e+00   2.7635886e-01   7.0240307e-02
   2.0534182e+00   4.9020028e-01   7.7646125e-02
   1.7085337e+00   6.8294019e-01   1.5224861e-01
   1.3979495e+00   5.9402799e-01   4.1590677e-01
   1.4422094e+00   2.6241256e-01   9.8824106e-01
   1.8301935e+00   7.7115090e-02   1.0373075e+00
   2.1884144e+00   4.1197661e-02   3.1996824e-01
   2.3574515e+00   6.2477990e-02   5.2727772e-02
   2.3889588e+00   1.3455997e-01   1.3177301e-02
   2.2564230e+00   2.9578133e-01   7.0925487e-03
   1.9826672e+00   5.7127340e-01   8.3913739e-03
   1.5562584e+00   8.4748394e-01   1.9175075e-02
   1.1378478e+00   8.4476910e-01   6.5002271e-02
   9.7564848e-01   5.4596812e-01   2.1964764e-01
   1.1742222e+00   2.6175084e-01   4.7968244e-01
   1.6520789e+00   1.3158690e-01   5.0222913e-01
   2.0586535e+00   1.0832512e-01   2.6434709e-01
   2.2577910e+00   1.5330726e-01   1.1454172e-01
   2.2635292e+00   2.7635886e-01   7.0240308e-02
   2.0534182e+00   4.9020027e-01   7.7646125e-02
   1.7085337e+00   6.8294019e-01   1.5224861e-01
   1.3979495e+00   5.9402799e-01   4.1590677e-01
   1.4422094e+00   2.6241257e-01   9.8824105e-01
   1.8301935e+00   7.7115091e-02   1.0373075e+00
   2.1884144e+00   4.1197661e-02   3.1996824e-01
   2.3574515e+00   6.2477990e-02   5.2727773e-02
   2.3889588e+00   1.3455997e-01   1.3177301e-02
   2.2564230e+00   2.9578133e-01   7.0925487e-03
   1.9826672e+00   5.7127340e-01   8.3913739e-03
   1.5562584e+00   8.4748394e-01   1.9175075e-02
   1.1378478e+00   8.4476910e-01   6.5002271e-02
   9.7564848e-01   5.4596812e-01   2.1964764e-01
   1.1742222e+00   2.6175085e-01   4.7968244e-01
   1.6520789e+00   1.3158690e-01   5.0222913e-01
   2.0586535e+00   1.0832512e-01   2.6434709e-01
   2.2577910e+00   1.5330726e-01   1.1454172e-01
   2.2635292e+00   2.7635886e-01   7.0240308e-02
   2.0534182e+00   4.9020027e-01   7.7646125e-02
   1.7085337e+00   6.8294019e-01   1.5224861e-01
   1.3979495e+00   5.9402800e-01   4.1590677e-01
   1.4422094e+00   2.6241257e-01   9.8824105e-01
   1.8301935e+00   7.7115091e-02   1.0373075e+00
   2.1884144e+00   4.1197661e-02   3.1996825e-01
   2.3574515e+00   6.2477989e-02   5.2727773e-02
   2.3889588e+00   1.3455996e-01   1.3177301e-02
   2.2564230e+00   2.9578133e-01   7.0925487e-03
   1.9826672e+00   5.7127339e-01   8.3913738e-03
   1.5562584e+00   8.4748394e-01   1.9175074e-02
   1.1378478e+00   8.4476910e-01   6.5002270e-02
   9.7564848e-01   5.4596812e-01   2.1964764e-01
   1.1742221e+00   2.6175085e-01   4.7968243e-01
   1.6520789e+00   1.3158690e-01   5.0222913e-01
   2.0586535e+00   1.0832512e-01   2.6434709e-01
   2.2577910e+00   1.5330726e-01   1.1454172e-01
   2.2635292e+00   2.7635886e-01   7.0240308e-02
   2.0534182e+00   4.9020027e-01   7.7646125e-02
   1.7085337e+00   6.8294019e-01   1.5224861e-01
   1.3979495e+00   5.9402800e-01   4.1590676e-01
   1.4422094e+00   2.6241257e-01   9.8824105e-01
   1.8301935e+00   7.7115092e-02   1.0373075e+00
   2.1884144e+00   4.1197661e-02   3.1996825e-01
   2.3574515e+00   6.2477989e-02   5.2727774e-02
   2.3889588e+00   1.3455996e-01   1.3177301e-02
   2.2564230e+00   2.9578133e-01   7.0925487e-03
   1.9826672e+00   5.7127339e-01   8.3913738e-03
   1.5562584e+00   8.4748394e-01   1.9175074e-02
   1.1378478e+00   8.4476910e-01   6.5002270e-02
   9.7564848e-01   5.4596813e-01   2.1964764e-01
   1.1742221e+00   2.6175085e-01   4.7968243e-01
   1.6520789e+00   1.3158690e-01   5.0222913e-01
   2.0586535e+00   1.0832512e-01   2.6434709e-01
   2.2577910e+00   1.5330726e-01   1.1454172e-01
   2.2635292e+00   2.7635886e-01   7.0240308e-02
   2.0534182e+00   4.9020027e-01   7.7646125e-02
   1.7085337e+00   6.8294019e-01   1.5224860e-01
   1.3979495e+00   5.9402800e-01   4.1590676e-01
   1.4422094e+00   2.6241257e-01   9.8824104e-01
   1.8301935e+00   7.7115092e-02   1.0373075e+00
   2.1884144e+00   4.1197661e-02   3.1996825e-01
   2.3574515e+00   6.2477989e-02   5.2727774e-02
   2.3889588e+00   1.3455996e-01   1.3177301e-02
   2.2564230e+00   2.9578133e-01   7.0925487e-03
   1.9826672e+00   5.7127339e-01   8.3913738e-03
   1.5562584e+00   8.4748393e-01   1.9175074e-02
   1.1378478e+00   8.4476910e-01   6.5002269e-02
   9.7564848e-01   5.4596813e-01   2.1964763e-01
   1.1742221e+00   2.6175085e-01   4.7968243e-01
   1.6520789e+00   1.3158690e-01   5.0222914e-01
   2.0586535e+00   1.0832512e-01   2.6434709e-01
   2.2577910e+00   1.5330726e-01   1.1454172e-01
   2.2635292e+00   2.7635885e-01   7.0240308e-02
   2.0534182e+00   4.9020027e-01   7.7646125e-02
   1.7085337e+00   6.8294019e-01   1.5224860e-01
   1.3979495e+00   5.9402800e-01   4.1590676e-01
   1.4422094e+00   2.6241257e-01   9.8824104e-01
   1.8301935e+00   7.7115092e-02   1.0373075e+00
   2.1884144e+00   4.1197661e-02   3.1996825e-01
   2.3574515e+00   6.2477989e-02   5.2727774e-02
   2.3889588e+00   1.3455996e-01   1.3177301e-02
   2.2564230e+00   2.9578132e-01   7.0925487e-03
   1.9826672e+00   5.7127339e-01   8.3913737e-03
   1.5562584e+00   8.4748393e-01   1.9175074e-02
   1.1378478e+00   8.4476910e-01   6.5002269e-02
   9.7564848e-01   5.4596813e-01   2.1964763e-01
   1.1742221e+00   2.6175085e-01   4.7968243e-01
   1.6520789e+00   1.3158690e-01   5.0222914e-01
   2.0586535e+00   1.0832512e-01   2.6434710e-01
   2.2577910e+00   1.5330726e-01   1.1454172e-01
   2.2635292e+00   2.7635885e-01   7.0240308e-02
   2.0534182e+00   4.9020027e-01   7.7646125e-02
   1.7085337e+00   6.8294018e-01   1.5224860e-01
   1.3979495e+00   5.9402800e-01   4.1590676e-01
   1.4422094e+00   2.6241257e-01   9.8824104e-01
   1.8301935e+00   7.7115092e-02   1.0373075e+00
   2.1884144e+00   4.1197661e-02   3.1996825e-01
   2.3574515e+00   6.2477989e-02   5.2727775e-02
   2.3889588e+00   1.3455996e-01   1.3177301e-02
   2.2564230e+00   2.9578132e-01   7.0925487e-03
   1.9826672e+00   5.7127339e-01   8.3913737e-03
   1.5562584e+00   8.4748393e-01   1.9175074e-02
   1.1378478e+00   8.4476910e-01   6.5002269e-02
   9.7564848e-01   5.4596813e-01   2.1964763e-01
   1.1742221e+00   2.6175085e-01   4.7968243e-01
   1.6520789e+00   1.3158690e-01   5.0222914e-01
   2.0586535e+00   1.0832512e-01   2.6434710e-01
   2.2577910e+00   1.5330726e-01   1.1454172e-01
   2.2635292e+00   2.7635885e-01   7.0240309e-02
   2.0534182e+00   4.9020027e-01   7.7646124e-02
   1.7085337e+00   6.8294018e-01   1.5224860e-01
   1.3979495e+00   5.9402800e-01   4.1590676e-01
   1.4422094e+00   2.6241257e-01   9.8824104e-01
   1.8301935e+00   7.7115093e-02   1.0373075e+00
   2.1884144e+00   4.1197661e-02   3.1996825e-01
   2.3574515e+00   6.2477989e-02   5.2727775e-02
   2.3889588e+00   1.3455996e-01   1.3177301e-02
   2.2564230e+00   2.9578132e-01   7.0925487e-03
   1.9826672e+00   5.7127339e-01   8.3913737e-03
   1.5562584e+00   8.4748393e-01   1.9175074e-02
   1.1378478e+00   8.4476910e-01   6.5002268e-02
   9.7564848e-01   5.4596813e-01   2.1964763e-01
   1.1742221e+00   2.6175085e-01   4.7968243e-01
   1.6520789e+00   1.3158690e-01   5.0222914e-01
   2.0586535e+00   1.0832512e-01   2.6434710e-01
   2.2577910e+00   1.5330726e-01   1.1454172e-01
   2.2635292e+00   2.7635885e-01   7.0240309e-02
   2.0534182e+00   4.9020027e-01   7.7646124e-02
   1.7085337e+00   6.8294018e-01   1.5224860e-01
   1.3979495e+00   5.9402800e-01   4.1590676e-01
   1.4422094e+00   2.6241257e-01   9.8824104e-01
   1.8301935e+00   7.7115093e-02   1.0373075e+00
   2.1884144e+00   4.1197661e-02   3.1996826e-01
   2.3574515e+00   6.2477988e-02   5.2727775e-02
   2.3889588e+00   1.3455996e-01   1.3177301e-02
   2.2564230e+00   2.9578132e-01   7.0925487e-03
   1.9826672e+00   5.7127339e-01   8.3913737e-03
   1.5562584e+00   8.4748393e-01   1.9175074e-02
   1.1378478e+00   8.4476910e-01   6.5002268e-02
   9.7564848e-01   5.4596813e-01   2.1964763e-01
   1.1742221e+00   2.6175085e-01   4.7968243e-01
   1.6520789e+00   1.3158690e-01   5.0222914e-01
   2.0586535e+00   1.0832512e-01   2.6434710e-01
   2.2577910e+00   1.5330726e-01   1.1454172e-01
   2.2635292e+00   2.7635885e-01   7.0240309e-02
   2.0534182e+00   4.9020027e-01   7.7646124e-02
   1.7085337e+00   6.8294018e-01   1.5224860e-01
   1.3979495e+00   5.9402800e-01   4.1590676e-01
   1.4422094e+00   2.6241257e-01   9.8824104e-01
   1.8301935e+00   7.7115093e-02   1.0373075e+00
   2.1884144e+00   4.1197661e-02   3.1996826e-01
   2.3574515e+00   6.2477988e-02   5.2727775e-02
   2.3889588e+00   1.3455996e-01   1.3177301e-02
   2.2564230e+00   2.9578132e-01   7.0925487e-03
   1.9826672e+00   5.7127339e-01   8.3913737e-03
   1.5562584e+00   8.4748393e-01   1.9175074e-02
   1.1378478e+00   8.4476910e-01   6.5002268e-02
   9.7564848e-01   5.4596813e-01   2.1964763e-01
   1.1742221e+00   2.6175085e-01   4.7968243e-01
   1.6520789e+00   1.3158690e-01   5.0222914e-01
   2.0586535e+00   1.0832512e-01   2.6434710e-01
   2.2577910e+00   1.5330726e-01   1.1454172e-01
   2.2635292e+00   2.7635885e-01   7.0240309e-02
   2.0534182e+00   4.9020027e-01   7.7646124e-02
   1.7085337e+00   6.8294018e-01   1.5224860e-01
   1.3979495e+00   5.9402800e-01   4.1590676e-01
   1.4422094e+00   2.6241258e-01   9.8824104e-01
   1.8301935e+00   7.7115093e-02   1.0373075e+00
   2.1884144e+00   4.1197661e-02   3.1996826e-01
   2.3574515e+00   6.2477988e-02   5.2727775e-02
   2.3889588e+00   1.3455996e-01   1.3177301e-02
   2.2564230e+00   2.9578132e-01   7.0925487e-03
   1.9826672e+00   5.7127339e-01   8.3913737e-03
   1.5562584e+00   8.4748393e-01   1.9175074e-02
   1.1378478e+00   8.4476910e-01   6.5002268e-02
   9.7564848e-01   5.4596813e-01   2.1964763e-01
   1.1742221e+00   2.6175085e-01   4.7968243e-01
   1.6520789e+00   1.3158690e-01   5.0222914e-01
   2.0586535e+00   1.0832512e-01   2.6434710e-01
   2.2577910e+00   1.5330726e-01   1.1454172e-01
   2.2635292e+00   2.7635885e-01   7.0240309e-02
   2.0534182e+00   4.9020027e-01   7.7646124e-02
   1.7085337e+00   6.8294018e-01   1.5224860e-01
   1.3979495e+00   5.9402800e-01   4.1590676e-01
   1.4422094e+00   2.6241258e-01   9.8824104e-01
   1.8301935e+00   7.7115093e-02   1.0373075e+00
   2.1884144e+00   4.1197661e-02   3.1996826e-01
   2.3574515e+00   6.2477988e-02   5.2727775e-02
   2.3889588e+00   1.3455996e-01   1.3177301e-02
   2.2564230e+00   2.9578132e-01   7.0925487e-03
   1.9826672e+00   5.7127339e-01   8.3913737e-03
   1.5562584e+00   8.4748393e-01   1.9175074e-02
   1.1378478e+00   8.4476910e-01   6.5002268e-02
   9.7564848e-01   5.4596813e-01   2.1964763e-01
   1.1742221e+00   2.6175085e-01   4.7968243e-01
   1.6520789e+00   1.3158690e-01   5.0222914e-01
   2.0586535e+00   1.0832512e-01   2.6434710e-01
   2.2577910e+00   1.5330726e-01   1.1454172e-01
   2.2635292e+00   2.7635885e-01   7.0240309e-02
   2.0534182e+00   4.9020027e-01   7.7646124e-02
   1.7085337e+00   6.8294018e-01   1.5224860e-01
   1.3979495e+00   5.9402800e-01   4.1590676e-01
   1.4422094e+00   2.6241258e-01   9.8824104e-01
   1.8301935e+00   7.7115093e-02   1.0373075e+00
   2.1884144e+00   4.1197661e-02   3.1996826e-01
   2.3574515e+00   6.2477988e-02   5.2727775e-02
   2.3889588e+00   1.3455996e-01   1.3177301e-02
   2.2564230e+00   2.9578132e-01   7.0925487e-03
   1.9826672e+00   5.7127339e-01   8.3913737e-03
   1.5562584e+00   8.4748393e-01   1.9175074e-02
   1.1378478e+00   8.4476910e-01   6.5002268e-02
   9.7564848e-01   5.4596813e-01   2.1964763e-01
   1.1742221e+00   2.6175085e-01   4.7968243e-01
   1.6520789e+00   1.3158690e-01   5.0222914e-01
   2.0586535e+00   1.0832512e-01   2.6434710e-01
   2.2577910e+00   1.5330726e-01   1.1454172e-01
   2.2635292e+00   2.7635885e-01   7.0240309e-02
   2.0534182e+00   4.9020027e-01   7.7646124e-02
   1.7085337e+00   6.8294018e-01   1.5224860e-01
   1.3979495e+00   5.9402800e-01   4.1590676e-01
   1.4422094e+00   2.6241258e-01   9.8824104e-01
   1.8301935e+00   7.7115093e-02   1.0373075e+00
   2.1884144e+00   4.1197661e-02   3.1996826e-01
   2.3574515e+00   6.2477988e-02   5.2727775e-02
   2.3889588e+00   1.3455996e-01   1.3177301e-02
   2.2564230e+00   2.9578132e-01   7.0925487e-03
   1.9826672e+00   5.7127339e-01   8.3913737e-03
   1.5562584e+00   8.4748393e-01   1.9175074e-02
   1.1378478e+00   8.4476910e-01   6.5002268e-02
   9.7564848e-01   5.4596813e-01   2.1964763e-01
   1.1742221e+00   2.6175085e-01   4.7968243e-01
   1.6520788e+00   1.3158690e-01   5.0222914e-01
   2.0586535e+00   1.0832512e-01   2.6434710e-01
   2.2577910e+00   1.5330726e-01   1.1454172e-01
   2.2635292e+00   2.7635885e-01   7.0240309e-02
   2.0534182e+00   4.9020026e-01   7.7646124e-02
   1.7085337e+00   6.8294018e-01   1.5224860e-01
   1.3979495e+00   5.9402800e-01   4.1590676e-01
   1.4422094e+00   2.6241258e-01   9.8824103e-01
   1.8301935e+00   7.7115093e-02   1.0373075e+00
   2.1884144e+00   4.1197661e-02   3.1996826e-01
   2.3574515e+00   6.2477988e-02   5.2727776e-02
   2.3889588e+00   1.3455996e-01   1.3177301e-02
   2.2564230e+00   2.9578132e-01   7.0925487e-03
   1.9826672e+00   5.7127339e-01   8.3913737e-03
   1.5562584e+00   8.4748393e-01   1.9175074e-02
   1.1378478e+00   8.4476910e-01   6.5002268e-02
   9.7564848e-01   5.4596813e-01   2.1964763e-01
   1.1742221e+00   2.6175085e-01   4.7968243e-01
   1.6520788e+00   1.3158690e-01   5.0222914e-01
   2.0586535e+00   1.0832512e-01   2.6434710e-01
   2.2577910e+00   1.5330726e-01   1.1454172e-01
   2.2635292e+00   2.7635885e-01   7.0240309e-02
   2.0534182e+00   4.9020026e-01   7.7646124e-02
   1.7085337e+00   6.8294018e-01   1.5224860e-01
   1.3979495e+00   5.9402800e-01   4.1590676e-01
   1.4422094e+00   2.6241258e-01   9.8824103e-01
   1.8301935e+00   7.7115093e-02   1.0373075e+00
   2.1884144e+00   4.1197661e-02   3.1996826e-01
   2.3574515e+00   6.2477988e-02   5.2727776e-02
   2.3889588e+00   1.3455996e-01   1.3177301e-02
   2.2564230e+00   2.9578132e-01   7.0925487e-03
   1.9826672e+00   5.7127339e-01   8.3913737e-03
   1.5562584e+00   8.4748393e-01   1.9175074e-02
   1.1378478e+00   8.4476910e-01   6.5002268e-02
   9.7564848e-01   5.4596813e-01   2.1964763e-01
   1.1742221e+00   2.6175085e-01   4.7968243e-01
   1.6520788e+00   1.3158690e-01   5.0222914e-01
   2.0586535e+00   1.0832512e-01   2.6434710e-01
   2.2577910e+00   1.5330726e-01   1.1454172e-01
   2.2635292e+00   2.7635885e-01   7.0240309e-02
   2.0534182e+00   4.9020026e-01   7.7646124e-02
   1.7085337e+00   6.8294018e-01   1.5224860e-01
   1.3979495e+00   5.9402800e-01   4.1590675e-01
   1.4422094e+00   2.6241258e-01   9.8824103e-01
   1.8301935e+00   7.7115093e-02   1.0373075e+00
   2.1884144e+00   4.1197661e-02   3.1996826e-01
   2.3574515e+00   6.2477988e-02   5.2727776e-02
   2.3889588e+00   1.3455996e-01   1.3177301e-02
   2.2564230e+00   2.9578132e-01   7.0925487e-03
   1.9826672e+00   5.7127339e-01   8.3913737e-03
   1.5562584e+00   8.4748393e-01   1.9175074e-02
   1.1378478e+00   8.4476910e-01   6.5002268e-02
   9.7564848e-01   5.4596813e-01   2.1964763e-01
   1.1742221e+00   2.6175085e-01   4.7968243e-01
   1.6520788e+00   1.3158690e-01   5.0222914e-01
   2.0586535e+00   1.0832512e-01   2.6434710e-01
   2.2577910e+00   1.5330726e-01   1.1454172e-01
   2.2635292e+00   2.7635885e-01   7.0240309e-02
   2.0534182e+00   4.9020026e-01   7.7646124e-02
   1.7085337e+00   6.8294018e-01   1.5224860e-01
   1.3979495e+00   5.9402800e-01   4.1590675e-01
   1.4422094e+00   2.6241258e-01   9.8824103e-01
   1.8301935e+00   7.7115093e-02   1.0373075e+00
   2.1884144e+00   4.1197661e-02   3.1996826e-01
   2.3574515e+00   6.2477988e-02   5.2727776e-02
   2.3889588e+00   1.3455996e-01   1.3177301e-02
   2.2564230e+00   2.9578132e-01   7.0925487e-03
   1.9826672e+00   5.7127339e-01   8.3913737e-03
   1.5562584e+00   8.4748393e-01   1.9175074e-02
   1.1378478e+00   8.4476911e-01   6.5002268e-02
   9.7564848e-01   5.4596813e-01   2.1964763e-01
   1.1742221e+00   2.6175085e-01   4.7968243e-01
   1.6520788e+00   1.3158690e-01   5.0222914e-01
   2.0586535e+00   1.0832512e-01   2.6434710e-01
   2.2577910e+00   1.5330726e-01   1.1454172e-01
   2.2635292e+00   2.7635885e-01   7.0240309e-02
   2.0534182e+00   4.9020026e-01   7.7646124e-02
   1.7085337e+00   6.8294018e-01   1.5224860e-01
   1.3979495e+00   5.9402800e-01   4.1590675e-01
   1.4422094e+00   2.6241258e-01   9.8824103e-01
   1.8301935e+00   7.7115093e-02   1.0373075e+00
   2.1884144e+00   4.1197661e-02   3.1996826e-01
   2.3574515e+00   6.2477988e-02   5.2727776e-02
   2.3889588e+00   1.3455996e-01   1.3177301e-02
   2.2564230e+00   2.9578132e-01   7.0925487e-03
   1.9826672e+00   5.7127339e-01   8.3913737e-03
   1.5562584e+00   8.4748393e-01   1.9175074e-02
   1.1378478e+00   8.4476911e-01   6.5002268e-02
