   1.8958916e+00   9.9089650e-02   4.4165572e-02
   2.1977399e+00   1.6963905e-01   1.7505404e-02
   2.1858907e+00   3.3497067e-01   1.1878401e-02
   1.9446848e+00   6.0998002e-01   1.5915663e-02
   1.5303429e+00   8.5724362e-01   3.8832947e-02
   1.1448168e+00   7.9342054e-01   1.3315718e-01
   1.0534928e+00   4.4762466e-01   4.2259858e-01
   1.4082108e+00   1.7475796e-01   7.5666218e-01
   1.9179464e+00   8.2279119e-02   5.2893095e-01
   2.2603850e+00   8.1925173e-02   1.7407989e-01
   2.3916132e+00   1.4521148e-01   5.7046101e-02
   2.3143251e+00   3.0032468e-01   3.3134995e-02
   2.0453749e+00   5.6941171e-01   3.9805026e-02
   1.6201744e+00   8.1579148e-01   9.0661793e-02
   1.2320740e+00   7.1439398e-01   2.9584447e-01
   1.2115400e+00   3.1581985e-01   8.4539804e-01
   1.6604642e+00   8.6574191e-02   1.0679739e+00
   2.1367737e+00   3.9564208e-02   3.6983592e-01
   2.3808206e+00   5.5620251e-02   5.8529061e-02
   2.4514438e+00   1.2069643e-01   1.3021604e-02
   2.3347638e+00   2.7425303e-01   6.2866446e-03
   2.0696637e+00   5.5459295e-01   6.8965254e-03
   1.6288991e+00   8.6832897e-01   1.5299058e-02
   1.1631677e+00   9.0667248e-01   5.3138459e-02
   9.5308905e-01   5.9804317e-01   1.9271672e-01
   1.1227465e+00   2.8345968e-01   4.6101167e-01
   1.6219484e+00   1.3610876e-01   5.2271287e-01
   2.0744963e+00   1.0650240e-01   2.8458320e-01
   2.3043617e+00   1.4849018e-01   1.2123518e-01
   2.3309373e+00   2.7177443e-01   7.2008937e-02
   2.1176386e+00   4.9647707e-01   7.8280750e-02
   1.7512529e+00   7.0970300e-01   1.5545839e-01
   1.4105541e+00   6.1597767e-01   4.4131714e-01
   1.4566762e+00   2.5436058e-01   1.0873660e+00
   1.8776570e+00   6.6711715e-02   1.1063322e+00
   2.2557544e+00   3.4706288e-02   2.9522128e-01
   2.4263752e+00   5.6118135e-02   4.0984139e-02
   2.4519896e+00   1.2651351e-01   9.1998138e-03
   2.3229008e+00   2.8804947e-01   4.6556030e-03
   2.0457438e+00   5.7711557e-01   5.3641759e-03
   1.5945860e+00   8.8672617e-01   1.2382998e-02
   1.1340009e+00   9.0603122e-01   4.3921313e-02
   9.3793021e-01   5.9784350e-01   1.5917632e-01
   1.1049634e+00   2.9937723e-01   3.8065012e-01
   1.5939688e+00   1.5690433e-01   4.5583191e-01
   2.0415885e+00   1.2760872e-01   2.8608801e-01
   2.2743589e+00   1.7094753e-01   1.4602930e-01
   2.3041993e+00   2.9390538e-01   9.9853393e-02
   2.0964302e+00   5.0102744e-01   1.1738980e-01
   1.7593422e+00   6.5465290e-01   2.3526204e-01
   1.5049732e+00   4.9868991e-01   6.1605991e-01
   1.6904789e+00   1.8371768e-01   1.2288914e+00
   2.0691472e+00   5.4668230e-02   9.0307635e-01
   2.3436770e+00   4.0488523e-02   1.9747834e-01
   2.4509972e+00   7.5123746e-02   3.1982425e-02
   2.4214781e+00   1.7097564e-01   9.6105584e-03
   2.2471540e+00   3.7567861e-01   6.5726853e-03
   1.9055932e+00   6.9570511e-01   9.8768692e-03
   1.4217597e+00   9.3296222e-01   2.7485554e-02
   1.0356124e+00   7.9747758e-01   1.0257193e-01
   9.8401736e-01   4.3805951e-01   3.2719527e-01
   1.3383258e+00   1.9152100e-01   5.7332400e-01
   1.8583367e+00   1.0640772e-01   4.3921434e-01
   2.2145309e+00   1.1027725e-01   1.8694319e-01
   2.3533955e+00   1.8410665e-01   8.2462322e-02
   2.2623661e+00   3.5356261e-01   6.0727448e-02
   1.9739202e+00   6.0760905e-01   8.5883821e-02
   1.5742697e+00   7.4445160e-01   2.0873515e-01
   1.3222295e+00   4.9955853e-01   6.2157285e-01
   1.5758724e+00   1.5989486e-01   1.2420481e+00
   2.0291236e+00   4.6402707e-02   7.9438844e-01
   2.3347369e+00   3.8653753e-02   1.4744709e-01
   2.4494984e+00   7.5524283e-02   2.2797534e-02
   2.4126705e+00   1.7356877e-01   6.8870697e-03
   2.2386375e+00   3.8088664e-01   4.7815209e-03
   1.8950860e+00   7.0312989e-01   7.2848699e-03
   1.4095570e+00   9.4034286e-01   2.0488839e-02
   1.0231873e+00   8.1009370e-01   7.7066134e-02
   9.6195414e-01   4.6539698e-01   2.4972316e-01
   1.2722350e+00   2.2301454e-01   4.6488162e-01
   1.7857178e+00   1.3077777e-01   4.1470143e-01
   2.1608570e+00   1.2998704e-01   2.1693491e-01
   2.3182416e+00   2.0050672e-01   1.1279491e-01
   2.2486601e+00   3.5974366e-01   9.0464547e-02
   1.9799238e+00   5.8195566e-01   1.3017619e-01
   1.6268845e+00   6.6161243e-01   3.0302709e-01
   1.4663492e+00   3.9996122e-01   8.0194594e-01
   1.7547912e+00   1.2212531e-01   1.2829891e+00
   2.1534264e+00   4.1550514e-02   6.2674179e-01
   2.3853198e+00   4.4473531e-02   1.0416577e-01
   2.4612450e+00   9.2634008e-02   1.8530479e-02
   2.3856594e+00   2.1302351e-01   6.8662101e-03
   2.1726236e+00   4.5326017e-01   5.8506566e-03
   1.7827949e+00   7.8302731e-01   1.0607478e-02
   1.2935691e+00   9.4207108e-01   3.3223781e-02
   9.7861665e-01   7.1765621e-01   1.2519665e-01
   1.0204286e+00   3.7144416e-01   3.5939262e-01
   1.4519541e+00   1.7124796e-01   5.3397716e-01
   1.9478688e+00   1.1220490e-01   3.6577000e-01
   2.2485590e+00   1.3225804e-01   1.6416474e-01
   2.3480792e+00   2.2641496e-01   8.6848425e-02
   2.2001247e+00   4.1946347e-01   7.8655131e-02
   1.8767945e+00   6.5273014e-01   1.3197182e-01
   1.5096135e+00   6.6696663e-01   3.4456793e-01
   1.4197739e+00   3.4047584e-01   9.1926126e-01
   1.7788692e+00   9.3192774e-02   1.2519450e+00
   2.1891549e+00   3.6168285e-02   4.6668890e-01
   2.4022454e+00   4.7153626e-02   6.7517349e-02
   2.4645352e+00   1.0276581e-01   1.2734751e-02
   2.3660203e+00   2.3702414e-01   5.2347880e-03
   2.1309807e+00   4.9545856e-01   4.9630844e-03
   1.7174161e+00   8.2440931e-01   9.8360107e-03
   1.2319274e+00   9.3958049e-01   3.2435595e-02
   9.5425723e-01   6.8400958e-01   1.2190341e-01
   1.0326300e+00   3.5585576e-01   3.3353240e-01
   1.4728006e+00   1.7634460e-01   4.7475770e-01
   1.9558887e+00   1.2586347e-01   3.3488383e-01
   2.2407153e+00   1.5228773e-01   1.6859856e-01
   2.3294102e+00   2.5413839e-01   1.0270197e-01
   2.1644116e+00   4.4794284e-01   1.0440205e-01
   1.8427876e+00   6.4207984e-01   1.8706461e-01
   1.5322770e+00   5.7500865e-01   4.8044165e-01
   1.5853240e+00   2.5083306e-01   1.1050324e+00
   1.9551313e+00   7.0393035e-02   1.1087146e+00
   2.2856754e+00   3.7668073e-02   3.1218315e-01
   2.4341577e+00   6.0406086e-02   4.7037351e-02
   2.4526221e+00   1.3535825e-01   1.1365369e-02
   2.3113049e+00   3.0604320e-01   6.1535860e-03
   2.0183869e+00   6.0335076e-01   7.5330525e-03
   1.5571684e+00   8.9931630e-01   1.8180292e-02
   1.1114762e+00   8.7797527e-01   6.5399332e-02
   9.5291814e-01   5.4358931e-01   2.2967598e-01
   1.1822564e+00   2.4999733e-01   4.9939764e-01
   1.6969648e+00   1.2493020e-01   4.9939230e-01
   2.1226795e+00   1.0704021e-01   2.4955673e-01
   2.3223357e+00   1.5922761e-01   1.0685041e-01
   2.3091480e+00   2.9698036e-01   6.8054146e-02
   2.0720887e+00   5.3246827e-01   8.0842980e-02
   1.6933876e+00   7.2482579e-01   1.7218529e-01
   1.3784721e+00   5.7860125e-01   4.9921734e-01
   1.5000577e+00   2.1795797e-01   1.1553911e+00
   1.9354930e+00   5.8304943e-02   1.0073068e+00
   2.2872889e+00   3.5679200e-02   2.3492387e-01
   2.4362056e+00   6.2334045e-02   3.3527583e-02
   2.4386977e+00   1.4177480e-01   8.3596394e-03
   2.2951323e+00   3.1891510e-01   4.7407448e-03
   1.9950022e+00   6.2186873e-01   6.0475804e-03
   1.5284007e+00   9.1136349e-01   1.5043205e-02
   1.0899542e+00   8.7613101e-01   5.4839310e-02
   9.4147390e-01   5.4783471e-01   1.9218568e-01
   1.1612304e+00   2.6742607e-01   4.2114395e-01
   1.6657387e+00   1.4397456e-01   4.5049948e-01
   2.0905937e+00   1.2538189e-01   2.5944186e-01
   2.2953785e+00   1.7821330e-01   1.3011724e-01
   2.2882029e+00   3.1417783e-01   9.2754495e-02
   2.0576380e+00   5.3074159e-01   1.1656563e-01
   1.7088508e+00   6.6809138e-01   2.4746490e-01
   1.4739125e+00   4.7568827e-01   6.6131666e-01
   1.6923753e+00   1.6384101e-01   1.2583223e+00
   2.0871669e+00   4.9489101e-02   8.2465921e-01
   2.3546220e+00   4.0761793e-02   1.6324657e-01
   2.4543013e+00   7.8829573e-02   2.6616891e-02
   2.4120801e+00   1.8039775e-01   8.3927928e-03
   2.2294573e+00   3.9362197e-01   6.0561636e-03
   1.8764170e+00   7.1763824e-01   9.5353562e-03
   1.3893829e+00   9.3888005e-01   2.7371745e-02
   1.0182775e+00   7.8230231e-01   1.0279514e-01
   9.8646205e-01   4.2634645e-01   3.2166751e-01
   1.3516677e+00   1.9105611e-01   5.4856719e-01
   1.8675017e+00   1.1094445e-01   4.1922846e-01
   2.2148484e+00   1.1766751e-01   1.8604429e-01
   2.3476720e+00   1.9544566e-01   8.7565470e-02
   2.2471383e+00   3.6906622e-01   6.8457166e-02
   1.9529104e+00   6.1597562e-01   1.0106091e-01
   1.5644351e+00   7.1861027e-01   2.4900422e-01
   1.3579999e+00   4.4645595e-01   7.1574796e-01
   1.6459119e+00   1.3492790e-01   1.2781997e+00
   2.0880873e+00   4.1802310e-02   6.8985922e-01
   2.3610216e+00   4.0503623e-02   1.1535083e-01
   2.4565374e+00   8.2733274e-02   1.8688507e-02
   2.3999375e+00   1.9085500e-01   6.1846454e-03
   2.2087761e+00   4.1343569e-01   4.7214820e-03
   1.8437149e+00   7.4152704e-01   7.8081167e-03
   1.3537134e+00   9.4687952e-01   2.3159719e-02
   9.9686004e-01   7.7508121e-01   8.7717853e-02
   9.7688519e-01   4.3120103e-01   2.7195384e-01
   1.3257547e+00   2.0809331e-01   4.6906710e-01
   1.8353617e+00   1.2899616e-01   3.9043890e-01
   2.1853605e+00   1.3614776e-01   2.0146047e-01
   2.3223310e+00   2.1538004e-01   1.0971356e-01
   2.2251383e+00   3.8475857e-01   9.4520449e-02
   1.9407304e+00   6.0175030e-01   1.4547021e-01
   1.5967857e+00   6.4010598e-01   3.5014698e-01
   1.4938716e+00   3.5123195e-01   8.9652469e-01
   1.8143639e+00   1.0264603e-01   1.2595525e+00
   2.1977518e+00   3.9217678e-02   5.1715224e-01
   2.4029170e+00   4.8403723e-02   8.1126040e-02
   2.4638083e+00   1.0387482e-01   1.5707209e-02
   2.3665409e+00   2.3851646e-01   6.5263344e-03
   2.1299179e+00   4.9737327e-01   6.2265528e-03
   1.7154318e+00   8.2436213e-01   1.2387684e-02
   1.2321569e+00   9.3216379e-01   4.0847749e-02
   9.6190224e-01   6.6521126e-01   1.5230717e-01
   1.0600383e+00   3.2994328e-01   4.0526577e-01
   1.5310676e+00   1.5385065e-01   5.3485888e-01
   2.0093464e+00   1.0897111e-01   3.2915353e-01
   2.2765689e+00   1.3905493e-01   1.4347291e-01
   2.3524891e+00   2.4609257e-01   7.9802460e-02
   2.1672321e+00   4.5569997e-01   7.8555169e-02
   1.8190253e+00   6.8319270e-01   1.4319035e-01
   1.4595940e+00   6.4573080e-01   3.9130641e-01
   1.4333921e+00   2.9545999e-01   1.0107144e+00
   1.8271368e+00   7.7888350e-02   1.1945027e+00
   2.2241250e+00   3.4623089e-02   3.7215137e-01
   2.4156325e+00   5.0846537e-02   5.1540121e-02
   2.4659306e+00   1.1314620e-01   1.0482547e-02
   2.3484997e+00   2.6043586e-01   4.7442414e-03
   2.0921101e+00   5.3460360e-01   4.9422823e-03
   1.6583906e+00   8.5752910e-01   1.0568648e-02
   1.1815920e+00   9.2792662e-01   3.6251692e-02
   9.4172045e-01   6.4464505e-01   1.3455564e-01
   1.0607710e+00   3.3048467e-01   3.4696251e-01
   1.5303240e+00   1.6923982e-01   4.5866317e-01
   1.9955394e+00   1.2947295e-01   3.1049628e-01
   2.2542224e+00   1.6410843e-01   1.6080347e-01
   2.3189004e+00   2.7569150e-01   1.0555682e-01
   2.1313991e+00   4.7461323e-01   1.1640448e-01
   1.8040656e+00   6.4321288e-01   2.2098842e-01
   1.5300705e+00   5.2335050e-01   5.6857040e-01
   1.6815379e+00   2.0642347e-01   1.1902464e+00
   2.0450118e+00   6.0733199e-02   9.8277917e-01
   2.3295400e+00   4.0121055e-02   2.3874929e-01
   2.4467077e+00   7.0791063e-02   3.8315494e-02
   2.4324227e+00   1.6006084e-01   1.0849578e-02
   2.2676469e+00   3.5465938e-01   6.9463704e-03
   1.9398915e+00   6.6910219e-01   9.8543817e-03
   1.4609837e+00   9.2481168e-01   2.6374354e-02
   1.0569060e+00   8.1804702e-01   9.7565241e-02
   9.7827057e-01   4.5852904e-01   3.1925182e-01
   1.3096483e+00   1.9789889e-01   5.8554491e-01
   1.8335685e+00   1.0477659e-01   4.6351476e-01
   2.2047433e+00   1.0428105e-01   1.9426198e-01
   2.3546311e+00   1.7269191e-01   8.1031374e-02
   2.2791145e+00   3.3492339e-01   5.5973853e-02
   2.0016686e+00   5.9090968e-01   7.4987809e-02
   1.5977820e+00   7.5929857e-01   1.7724409e-01
   1.3066086e+00   5.5054535e-01   5.3832474e-01
   1.5009648e+00   1.8913984e-01   1.1854887e+00
   1.9612672e+00   5.2189194e-02   8.9689261e-01
   2.3029019e+00   3.7093308e-02   1.8723241e-01
   2.4402948e+00   6.8581778e-02   2.7780277e-02
   2.4251231e+00   1.5672027e-01   7.6208832e-03
   2.2680424e+00   3.4827738e-01   4.7773875e-03
   1.9472002e+00   6.6164112e-01   6.6554239e-03
   1.4699808e+00   9.2798919e-01   1.7614008e-02
   1.0553354e+00   8.4537096e-01   6.5382438e-02
   9.4948192e-01   5.0606197e-01   2.2108966e-01
   1.2144674e+00   2.4369301e-01   4.4754027e-01
   1.7263011e+00   1.3605969e-01   4.3624975e-01
   2.1277843e+00   1.2636847e-01   2.3742403e-01
   2.3087792e+00   1.8771680e-01   1.2001164e-01
   2.2704820e+00   3.3513486e-01   9.0112805e-02
   2.0207808e+00   5.5653408e-01   1.2079977e-01
   1.6669537e+00   6.7019642e-01   2.6891676e-01
   1.4618961e+00   4.4332658e-01   7.2090820e-01
   1.7137398e+00   1.4368750e-01   1.2783911e+00
   2.1150915e+00   4.5239042e-02   7.3475527e-01
   2.3684116e+00   4.2014982e-02   1.3295850e-01
   2.4577503e+00   8.4369134e-02   2.2344996e-02
   2.4007829e+00   1.9372642e-01   7.5409117e-03
   2.2058089e+00   4.1841789e-01   5.8434955e-03
   1.8370699e+00   7.4614547e-01   9.7800922e-03
   1.3476403e+00   9.4272149e-01   2.9189486e-02
   9.9917602e-01   7.5657765e-01   1.1007022e-01
   9.9767576e-01   4.0400417e-01   3.3310669e-01
   1.3886305e+00   1.8376779e-01   5.3830596e-01
   1.8977047e+00   1.1237895e-01   3.9569318e-01
   2.2269383e+00   1.2440569e-01   1.7787034e-01
   2.3466482e+00   2.0868324e-01   8.8512330e-02
   2.2274938e+00   3.8996258e-01   7.3884159e-02
   1.9218668e+00   6.3100891e-01   1.1524823e-01
   1.5428541e+00   6.9539361e-01   2.9089064e-01
   1.3868251e+00   3.9629451e-01   8.0913397e-01
   1.7087139e+00   1.1383483e-01   1.2826214e+00
   2.1379451e+00   3.8615296e-02   5.8402798e-01
   2.3819873e+00   4.3183321e-02   9.0209653e-02
   2.4611641e+00   9.1275726e-02   1.5582210e-02
   2.3853056e+00   2.1077752e-01   5.6891100e-03
   2.1749263e+00   4.4966626e-01   4.7965459e-03
   1.7874157e+00   7.8052829e-01   8.6273793e-03
   1.2968225e+00   9.4735076e-01   2.6935655e-02
   9.7440810e-01   7.3472290e-01   1.0207005e-01
   9.9903491e-01   3.9555468e-01   2.9997282e-01
   1.3901932e+00   1.9250871e-01   4.7462261e-01
   1.8909976e+00   1.2685849e-01   3.6547595e-01
   2.2120191e+00   1.4268611e-01   1.8545491e-01
   2.3267898e+00   2.3186289e-01   1.0584736e-01
   2.1989677e+00   4.1257306e-01   9.8168297e-02
   1.8970784e+00   6.2211127e-01   1.6200638e-01
   1.5646950e+00   6.1500903e-01   4.0314397e-01
   1.5264249e+00   3.0465092e-01   9.9174874e-01
   1.8745537e+00   8.6292658e-02   1.2085487e+00
   2.2383267e+00   3.7840989e-02   4.1715551e-01
   2.4180457e+00   5.3074684e-02   6.3142308e-02
   2.4650103e+00   1.1655956e-01   1.3405032e-02
   2.3453586e+00   2.6676184e-01   6.2499387e-03
   2.0832947e+00   5.4391577e-01   6.6689806e-03
   1.6455317e+00   8.6192549e-01   1.4509455e-02
   1.1744281e+00   9.1380545e-01   5.0024277e-02
   9.5215186e-01   6.1154845e-01   1.8284983e-01
   1.1075925e+00   2.9252590e-01   4.4728611e-01
   1.6020584e+00   1.3983422e-01   5.2337110e-01
   2.0606813e+00   1.0739043e-01   2.9274077e-01
   2.2982661e+00   1.4713285e-01   1.2575023e-01
   2.3344666e+00   2.6728094e-01   7.4007957e-02
   2.1266233e+00   4.8887614e-01   7.9123664e-02
   1.7641290e+00   7.0391344e-01   1.5472668e-01
   1.4213158e+00   6.1909419e-01   4.3565677e-01
   1.4572816e+00   2.5960608e-01   1.0788503e+00
   1.8733977e+00   6.8135476e-02   1.1203044e+00
   2.2527293e+00   3.4684383e-02   3.0532989e-01
   2.4253674e+00   5.5406919e-02   4.2360715e-02
   2.4539935e+00   1.2471869e-01   9.3883068e-03
   2.3263793e+00   2.8438727e-01   4.6835894e-03
   2.0518939e+00   5.7162185e-01   5.3278128e-03
   1.6028119e+00   8.8323835e-01   1.2181977e-02
   1.1398859e+00   9.0905655e-01   4.3038356e-02
   9.3823320e-01   6.0349580e-01   1.5649720e-01
   1.0994886e+00   3.0275246e-01   3.7778161e-01
   1.5866620e+00   1.5796544e-01   4.5749724e-01
   2.0366990e+00   1.2742273e-01   2.8907501e-01
   2.2725598e+00   1.6968868e-01   1.4733891e-01
   2.3065233e+00   2.9128489e-01   1.0000698e-01
   2.1010483e+00   4.9781627e-01   1.1652209e-01
   1.7644777e+00   6.5443409e-01   2.3202637e-01
   1.5060085e+00   5.0360723e-01   6.0738386e-01
   1.6867436e+00   1.8725428e-01   1.2235316e+00
   2.0642026e+00   5.5484245e-02   9.1644611e-01
   2.3411343e+00   4.0318467e-02   2.0339328e-01
   2.4503068e+00   7.4262359e-02   3.2802021e-02
   2.4233294e+00   1.6888974e-01   9.7438219e-03
   2.2509119e+00   3.7170426e-01   6.5825264e-03
   1.9119786e+00   6.9080666e-01   9.7870122e-03
   1.4289298e+00   9.3180381e-01   2.7043733e-02
   1.0391880e+00   8.0194983e-01   1.0079781e-01
   9.8206396e-01   4.4276998e-01   3.2333916e-01
   1.3306540e+00   1.9357788e-01   5.7265950e-01
   1.8514445e+00   1.0669065e-01   4.4341684e-01
   2.2112136e+00   1.0956155e-01   1.8923372e-01
   2.3527775e+00   1.8224185e-01   8.2930959e-02
   2.2653676e+00   3.5008923e-01   6.0453967e-02
   1.9794325e+00   6.0395407e-01   8.4657131e-02
   1.5797686e+00   7.4569056e-01   2.0451607e-01
   1.3219017e+00   5.0660740e-01   6.1002283e-01
   1.5694949e+00   1.6384940e-01   1.2361683e+00
   2.0221830e+00   4.7220956e-02   8.1018175e-01
   2.3313605e+00   3.8466068e-02   1.5303023e-01
   2.4485477e+00   7.4610188e-02   2.3545885e-02
   2.4144628e+00   1.7133859e-01   7.0270515e-03
   2.2425902e+00   3.7662047e-01   4.8160203e-03
   1.9019092e+00   6.9786173e-01   7.2552473e-03
   1.4172463e+00   9.3898008e-01   2.0252638e-02
   1.0271704e+00   8.1439490e-01   7.6067295e-02
   9.6057921e-01   4.6971766e-01   2.4779527e-01
   1.2662192e+00   2.2467680e-01   4.6557525e-01
   1.7800523e+00   1.3070767e-01   4.1841583e-01
   2.1582400e+00   1.2891600e-01   2.1876062e-01
   2.3181290e+00   1.9835424e-01   1.1280697e-01
   2.2519184e+00   3.5639936e-01   8.9502966e-02
   1.9849634e+00   5.7957746e-01   1.2759520e-01
   1.6302471e+00   6.6528381e-01   2.9580521e-01
   1.4611313e+00   4.0787888e-01   7.8717766e-01
   1.7446307e+00   1.2541709e-01   1.2842926e+00
   2.1457443e+00   4.1969125e-02   6.4428892e-01
   2.3822114e+00   4.3887413e-02   1.0816097e-01
   2.4607065e+00   9.0935782e-02   1.8987621e-02
   2.3885404e+00   2.0914750e-01   6.9066165e-03
   2.1791477e+00   4.4638249e-01   5.7780063e-03
   1.7933845e+00   7.7609539e-01   1.0316803e-02
   1.3037403e+00   9.4295326e-01   3.2027294e-02
   9.8185451e-01   7.2613448e-01   1.2080097e-01
   1.0144684e+00   3.7884140e-01   3.5087099e-01
   1.4360122e+00   1.7469931e-01   5.3169782e-01
   1.9351642e+00   1.1297099e-01   3.7154898e-01
   2.2425569e+00   1.3124243e-01   1.6789703e-01
   2.3467686e+00   2.2321055e-01   8.8140857e-02
   2.2054426e+00   4.1339100e-01   7.8695877e-02
   1.8865354e+00   6.4721739e-01   1.3012867e-01
   1.5184993e+00   6.7005610e-01   3.3688616e-01
   1.4181493e+00   3.4865559e-01   9.0293050e-01
   1.7706170e+00   9.6238998e-02   1.2592471e+00
   2.1827200e+00   3.6546182e-02   4.8475470e-01
   2.3996793e+00   4.6569868e-02   7.0863734e-02
   2.4641720e+00   1.0105223e-01   1.3200459e-02
   2.3689623e+00   2.3311353e-01   5.3357434e-03
   2.1375362e+00   4.8875517e-01   4.9753360e-03
   1.7276179e+00   8.1830637e-01   9.7268846e-03
   1.2410554e+00   9.4102562e-01   3.1838286e-02
   9.5695235e-01   6.9082531e-01   1.1984257e-01
   1.0281843e+00   3.6047454e-01   3.3116113e-01
   1.4630292e+00   1.7767530e-01   4.7750062e-01
   1.9488950e+00   1.2528076e-01   3.3936026e-01
   2.2382475e+00   1.5030209e-01   1.7006125e-01
   2.3301140e+00   2.5048114e-01   1.0224225e-01
   2.1697220e+00   4.4303489e-01   1.0243902e-01
   1.8498184e+00   6.4102007e-01   1.8153624e-01
   1.5338226e+00   5.8373059e-01   4.6547348e-01
   1.5701462e+00   2.5965177e-01   1.0868444e+00
   1.9389764e+00   7.2586884e-02   1.1288043e+00
   2.2771660e+00   3.7437209e-02   3.2774556e-01
   2.4314953e+00   5.8835866e-02   4.9079516e-02
   2.4560668e+00   1.3151687e-01   1.1550543e-02
   2.3183112e+00   2.9829154e-01   6.0763653e-03
   2.0311168e+00   5.9215592e-01   7.2501134e-03
   1.5737077e+00   8.9338845e-01   1.7172790e-02
   1.1222123e+00   8.8633890e-01   6.1367891e-02
   9.5090920e-01   5.5756088e-01   2.1757100e-01
   1.1646087e+00   2.5903845e-01   4.8523630e-01
   1.6757012e+00   1.2857616e-01   5.0277944e-01
   2.1088424e+00   1.0775583e-01   2.5858180e-01
   2.3165332e+00   1.5740486e-01   1.1145479e-01
   2.3135809e+00   2.9145512e-01   7.0174101e-02
   2.0827612e+00   5.2358085e-01   8.1810405e-02
   1.7082313e+00   7.1890966e-01   1.7133744e-01
   1.3901795e+00   5.8265010e-01   4.9270458e-01
   1.5001372e+00   2.2302778e-01   1.1482975e+00
   1.9310910e+00   5.9516774e-02   1.0244090e+00
   2.2844636e+00   3.5547203e-02   2.4387807e-01
   2.4353668e+00   6.1442725e-02   3.4676733e-02
   2.4408415e+00   1.3958919e-01   8.5225318e-03
   2.2991996e+00   3.1455625e-01   4.7586134e-03
   2.0021852e+00   6.1573357e-01   5.9874062e-03
   1.5374717e+00   9.0830704e-01   1.4746588e-02
   1.0957387e+00   8.8032840e-01   5.3577720e-02
   9.4089673e-01   5.5402914e-01   1.8866395e-01
   1.1541413e+00   2.7085843e-01   4.1810131e-01
   1.6573135e+00   1.4496902e-01   4.5298506e-01
   2.0853993e+00   1.2504325e-01   2.6267521e-01
   2.2936435e+00   1.7663795e-01   1.3138304e-01
   2.2910065e+00   3.1099786e-01   9.2828926e-02
   2.0630894e+00   5.2704846e-01   1.1547839e-01
   1.7146923e+00   6.6833186e-01   2.4345083e-01
   1.4745374e+00   4.8160252e-01   6.5082377e-01
   1.6875262e+00   1.6754732e-01   1.2537535e+00
   2.0815309e+00   5.0264154e-02   8.4025215e-01
   2.3518774e+00   4.0521660e-02   1.6893825e-01
   2.4536041e+00   7.7809210e-02   2.7382634e-02
   2.4141298e+00   1.7795391e-01   8.5224845e-03
   2.2337840e+00   3.8902806e-01   6.0664378e-03
   1.8837266e+00   7.1219355e-01   9.4400580e-03
   1.3973360e+00   9.3794780e-01   2.6892594e-02
   1.0220023e+00   7.8742084e-01   1.0089540e-01
   9.8408294e-01   4.3135581e-01   3.1778856e-01
   1.3432562e+00   1.9315611e-01   5.4831976e-01
   1.8601394e+00   1.1115171e-01   4.2364526e-01
   2.2113997e+00   1.1676240e-01   1.8835558e-01
   2.3471554e+00   1.9324034e-01   8.7971397e-02
   2.2506262e+00   3.6514557e-01   6.7998491e-02
   1.9590455e+00   6.1230769e-01   9.9317391e-02
   1.5699563e+00   7.2099547e-01   2.4325121e-01
   1.3560119e+00   4.5448052e-01   7.0153208e-01
   1.6375577e+00   1.3875793e-01   1.2753306e+00
   2.0804431e+00   4.2474142e-02   7.0784896e-01
   2.3576070e+00   4.0162651e-02   1.2026111e-01
   2.4557054e+00   8.1505044e-02   1.9320020e-02
   2.4021535e+00   1.8794240e-01   6.2987162e-03
   2.2138066e+00   4.0802804e-01   4.7351833e-03
   1.8522145e+00   7.3536418e-01   7.7283503e-03
   1.3626892e+00   9.4617128e-01   2.2732608e-02
   1.0008636e+00   7.8085013e-01   8.6035762e-02
   9.7426243e-01   4.3646494e-01   2.6872414e-01
   1.3171880e+00   2.1022510e-01   4.6915467e-01
   1.8277470e+00   1.2908511e-01   3.9451234e-01
   2.1818076e+00   1.3497267e-01   2.0370268e-01
   2.3219699e+00   2.1279118e-01   1.0997718e-01
   2.2291322e+00   3.8061986e-01   9.3608696e-02
   1.9470740e+00   5.9891005e-01   1.4251731e-01
   1.6010297e+00   6.4452274e-01   3.4142020e-01
   1.4876761e+00   3.5949306e-01   8.8021235e-01
   1.8033802e+00   1.0567335e-01   1.2657209e+00
   2.1901608e+00   3.9500585e-02   5.3501187e-01
   2.4000262e+00   4.7637699e-02   8.4533127e-02
   2.4634804e+00   1.0177898e-01   1.6107855e-02
   2.3700353e+00   2.3381632e-01   6.5577637e-03
   2.1377199e+00   4.8940316e-01   6.1332488e-03
   1.7275038e+00   8.1733928e-01   1.2006525e-02
   1.2427010e+00   9.3465250e-01   3.9253619e-02
   9.6420488e-01   6.7488343e-01   1.4675397e-01
   1.0520165e+00   3.3739234e-01   3.9616730e-01
   1.5180086e+00   1.5702189e-01   5.3465524e-01
   1.9991409e+00   1.0977520e-01   3.3581030e-01
   2.2717743e+00   1.3812165e-01   1.4745457e-01
   2.3515617e+00   2.4286812e-01   8.1466673e-02
   2.1728939e+00   4.4936866e-01   7.9142630e-02
   1.8293363e+00   6.7735189e-01   1.4225687e-01
   1.4693898e+00   6.4789070e-01   3.8543184e-01
   1.4341532e+00   3.0139398e-01   9.9887083e-01
   1.8223595e+00   7.9902584e-02   1.2042146e+00
   2.2202931e+00   3.4839969e-02   3.8487943e-01
   2.4141425e+00   5.0373091e-02   5.3636750e-02
   2.4658232e+00   1.1179702e-01   1.0807396e-02
   2.3508184e+00   2.5739449e-01   4.8329384e-03
   2.0971640e+00   5.2959645e-01   4.9758869e-03
   1.6659149e+00   8.5347862e-01   1.0540848e-02
   1.1878374e+00   9.2949821e-01   3.5985554e-02
   9.4328244e-01   6.4913213e-01   1.3379403e-01
   1.0577625e+00   3.3285473e-01   3.4740002e-01
   1.5251160e+00   1.6940250e-01   4.6253497e-01
   1.9924290e+00   1.2846900e-01   3.1341831e-01
   2.2537672e+00   1.6216729e-01   1.6105815e-01
   2.3219925e+00   2.7270846e-01   1.0447345e-01
   2.1359886e+00   4.7184835e-01   1.1396318e-01
   1.8077997e+00   6.4505767e-01   2.1509335e-01
   1.5270108e+00   5.3187669e-01   5.5499046e-01
   1.6637171e+00   2.1221741e-01   1.1807460e+00
   2.0307886e+00   6.1685605e-02   1.0022994e+00
   2.3232140e+00   3.9503266e-02   2.4730978e-01
   2.4451191e+00   6.8914256e-02   3.9078176e-02
   2.4355816e+00   1.5574783e-01   1.0772174e-02
   2.2749954e+00   3.4634473e-01   6.7109706e-03
   1.9530889e+00   6.5844264e-01   9.2972373e-03
   1.4764385e+00   9.2200648e-01   2.4486790e-02
   1.0645165e+00   8.2969144e-01   9.0307915e-02
   9.7163864e-01   4.7381911e-01   2.9971082e-01
   1.2833929e+00   2.0729891e-01   5.6803485e-01
   1.8073489e+00   1.0858090e-01   4.7101203e-01
   2.1895684e+00   1.0500443e-01   2.0457163e-01
   2.3486077e+00   1.7044936e-01   8.5923714e-02
   2.2843660e+00   3.2805277e-01   5.8582569e-02
   2.0145010e+00   5.7995124e-01   7.6872698e-02
   1.6157222e+00   7.5189927e-01   1.7832967e-01
   1.3217394e+00   5.5298839e-01   5.3634378e-01
   1.5071486e+00   1.9227847e-01   1.1863675e+00
   1.9621180e+00   5.2795414e-02   9.1245175e-01
   2.3027630e+00   3.6852210e-02   1.9269307e-01
   2.4404319e+00   6.7747937e-02   2.8404662e-02
   2.4270149e+00   1.5478474e-01   7.6974290e-03
   2.2715634e+00   3.4454468e-01   4.7657782e-03
   1.9532578e+00   6.5675637e-01   6.5680941e-03
   1.4771463e+00   9.2626325e-01   1.7254551e-02
   1.0593244e+00   8.4944779e-01   6.3929024e-02
   9.4813239e-01   5.1122393e-01   2.1721747e-01
   1.2074252e+00   2.4658260e-01   4.4418708e-01
   1.7186027e+00   1.3702568e-01   4.3811521e-01
   2.1231680e+00   1.2623806e-01   2.4013214e-01
   2.3071394e+00   1.8650843e-01   1.2125526e-01
   2.2727220e+00   3.3246514e-01   9.0460514e-02
   2.0254529e+00   5.5328568e-01   1.2029987e-01
   1.6722375e+00   6.7000104e-01   2.6624078e-01
   1.4633896e+00   4.4728507e-01   7.1352640e-01
   1.7111430e+00   1.4602979e-01   1.2765988e+00
   2.1118051e+00   4.5716813e-02   7.4568583e-01
   2.3668176e+00   4.1852267e-02   1.3636152e-01
   2.4573667e+00   8.3687131e-02   2.2828154e-02
   2.4021475e+00   1.9209253e-01   7.6416909e-03
   2.2086907e+00   4.1540544e-01   5.8716471e-03
   1.8418280e+00   7.4276970e-01   9.7564567e-03
   1.3525872e+00   9.4239800e-01   2.8987202e-02
   1.0013584e+00   7.5965005e-01   1.0926992e-01
   9.9629815e-01   4.0651698e-01   3.3202761e-01
   1.3843949e+00   1.8450443e-01   5.3989944e-01
   1.8943662e+00   1.1212136e-01   3.9845536e-01
   2.2256964e+00   1.2352621e-01   1.7870143e-01
   2.3469026e+00   2.0703144e-01   8.8297243e-02
   2.2299067e+00   3.8745571e-01   7.3121220e-02
   1.9255300e+00   6.2944098e-01   1.1332494e-01
   1.5450680e+00   6.9866334e-01   2.8532544e-01
   1.3824892e+00   4.0242039e-01   7.9738570e-01
   1.7005325e+00   1.1621978e-01   1.2835371e+00
   2.1318570e+00   3.8930835e-02   5.9668956e-01
   2.3795181e+00   4.2802165e-02   9.2918491e-02
   2.4606720e+00   9.0134207e-02   1.5908450e-02
   2.3872191e+00   2.0814412e-01   5.7355823e-03
   2.1793614e+00   4.4495362e-01   4.7753109e-03
   1.7946837e+00   7.7567917e-01   8.4991674e-03
   1.3039176e+00   9.4768120e-01   2.6370508e-02
   9.7693325e-01   7.4008103e-01   9.9963340e-02
   9.9576970e-01   4.0014279e-01   2.9592389e-01
   1.3813105e+00   1.9456299e-01   4.7364724e-01
   1.8835396e+00   1.2720291e-01   3.6861691e-01
   2.2084522e+00   1.4189382e-01   1.8755657e-01
   2.3261346e+00   2.2974089e-01   1.0645247e-01
   2.2023733e+00   4.0892063e-01   9.7825938e-02
   1.9028530e+00   6.1942309e-01   1.6001218e-01
   1.5690388e+00   6.1810938e-01   3.9646095e-01
   1.5225577e+00   3.1016009e-01   9.8022492e-01
   1.8674562e+00   8.8147047e-02   1.2161066e+00
   2.2336748e+00   3.7977117e-02   4.2878482e-01
   2.4163463e+00   5.2484999e-02   6.5136045e-02
   2.4649255e+00   1.1497224e-01   1.3674661e-02
   2.3480044e+00   2.6324876e-01   6.2888256e-03
   2.0890646e+00   5.3825296e-01   6.6221022e-03
   1.6539809e+00   8.5766939e-01   1.4257465e-02
   1.1811110e+00   9.1636891e-01   4.8912764e-02
   9.5301363e-01   6.1783366e-01   1.7928854e-01
   1.1017321e+00   2.9659518e-01   4.4308199e-01
   1.5938403e+00   1.4120178e-01   5.2566393e-01
   2.0550720e+00   1.0735305e-01   2.9689873e-01
   2.2960979e+00   1.4595085e-01   1.2749194e-01
   2.3369244e+00   2.6451998e-01   7.4430228e-02
   2.1316839e+00   4.8485887e-01   7.8753132e-02
   1.7706139e+00   7.0202377e-01   1.5273662e-01
   1.4250160e+00   6.2340718e-01   4.2889895e-01
   1.4522315e+00   2.6437770e-01   1.0695147e+00
   1.8661258e+00   6.9332870e-02   1.1310234e+00
   2.2485596e+00   3.4624310e-02   3.1366839e-01
   2.4239979e+00   5.4722382e-02   4.3442206e-02
   2.4555937e+00   1.2300951e-01   9.5090439e-03
   2.3295585e+00   2.8087460e-01   4.6788112e-03
   2.0577351e+00   5.6630271e-01   5.2566369e-03
   1.6107458e+00   8.7980986e-01   1.1907391e-02
   1.1455980e+00   9.1210826e-01   4.1904959e-02
   9.3836593e-01   6.0952711e-01   1.5288744e-01
   1.0933825e+00   3.0681788e-01   3.7275615e-01
   1.5782312e+00   1.5969297e-01   4.5747301e-01
   2.0305936e+00   1.2783568e-01   2.9222090e-01
   2.2697798e+00   1.6898900e-01   1.4942503e-01
   2.3082091e+00   2.8908164e-01   1.0100474e-01
   2.1054416e+00   4.9437097e-01   1.1679447e-01
   1.7704457e+00   6.5245116e-01   2.3095918e-01
   1.5102274e+00   5.0581503e-01   6.0275834e-01
   1.6872643e+00   1.8958811e-01   1.2195369e+00
   2.0624595e+00   5.6153958e-02   9.2483879e-01
   2.3399333e+00   4.0331899e-02   2.0773344e-01
   2.4499096e+00   7.3900805e-02   3.3513135e-02
   2.4243841e+00   1.6793713e-01   9.9065908e-03
   2.2527688e+00   3.6986620e-01   6.6547375e-03
   1.9150132e+00   6.8848145e-01   9.8454499e-03
   1.4323823e+00   9.3101314e-01   2.7113639e-02
   1.0411695e+00   8.0334910e-01   1.0097261e-01
   9.8207872e-01   4.4380457e-01   3.2446504e-01
   1.3298333e+00   1.9342971e-01   5.7599627e-01
   1.8510305e+00   1.0608572e-01   4.4565916e-01
   2.2115301e+00   1.0871071e-01   1.8911229e-01
   2.3535616e+00   1.8101219e-01   8.2234127e-02
   2.2669656e+00   3.4845035e-01   5.9541518e-02
   1.9815923e+00   6.0306055e-01   8.2989051e-02
   1.5807533e+00   7.4850748e-01   2.0018969e-01
   1.3180263e+00   5.1286505e-01   5.9937393e-01
   1.5614672e+00   1.6711831e-01   1.2295918e+00
   2.0148983e+00   4.7911665e-02   8.2194918e-01
   2.3279358e+00   3.8336028e-02   1.5752382e-01
   2.4475358e+00   7.3898173e-02   2.4155350e-02
   2.4158015e+00   1.6958003e-01   7.1401449e-03
   2.2456907e+00   3.7323312e-01   4.8433040e-03
   1.9073259e+00   6.9363152e-01   7.2307259e-03
   1.4234152e+00   9.3781203e-01   2.0061838e-02
   1.0304199e+00   8.1780904e-01   7.5256930e-02
   9.5952697e-01   4.7322909e-01   2.4618319e-01
   1.2613879e+00   2.2606231e-01   4.6600419e-01
   1.7754430e+00   1.3068789e-01   4.2138393e-01
   2.1560719e+00   1.2808921e-01   2.2027911e-01
   2.3179863e+00   1.9665968e-01   1.1286151e-01
   2.2545016e+00   3.5372895e-01   8.8781236e-02
   1.9890140e+00   5.7759371e-01   1.2561797e-01
   1.6330764e+00   6.6804257e-01   2.9022461e-01
   1.4572931e+00   4.1416690e-01   7.7552957e-01
   1.7367401e+00   1.2810284e-01   1.2847947e+00
   2.1396390e+00   4.2330306e-02   6.5834342e-01
   2.3797085e+00   4.3444680e-02   1.1147151e-01
   2.4602499e+00   8.9629201e-02   1.9371377e-02
   2.3907734e+00   2.0615377e-01   6.9449641e-03
   2.1842027e+00   4.4103557e-01   5.7269222e-03
   1.8016404e+00   7.7060502e-01   1.0103106e-02
   1.3117810e+00   9.4346476e-01   3.1142015e-02
   9.8454867e-01   7.3267362e-01   1.1752558e-01
   1.0100324e+00   3.8462018e-01   3.4443156e-01
   1.4238914e+00   1.7739436e-01   5.2990131e-01
   1.9253585e+00   1.1356350e-01   3.7600601e-01
   2.2378910e+00   1.3045626e-01   1.7080223e-01
   2.3457428e+00   2.2074696e-01   8.9128878e-02
   2.2095288e+00   4.0872991e-01   7.8699716e-02
   1.8940184e+00   6.4295596e-01   1.2866771e-01
   1.5253397e+00   6.7243135e-01   3.3091069e-01
   1.4168478e+00   3.5514437e-01   8.9005889e-01
   1.7640618e+00   9.8704033e-02   1.2643976e+00
   2.1775493e+00   3.6861249e-02   4.9920458e-01
   2.3976015e+00   4.6118097e-02   7.3605218e-02
   2.4638616e+00   9.9715113e-02   1.3578130e-02
   2.3712641e+00   2.3005514e-01   5.4157792e-03
   2.1426731e+00   4.8348114e-01   4.9837113e-03
   1.7356623e+00   8.1342023e-01   9.6381217e-03
   1.2483385e+00   9.4205946e-01   3.1359373e-02
   9.5917139e-01   6.9624262e-01   1.1816957e-01
   1.0247023e+00   3.6423461e-01   3.2909878e-01
   1.4551763e+00   1.7881083e-01   4.7947666e-01
   1.9431840e+00   1.2487705e-01   3.4294247e-01
   2.2361637e+00   1.4878426e-01   1.7130258e-01
   2.3305810e+00   2.4763239e-01   1.0194850e-01
   2.1738845e+00   4.3912555e-01   1.0098301e-01
   1.8554628e+00   6.3995582e-01   1.7737687e-01
   1.5354042e+00   5.9036070e-01   4.5405344e-01
   1.5588882e+00   2.6669739e-01   1.0722212e+00
   1.9264792e+00   7.4402892e-02   1.1438344e+00
   2.2704302e+00   3.7300188e-02   3.4041835e-01
   2.4293430e+00   5.7666094e-02   5.0790675e-02
   2.4587439e+00   1.2863166e-01   1.1715599e-02
   2.3236288e+00   2.9243692e-01   6.0279879e-03
   2.0407765e+00   5.8357318e-01   7.0512250e-03
   1.5864277e+00   8.8855252e-01   1.6459623e-02
   1.1307240e+00   8.9240306e-01   5.8500958e-02
   9.4977770e-01   5.6818224e-01   2.0882574e-01
   1.1517477e+00   2.6599540e-01   4.7460430e-01
   1.6597702e+00   1.3139671e-01   5.0497024e-01
   2.0982811e+00   1.0832992e-01   2.6540572e-01
   2.3120501e+00   1.5606403e-01   1.1500552e-01
   2.3168905e+00   2.8734868e-01   7.1792898e-02
   2.0907549e+00   5.1693529e-01   8.2518378e-02
   1.7193756e+00   7.1441632e-01   1.7062664e-01
   1.3989973e+00   5.8572977e-01   4.8759384e-01
   1.5000335e+00   2.2701398e-01   1.1423929e+00
   1.9275311e+00   6.0491916e-02   1.0373566e+00
   2.2821775e+00   3.5460521e-02   2.5100676e-01
   2.4346717e+00   6.0771234e-02   3.5603322e-02
   2.4424901e+00   1.3793316e-01   8.6546314e-03
   2.3022982e+00   3.1124242e-01   4.7750426e-03
   2.0076599e+00   6.1102986e-01   5.9447832e-03
   1.5444368e+00   9.0588129e-01   1.4529760e-02
   1.1002490e+00   8.8346343e-01   5.2648951e-02
   9.4055041e-01   5.5876727e-01   1.8605369e-01
   1.1488347e+00   2.7348715e-01   4.1584286e-01
   1.6509360e+00   1.4571947e-01   4.5491072e-01
   2.0814508e+00   1.2477211e-01   2.6515739e-01
   2.2923317e+00   1.7542654e-01   1.3233699e-01
   2.2931569e+00   3.0857040e-01   9.2861683e-02
   2.0672440e+00   5.2423252e-01   1.1461747e-01
   1.7191322e+00   6.6852645e-01   2.4034481e-01
   1.4749657e+00   4.8620943e-01   6.4270745e-01
   1.6837149e+00   1.7047435e-01   1.2499617e+00
   2.0770797e+00   5.0882330e-02   8.5234561e-01
   2.3496986e+00   4.0338835e-02   1.7347732e-01
   2.4530438e+00   7.7019582e-02   2.7991492e-02
   2.4157245e+00   1.7606029e-01   8.6235721e-03
   2.2371425e+00   3.8545645e-01   6.0730744e-03
   1.8894187e+00   7.0792008e-01   9.3636229e-03
   1.4035779e+00   9.3715006e-01   2.6514787e-02
   1.0249694e+00   7.9141521e-01   9.9393335e-02
   9.8225414e-01   4.3534814e-01   3.1464559e-01
   1.3366246e+00   1.9486810e-01   5.4792149e-01
   1.8542585e+00   1.1135691e-01   4.2708968e-01
   2.2086001e+00   1.1608963e-01   1.9023756e-01
   2.3466856e+00   1.9155146e-01   8.8338431e-02
   2.2533189e+00   3.6210086e-01   6.7685421e-02
   1.9638390e+00   6.0937323e-01   9.8035797e-02
   1.5743860e+00   7.2265493e-01   2.3896156e-01
   1.3547791e+00   4.6063333e-01   6.9074700e-01
   1.6313442e+00   1.4177550e-01   1.2727243e+00
   2.0745903e+00   4.3017402e-02   7.2176452e-01
   2.3549593e+00   3.9913636e-02   1.2419374e-01
   2.4550474e+00   8.0580736e-02   1.9828095e-02
   2.4038405e+00   1.8574299e-01   6.3910498e-03
   2.2176188e+00   4.0392650e-01   4.7483708e-03
   1.8586773e+00   7.3063262e-01   7.6719712e-03
   1.3695802e+00   9.4552685e-01   2.2421570e-02
   1.0040089e+00   7.8519966e-01   8.4800785e-02
   9.7236191e-01   4.4048641e-01   2.6634219e-01
   1.3107770e+00   2.1184555e-01   4.6928046e-01
   1.8220005e+00   1.2913958e-01   3.9765991e-01
   2.1791250e+00   1.3406762e-01   2.0541454e-01
   2.3217100e+00   2.1081792e-01   1.1015775e-01
   2.2321705e+00   3.7747197e-01   9.2892909e-02
   1.9518912e+00   5.9672854e-01   1.4025788e-01
   1.6042665e+00   6.4788024e-01   3.3478352e-01
   1.4829746e+00   3.6593203e-01   8.6759851e-01
   1.7948827e+00   1.0807852e-01   1.2699283e+00
   2.1842027e+00   3.9739279e-02   5.4900789e-01
   2.3977351e+00   4.7061826e-02   8.7268712e-02
   2.4631964e+00   1.0019083e-01   1.6428100e-02
   2.3726894e+00   2.3024434e-01   6.5837795e-03
   2.1436624e+00   4.8329967e-01   6.0635119e-03
   1.7367726e+00   8.1183540e-01   1.1721973e-02
   1.2509247e+00   9.3638480e-01   3.8065251e-02
   9.6614172e-01   6.8230855e-01   1.4257489e-01
   1.0460219e+00   3.4322010e-01   3.8912026e-01
   1.5080090e+00   1.5953999e-01   5.3421559e-01
   1.9911941e+00   1.1044747e-01   3.4091499e-01
   2.2679830e+00   1.3745309e-01   1.5061279e-01
   2.3507707e+00   2.4044771e-01   8.2808773e-02
   2.1771898e+00   4.4455019e-01   7.9644718e-02
   1.8372364e+00   6.7278271e-01   1.4162430e-01
   1.4770429e+00   6.4932857e-01   3.8112952e-01
   1.4350792e+00   3.0589413e-01   9.8991315e-01
   1.8189509e+00   8.1473327e-02   1.2112345e+00
   2.2174420e+00   3.5021365e-02   3.9473321e-01
   2.4130164e+00   5.0028809e-02   5.5296383e-02
   2.4657317e+00   1.1080173e-01   1.1065649e-02
   2.3525418e+00   2.5514315e-01   4.9043721e-03
   2.1009162e+00   5.2587027e-01   5.0052678e-03
   1.6715266e+00   8.5041469e-01   1.0528486e-02
   1.1925435e+00   9.3059662e-01   3.5814317e-02
   9.4452000e-01   6.5243506e-01   1.3331473e-01
   1.0556279e+00   3.3457292e-01   3.4791681e-01
   1.5214425e+00   1.6946679e-01   4.6561418e-01
   1.9902722e+00   1.2767650e-01   3.1562456e-01
   2.2535292e+00   1.6068953e-01   1.6119135e-01
   2.3243420e+00   2.7046830e-01   1.0360705e-01
   2.1394086e+00   4.6978515e-01   1.1208969e-01
   1.8105524e+00   6.4647419e-01   2.1063229e-01
   1.5246401e+00   5.3842243e-01   5.4467336e-01
   1.6501768e+00   2.1674707e-01   1.1730574e+00
   2.0197816e+00   6.2449480e-02   1.0170271e+00
   2.3182592e+00   3.9053018e-02   2.5405124e-01
   2.4438447e+00   6.7521442e-02   3.9685871e-02
   2.4379344e+00   1.5253690e-01   1.0718589e-02
   2.2804791e+00   3.4011090e-01   6.5399215e-03
   1.9630136e+00   6.5029869e-01   8.8971943e-03
   1.4882599e+00   9.1954170e-01   2.3143335e-02
   1.0706019e+00   8.3823186e-01   8.5125047e-02
   9.6707164e-01   4.8544430e-01   2.8541810e-01
   1.2642473e+00   2.1462619e-01   5.5421837e-01
   1.7875673e+00   1.1163977e-01   4.7579910e-01
   2.1778014e+00   1.0570766e-01   2.1247240e-01
   2.3437877e+00   1.6894089e-01   8.9839841e-02
   2.2881260e+00   3.2311043e-01   6.0710489e-02
   2.0239312e+00   5.7182440e-01   7.8464768e-02
   1.6291710e+00   7.4597323e-01   1.7947228e-01
   1.3336011e+00   5.5420800e-01   5.3552606e-01
   1.5129679e+00   1.9442019e-01   1.1871713e+00
   1.9636151e+00   5.3246629e-02   9.2324030e-01
   2.3030137e+00   3.6718031e-02   1.9663774e-01
   2.4406161e+00   6.7231400e-02   2.8880602e-02
   2.4282925e+00   1.5357700e-01   7.7667332e-03
   2.2738070e+00   3.4221291e-01   4.7711663e-03
   1.9570685e+00   6.5368271e-01   6.5310189e-03
   1.4816714e+00   9.2510972e-01   1.7076857e-02
   1.0619063e+00   8.5186704e-01   6.3191864e-02
   9.4746489e-01   5.1424282e-01   2.1532427e-01
   1.2035027e+00   2.4813714e-01   4.4291583e-01
   1.7143510e+00   1.3741829e-01   4.3961547e-01
   2.1207288e+00   1.2598156e-01   2.4164483e-01
   2.3064218e+00   1.8561102e-01   1.2177117e-01
   2.2742499e+00   3.3074420e-01   9.0408284e-02
   2.0283155e+00   5.5145543e-01   1.1960806e-01
   1.6750938e+00   6.7051864e-01   2.6383406e-01
   1.4631414e+00   4.5054446e-01   7.0762263e-01
   1.7081118e+00   1.4779516e-01   1.2752618e+00
   2.1087894e+00   4.6043319e-02   7.5391011e-01
   2.3654402e+00   4.1688754e-02   1.3885010e-01
   2.4570521e+00   8.3097852e-02   2.3153950e-02
   2.4032554e+00   1.9070359e-01   7.6961740e-03
   2.2111036e+00   4.1284719e-01   5.8707521e-03
   1.8458494e+00   7.3990597e-01   9.6948939e-03
   1.3567693e+00   9.4219303e-01   2.8693240e-02
   1.0031147e+00   7.6254663e-01   1.0813828e-01
   9.9474500e-01   4.0915004e-01   3.2984193e-01
   1.3795951e+00   1.8559455e-01   5.3981935e-01
   1.8903471e+00   1.1222215e-01   4.0075011e-01
   2.2238576e+00   1.2301500e-01   1.7989216e-01
   2.3466532e+00   2.0578830e-01   8.8517731e-02
   2.2318671e+00   3.8528354e-01   7.2863655e-02
   1.9289120e+00   6.2757873e-01   1.1229267e-01
   1.5479091e+00   7.0026866e-01   2.8188996e-01
   1.3809305e+00   4.0656375e-01   7.8959484e-01
   1.6958749e+00   1.1794765e-01   1.2840825e+00
   2.1280642e+00   3.9185221e-02   6.0581807e-01
   2.3779301e+00   4.2566312e-02   9.4956459e-02
   2.4603480e+00   8.9394254e-02   1.6167785e-02
   2.3884987e+00   2.0642518e-01   5.7812284e-03
   2.1822797e+00   4.4186227e-01   4.7735645e-03
   1.7994703e+00   7.7245207e-01   8.4370323e-03
   1.3086401e+00   9.4778952e-01   2.6068812e-02
   9.7870938e-01   7.4345033e-01   9.8830988e-02
   9.9387179e-01   4.0294285e-01   2.9390372e-01
   1.3761095e+00   1.9568538e-01   4.7370561e-01
   1.8792249e+00   1.2724860e-01   3.7078905e-01
   2.2065086e+00   1.4122893e-01   1.8872956e-01
   2.3259626e+00   2.2825102e-01   1.0661629e-01
   2.2046714e+00   4.0656028e-01   9.7341111e-02
   1.9064642e+00   6.1798301e-01   1.5830012e-01
   1.5712682e+00   6.2079463e-01   3.9130713e-01
   1.5186722e+00   3.1430952e-01   9.7168546e-01
   1.8615395e+00   8.9487170e-02   1.2216400e+00
   2.2299523e+00   3.8044698e-02   4.3728442e-01
   2.4150148e+00   5.2008505e-02   6.6545414e-02
   2.4648696e+00   1.1372256e-01   1.3843710e-02
   2.3500569e+00   2.6049600e-01   6.2973688e-03
   2.0935713e+00   5.3380385e-01   6.5617576e-03
   1.6606163e+00   8.5430103e-01   1.4010766e-02
   1.1863732e+00   9.1845655e-01   4.7877647e-02
   9.5358953e-01   6.2311802e-01   1.7589415e-01
   1.0966395e+00   3.0026850e-01   4.3841127e-01
   1.5865650e+00   1.4264800e-01   5.2656436e-01
   2.0498789e+00   1.0760236e-01   3.0045342e-01
   2.2938545e+00   1.4525470e-01   1.2931798e-01
   2.3386549e+00   2.6251890e-01   7.5136177e-02
   2.1356214e+00   4.8163343e-01   7.8898667e-02
   1.7760291e+00   6.9982790e-01   1.5200094e-01
   1.4291187e+00   6.2540968e-01   4.2549800e-01
   1.4511049e+00   2.6721605e-01   1.0644423e+00
   1.8629361e+00   7.0091359e-02   1.1377442e+00
   2.2465334e+00   3.4608940e-02   3.1898416e-01
   2.4233207e+00   5.4340156e-02   4.4158814e-02
   2.4566100e+00   1.2204637e-01   9.5983874e-03
   2.3314014e+00   2.7889640e-01   4.6857933e-03
   2.0610509e+00   5.6329432e-01   5.2274035e-03
   1.6152516e+00   8.7782428e-01   1.1778267e-02
   1.1488854e+00   9.1373733e-01   4.1356994e-02
   9.3855269e-01   6.1279594e-01   1.5115772e-01
   1.0902147e+00   3.0892973e-01   3.7051534e-01
   1.5738478e+00   1.6049691e-01   4.5785282e-01
   2.0274887e+00   1.2791926e-01   2.9393584e-01
   2.2684651e+00   1.6846461e-01   1.5040022e-01
   2.3093007e+00   2.8776165e-01   1.0134846e-01
   2.1079301e+00   4.9251970e-01   1.1665680e-01
   1.7735480e+00   6.5177508e-01   2.2982308e-01
   1.5117834e+00   5.0772368e-01   5.9917184e-01
   1.6864882e+00   1.9122250e-01   1.2168549e+00
   2.0606562e+00   5.6576987e-02   9.3076013e-01
   2.3389036e+00   4.0295522e-02   2.1063842e-01
   2.4496050e+00   7.3572887e-02   3.3951140e-02
   2.4251831e+00   1.6711792e-01   9.9915335e-03
   2.2542925e+00   3.6829416e-01   6.6790574e-03
   1.9175685e+00   6.8651058e-01   9.8394312e-03
   1.4352835e+00   9.3044817e-01   2.7019494e-02
   1.0427130e+00   8.0491891e-01   1.0056096e-01
   9.8159291e-01   4.4535675e-01   3.2377366e-01
   1.3275890e+00   1.9393621e-01   5.7677914e-01
   1.8490914e+00   1.0598782e-01   4.4743345e-01
   2.2107414e+00   1.0827919e-01   1.8968998e-01
   2.3536206e+00   1.8017022e-01   8.2157911e-02
   2.2682119e+00   3.4706336e-01   5.9209637e-02
   1.9836691e+00   6.0181747e-01   8.2197982e-02
   1.5825177e+00   7.4959713e-01   1.9787273e-01
   1.3168968e+00   5.1654360e-01   5.9329931e-01
   1.5575098e+00   1.6916549e-01   1.2258599e+00
   2.0109171e+00   4.8350439e-02   8.2949273e-01
   2.3260088e+00   3.8258092e-02   1.6042535e-01
   2.4469692e+00   7.3461797e-02   2.4550271e-02
   2.4166560e+00   1.6850316e-01   7.2140281e-03
   2.2476044e+00   3.7115742e-01   4.8623463e-03
   1.9106552e+00   6.9102518e-01   7.2187835e-03
   1.4272213e+00   9.3706146e-01   1.9953445e-02
   1.0324485e+00   8.1987737e-01   7.4790416e-02
   9.5892457e-01   4.7536332e-01   2.4527588e-01
   1.2585058e+00   2.2688267e-01   4.6638062e-01
   1.7726926e+00   1.3064792e-01   4.2325473e-01
   2.1547986e+00   1.2755927e-01   2.2118939e-01
   2.3179377e+00   1.9560325e-01   1.1285903e-01
   2.2560996e+00   3.5208511e-01   8.8302370e-02
   1.9914895e+00   5.7639300e-01   1.2435980e-01
   1.6347659e+00   6.6980312e-01   2.8672047e-01
   1.4548141e+00   4.1815856e-01   7.6818507e-01
   1.7317028e+00   1.2982280e-01   1.2848927e+00
   2.1357228e+00   4.2565271e-02   6.6723345e-01
   2.3780958e+00   4.3169704e-02   1.1360389e-01
   2.4599475e+00   8.8813217e-02   1.9616985e-02
   2.3921688e+00   2.0428132e-01   6.9689904e-03
   2.1873677e+00   4.3767695e-01   5.6945382e-03
   1.8068343e+00   7.6711395e-01   9.9694725e-03
   1.3168866e+00   9.4371950e-01   3.0590886e-02
   9.8630577e-01   7.3678990e-01   1.1547686e-01
   1.0072868e+00   3.8831496e-01   3.4032874e-01
   1.4162607e+00   1.7914090e-01   5.2861896e-01
   1.9191039e+00   1.1396790e-01   3.7878911e-01
   2.2348783e+00   1.2998847e-01   1.7267919e-01
   2.3450468e+00   2.1922668e-01   8.9785214e-02
   2.2120680e+00   4.0581867e-01   7.8733258e-02
   1.8987157e+00   6.4022645e-01   1.2780570e-01
   1.5297208e+00   6.7378553e-01   3.2729837e-01
   1.4162540e+00   3.5917421e-01   8.8211561e-01
   1.7601245e+00   1.0027054e-01   1.2673327e+00
   2.1743624e+00   3.7069615e-02   5.0830454e-01
   2.3963066e+00   4.5846661e-02   7.5370614e-02
   2.4636603e+00   9.8901226e-02   1.3821964e-02
   2.3726742e+00   2.2818848e-01   5.4680367e-03
   2.1458162e+00   4.8024747e-01   4.9909720e-03
   1.7406045e+00   8.1038412e-01   9.5876067e-03
   1.2528544e+00   9.4263328e-01   3.1078577e-02
   9.6059281e-01   6.9955203e-01   1.1718280e-01
   1.0226282e+00   3.6654077e-01   3.2790187e-01
   1.4504426e+00   1.7949336e-01   4.8075762e-01
   1.9397291e+00   1.2461369e-01   3.4517121e-01
   2.2349147e+00   1.4784179e-01   1.7205224e-01
   2.3308865e+00   2.4587947e-01   1.0174604e-01
   2.1764388e+00   4.3672548e-01   1.0006905e-01
   1.8589184e+00   6.3929436e-01   1.7481081e-01
   1.5363671e+00   5.9447253e-01   4.4702226e-01
   1.5519472e+00   2.7115140e-01   1.0629698e+00
   1.9186468e+00   7.5568096e-02   1.1529030e+00
   2.2661610e+00   3.7226279e-02   3.4849074e-01
   2.4279643e+00   5.6952762e-02   5.1892054e-02
   2.4604058e+00   1.2686672e-01   1.1821583e-02
   2.3268963e+00   2.8884233e-01   5.9990622e-03
   2.0467219e+00   5.7825001e-01   6.9311324e-03
   1.5943316e+00   8.8543412e-01   1.6031710e-02
   1.1361164e+00   8.9603883e-01   5.6780090e-02
   9.4921910e-01   5.7478917e-01   2.0350866e-01
   1.1439477e+00   2.7039098e-01   4.6789830e-01
   1.6499081e+00   1.3320935e-01   5.0606191e-01
   2.0916346e+00   1.0873542e-01   2.6964870e-01
   2.3091789e+00   1.5528653e-01   1.1728146e-01
   2.3188821e+00   2.8487214e-01   7.2848924e-02
   2.0956404e+00   5.1285931e-01   8.3010515e-02
   1.7262560e+00   7.1153073e-01   1.7029086e-01
   1.4045984e+00   5.8743056e-01   4.8466872e-01
   1.5003449e+00   2.2941011e-01   1.1388369e+00
   1.9256094e+00   6.1095153e-02   1.0450428e+00
   2.2808792e+00   3.5419490e-02   2.5538819e-01
   2.4342703e+00   6.0384998e-02   3.6182878e-02
   2.4434777e+00   1.3697489e-01   8.7396120e-03
   2.3041089e+00   3.0932152e-01   4.7884296e-03
   2.0108442e+00   6.0828814e-01   5.9246574e-03
   1.5485043e+00   9.0443048e-01   1.4415595e-02
   1.1029153e+00   8.8523697e-01   5.2151615e-02
   9.4041179e-01   5.6147703e-01   1.8466615e-01
   1.1458769e+00   2.7495720e-01   4.1474321e-01
   1.6473703e+00   1.4610028e-01   4.5614652e-01
   2.0792695e+00   1.2456640e-01   2.6657254e-01
   2.2916507e+00   1.7468236e-01   1.3282392e-01
   2.2944470e+00   3.0713964e-01   9.2807986e-02
   2.0696535e+00   5.2263101e-01   1.1402004e-01
   1.7216188e+00   6.6878452e-01   2.3836164e-01
   1.4749414e+00   4.8911606e-01   6.3765031e-01
   1.6811343e+00   1.7229625e-01   1.2475400e+00
   2.0741984e+00   5.1262187e-02   8.5978586e-01
   2.3483014e+00   4.0220080e-02   1.7629801e-01
   2.4526851e+00   7.6521370e-02   2.8362881e-02
   2.4167189e+00   1.7486885e-01   8.6814659e-03
   2.2392503e+00   3.8320506e-01   6.0724718e-03
   1.8930062e+00   7.0521102e-01   9.3080077e-03
   1.4075319e+00   9.3662857e-01   2.6256439e-02
   1.0268533e+00   7.9398250e-01   9.8370122e-02
   9.8105269e-01   4.3798504e-01   3.1241662e-01
   1.3322255e+00   1.9605798e-01   5.4733522e-01
   1.8502965e+00   1.1155797e-01   4.2923774e-01
   2.2066558e+00   1.1571733e-01   1.9153957e-01
   2.3462833e+00   1.9052565e-01   8.8657792e-02
   2.2549908e+00   3.6018501e-01   6.7566333e-02
   1.9669005e+00   6.0742373e-01   9.7345521e-02
   1.5773611e+00   7.2344502e-01   2.3651992e-01
   1.3544304e+00   4.6427320e-01   6.8443664e-01
   1.6279168e+00   1.4361669e-01   1.2710623e+00
   2.0712018e+00   4.3356797e-02   7.3018304e-01
   2.3534025e+00   3.9771901e-02   1.2663359e-01
   2.4546565e+00   8.0038933e-02   2.0145835e-02
   2.4048450e+00   1.8445000e-01   6.4498044e-03
   2.2198690e+00   4.0150816e-01   4.7586657e-03
   1.8624963e+00   7.2781906e-01   7.6425725e-03
   1.3736793e+00   9.4509829e-01   2.2249640e-02
   1.0059141e+00   7.8773793e-01   8.4112386e-02
   9.7129777e-01   4.4284149e-01   2.6503407e-01
   1.3070953e+00   2.1277245e-01   4.6947233e-01
   1.8186936e+00   1.2914288e-01   3.9956312e-01
   2.1776000e+00   1.3350929e-01   2.0640293e-01
   2.3215968e+00   2.0963590e-01   1.1022684e-01
   2.2339773e+00   3.7561101e-01   9.2430012e-02
   1.9547202e+00   5.9546441e-01   1.3887092e-01
   1.6061170e+00   6.4994348e-01   3.3077077e-01
   1.4800464e+00   3.6987356e-01   8.5992921e-01
   1.7896461e+00   1.0956181e-01   1.2722603e+00
   2.1805158e+00   3.9889104e-02   5.5756455e-01
   2.3963117e+00   4.6715223e-02   8.8963001e-02
   2.4630111e+00   9.9233020e-02   1.6623706e-02
   2.3742894e+00   2.2808721e-01   6.5984821e-03
   2.1472545e+00   4.7959515e-01   6.0201176e-03
   1.7424072e+00   8.0844391e-01   1.1548877e-02
   1.2559760e+00   9.3737059e-01   3.7346476e-02
   9.6738067e-01   6.8684483e-01   1.4002996e-01
   1.0424118e+00   3.4684370e-01   3.8471540e-01
   1.5018830e+00   1.6113643e-01   5.3374445e-01
   1.9862554e+00   1.1090291e-01   3.4402270e-01
   2.2655870e+00   1.3708602e-01   1.5261248e-01
   2.3502258e+00   2.3901340e-01   8.3684149e-02
   2.1797729e+00   4.4163457e-01   8.0006531e-02
   1.8420555e+00   6.6991986e-01   1.4133460e-01
   1.4818394e+00   6.5000472e-01   3.7873142e-01
   1.4359910e+00   3.0852381e-01   9.8470884e-01
   1.8171871e+00   8.2419856e-02   1.2152245e+00
   2.2158538e+00   3.5139519e-02   4.0063452e-01
   2.4123751e+00   4.9838475e-02   5.6312417e-02
   2.4656752e+00   1.1024036e-01   1.1226100e-02
   2.3535251e+00   2.5386807e-01   4.9502774e-03
   2.1030492e+00   5.2375091e-01   5.0268695e-03
   1.6747255e+00   8.4864836e-01   1.0531310e-02
   1.1952498e+00   9.3117537e-01   3.5749515e-02
   9.4527499e-01   6.5425507e-01   1.3315627e-01
   1.0545237e+00   3.3546733e-01   3.4847267e-01
   1.5196251e+00   1.6942051e-01   4.6760478e-01
   1.9892710e+00   1.2716240e-01   3.1688736e-01
   2.2535382e+00   1.5980085e-01   1.6118463e-01
   2.3257448e+00   2.6916807e-01   1.0302977e-01
   2.1413547e+00   4.6863655e-01   1.1092929e-01
   1.8120324e+00   6.4741192e-01   2.0794208e-01
   1.5230443e+00   5.4239390e-01   5.3849674e-01
   1.6419502e+00   2.1949355e-01   1.1683094e+00
   2.0130608e+00   6.2912625e-02   1.0257455e+00
   2.3152202e+00   3.8786659e-02   2.5812937e-01
   2.4430534e+00   6.6697269e-02   4.0047904e-02
   2.4393184e+00   1.5063566e-01   1.0684343e-02
   2.2837252e+00   3.3640259e-01   6.4377723e-03
   1.9689264e+00   6.4539345e-01   8.6627332e-03
   1.4953847e+00   9.1793251e-01   2.2363485e-02
   1.0743703e+00   8.4325322e-01   8.2112679e-02
   9.6449175e-01   4.9246725e-01   2.7696712e-01
   1.2529868e+00   2.1914547e-01   5.4558895e-01
   1.7756504e+00   1.1357801e-01   4.7825338e-01
   2.1705646e+00   1.0621654e-01   2.1727626e-01
   2.3407466e+00   1.6813228e-01   9.2313331e-02
   2.2902773e+00   3.2026154e-01   6.2083402e-02
   2.0294743e+00   5.6700290e-01   7.9531705e-02
   1.6372251e+00   7.4221116e-01   1.8037883e-01
   1.3410120e+00   5.5455348e-01   5.3551672e-01
   1.5172247e+00   1.9553686e-01   1.1878907e+00
   1.9650953e+00   5.3502340e-02   9.2910566e-01
   2.3034143e+00   3.6662584e-02   1.9883731e-01
   2.4407899e+00   6.6986578e-02   2.9159558e-02
   2.4289693e+00   1.5300094e-01   7.8131961e-03
   2.2749076e+00   3.4110239e-01   4.7817054e-03
   1.9588994e+00   6.5221363e-01   6.5242045e-03
   1.4838444e+00   9.2453187e-01   1.7020700e-02
   1.0631731e+00   8.5294459e-01   6.2944720e-02
   9.4724339e-01   5.1553803e-01   2.1475343e-01
   1.2019286e+00   2.4870572e-01   4.4285425e-01
   1.7126913e+00   1.3746373e-01   4.4056154e-01
   2.1198665e+00   1.2574315e-01   2.4224493e-01
   2.3062865e+00   1.8508846e-01   1.2184257e-01
   2.2750639e+00   3.2988644e-01   9.0206612e-02
   2.0296455e+00   5.5071171e-01   1.1903175e-01
   1.6761659e+00   6.7118764e-01   2.6220872e-01
   1.4622510e+00   4.5261291e-01   7.0396502e-01
   1.7057455e+00   1.4882993e-01   1.2744946e+00
   2.1067248e+00   4.6216004e-02   7.5873175e-01
   2.3645357e+00   4.1570816e-02   1.4026220e-01
   2.4568532e+00   8.2712069e-02   2.3323257e-02
   2.4039461e+00   1.8980493e-01   7.7164592e-03
   2.2126468e+00   4.1119287e-01   5.8584881e-03
   1.8484406e+00   7.3805466e-01   9.6358740e-03
   1.3594658e+00   9.4209100e-01   2.8447207e-02
   1.0042072e+00   7.6455271e-01   1.0719943e-01
   9.9356549e-01   4.1108783e-01   3.2783846e-01
   1.3759360e+00   1.8652018e-01   5.3908161e-01
   1.8871917e+00   1.1243924e-01   4.0219839e-01
   2.2222965e+00   1.2279654e-01   1.8089153e-01
   2.3462705e+00   2.0506184e-01   8.8851415e-02
   2.2330899e+00   3.8386426e-01   7.2880137e-02
   1.9312186e+00   6.2613416e-01   1.1190432e-01
   1.5501852e+00   7.0075837e-01   2.8026847e-01
   1.3809053e+00   4.0872856e-01   7.8560189e-01
   1.6939464e+00   1.1891330e-01   1.2843917e+00
   2.1262785e+00   3.9339811e-02   6.1092505e-01
   2.3771539e+00   4.2452996e-02   9.6134704e-02
   2.4601881e+00   8.9020263e-02   1.6324825e-02
   2.3891684e+00   2.0555055e-01   5.8129608e-03
   2.1837773e+00   4.4028409e-01   4.7794290e-03
   1.8019231e+00   7.7078788e-01   8.4172261e-03
   1.3110775e+00   9.4779868e-01   2.5951584e-02
   9.7966885e-01   7.4508917e-01   9.8387507e-02
   9.9302823e-01   4.0424527e-01   2.9322987e-01
   1.3737990e+00   1.9612438e-01   4.7414715e-01
   1.8773562e+00   1.2716641e-01   3.7196726e-01
   2.2057499e+00   1.4080444e-01   1.8920696e-01
   2.3260269e+00   2.2743104e-01   1.0656473e-01
   2.2058859e+00   4.0537073e-01   9.6944504e-02
   1.9082125e+00   6.1743348e-01   1.5719386e-01
   1.5720525e+00   6.2254786e-01   3.8822700e-01
   1.5159081e+00   3.1673403e-01   9.6675955e-01
   1.8577913e+00   9.0238876e-02   1.2248226e+00
   2.2276679e+00   3.8066076e-02   4.4210646e-01
   2.4142116e+00   5.1714070e-02   6.7317033e-02
   2.4648410e+00   1.1296586e-01   1.3924951e-02
   2.3512847e+00   2.5883538e-01   6.2921760e-03
   2.0962826e+00   5.3111506e-01   6.5145510e-03
   1.6646244e+00   8.5225534e-01   1.3839905e-02
   1.1895575e+00   9.1975161e-01   4.7180530e-02
   9.5389178e-01   6.2646783e-01   1.7357747e-01
   1.0933444e+00   3.0270830e-01   4.3496282e-01
   1.5817958e+00   1.4369689e-01   5.2666742e-01
   2.0463750e+00   1.0788500e-01   3.0272188e-01
   2.2922443e+00   1.4494422e-01   1.3063660e-01
   2.3396038e+00   2.6139060e-01   7.5740076e-02
   2.1379802e+00   4.7965790e-01   7.9190976e-02
   1.7794441e+00   6.9817887e-01   1.5193831e-01
   1.4321449e+00   6.2597338e-01   4.2432046e-01
   1.4517332e+00   2.6849172e-01   1.0624533e+00
   1.8621923e+00   7.0459161e-02   1.1410396e+00
   2.2459036e+00   3.4613278e-02   3.2158677e-01
   2.4231030e+00   5.4180556e-02   4.4524689e-02
   2.4571111e+00   1.2163899e-01   9.6494897e-03
   2.3322125e+00   2.7806216e-01   4.6950166e-03
   2.0624644e+00   5.6202460e-01   5.2220258e-03
   1.6171630e+00   8.7697252e-01   1.1739628e-02
   1.1502935e+00   9.1437914e-01   4.1181324e-02
   9.3868565e-01   6.1407891e-01   1.5062137e-01
   1.0890456e+00   3.0968670e-01   3.6997364e-01
   1.5722483e+00   1.6071352e-01   4.5830367e-01
   2.0264201e+00   1.2784882e-01   2.9462238e-01
   2.2680929e+00   1.6815142e-01   1.5066850e-01
   2.3098624e+00   2.8714734e-01   1.0134049e-01
   2.1089916e+00   4.9179779e-01   1.1639861e-01
   1.7746793e+00   6.5179627e-01   2.2897831e-01
   1.5118739e+00   5.0898892e-01   5.9698882e-01
   1.6854239e+00   1.9212699e-01   1.2154428e+00
   2.0593336e+00   5.6784289e-02   9.3407744e-01
   2.3382295e+00   4.0249593e-02   2.1216369e-01
   2.4494221e+00   7.3350001e-02   3.4158009e-02
   2.4256569e+00   1.6658056e-01   1.0021960e-02
   2.2552582e+00   3.6726660e-01   6.6778547e-03
   1.9192202e+00   6.8522972e-01   9.8102120e-03
   1.4371571e+00   9.3012763e-01   2.6888995e-02
   1.0436548e+00   8.0611268e-01   1.0004079e-01
   9.8105246e-01   4.4667416e-01   3.2257660e-01
   1.3254290e+00   1.9455504e-01   5.7634652e-01
   1.8471065e+00   1.0611357e-01   4.4852448e-01
   2.2097453e+00   1.0813049e-01   1.9037813e-01
   2.3533824e+00   1.7971476e-01   8.2342724e-02
   2.2689719e+00   3.4616633e-01   5.9192810e-02
   1.9851251e+00   6.0079692e-01   8.1962230e-02
   1.5840745e+00   7.4972301e-01   1.9697062e-01
   1.3171227e+00   5.1818532e-01   5.9069363e-01
   1.5562275e+00   1.7014993e-01   1.2243551e+00
   2.0093464e+00   4.8561920e-02   8.3329571e-01
   2.3252167e+00   3.8218869e-02   1.6186576e-01
   2.4467415e+00   7.3250212e-02   2.4745305e-02
   2.4170874e+00   1.6798394e-01   7.2503953e-03
   2.2485336e+00   3.7015798e-01   4.8718000e-03
   1.9122619e+00   6.8976805e-01   7.2133424e-03
   1.4290594e+00   9.3669376e-01   1.9902133e-02
   1.0334319e+00   8.2087068e-01   7.4568813e-02
   9.5863995e-01   4.7639190e-01   2.4484541e-01
   1.2571250e+00   2.2727649e-01   4.6656948e-01
   1.7713725e+00   1.3062661e-01   4.2416110e-01
   2.1541884e+00   1.2730253e-01   2.2162690e-01
   2.3179165e+00   1.9509385e-01   1.1285466e-01
   2.2568688e+00   3.5129344e-01   8.8069001e-02
   1.9926803e+00   5.7581309e-01   1.2375225e-01
   1.6355796e+00   6.7065074e-01   2.8503266e-01
   1.4536209e+00   4.2009754e-01   7.6462946e-01
   1.7292618e+00   1.3066495e-01   1.2848758e+00
   2.1338138e+00   4.2682049e-02   6.7155297e-01
   2.3773065e+00   4.3038384e-02   1.1465303e-01
   2.4597969e+00   8.8421286e-02   1.9737924e-02
   2.3928402e+00   2.0338083e-01   6.9810106e-03
   2.1888913e+00   4.3605765e-01   5.6792149e-03
   1.8093411e+00   7.6541870e-01   9.9058605e-03
   1.3193641e+00   9.4382199e-01   3.0328524e-02
   9.8717316e-01   7.3877220e-01   1.1449891e-01
   1.0059809e+00   3.9010723e-01   3.3835444e-01
   1.4125961e+00   1.7999135e-01   5.2797806e-01
   1.9160795e+00   1.1416723e-01   3.8012594e-01
   2.2334142e+00   1.2976672e-01   1.7359169e-01
   2.3447035e+00   2.1849906e-01   9.0105696e-02
   2.2132856e+00   4.0442094e-01   7.8752039e-02
   1.9009746e+00   6.3890492e-01   1.2739590e-01
   1.5318404e+00   6.7441784e-01   3.2557546e-01
   1.4159958e+00   3.6111828e-01   8.7829558e-01
   1.7582427e+00   1.0103441e-01   1.2686744e+00
   2.1728240e+00   3.7172888e-02   5.1271906e-01
   2.3956787e+00   4.5717590e-02   7.6236992e-02
   2.4635606e+00   9.8511998e-02   1.3941486e-02
   2.3733502e+00   2.2729469e-01   5.4936147e-03
   2.1473229e+00   4.7869531e-01   4.9946777e-03
   1.7429791e+00   8.0891638e-01   9.5637153e-03
   1.2550350e+00   9.4289423e-01   3.0944984e-02
   9.6128941e-01   7.0114197e-01   1.1671139e-01
   1.0216419e+00   3.6765540e-01   3.2732501e-01
   1.4481717e+00   1.7982442e-01   4.8137123e-01
   1.9380647e+00   1.2448835e-01   3.4624920e-01
   2.2343106e+00   1.4739037e-01   1.7241596e-01
   2.3310307e+00   2.4503886e-01   1.0164981e-01
   2.1776644e+00   4.3557019e-01   9.9632614e-02
   1.8605831e+00   6.3896201e-01   1.7358799e-01
   1.5368500e+00   5.9643824e-01   4.4366451e-01
   1.5486507e+00   2.7331429e-01   1.0584739e+00
   1.9148769e+00   7.6140399e-02   1.1571842e+00
   2.2640897e+00   3.7194934e-02   3.5243387e-01
   2.4272907e+00   5.6614704e-02   5.2435019e-02
   2.4612051e+00   1.2602802e-01   1.1874372e-02
   2.3284547e+00   2.8713062e-01   5.9860147e-03
   2.0495577e+00   5.7570073e-01   6.8750724e-03
   1.5981214e+00   8.8390777e-01   1.5831937e-02
   1.1387310e+00   8.9774208e-01   5.5975888e-02
   9.4899475e-01   5.7795019e-01   2.0100764e-01
   1.1402739e+00   2.7250817e-01   4.6468962e-01
   1.6452103e+00   1.3408714e-01   5.0652686e-01
   2.0884422e+00   1.0893731e-01   2.7167495e-01
   2.3077900e+00   1.5492399e-01   1.1838216e-01
   2.3198233e+00   2.8370202e-01   7.3360944e-02
   2.0979609e+00   5.1092273e-01   8.3250593e-02
   1.7295337e+00   7.1013996e-01   1.7013848e-01
   1.4072871e+00   5.8821888e-01   4.8328853e-01
   1.5005279e+00   2.3055492e-01   1.1371178e+00
   1.9247111e+00   6.1386944e-02   1.0486724e+00
   2.2802639e+00   3.5402266e-02   2.5749917e-01
   2.4340782e+00   6.0204206e-02   3.6464217e-02
   2.4439474e+00   1.3652499e-01   8.7811968e-03
   2.3049623e+00   3.0841868e-01   4.7954111e-03
   2.0123430e+00   6.0699561e-01   5.9159774e-03
   1.5504235e+00   9.0373765e-01   1.4363889e-02
   1.1041810e+00   8.8606180e-01   5.1924750e-02
   9.4035952e-01   5.6274689e-01   1.8403415e-01
   1.1445066e+00   2.7564142e-01   4.1425858e-01
   1.6457139e+00   1.4627123e-01   4.5674728e-01
   2.0782596e+00   1.2446209e-01   2.6723594e-01
   2.2913423e+00   1.7432586e-01   1.3304298e-01
   2.2950607e+00   3.0646300e-01   9.2771324e-02
   2.0707872e+00   5.2188155e-01   1.1372391e-01
   1.7227762e+00   6.6892628e-01   2.3740165e-01
   1.4748907e+00   4.9052159e-01   6.3521680e-01
   1.6798632e+00   1.7317674e-01   1.2463502e+00
   2.0727923e+00   5.1445599e-02   8.6335545e-01
   2.3476202e+00   4.0162622e-02   1.7766335e-01
   2.4525099e+00   7.6281050e-02   2.8541704e-02
   2.4171977e+00   1.7429434e-01   8.7087645e-03
   2.2402664e+00   3.8211807e-01   6.0715534e-03
   1.8947389e+00   7.0389829e-01   9.2802010e-03
   1.4094476e+00   9.3636889e-01   2.6129270e-02
   1.0277701e+00   7.9522808e-01   9.7866543e-02
   9.8046958e-01   4.3927873e-01   3.1130489e-01
   1.3300721e+00   1.9665096e-01   5.4699847e-01
   1.8483440e+00   1.1166651e-01   4.3027110e-01
   2.2056879e+00   1.1554579e-01   1.9218749e-01
   2.3460719e+00   1.9003685e-01   8.8825817e-02
   2.2557934e+00   3.5926133e-01   6.7520713e-02
   1.9683839e+00   6.0646658e-01   9.7030324e-02
   1.5788262e+00   7.2378430e-01   2.3538259e-01
   1.3543306e+00   4.6599573e-01   6.8146491e-01
   1.6263375e+00   1.4450025e-01   1.2702389e+00
   2.0696081e+00   4.3521419e-02   7.3419936e-01
   2.3526653e+00   3.9706112e-02   1.2781359e-01
   2.4544702e+00   7.9783781e-02   2.0299923e-02
   2.4053213e+00   1.8384024e-01   6.4784184e-03
   2.2209321e+00   4.0036588e-01   4.7639759e-03
   1.8643021e+00   7.2648410e-01   7.6293336e-03
   1.3756245e+00   9.4488403e-01   2.2170358e-02
   1.0068262e+00   7.8893243e-01   8.3793669e-02
   9.7080647e-01   4.4395412e-01   2.6443017e-01
   1.3053715e+00   2.1320750e-01   4.6957945e-01
   1.8171418e+00   1.2914056e-01   4.0047144e-01
   2.1768865e+00   1.3324207e-01   2.0686842e-01
   2.3215485e+00   2.0907492e-01   1.1025431e-01
   2.2348330e+00   3.7473061e-01   9.2205641e-02
   1.9560561e+00   5.9486728e-01   1.3820910e-01
   1.6069871e+00   6.5092679e-01   3.2886430e-01
   1.4786482e+00   3.7176242e-01   8.5626632e-01
   1.7871383e+00   1.1027724e-01   1.2733106e+00
   2.1787420e+00   3.9962701e-02   5.6166869e-01
   2.3956246e+00   4.6551301e-02   8.9783192e-02
   2.4629190e+00   9.8778795e-02   1.6718097e-02
   2.3750485e+00   2.2706317e-01   6.6055741e-03
   2.1489611e+00   4.7783143e-01   5.9995303e-03
   1.7450925e+00   8.0681519e-01   1.1467057e-02
   1.2583978e+00   9.3782028e-01   3.7007182e-02
   9.6798995e-01   6.8900758e-01   1.3882434e-01
   1.0407079e+00   3.4858542e-01   3.8260410e-01
   1.4989632e+00   1.6190918e-01   5.3348085e-01
   1.9838848e+00   1.1112812e-01   3.4550178e-01
   2.2644291e+00   1.3691798e-01   1.5357986e-01
   2.3499547e+00   2.3833707e-01   8.4111378e-02
   2.1809979e+00   4.4024968e-01   8.0187439e-02
   1.8443521e+00   6.6854305e-01   1.4120998e-01
   1.4841461e+00   6.5029492e-01   3.7761979e-01
   1.4364777e+00   3.0976414e-01   9.8225692e-01
   1.8163899e+00   8.2872235e-02   1.2170719e+00
   2.2151150e+00   3.5197642e-02   4.0344587e-01
   2.4120742e+00   4.9750678e-02   5.6801372e-02
   2.4656476e+00   1.0997918e-01   1.1303627e-02
   2.3539847e+00   2.5327376e-01   4.9726545e-03
   2.1040449e+00   5.2276105e-01   5.0377716e-03
   1.6762210e+00   8.4781814e-01   1.0534203e-02
   1.1965203e+00   9.3143667e-01   3.5724354e-02
   9.4563743e-01   6.5509634e-01   1.3309989e-01
   1.0540261e+00   3.3587289e-01   3.4877301e-01
   1.5188183e+00   1.6938623e-01   4.6857359e-01
   1.9888382e+00   1.2691264e-01   3.1747965e-01
   2.2535645e+00   1.5937858e-01   1.6116872e-01
   2.3264099e+00   2.6855665e-01   1.0274737e-01
   2.1422640e+00   4.6810206e-01   1.1037395e-01
   1.8127135e+00   6.4786632e-01   2.0666510e-01
   1.5222677e+00   5.4428833e-01   5.3556543e-01
   1.6380357e+00   2.2080958e-01   1.1660081e+00
   2.0098447e+00   6.3136125e-02   1.0298630e+00
   2.3137600e+00   3.8662085e-02   2.6008623e-01
   2.4426701e+00   6.6309605e-02   4.0221904e-02
   2.4399693e+00   1.4974046e-01   1.0668394e-02
   2.2852545e+00   3.3465199e-01   6.3899611e-03
   1.9717206e+00   6.4306179e-01   8.5536530e-03
   1.4987732e+00   9.1713377e-01   2.2002110e-02
   1.0761905e+00   8.4560284e-01   8.0715511e-02
   9.6331590e-01   4.9580145e-01   2.7301306e-01
   1.2477239e+00   2.2131214e-01   5.4144108e-01
   1.7700078e+00   1.1451858e-01   4.7930994e-01
   2.1671007e+00   1.0647670e-01   2.1955958e-01
   2.3392734e+00   1.6777087e-01   9.3511922e-02
   2.2912722e+00   3.1893956e-01   6.2754306e-02
   2.0320719e+00   5.6473522e-01   8.0059324e-02
   1.6410314e+00   7.4039008e-01   1.8084928e-01
   1.3445774e+00   5.5464111e-01   5.3559604e-01
   1.5193850e+00   1.9603562e-01   1.1882543e+00
   1.9659031e+00   5.3622363e-02   9.3176071e-01
   2.3036484e+00   3.6642292e-02   1.9985284e-01
   2.4408823e+00   6.6884603e-02   2.9292264e-02
   2.4292712e+00   1.5275943e-01   7.8368059e-03
   2.2753776e+00   3.4063717e-01   4.7885842e-03
   1.9596710e+00   6.5159697e-01   6.5246790e-03
   1.4847594e+00   9.2428215e-01   1.7005845e-02
   1.0637140e+00   8.5337341e-01   6.2872794e-02
   9.4717941e-01   5.1603589e-01   2.1461588e-01
   1.2013591e+00   2.4889009e-01   4.4299799e-01
   1.7121093e+00   1.3743863e-01   4.4103124e-01
   2.1195988e+00   1.2560710e-01   2.4245891e-01
   2.3062944e+00   1.8483981e-01   1.2181824e-01
   2.2754320e+00   3.2951468e-01   9.0067440e-02
   2.0301932e+00   5.5043902e-01   1.1871417e-01
   1.6765270e+00   6.7159885e-01   2.6137966e-01
   1.4616398e+00   4.5364050e-01   7.0216911e-01
   1.7044678e+00   1.4932417e-01   1.2741294e+00
   2.1056639e+00   4.6293894e-02   7.6103324e-01
   2.3640791e+00   4.1509195e-02   1.4092477e-01
   2.4567544e+00   8.2518244e-02   2.3398695e-02
   2.4042855e+00   1.8935570e-01   7.7232768e-03
   2.2134142e+00   4.1036580e-01   5.8497859e-03
   1.8497341e+00   7.3712837e-01   9.6022083e-03
   1.3608133e+00   9.4204508e-01   2.8312241e-02
   1.0047455e+00   7.6558452e-01   1.0668563e-01
   9.9293893e-01   4.1210953e-01   3.2670746e-01
   1.3739862e+00   1.8703295e-01   5.3855704e-01
   1.8854903e+00   1.1258221e-01   4.0291165e-01
   2.2214320e+00   1.2271283e-01   1.8144274e-01
   2.3460288e+00   2.0471666e-01   8.9061403e-02
   2.2336903e+00   3.8315273e-01   7.2929412e-02
   1.9323967e+00   6.2535950e-01   1.1177241e-01
   1.5514196e+00   7.0088001e-01   2.7959176e-01
   1.3811116e+00   4.0969384e-01   7.8384110e-01
   1.6932256e+00   1.1936135e-01   1.2845395e+00
   2.1255366e+00   3.9414702e-02   6.1329745e-01
   2.3768229e+00   4.2405020e-02   9.6691745e-02
   2.4601196e+00   8.8856516e-02   1.6400861e-02
   2.3894682e+00   2.0516601e-01   5.8292936e-03
   2.1844393e+00   4.3958903e-01   4.7838917e-03
   1.8030057e+00   7.7005102e-01   8.4117851e-03
   1.3121575e+00   9.4779103e-01   2.5910015e-02
   9.8010497e-01   7.4578840e-01   9.8229118e-02
   9.9269064e-01   4.0478276e-01   2.9303254e-01
   1.3728767e+00   1.9627980e-01   4.7445809e-01
   1.8766270e+00   1.2710051e-01   3.7250615e-01
   2.2054817e+00   1.4059358e-01   1.8938289e-01
   2.3260981e+00   2.2705303e-01   1.0650407e-01
   2.2064327e+00   4.0485057e-01   9.6728290e-02
   1.9089567e+00   6.1724292e-01   1.5664201e-01
   1.5722999e+00   6.2342754e-01   3.8674469e-01
   1.5144732e+00   3.1788833e-01   9.6442917e-01
   1.8559361e+00   9.0589116e-02   1.2263231e+00
   2.2265533e+00   3.8071978e-02   4.4436610e-01
   2.4138228e+00   5.1570337e-02   6.7671586e-02
   2.4648280e+00   1.1259990e-01   1.3959386e-02
   2.3518749e+00   2.5803358e-01   6.2873019e-03
   2.0975901e+00   5.2981520e-01   6.4893402e-03
   1.6665618e+00   8.5126271e-01   1.3752604e-02
   1.1910992e+00   9.2038324e-01   4.6828317e-02
   9.5402966e-01   6.2812245e-01   1.7239999e-01
   1.0917054e+00   3.0393915e-01   4.3315322e-01
   1.5794065e+00   1.4424537e-01   5.2660890e-01
   2.0445960e+00   1.0805303e-01   3.0384357e-01
   2.2914057e+00   1.4482045e-01   1.3132487e-01
   2.3400389e+00   2.6086496e-01   7.6074109e-02
   2.1391147e+00   4.7869808e-01   7.9380278e-02
   1.7811268e+00   6.9730764e-01   1.5199674e-01
   1.4337343e+00   6.2609472e-01   4.2395396e-01
   1.4523410e+00   2.6900481e-01   1.0617414e+00
   1.8621089e+00   7.0615690e-02   1.1424541e+00
   2.2457383e+00   3.4618653e-02   3.2270075e-01
   2.4230426e+00   5.4120179e-02   4.4685862e-02
   2.4573267e+00   1.2148300e-01   9.6736274e-03
   2.3325336e+00   2.7774368e-01   4.7007251e-03
   2.0630091e+00   5.6154015e-01   5.2223867e-03
   1.6178955e+00   8.7664428e-01   1.1730319e-02
   1.1508364e+00   9.1460964e-01   4.1133269e-02
   9.3875358e-01   6.1453427e-01   1.5048354e-01
   1.0886564e+00   3.0992748e-01   3.6990917e-01
   1.5717255e+00   1.6075248e-01   4.5858007e-01
   2.0260982e+00   1.2778441e-01   2.9487154e-01
   2.2680159e+00   1.6799922e-01   1.5071995e-01
   2.3101128e+00   2.8689223e-01   1.0128334e-01
   2.1094012e+00   4.9154263e-01   1.1622961e-01
   1.7750491e+00   6.5191253e-01   2.2852723e-01
   1.5117093e+00   5.0963470e-01   5.9591906e-01
   1.6847576e+00   1.9254809e-01   1.2148041e+00
   2.0586302e+00   5.6873541e-02   9.3563286e-01
   2.3378874e+00   4.0221339e-02   2.1285102e-01
   2.4493331e+00   7.3235309e-02   3.4244611e-02
   2.4258855e+00   1.6630825e-01   1.0031659e-02
   2.2557399e+00   3.6674660e-01   6.6733905e-03
   1.9200519e+00   6.8458283e-01   9.7897732e-03
   1.4381007e+00   9.2997556e-01   2.6807643e-02
   1.0441171e+00   8.0675413e-01   9.9721810e-02
   9.8072980e-01   4.4740949e-01   3.2180393e-01
   1.3241814e+00   1.9493372e-01   5.7591252e-01
   1.8459401e+00   1.0622039e-01   4.4905908e-01
   2.2091320e+00   1.0808559e-01   1.9079692e-01
   2.3531989e+00   1.7950603e-01   8.2489593e-02
   2.2693437e+00   3.4571526e-01   5.9229519e-02
   1.9858832e+00   6.0023452e-01   8.1906195e-02
   1.5849522e+00   7.4965464e-01   1.9665170e-01
   1.3174534e+00   5.1884241e-01   5.8968345e-01
   1.5558734e+00   1.7056663e-01   1.2238111e+00
   2.0087866e+00   4.8651349e-02   8.3496534e-01
   2.3249230e+00   3.8201451e-02   1.6248876e-01
   2.4466592e+00   7.3159563e-02   2.4829226e-02
   2.4172770e+00   1.6776254e-01   7.2659812e-03
   2.2489316e+00   3.6973239e-01   4.8758379e-03
   1.9129470e+00   6.8923260e-01   7.2110209e-03
   1.4298428e+00   9.3653646e-01   1.9880283e-02
   1.0338515e+00   8.2129365e-01   7.4474438e-02
   9.5851900e-01   4.7683071e-01   2.4466153e-01
   1.2565366e+00   2.2744472e-01   4.6664852e-01
   1.7708094e+00   1.3061778e-01   4.2454696e-01
   2.1539277e+00   1.2719349e-01   2.2181353e-01
   2.3179069e+00   1.9487733e-01   1.1285294e-01
   2.2571957e+00   3.5095661e-01   8.7969922e-02
   1.9931870e+00   5.7556521e-01   1.2349450e-01
   1.6359275e+00   6.7100939e-01   2.8431656e-01
   1.4531169e+00   4.2092390e-01   7.6311632e-01
   1.7282242e+00   1.3102546e-01   1.2848556e+00
   2.1329994e+00   4.2732455e-02   6.7339521e-01
   2.3769691e+00   4.2982920e-02   1.1510332e-01
   2.4597320e+00   8.8255194e-02   1.9789907e-02
   2.3931250e+00   2.0299897e-01   6.9862484e-03
   2.1895378e+00   4.3537015e-01   5.6728048e-03
   1.8104059e+00   7.6469653e-01   9.8790795e-03
   1.3204192e+00   9.4386130e-01   3.0217991e-02
   9.8754565e-01   7.3961289e-01   1.1408637e-01
   1.0054307e+00   3.9086959e-01   3.3751900e-01
   1.4110451e+00   1.8035339e-01   5.2770365e-01
   1.9147956e+00   1.1425222e-01   3.8069257e-01
   2.2327915e+00   1.2967294e-01   1.7397989e-01
   2.3445570e+00   2.1819094e-01   9.0241935e-02
   2.2138014e+00   4.0382877e-01   7.8759889e-02
   1.9019321e+00   6.3834365e-01   1.2722204e-01
   1.5327401e+00   6.7468409e-01   3.2484552e-01
   1.4158882e+00   3.6194545e-01   8.7667242e-01
   1.7574435e+00   1.0136084e-01   1.2692304e+00
   2.1721685e+00   3.7217289e-02   5.1460102e-01
   2.3954106e+00   4.5662978e-02   7.6608220e-02
   2.4635177e+00   9.8346950e-02   1.3992638e-02
   2.3736370e+00   2.2691549e-01   5.5045330e-03
   2.1479624e+00   4.7803609e-01   4.9962553e-03
   1.7439882e+00   8.0829101e-01   9.5535613e-03
   1.2559636e+00   9.4300240e-01   3.0888231e-02
   9.6158784e-01   7.0181805e-01   1.1651070e-01
   1.0212240e+00   3.6813114e-01   3.2707726e-01
   1.4472052e+00   1.7996649e-01   4.8162931e-01
   1.9373546e+00   1.2443592e-01   3.4670855e-01
   2.2340518e+00   1.4719930e-01   1.7257199e-01
   2.3310906e+00   2.4468228e-01   1.0160991e-01
   2.1781846e+00   4.3507865e-01   9.9448574e-02
   1.8612920e+00   6.3881660e-01   1.7307181e-01
   1.5370615e+00   5.9726923e-01   4.4224457e-01
   1.5472626e+00   2.7423646e-01   1.0565563e+00
   1.9132778e+00   7.6385867e-02   1.1589851e+00
   2.2632075e+00   3.7182571e-02   3.5412032e-01
   2.4270028e+00   5.6472319e-02   5.2668416e-02
   2.4615445e+00   1.2567425e-01   1.1897230e-02
   2.3291133e+00   2.8640790e-01   5.9807020e-03
   2.0507561e+00   5.7462158e-01   6.8516812e-03
   1.5997266e+00   8.8325516e-01   1.5748496e-02
   1.1398443e+00   8.9845531e-01   5.5639760e-02
   9.4890863e-01   5.7928687e-01   1.9995935e-01
   1.1387321e+00   2.7340575e-01   4.6333531e-01
   1.6432285e+00   1.3445981e-01   5.0671416e-01
   2.0870907e+00   1.0902365e-01   2.7253076e-01
   2.3072006e+00   1.5477190e-01   1.1884919e-01
   2.3202197e+00   2.8320942e-01   7.3578058e-02
   2.0989395e+00   5.1010622e-01   8.3351997e-02
   1.7309168e+00   7.0955136e-01   1.7007349e-01
   1.4084235e+00   5.8855076e-01   4.8270350e-01
   1.5006047e+00   2.3104101e-01   1.1363820e+00
   1.9243292e+00   6.1511397e-02   1.0502034e+00
   2.2800019e+00   3.5395334e-02   2.5839791e-01
   2.4339961e+00   6.0128053e-02   3.6584322e-02
   2.4441462e+00   1.3633525e-01   8.7989762e-03
   2.3053227e+00   3.0803772e-01   4.7984424e-03
   2.0129758e+00   6.0644947e-01   5.9124051e-03
   1.5512346e+00   9.0344327e-01   1.4342300e-02
   1.1047173e+00   8.8640853e-01   5.1829816e-02
   9.4033949e-01   5.6328284e-01   1.8376956e-01
   1.1439307e+00   2.7592992e-01   4.1405697e-01
   1.6450166e+00   1.4634273e-01   4.5700283e-01
   2.0778345e+00   1.2441737e-01   2.6751616e-01
   2.2912132e+00   1.7417477e-01   1.3313462e-01
   2.2953205e+00   3.0617702e-01   9.2754770e-02
   2.0712659e+00   5.2156529e-01   1.1359752e-01
   1.7232639e+00   6.6898750e-01   2.3699409e-01
   1.4748663e+00   4.9111888e-01   6.3418433e-01
   1.6793213e+00   1.7355157e-01   1.2458396e+00
   2.0721931e+00   5.1523791e-02   8.6486969e-01
   2.3473298e+00   4.0138298e-02   1.7824546e-01
   2.4524350e+00   7.6179094e-02   2.8617878e-02
   2.4174010e+00   1.7405056e-01   8.7203360e-03
   2.2406977e+00   3.8165653e-01   6.0711174e-03
   1.8954748e+00   7.0333990e-01   9.2683265e-03
   1.4102625e+00   9.3625678e-01   2.6075135e-02
   1.0281612e+00   7.9575731e-01   9.7652089e-02
   9.8022253e-01   4.3983068e-01   3.1082945e-01
   1.3291554e+00   1.9690502e-01   5.4684932e-01
   1.8475106e+00   1.1171391e-01   4.3070951e-01
   2.2052736e+00   1.1547388e-01   1.9246497e-01
   2.3459802e+00   1.8983009e-01   8.8898706e-02
   2.2561336e+00   3.5886940e-01   6.7502598e-02
   1.9690142e+00   6.0605827e-01   9.6898468e-02
   1.5794516e+00   7.2392319e-01   2.3490447e-01
   1.3542963e+00   4.6672380e-01   6.8021117e-01
   1.6256751e+00   1.4487571e-01   1.2698830e+00
   2.0689351e+00   4.3591674e-02   7.3590081e-01
   2.3523532e+00   3.9678537e-02   1.2831659e-01
   2.4543911e+00   7.9676190e-02   2.0365659e-02
   2.4055226e+00   1.8358296e-01   6.4906323e-03
   2.2213809e+00   3.9988357e-01   4.7662780e-03
   1.8650650e+00   7.2591930e-01   7.6238251e-03
   1.3764475e+00   9.4479136e-01   2.2137127e-02
   1.0072135e+00   7.8943622e-01   8.3659866e-02
   9.7060082e-01   4.4442450e-01   2.6417651e-01
   1.3046453e+00   2.1339124e-01   4.6962606e-01
   1.8164872e+00   1.2913928e-01   4.0085635e-01
   2.1765856e+00   1.3312893e-01   2.0706521e-01
   2.3215284e+00   2.0883782e-01   1.1026548e-01
   2.2351946e+00   3.7435861e-01   9.2110413e-02
   1.9566204e+00   5.9461445e-01   1.3792930e-01
   1.6073550e+00   6.5134204e-01   3.2805903e-01
   1.4780581e+00   3.7256379e-01   8.5471456e-01
   1.7860759e+00   1.1058186e-01   1.2737428e+00
   2.1779885e+00   3.9994367e-02   5.6341140e-01
   2.3953321e+00   4.6482241e-02   9.0133129e-02
   2.4628793e+00   9.8587110e-02   1.6758359e-02
   2.3753691e+00   2.2663078e-01   6.6086329e-03
   2.1496819e+00   4.7708572e-01   5.9908785e-03
   1.7462284e+00   8.0612378e-01   1.1432650e-02
   1.2594252e+00   9.3800637e-01   3.6864525e-02
   9.6825160e-01   6.8992209e-01   1.3831664e-01
   1.0399912e+00   3.4932434e-01   3.8171081e-01
   1.4977293e+00   1.6223776e-01   5.3336351e-01
   1.9828800e+00   1.1122449e-01   3.4612679e-01
   2.2639371e+00   1.3684784e-01   1.5399111e-01
   2.3498385e+00   2.3805208e-01   8.4293398e-02
   2.1815151e+00   4.3966483e-01   8.0264876e-02
   1.8453231e+00   6.6795932e-01   1.4115857e-01
   1.4851241e+00   6.5041372e-01   3.7715274e-01
   1.4366892e+00   3.1028804e-01   9.8122127e-01
   1.8160567e+00   8.3064252e-02   1.2178449e+00
   2.2148038e+00   3.5222551e-02   4.0463750e-01
   2.4119471e+00   4.9713868e-02   5.7009459e-02
   2.4656357e+00   1.0986934e-01   1.1336643e-02
   2.3541782e+00   2.5302368e-01   4.9821981e-03
   2.1044641e+00   5.2234417e-01   5.0424563e-03
   1.6768511e+00   8.4746758e-01   1.0535591e-02
   1.1970564e+00   9.3154536e-01   3.5714286e-02
   9.4579151e-01   6.5544984e-01   1.3307791e-01
   1.0538186e+00   3.3604265e-01   3.4890358e-01
   1.5184828e+00   1.6937057e-01   4.6898593e-01
   1.9886593e+00   1.2680652e-01   3.1772965e-01
   2.2535778e+00   1.5920007e-01   1.6116077e-01
   2.3266910e+00   2.6829872e-01   1.0262722e-01
   2.1426471e+00   4.6787675e-01   1.1013900e-01
   1.8129999e+00   6.4805845e-01   2.0612592e-01
   1.5219391e+00   5.4509033e-01   5.3432657e-01
   1.6363818e+00   2.2136865e-01   1.1650250e+00
   2.0084812e+00   6.3231559e-02   1.0316001e+00
   2.3131395e+00   3.8609901e-02   2.6091872e-01
   2.4425065e+00   6.6146533e-02   4.0296184e-02
   2.4402434e+00   1.4936365e-01   1.0661811e-02
   2.2858986e+00   3.3391423e-01   6.3699482e-03
   1.9728989e+00   6.4207605e-01   8.5080655e-03
   1.5002062e+00   9.1678944e-01   2.1851300e-02
   1.0769658e+00   8.4658845e-01   8.0132165e-02
   9.6282912e-01   4.9720920e-01   2.7135586e-01
   1.2455181e+00   2.2223064e-01   5.3968253e-01
   1.7676291e+00   1.1491924e-01   4.7973598e-01
   2.1656334e+00   1.0658971e-01   2.2052357e-01
   2.3386462e+00   1.6762210e-01   9.4022178e-02
   2.2916877e+00   3.1838670e-01   6.3040779e-02
   2.0331628e+00   5.6378170e-01   8.0285382e-02
   1.6426351e+00   7.3961588e-01   1.8105372e-01
   1.3460898e+00   5.5466637e-01   5.3564081e-01
   1.5203176e+00   1.9624189e-01   1.1884078e+00
   1.9662592e+00   5.3673111e-02   9.3286154e-01
   2.3037533e+00   3.6634797e-02   2.0027832e-01
   2.4409225e+00   6.6843894e-02   2.9348622e-02
   2.4293955e+00   1.5266266e-01   7.8471049e-03
   2.2755676e+00   3.4045079e-01   4.7918395e-03
   1.9599809e+00   6.5134968e-01   6.5255421e-03
   1.4851269e+00   9.2418060e-01   1.7001639e-02
   1.0639328e+00   8.5354066e-01   6.2850339e-02
   9.4715956e-01   5.1622627e-01   2.1458128e-01
   1.2011491e+00   2.4895304e-01   4.4308997e-01
   1.7118991e+00   1.3741963e-01   4.4123438e-01
   2.1195106e+00   1.2554526e-01   2.4253706e-01
   2.3063106e+00   1.8473416e-01   1.2179752e-01
   2.2755850e+00   3.2936317e-01   9.0000645e-02
   2.0304108e+00   5.5033754e-01   1.1857159e-01
   1.6766540e+00   6.7179005e-01   2.6101759e-01
   1.4613470e+00   4.5408490e-01   7.0139609e-01
   1.7038980e+00   1.4953460e-01   1.2739735e+00
   2.1051991e+00   4.6326267e-02   7.6201245e-01
   2.3638803e+00   4.1482070e-02   1.4120477e-01
   2.4567115e+00   8.2434131e-02   2.3429864e-02
   2.4044314e+00   1.8916111e-01   7.7256821e-03
   2.2137460e+00   4.1000748e-01   5.8455944e-03
   1.8502942e+00   7.3672681e-01   9.5869497e-03
   1.3613972e+00   9.4202576e-01   2.8251852e-02
   1.0049776e+00   7.6603623e-01   1.0645589e-01
   9.9266168e-01   4.1256105e-01   3.2619627e-01
   1.3731219e+00   1.8726354e-01   5.3830350e-01
   1.8847326e+00   1.1264996e-01   4.0321848e-01
   2.2210433e+00   1.2268088e-01   1.8169018e-01
   2.3459157e+00   2.0457022e-01   8.9159640e-02
   2.2339484e+00   3.8284432e-01   7.2957630e-02
   1.9329111e+00   6.2501527e-01   1.1172566e-01
   1.5519703e+00   7.0091204e-01   2.7932097e-01
   1.3812375e+00   4.1009232e-01   7.8311771e-01
   1.6929542e+00   1.1954963e-01   1.2846022e+00
   2.1252405e+00   3.9446750e-02   6.1429490e-01
   2.3766891e+00   4.2385687e-02   9.6927751e-02
   2.4600918e+00   8.8789459e-02   1.6433397e-02
   2.3895922e+00   2.0500824e-01   5.8364498e-03
   2.1847116e+00   4.3930362e-01   4.7860811e-03
   1.8034507e+00   7.6974774e-01   8.4101711e-03
   1.3126021e+00   9.4778572e-01   2.5894841e-02
   9.8028657e-01   7.4607124e-01   9.8171042e-02
   9.9255840e-01   4.0499658e-01   2.9297036e-01
   1.3725160e+00   1.9633639e-01   4.7460798e-01
   1.8763454e+00   1.2706781e-01   3.7273128e-01
   2.2053841e+00   1.4050246e-01   1.8944859e-01
   2.3261355e+00   2.2689459e-01   1.0647197e-01
   2.2066595e+00   4.0463764e-01   9.6631656e-02
   1.9092575e+00   6.1717436e-01   1.5640322e-01
   1.5723830e+00   6.2380915e-01   3.8611223e-01
   1.5138430e+00   3.1837887e-01   9.6344137e-01
   1.8551355e+00   9.0736650e-02   1.2269575e+00
   2.2260750e+00   3.8073769e-02   4.4532005e-01
   2.4136564e+00   5.1508693e-02   6.7820051e-02
   2.4648225e+00   1.1244352e-01   1.3973289e-02
   2.3521265e+00   2.5769115e-01   6.2848229e-03
   2.0981482e+00   5.2925968e-01   6.4781730e-03
   1.6673898e+00   8.5083760e-01   1.3714543e-02
   1.1917589e+00   9.2065376e-01   4.6675396e-02
   9.5408759e-01   6.2883547e-01   1.7188752e-01
   1.0909977e+00   3.0447404e-01   4.3235587e-01
   1.5783714e+00   1.4448697e-01   5.2656456e-01
   2.0438210e+00   1.0813032e-01   3.0432687e-01
   2.2910369e+00   1.4477216e-01   1.3162784e-01
   2.3402206e+00   2.6064385e-01   7.6224191e-02
   2.1395983e+00   4.7828722e-01   7.9469467e-02
   1.7818513e+00   6.9692268e-01   1.5203692e-01
   1.4344352e+00   6.2612056e-01   4.2383192e-01
   1.4526529e+00   2.6920628e-01   1.0614795e+00
   1.8621206e+00   7.0678964e-02   1.1430278e+00
   2.2456915e+00   3.4621541e-02   3.2315209e-01
   2.4230245e+00   5.4097289e-02   4.4752093e-02
   2.4574143e+00   1.2142342e-01   9.6838677e-03
   2.3326586e+00   2.7762225e-01   4.7033934e-03
   2.0632178e+00   5.6135555e-01   5.2230667e-03
   1.6181752e+00   8.7651856e-01   1.1727990e-02
   1.1510445e+00   9.1469434e-01   4.1119203e-02
   9.3878323e-01   6.1470007e-01   1.5044601e-01
   1.0885209e+00   3.1000835e-01   3.6991669e-01
   1.5715460e+00   1.6075745e-01   4.5870905e-01
   2.0259950e+00   1.2775139e-01   2.9496360e-01
   2.2680013e+00   1.6793384e-01   1.5072804e-01
   2.3102163e+00   2.8679031e-01   1.0124935e-01
   2.1095584e+00   4.9144992e-01   1.1614933e-01
   1.7751762e+00   6.5198123e-01   2.2832632e-01
   1.5116017e+00   5.0991764e-01   5.9545791e-01
   1.6844449e+00   1.9272576e-01   1.2145380e+00
   2.0583172e+00   5.6909862e-02   9.3629098e-01
   2.3377379e+00   4.0208167e-02   2.1313676e-01
   2.4492947e+00   7.3184943e-02   3.4279354e-02
   2.4259834e+00   1.6618936e-01   1.0034930e-02
   2.2559490e+00   3.6651968e-01   6.6707948e-03
   1.9204141e+00   6.8430068e-01   9.7799101e-03
   1.4385117e+00   9.2991077e-01   2.6769597e-02
   1.0443167e+00   8.0704028e-01   9.9573346e-02
   9.8058087e-01   4.4774200e-01   3.2143880e-01
   1.3236111e+00   1.9511011e-01   5.7568660e-01
   1.8454038e+00   1.0627435e-01   4.4928910e-01
   2.2088458e+00   1.0807117e-01   1.9099163e-01
   2.3531081e+00   1.7941868e-01   8.2562753e-02
   2.2695038e+00   3.4551900e-01   5.9253201e-02
   1.9862175e+00   5.9998144e-01   8.1892428e-02
   1.5853502e+00   7.4960248e-01   1.9653575e-01
   1.3176342e+00   5.1909967e-01   5.8929473e-01
   1.5557687e+00   1.7073460e-01   1.2236108e+00
   2.0085822e+00   4.8687374e-02   8.3565080e-01
   2.3248131e+00   3.8194256e-02   1.6274257e-01
   2.4466289e+00   7.3122781e-02   2.4863326e-02
   2.4173550e+00   1.6767292e-01   7.2723022e-03
   2.2490931e+00   3.6956025e-01   4.8774726e-03
   1.9132244e+00   6.8901601e-01   7.2100798e-03
   1.4301598e+00   9.3647274e-01   1.9871442e-02
   1.0340212e+00   8.2146475e-01   7.4436254e-02
   9.5847009e-01   4.7700834e-01   2.4458704e-01
   1.2562985e+00   2.2751285e-01   4.6668022e-01
   1.7705813e+00   1.3061426e-01   4.2470299e-01
   2.1538220e+00   1.2714943e-01   2.2188907e-01
   2.3179029e+00   1.9478983e-01   1.1285228e-01
   2.2573278e+00   3.5082043e-01   8.7929903e-02
   1.9933919e+00   5.7546480e-01   1.2339043e-01
   1.6360684e+00   6.7115404e-01   2.8402738e-01
   1.4529138e+00   4.2125823e-01   7.6250451e-01
   1.7278049e+00   1.3117159e-01   1.2848452e+00
   2.1326698e+00   4.2752957e-02   6.7414076e-01
   2.3768324e+00   4.2960565e-02   1.1528604e-01
   2.4597056e+00   8.8188157e-02   1.9811014e-02
   2.3932401e+00   2.0284479e-01   6.9883874e-03
   2.1897988e+00   4.3509244e-01   5.6702320e-03
   1.8108361e+00   7.6440441e-01   9.8683004e-03
   1.3208459e+00   9.4387647e-01   3.0173489e-02
   9.8769683e-01   7.3995231e-01   1.1392019e-01
   1.0052091e+00   3.9117777e-01   3.3718202e-01
   1.4104194e+00   1.8049979e-01   5.2759244e-01
   1.9142770e+00   1.1428661e-01   3.8092129e-01
   2.2325398e+00   1.2963512e-01   1.7413682e-01
   2.3444977e+00   2.1806661e-01   9.0296990e-02
   2.2140095e+00   4.0358979e-01   7.8763034e-02
   1.9023186e+00   6.3811691e-01   1.2715182e-01
   1.5331035e+00   6.7479129e-01   3.2455092e-01
   1.4158450e+00   3.6227988e-01   8.7601653e-01
   1.7571205e+00   1.0149306e-01   1.2694526e+00
   2.1719033e+00   3.7235319e-02   5.1536252e-01
   2.3953021e+00   4.5640949e-02   7.6758751e-02
   2.4635002e+00   9.8280313e-02   1.4013369e-02
   2.3737529e+00   2.2676237e-01   5.5089531e-03
   2.1482207e+00   4.7776975e-01   4.9968930e-03
   1.7443959e+00   8.0803802e-01   9.5494573e-03
   1.2563392e+00   9.4304566e-01   3.0865298e-02
   9.6170884e-01   7.0209133e-01   1.1642954e-01
   1.0210554e+00   3.6832376e-01   3.2697669e-01
   1.4468144e+00   1.8002415e-01   4.8173313e-01
   1.9370671e+00   1.2441488e-01   3.4689439e-01
   2.2339468e+00   1.4712222e-01   1.7263529e-01
   2.3311145e+00   2.4453830e-01   1.0159395e-01
   2.1783948e+00   4.3487991e-01   9.9374450e-02
   1.8615788e+00   6.3875713e-01   1.7286381e-01
   1.5371481e+00   5.9760429e-01   4.4167196e-01
   1.5467038e+00   2.7460962e-01   1.0557802e+00
   1.9126321e+00   7.6485446e-02   1.1597096e+00
   2.2628507e+00   3.7177738e-02   3.5480364e-01
   2.4268862e+00   5.6414997e-02   5.2763187e-02
   2.4616816e+00   1.2553174e-01   1.1906540e-02
   2.3293789e+00   2.8611665e-01   5.9785945e-03
   2.0512392e+00   5.7418622e-01   6.8423018e-03
   1.6003744e+00   8.8299079e-01   1.5715022e-02
   1.1402945e+00   8.9874174e-01   5.5504877e-02
   9.4887537e-01   5.7982589e-01   1.9953820e-01
   1.1381124e+00   2.7376808e-01   4.6278966e-01
   1.6424302e+00   1.3461033e-01   5.0678815e-01
   2.0865455e+00   1.0905862e-01   2.7287568e-01
   2.3069626e+00   1.5471076e-01   1.1903778e-01
   2.3203794e+00   2.8301114e-01   7.3665700e-02
   2.0993337e+00   5.0977736e-01   8.3392856e-02
   1.7314741e+00   7.0931394e-01   1.7004716e-01
   1.4088816e+00   5.8868439e-01   4.8246728e-01
   1.5006355e+00   2.3123738e-01   1.1360838e+00
   1.9241747e+00   6.1561768e-02   1.0508202e+00
   2.2798959e+00   3.5392597e-02   2.5876140e-01
   2.4339628e+00   6.0097388e-02   3.6632951e-02
   2.4442264e+00   1.3625881e-01   8.8061787e-03
   2.3054680e+00   3.0788421e-01   4.7996776e-03
   2.0132308e+00   6.0622926e-01   5.9109798e-03
   1.5515617e+00   9.0332431e-01   1.4333636e-02
   1.1049338e+00   8.8654803e-01   5.1791686e-02
   9.4033176e-01   5.6349885e-01   1.8366327e-01
   1.1436990e+00   2.7604616e-01   4.1397616e-01
   1.6447358e+00   1.4637145e-01   4.5710613e-01
   2.0776634e+00   1.2439924e-01   2.6762914e-01
   2.2911612e+00   1.7411378e-01   1.3317144e-01
   2.2954253e+00   3.0606170e-01   9.2747935e-02
   2.0714588e+00   5.2143783e-01   1.1354636e-01
   1.7234604e+00   6.6901237e-01   2.3682948e-01
   1.4748560e+00   4.9136023e-01   6.3376741e-01
   1.6791021e+00   1.7370316e-01   1.2456324e+00
   2.0719507e+00   5.1555434e-02   8.6548114e-01
   2.3472122e+00   4.0128487e-02   1.7848102e-01
   2.4524046e+00   7.6137926e-02   2.8648694e-02
   2.4174830e+00   1.7395212e-01   8.7250085e-03
   2.2408719e+00   3.8147011e-01   6.0709348e-03
   1.8957721e+00   7.0311419e-01   9.2635207e-03
   1.4105919e+00   9.3621118e-01   2.6053251e-02
   1.0283194e+00   7.9597112e-01   9.7565381e-02
   9.8012285e-01   4.4005404e-01   3.1063690e-01
   1.3287847e+00   1.9700801e-01   5.4678810e-01
   1.8471733e+00   1.1173327e-01   4.3088653e-01
   2.2051056e+00   1.1544497e-01   1.9257744e-01
   2.3459428e+00   1.8974670e-01   8.8928389e-02
   2.2562709e+00   3.5871114e-01   6.7495475e-02
   1.9692688e+00   6.0589305e-01   9.6845515e-02
   1.5797048e+00   7.2397847e-01   2.3471210e-01
   1.3542837e+00   4.6701738e-01   6.7970602e-01
   1.6254089e+00   1.4502744e-01   1.2697381e+00
   2.0686638e+00   4.3620116e-02   7.3658749e-01
   2.3522273e+00   3.9667456e-02   1.2852013e-01
   2.4543591e+00   7.9632848e-02   2.0392266e-02
   2.4056038e+00   1.8347930e-01   6.4955769e-03
   2.2215618e+00   3.9968917e-01   4.7672156e-03
   1.8653725e+00   7.2569146e-01   7.6216178e-03
   1.3767795e+00   9.4475365e-01   2.2123772e-02
   1.0073700e+00   7.8963919e-01   8.3606057e-02
   9.7051822e-01   4.4461420e-01   2.6407447e-01
   1.3043529e+00   2.1346532e-01   4.6964504e-01
   1.8162234e+00   1.2913873e-01   4.0101172e-01
   2.1764643e+00   1.3308329e-01   2.0714458e-01
   2.3215203e+00   2.0874222e-01   1.1026993e-01
   2.2353404e+00   3.7420863e-01   9.2071959e-02
   1.9568479e+00   5.9451242e-01   1.3781649e-01
   1.6075035e+00   6.5150940e-01   3.2773445e-01
   1.4778203e+00   3.7288741e-01   8.5408829e-01
   1.7856471e+00   1.1070507e-01   1.2739151e+00
   2.1776841e+00   4.0007231e-02   5.6411542e-01
   2.3952139e+00   4.6454436e-02   9.0274782e-02
   2.4628632e+00   9.8509876e-02   1.6774656e-02
   2.3754982e+00   2.2645652e-01   6.6098773e-03
   2.1499725e+00   4.7678501e-01   5.9873993e-03
   1.7466865e+00   8.0584451e-01   1.1418809e-02
   1.2598400e+00   9.3808072e-01   3.6807138e-02
   9.6835780e-01   6.9029085e-01   1.3811227e-01
   1.0397028e+00   3.4962271e-01   3.8135054e-01
   1.4972319e+00   1.6237055e-01   5.3331523e-01
   1.9824745e+00   1.1126353e-01   3.4637876e-01
   2.2637383e+00   1.3681969e-01   1.5415730e-01
   2.3497913e+00   2.3793732e-01   8.4367017e-02
   2.1817235e+00   4.3942912e-01   8.0296247e-02
   1.8457146e+00   6.6772369e-01   1.4113804e-01
   1.4855188e+00   6.5046102e-01   3.7696485e-01
   1.4367753e+00   3.1049924e-01   9.8080375e-01
   1.8159230e+00   8.3141816e-02   1.2181553e+00
   2.2146784e+00   3.5232651e-02   4.0511857e-01
   2.4118958e+00   4.9699073e-02   5.7093604e-02
   2.4656308e+00   1.0982514e-01   1.1349997e-02
   2.3542561e+00   2.5292301e-01   4.9860601e-03
   2.1046329e+00   5.2217630e-01   5.0443573e-03
   1.6771049e+00   8.4732627e-01   1.0536175e-02
   1.1972725e+00   9.3158891e-01   3.5710312e-02
   9.4585378e-01   6.5559206e-01   1.3306932e-01
   1.0537353e+00   3.3611085e-01   3.4895677e-01
   1.5183483e+00   1.6936408e-01   4.6915263e-01
   1.9885877e+00   1.2676365e-01   3.1783042e-01
   2.2535834e+00   1.5912809e-01   1.6115737e-01
   2.3268043e+00   2.6819479e-01   1.0257866e-01
   2.1428013e+00   4.6778598e-01   1.1004425e-01
   1.8131152e+00   6.4813591e-01   2.0590862e-01
   1.5218066e+00   5.4541392e-01   5.3382708e-01
   1.6357151e+00   2.2159456e-01   1.1646269e+00
   2.0079308e+00   6.3270208e-02   1.0322999e+00
   2.3128888e+00   3.8588942e-02   2.6125532e-01
   2.4424403e+00   6.6080913e-02   4.0326266e-02
   2.4403537e+00   1.4921198e-01   1.0659186e-02
   2.2861579e+00   3.3361713e-01   6.3619128e-03
   1.9733735e+00   6.4167857e-01   8.4897724e-03
   1.5007841e+00   9.1664947e-01   2.1790820e-02
   1.0772794e+00   8.4698459e-01   7.9898175e-02
   9.6263457e-01   4.9777653e-01   2.7069009e-01
   1.2446320e+00   2.2260141e-01   5.3897269e-01
   1.7666710e+00   1.1508129e-01   4.7990432e-01
   2.1650413e+00   1.0663578e-01   2.2091202e-01
   2.3383926e+00   1.6756277e-01   9.4228504e-02
   2.2918544e+00   3.1816476e-01   6.3156758e-02
   2.0336015e+00   5.6339809e-01   8.0377020e-02
   1.6432809e+00   7.3930302e-01   1.8113704e-01
   1.3467004e+00   5.5467465e-01   5.3566063e-01
   1.5206968e+00   1.9632433e-01   1.1884695e+00
   1.9664051e+00   5.3693583e-02   9.3330189e-01
   2.3037965e+00   3.6631955e-02   2.0044929e-01
   2.4409389e+00   6.6827874e-02   2.9371397e-02
   2.4294451e+00   1.5262450e-01   7.8513121e-03
   2.2756427e+00   3.4037732e-01   4.7932104e-03
   1.9601033e+00   6.5125216e-01   6.5260003e-03
   1.4852719e+00   9.2414031e-01   1.7000287e-02
   1.0640193e+00   8.5360579e-01   6.2842603e-02
   9.4715275e-01   5.1629972e-01   2.1457124e-01
   1.2010695e+00   2.4897593e-01   4.4313228e-01
   1.7118203e+00   1.3741057e-01   4.4131708e-01
   2.1194791e+00   1.2551961e-01   2.4256652e-01
   2.3063193e+00   1.8469145e-01   1.2178742e-01
   2.2756462e+00   3.2930300e-01   8.9972379e-02
   2.0304963e+00   5.5029889e-01   1.1851270e-01
   1.6767010e+00   6.7187006e-01   2.6086962e-01
   1.4612232e+00   4.5426583e-01   7.0108196e-01
   1.7036632e+00   1.4961973e-01   1.2739103e+00
   2.1050089e+00   4.6339237e-02   7.6240848e-01
   2.3637991e+00   4.1470952e-02   1.4131771e-01
   2.4566941e+00   8.2399845e-02   2.3442319e-02
   2.4044907e+00   1.8908185e-01   7.7265740e-03
   2.2138810e+00   4.0986152e-01   5.8438195e-03
   1.8505223e+00   7.3656318e-01   9.5806270e-03
   1.3616350e+00   9.4201796e-01   2.8226949e-02
   1.0050720e+00   7.6622098e-01   1.0636117e-01
   9.9254783e-01   4.1274641e-01   3.2598464e-01
   1.3727667e+00   1.8735884e-01   5.3819596e-01
   1.8844206e+00   1.1267850e-01   4.0334309e-01
   2.2208827e+00   1.2266856e-01   1.8179237e-01
   2.3458682e+00   2.0451108e-01   8.9200833e-02
   2.2340532e+00   3.8271867e-01   7.2970235e-02
   1.9331212e+00   6.2487367e-01   1.1170828e-01
   1.5521972e+00   7.0092175e-01   2.7921426e-01
   1.3812947e+00   4.1025146e-01   7.8282939e-01
   1.6928501e+00   1.1962539e-01   1.2846276e+00
   2.1251239e+00   3.9459742e-02   6.1469632e-01
   2.3766361e+00   4.2378046e-02   9.7023032e-02
   2.4600809e+00   8.8762769e-02   1.6446586e-02
   2.3896418e+00   2.0494539e-01   5.8393781e-03
   2.1848202e+00   4.3918990e-01   4.7870145e-03
   1.8036281e+00   7.6962677e-01   8.4096336e-03
