   1.9455306e-04
   1.5936777e-03
   9.5093737e-04
   1.1309571e-03
  -1.0157350e-02
   6.0329228e-03
  -1.0549995e-02
  -1.2293380e-02
   1.3743922e-03
  -8.9189860e-04
  -5.7964977e-04
   8.3102743e-03
   7.0938537e-03
   1.0667967e-02
  -1.2529885e-02
  -1.4628013e-03
   1.0551155e-03
  -6.2725843e-03
  -4.7841877e-04
   2.1004869e-03
   2.0934509e-03
   2.1161967e-02
   3.1884002e-02
   3.1063066e-02
   2.6000993e-02
   1.5296199e-02
   2.2554276e-02
   2.8262860e-02
   6.2350410e-03
   2.6271171e-02
   1.6547334e-02
   9.4596120e-03
   2.2398743e-02
   1.3626049e-02
   2.8126925e-02
   2.2814570e-02
   2.5077579e-02
   2.3954594e-02
   2.5922863e-02
   2.5287191e-03
   1.2049323e-02
   5.2942277e-02
   5.7797341e-02
   5.0207918e-02
   5.2323863e-02
   6.2004289e-02
   5.6892414e-02
   4.9602279e-02
   7.6719437e-02
   6.4777793e-02
   7.4535666e-02
   7.1339518e-02
   5.6009286e-02
   5.9175374e-02
   5.5504676e-02
   4.2735567e-02
   4.7199452e-02
   4.5571129e-02
   7.5279799e-02
   5.5511097e-03
   3.0527463e-02
   1.4254380e-01
   1.0702454e-01
   1.3399043e-01
   1.2132168e-01
   1.1769748e-01
   1.1761250e-01
   1.2870820e-01
   1.0017983e-01
   2.2128313e-02
   5.4675555e-02
   1.0149120e-01
   1.1991143e-01
   1.2245028e-01
   1.1531645e-01
   1.6956424e-01
   1.3758846e-01
   1.6966989e-01
   4.9693573e-02
   1.7088706e-03
   4.1879801e-02
   2.2812803e-01
   1.6897447e-01
   1.5490382e-01
   1.7527787e-01
   1.6828143e-01
   1.8689891e-01
   1.4036243e-01
   2.2878237e-01
   6.7628197e-02
   1.8253594e-01
   2.7682634e-01
   1.4855687e-01
   1.6458454e-01
   1.5725592e-01
   1.4796847e-01
   1.5756879e-01
   1.9063598e-01
   2.2469716e-02
   3.2444141e-06
   7.6722455e-03
   7.8529658e-02
   3.8017334e-01
   2.3145426e-01
   3.2898703e-01
   2.2045085e-01
   1.6549909e-01
   3.5502589e-01
   2.6022531e-01
   5.8317271e-02
   8.9758948e-02
   1.4415357e-01
   2.8085227e-01
   2.9761996e-01
   1.8062989e-02
   4.8233643e-03
   9.9963999e-03
   1.2542634e-02
   1.4655277e-03
   0.0000000e+00
  -8.1321536e-05
   3.5285565e-02
   1.8078869e-01
   1.2174350e-01
   3.2635053e-01
   1.7679503e-01
   1.1856700e-01
   3.6283075e-01
   1.1005798e-01
   2.0560319e-03
   6.2617279e-04
   2.3911482e-03
   4.0201558e-02
   4.4229283e-02
   2.2774662e-03
   0.0000000e+00
   0.0000000e+00
   0.0000000e+00
   0.0000000e+00
   0.0000000e+00
   0.0000000e+00
   1.5091845e-04
   6.3958305e-04
   2.0843009e-03
   1.6291388e-02
   8.7041387e-03
   5.3752438e-03
   2.6360202e-02
   8.9354527e-03
   9.1618157e-06
   0.0000000e+00
   0.0000000e+00
   0.0000000e+00
   0.0000000e+00
   0.0000000e+00
   0.0000000e+00
   0.0000000e+00
   0.0000000e+00
   0.0000000e+00
   0.0000000e+00
   0.0000000e+00
   0.0000000e+00
   0.0000000e+00
   0.0000000e+00
   0.0000000e+00
   0.0000000e+00
   0.0000000e+00
   0.0000000e+00
   0.0000000e+00
   0.0000000e+00
   0.0000000e+00
   0.0000000e+00
   0.0000000e+00
   0.0000000e+00
   0.0000000e+00
   0.0000000e+00
   0.0000000e+00
   0.0000000e+00
   0.0000000e+00
   0.0000000e+00
   0.0000000e+00
   0.0000000e+00
   0.0000000e+00
   0.0000000e+00
   0.0000000e+00
   0.0000000e+00
   0.0000000e+00
   0.0000000e+00
   0.0000000e+00
   0.0000000e+00
   0.0000000e+00
   0.0000000e+00
   0.0000000e+00
   0.0000000e+00
   0.0000000e+00
   0.0000000e+00
   0.0000000e+00
   0.0000000e+00
   0.0000000e+00
   0.0000000e+00
   0.0000000e+00
   0.0000000e+00
   0.0000000e+00
   0.0000000e+00
   0.0000000e+00
   0.0000000e+00
   0.0000000e+00
   0.0000000e+00
   0.0000000e+00
   0.0000000e+00
   0.0000000e+00
   0.0000000e+00
   0.0000000e+00
   0.0000000e+00
   0.0000000e+00
   0.0000000e+00
   0.0000000e+00
   0.0000000e+00
   0.0000000e+00
   0.0000000e+00
   0.0000000e+00
   0.0000000e+00
   0.0000000e+00
   0.0000000e+00
   0.0000000e+00
   0.0000000e+00
   0.0000000e+00
   0.0000000e+00
   0.0000000e+00
   0.0000000e+00
   0.0000000e+00
   0.0000000e+00
   0.0000000e+00
   0.0000000e+00
   0.0000000e+00
   0.0000000e+00
   0.0000000e+00
   0.0000000e+00
   0.0000000e+00
   0.0000000e+00
   0.0000000e+00
   0.0000000e+00
   0.0000000e+00
   0.0000000e+00
   0.0000000e+00
   0.0000000e+00
   0.0000000e+00
   0.0000000e+00
   0.0000000e+00
   0.0000000e+00
   0.0000000e+00
   0.0000000e+00
   0.0000000e+00
   0.0000000e+00
   0.0000000e+00
   0.0000000e+00
   0.0000000e+00
   0.0000000e+00
   0.0000000e+00
   0.0000000e+00
   0.0000000e+00
   0.0000000e+00
   0.0000000e+00
   0.0000000e+00
   0.0000000e+00
   0.0000000e+00
   0.0000000e+00
   0.0000000e+00
   0.0000000e+00
   0.0000000e+00
   0.0000000e+00
   0.0000000e+00
   0.0000000e+00
   0.0000000e+00
   0.0000000e+00
   0.0000000e+00
   0.0000000e+00
   0.0000000e+00
   0.0000000e+00
   0.0000000e+00
   0.0000000e+00
   0.0000000e+00
   0.0000000e+00
   0.0000000e+00
   0.0000000e+00
   0.0000000e+00
   0.0000000e+00
   0.0000000e+00
   0.0000000e+00
   0.0000000e+00
   0.0000000e+00
   0.0000000e+00
   0.0000000e+00
   0.0000000e+00
   0.0000000e+00
   0.0000000e+00
   0.0000000e+00
   0.0000000e+00
   0.0000000e+00
   0.0000000e+00
   0.0000000e+00
   0.0000000e+00
   0.0000000e+00
   0.0000000e+00
   0.0000000e+00
   0.0000000e+00
   0.0000000e+00
   0.0000000e+00
   0.0000000e+00
   0.0000000e+00
   0.0000000e+00
   0.0000000e+00
   0.0000000e+00
   0.0000000e+00
   0.0000000e+00
   0.0000000e+00
   0.0000000e+00
   0.0000000e+00
   0.0000000e+00
   0.0000000e+00
   0.0000000e+00
   0.0000000e+00
   0.0000000e+00
   0.0000000e+00
   0.0000000e+00
   0.0000000e+00
   0.0000000e+00
   0.0000000e+00
   0.0000000e+00
   0.0000000e+00
   0.0000000e+00
   0.0000000e+00
   0.0000000e+00
   0.0000000e+00
   0.0000000e+00
   0.0000000e+00
   0.0000000e+00
   0.0000000e+00
   0.0000000e+00
   0.0000000e+00
   0.0000000e+00
   0.0000000e+00
   0.0000000e+00
   0.0000000e+00
   0.0000000e+00
   0.0000000e+00
   0.0000000e+00
   0.0000000e+00
   0.0000000e+00
   0.0000000e+00
   0.0000000e+00
   0.0000000e+00
   0.0000000e+00
   0.0000000e+00
   0.0000000e+00
   0.0000000e+00
   0.0000000e+00
   0.0000000e+00
   0.0000000e+00
   0.0000000e+00
   0.0000000e+00
   0.0000000e+00
   0.0000000e+00
   0.0000000e+00
   0.0000000e+00
   0.0000000e+00
   0.0000000e+00
   0.0000000e+00
   0.0000000e+00
   0.0000000e+00
   0.0000000e+00
   0.0000000e+00
   0.0000000e+00
   0.0000000e+00
   0.0000000e+00
   0.0000000e+00
   0.0000000e+00
   0.0000000e+00
   0.0000000e+00
   0.0000000e+00
   0.0000000e+00
   0.0000000e+00
   0.0000000e+00
   0.0000000e+00
   0.0000000e+00
   0.0000000e+00
   0.0000000e+00
   0.0000000e+00
   0.0000000e+00
   0.0000000e+00
   0.0000000e+00
   0.0000000e+00
   0.0000000e+00
   0.0000000e+00
   0.0000000e+00
   0.0000000e+00
   0.0000000e+00
   0.0000000e+00
   0.0000000e+00
   0.0000000e+00
