   8.1226956e-03
   7.3756706e-03
   2.8104173e-03
  -3.6160152e-03
   4.2035185e-03
  -6.0062910e-03
   2.0127598e-03
  -1.0888245e-03
  -2.7447932e-03
   1.1886215e-04
  -1.1277592e-04
   2.7211625e-03
  -4.6074366e-03
   3.6091749e-03
  -5.3850146e-03
   3.5412878e-03
  -3.1695756e-04
   9.0976660e-04
  -9.6494732e-03
   6.5353427e-03
   1.4924093e-03
   1.4664742e-02
   1.8995393e-02
   2.4578679e-02
   1.3831601e-02
   2.5694604e-02
   1.7880453e-02
   1.9065129e-02
   2.5250400e-02
   1.9915206e-02
   1.8229473e-02
   1.7611091e-02
   2.2440480e-02
   1.6072533e-02
   2.5513085e-02
   1.3440892e-02
   1.9094974e-02
   2.0878544e-02
   2.9315938e-02
   2.2777653e-02
   6.4727503e-02
   5.7246584e-02
   6.3199178e-02
   4.9065197e-02
   6.9929219e-02
   4.9869747e-02
   6.1112391e-02
   6.0539184e-02
   4.7480488e-02
   5.8979272e-02
   6.1896285e-02
   6.1525041e-02
   5.5183725e-02
   6.3878717e-02
   5.0230628e-02
   6.7878356e-02
   6.2249270e-02
   5.0616802e-02
   5.6530181e-02
   5.3498733e-03
   1.1890728e-01
   1.1995757e-01
   1.1095580e-01
   1.3161427e-01
   9.9775448e-02
   1.2973963e-01
   1.1484608e-01
   1.1500379e-01
   1.3038607e-01
   1.1988289e-01
   1.0976332e-01
   1.1556912e-01
   1.2120642e-01
   1.1121446e-01
   1.2883768e-01
   1.0759147e-01
   1.0168469e-01
   1.6077749e-01
   3.6730796e-02
   2.2315152e-04
   1.7615668e-02
   2.0258477e-01
   1.7914924e-01
   1.5499306e-01
   2.0880659e-01
   1.5279938e-01
   1.7898888e-01
   1.7828056e-01
   1.5665846e-01
   1.5490951e-01
   2.2379295e-01
   1.7275608e-01
   1.7193636e-01
   2.0369711e-01
   1.2826498e-01
   2.2231607e-01
   2.2525982e-01
   2.0654793e-02
   4.1894797e-03
   0.0000000e+00
   8.1936149e-04
   2.6860908e-02
   2.8129425e-01
   2.6216544e-01
   1.3059909e-01
   3.0471772e-01
   2.7285325e-01
   2.2360030e-01
   2.7055657e-01
   3.0885093e-01
   7.7623662e-02
   2.3396794e-01
   2.8634346e-01
   3.0656352e-01
   2.1808767e-02
   9.1987110e-02
   1.0816215e-01
   4.7595133e-03
   2.5856852e-11
   0.0000000e+00
   0.0000000e+00
   1.2045445e-02
   2.1225974e-01
   2.3576603e-01
   1.2656920e-01
   3.2966229e-01
   6.1734518e-02
   1.9519355e-02
   1.5008668e-01
   1.9086236e-01
   6.9549457e-02
   4.0984627e-01
   2.6068444e-01
   1.4374085e-01
   1.2626550e-02
   1.1439680e-05
   1.2565702e-05
   6.3370943e-07
   0.0000000e+00
   0.0000000e+00
   0.0000000e+00
   1.2745515e-05
   1.9154596e-04
   1.9714276e-04
   1.5804118e-03
   4.6869395e-03
   8.6970093e-04
   7.2601544e-06
   2.8330764e-04
   3.6864636e-04
   8.2575512e-03
   5.7154245e-02
   2.4567887e-02
   6.4376166e-04
   5.3196879e-05
   0.0000000e+00
   0.0000000e+00
   0.0000000e+00
   0.0000000e+00
   0.0000000e+00
   0.0000000e+00
   0.0000000e+00
   0.0000000e+00
   0.0000000e+00
   0.0000000e+00
   0.0000000e+00
   0.0000000e+00
   0.0000000e+00
   0.0000000e+00
   0.0000000e+00
   0.0000000e+00
   0.0000000e+00
   0.0000000e+00
   0.0000000e+00
   0.0000000e+00
   0.0000000e+00
   0.0000000e+00
   0.0000000e+00
   0.0000000e+00
   0.0000000e+00
   0.0000000e+00
   0.0000000e+00
   0.0000000e+00
   0.0000000e+00
   0.0000000e+00
   0.0000000e+00
   0.0000000e+00
   0.0000000e+00
   0.0000000e+00
   0.0000000e+00
   0.0000000e+00
   0.0000000e+00
   0.0000000e+00
   0.0000000e+00
   0.0000000e+00
   0.0000000e+00
   0.0000000e+00
   0.0000000e+00
   0.0000000e+00
   0.0000000e+00
   0.0000000e+00
   0.0000000e+00
   0.0000000e+00
   0.0000000e+00
   0.0000000e+00
   0.0000000e+00
   0.0000000e+00
   0.0000000e+00
   0.0000000e+00
   0.0000000e+00
   0.0000000e+00
   0.0000000e+00
   0.0000000e+00
   0.0000000e+00
   0.0000000e+00
   0.0000000e+00
   0.0000000e+00
   0.0000000e+00
   0.0000000e+00
   0.0000000e+00
   0.0000000e+00
   0.0000000e+00
   0.0000000e+00
   0.0000000e+00
   0.0000000e+00
   0.0000000e+00
   0.0000000e+00
   0.0000000e+00
   0.0000000e+00
   0.0000000e+00
   0.0000000e+00
   0.0000000e+00
   0.0000000e+00
   0.0000000e+00
   0.0000000e+00
   0.0000000e+00
   0.0000000e+00
   0.0000000e+00
   0.0000000e+00
   0.0000000e+00
   0.0000000e+00
   0.0000000e+00
   0.0000000e+00
   0.0000000e+00
   0.0000000e+00
   0.0000000e+00
   0.0000000e+00
   0.0000000e+00
   0.0000000e+00
   0.0000000e+00
   0.0000000e+00
   0.0000000e+00
   0.0000000e+00
   0.0000000e+00
   0.0000000e+00
   0.0000000e+00
   0.0000000e+00
   0.0000000e+00
   0.0000000e+00
   0.0000000e+00
   0.0000000e+00
   0.0000000e+00
   0.0000000e+00
   0.0000000e+00
   0.0000000e+00
   0.0000000e+00
   0.0000000e+00
   0.0000000e+00
   0.0000000e+00
   0.0000000e+00
   0.0000000e+00
   0.0000000e+00
   0.0000000e+00
   0.0000000e+00
   0.0000000e+00
   0.0000000e+00
   0.0000000e+00
   0.0000000e+00
   0.0000000e+00
   0.0000000e+00
   0.0000000e+00
   0.0000000e+00
   0.0000000e+00
   0.0000000e+00
   0.0000000e+00
   0.0000000e+00
   0.0000000e+00
   0.0000000e+00
   0.0000000e+00
   0.0000000e+00
   0.0000000e+00
   0.0000000e+00
   0.0000000e+00
   0.0000000e+00
   0.0000000e+00
   0.0000000e+00
   0.0000000e+00
   0.0000000e+00
   0.0000000e+00
   0.0000000e+00
   0.0000000e+00
   0.0000000e+00
   0.0000000e+00
   0.0000000e+00
   0.0000000e+00
   0.0000000e+00
   0.0000000e+00
   0.0000000e+00
   0.0000000e+00
   0.0000000e+00
   0.0000000e+00
   0.0000000e+00
   0.0000000e+00
   0.0000000e+00
   0.0000000e+00
   0.0000000e+00
   0.0000000e+00
   0.0000000e+00
   0.0000000e+00
   0.0000000e+00
   0.0000000e+00
   0.0000000e+00
   0.0000000e+00
   0.0000000e+00
   0.0000000e+00
   0.0000000e+00
   0.0000000e+00
   0.0000000e+00
   0.0000000e+00
   0.0000000e+00
   0.0000000e+00
   0.0000000e+00
   0.0000000e+00
   0.0000000e+00
   0.0000000e+00
   0.0000000e+00
   0.0000000e+00
   0.0000000e+00
   0.0000000e+00
   0.0000000e+00
   0.0000000e+00
   0.0000000e+00
   0.0000000e+00
   0.0000000e+00
   0.0000000e+00
   0.0000000e+00
   0.0000000e+00
   0.0000000e+00
   0.0000000e+00
   0.0000000e+00
   0.0000000e+00
   0.0000000e+00
   0.0000000e+00
   0.0000000e+00
   0.0000000e+00
   0.0000000e+00
   0.0000000e+00
   0.0000000e+00
   0.0000000e+00
   0.0000000e+00
   0.0000000e+00
   0.0000000e+00
   0.0000000e+00
   0.0000000e+00
   0.0000000e+00
   0.0000000e+00
   0.0000000e+00
   0.0000000e+00
   0.0000000e+00
   0.0000000e+00
   0.0000000e+00
   0.0000000e+00
   0.0000000e+00
   0.0000000e+00
   0.0000000e+00
   0.0000000e+00
   0.0000000e+00
   0.0000000e+00
   0.0000000e+00
   0.0000000e+00
   0.0000000e+00
   0.0000000e+00
   0.0000000e+00
   0.0000000e+00
   0.0000000e+00
   0.0000000e+00
   0.0000000e+00
   0.0000000e+00
   0.0000000e+00
   0.0000000e+00
   0.0000000e+00
   0.0000000e+00
   0.0000000e+00
   0.0000000e+00
   0.0000000e+00
   0.0000000e+00
   0.0000000e+00
   0.0000000e+00
   0.0000000e+00
   0.0000000e+00
