  -1.8448272e-03
   2.7880582e-03
   3.4189828e-03
  -1.1393342e-03
   1.0284275e-03
  -2.7524136e-03
   1.0796825e-03
   5.9611393e-04
  -2.7263904e-03
   1.0237103e-03
  -2.0615627e-03
  -4.4317760e-04
   2.2203540e-03
  -1.5889502e-03
   1.0365388e-04
   9.2503795e-04
  -1.3192162e-03
   8.7273844e-04
  -3.2441463e-03
   4.6977458e-03
   3.6527342e-03
   9.5807929e-03
   2.4002111e-02
   2.0002908e-02
   1.9041087e-02
   2.5862596e-02
   1.8691102e-02
   1.6278613e-02
   2.0683152e-02
   2.1311096e-02
   1.9103843e-02
   2.1811821e-02
   1.5422016e-02
   2.2788664e-02
   2.3108054e-02
   1.4639433e-02
   2.2689396e-02
   2.0783529e-02
   2.3372525e-02
   5.1082847e-03
   9.4318575e-02
   7.6925549e-02
   4.8936526e-02
   5.4319969e-02
   6.1712001e-02
   4.1922258e-02
   6.3061115e-02
   6.2919246e-02
   5.8077854e-02
   5.3810593e-02
   6.2392946e-02
   5.4048095e-02
   6.7238435e-02
   5.1142063e-02
   5.3911916e-02
   6.6059146e-02
   5.5729377e-02
   4.9029803e-02
   7.5888524e-02
   1.6599188e-03
   7.0148985e-02
   9.3287021e-02
   1.2513173e-01
   1.4737185e-01
   1.0499636e-01
   1.4634019e-01
   1.1387043e-01
   1.0877480e-01
   1.2048675e-01
   1.2293639e-01
   1.1145073e-01
   1.2397935e-01
   1.0767628e-01
   1.2602238e-01
   1.2760570e-01
   1.0494835e-01
   1.2195200e-01
   1.3612563e-01
   1.0241253e-01
   8.7207844e-04
   2.0211832e-02
   2.1785391e-01
   1.7746226e-01
   7.9620160e-02
   2.1197460e-01
   1.2918035e-01
   1.7454636e-01
   2.3007291e-01
   1.4834812e-01
   1.7520081e-01
   1.7808126e-01
   1.8578822e-01
   1.6400524e-01
   1.8880331e-01
   1.2320116e-01
   2.2865364e-01
   1.6995475e-01
   9.1821809e-02
   1.0722426e-02
   4.9861062e-05
   2.2572764e-02
   2.6440942e-01
   2.1610433e-01
   3.5314729e-01
   2.0236342e-01
   2.7948088e-01
   2.6971311e-01
   6.1316593e-02
   4.6184241e-03
   5.6460829e-02
   3.8084379e-01
   1.6722046e-01
   8.2480797e-02
   3.1864955e-01
   3.0342563e-01
   8.2006370e-02
   8.8069561e-04
   1.7778022e-04
   6.4563040e-07
   0.0000000e+00
   1.1705372e-03
   1.3725007e-02
   3.0120089e-02
   2.6213583e-01
   1.9048807e-01
   2.6647309e-01
   2.6484141e-01
   1.1368097e-02
   2.4719408e-06
   1.4887329e-02
   1.0327939e-01
   4.3802732e-02
   2.5945725e-02
   2.6760698e-01
   2.3622880e-01
   2.9630883e-02
   2.0175101e-05
   0.0000000e+00
   0.0000000e+00
   0.0000000e+00
   0.0000000e+00
   0.0000000e+00
   3.4945400e-04
   4.4836522e-03
   3.3645763e-03
   6.2441491e-03
   6.3170265e-03
   2.8546533e-04
   0.0000000e+00
   3.1172740e-07
   2.1625785e-06
   9.1662451e-07
   1.1450882e-03
   8.4396587e-02
   4.8416034e-01
   1.9336187e-01
   5.4996380e-04
   0.0000000e+00
   0.0000000e+00
   0.0000000e+00
   0.0000000e+00
   0.0000000e+00
   0.0000000e+00
   0.0000000e+00
   0.0000000e+00
   0.0000000e+00
   0.0000000e+00
   0.0000000e+00
   0.0000000e+00
   0.0000000e+00
   0.0000000e+00
   0.0000000e+00
   0.0000000e+00
   8.4747511e-02
   5.5936962e-01
   2.2671153e-01
   6.4515392e-04
   0.0000000e+00
   0.0000000e+00
   0.0000000e+00
   0.0000000e+00
   0.0000000e+00
   0.0000000e+00
   0.0000000e+00
   0.0000000e+00
   0.0000000e+00
   0.0000000e+00
   0.0000000e+00
   0.0000000e+00
   0.0000000e+00
   0.0000000e+00
   0.0000000e+00
   0.0000000e+00
   4.8332567e-03
   3.1901550e-02
   1.2929643e-02
   3.6793936e-05
   0.0000000e+00
   0.0000000e+00
   0.0000000e+00
   0.0000000e+00
   0.0000000e+00
   0.0000000e+00
   0.0000000e+00
   0.0000000e+00
   0.0000000e+00
   0.0000000e+00
   0.0000000e+00
   0.0000000e+00
   0.0000000e+00
   0.0000000e+00
   0.0000000e+00
   0.0000000e+00
   0.0000000e+00
   0.0000000e+00
   0.0000000e+00
   0.0000000e+00
   0.0000000e+00
   0.0000000e+00
   0.0000000e+00
   0.0000000e+00
   0.0000000e+00
   0.0000000e+00
   0.0000000e+00
   0.0000000e+00
   0.0000000e+00
   0.0000000e+00
   0.0000000e+00
   0.0000000e+00
   0.0000000e+00
   0.0000000e+00
   0.0000000e+00
   0.0000000e+00
   0.0000000e+00
   0.0000000e+00
   0.0000000e+00
   0.0000000e+00
   0.0000000e+00
   0.0000000e+00
   0.0000000e+00
   0.0000000e+00
   0.0000000e+00
   0.0000000e+00
   0.0000000e+00
   0.0000000e+00
   0.0000000e+00
   0.0000000e+00
   0.0000000e+00
   0.0000000e+00
   0.0000000e+00
   0.0000000e+00
   0.0000000e+00
   0.0000000e+00
   0.0000000e+00
   0.0000000e+00
   0.0000000e+00
   0.0000000e+00
   0.0000000e+00
   0.0000000e+00
   0.0000000e+00
   0.0000000e+00
   0.0000000e+00
   0.0000000e+00
   0.0000000e+00
   0.0000000e+00
   0.0000000e+00
   0.0000000e+00
   0.0000000e+00
   0.0000000e+00
   0.0000000e+00
   0.0000000e+00
   0.0000000e+00
   0.0000000e+00
   0.0000000e+00
   0.0000000e+00
   0.0000000e+00
   0.0000000e+00
   0.0000000e+00
   0.0000000e+00
   0.0000000e+00
   0.0000000e+00
   0.0000000e+00
   0.0000000e+00
   0.0000000e+00
   0.0000000e+00
   0.0000000e+00
   0.0000000e+00
   0.0000000e+00
   0.0000000e+00
   0.0000000e+00
   0.0000000e+00
   0.0000000e+00
   0.0000000e+00
   0.0000000e+00
   0.0000000e+00
   0.0000000e+00
   0.0000000e+00
   0.0000000e+00
   0.0000000e+00
   0.0000000e+00
   0.0000000e+00
   0.0000000e+00
   0.0000000e+00
   0.0000000e+00
   0.0000000e+00
   0.0000000e+00
   0.0000000e+00
   0.0000000e+00
   0.0000000e+00
   0.0000000e+00
   0.0000000e+00
   0.0000000e+00
   0.0000000e+00
   0.0000000e+00
   0.0000000e+00
   0.0000000e+00
   0.0000000e+00
   0.0000000e+00
   0.0000000e+00
   0.0000000e+00
   0.0000000e+00
   0.0000000e+00
   0.0000000e+00
   0.0000000e+00
   0.0000000e+00
   0.0000000e+00
   0.0000000e+00
   0.0000000e+00
   0.0000000e+00
   0.0000000e+00
   0.0000000e+00
   0.0000000e+00
   0.0000000e+00
   0.0000000e+00
   0.0000000e+00
   0.0000000e+00
   0.0000000e+00
   0.0000000e+00
   0.0000000e+00
   0.0000000e+00
   0.0000000e+00
   0.0000000e+00
   0.0000000e+00
   0.0000000e+00
   0.0000000e+00
   0.0000000e+00
   0.0000000e+00
   0.0000000e+00
   0.0000000e+00
   0.0000000e+00
   0.0000000e+00
   0.0000000e+00
   0.0000000e+00
   0.0000000e+00
   0.0000000e+00
   0.0000000e+00
   0.0000000e+00
   0.0000000e+00
   0.0000000e+00
   0.0000000e+00
   0.0000000e+00
   0.0000000e+00
   0.0000000e+00
   0.0000000e+00
   0.0000000e+00
   0.0000000e+00
   0.0000000e+00
   0.0000000e+00
   0.0000000e+00
   0.0000000e+00
   0.0000000e+00
   0.0000000e+00
   0.0000000e+00
   0.0000000e+00
   0.0000000e+00
   0.0000000e+00
   0.0000000e+00
   0.0000000e+00
   0.0000000e+00
   0.0000000e+00
   0.0000000e+00
   0.0000000e+00
   0.0000000e+00
   0.0000000e+00
   0.0000000e+00
   0.0000000e+00
   0.0000000e+00
   0.0000000e+00
   0.0000000e+00
   0.0000000e+00
   0.0000000e+00
   0.0000000e+00
   0.0000000e+00
   0.0000000e+00
   0.0000000e+00
   0.0000000e+00
   0.0000000e+00
   0.0000000e+00
   0.0000000e+00
   0.0000000e+00
