   1.0647706e-04
   3.9486768e-03
  -4.7908080e-04
   1.2459599e-03
  -2.2450845e-03
   1.9865415e-03
  -2.0140428e-04
   1.1799859e-03
  -3.1119493e-03
   6.7506373e-03
  -3.0277192e-03
   3.1582489e-03
  -7.3355836e-03
   3.6829829e-03
  -1.0413438e-04
  -8.1153061e-04
  -2.9985146e-03
  -1.1625753e-02
  -5.4941889e-03
  -2.0027454e-04
   2.9966103e-02
   1.5820958e-02
   2.1430719e-02
   1.5737209e-02
   2.5695578e-02
   1.5016792e-02
   2.0142936e-02
   1.7615826e-02
   2.4120075e-02
   1.0695834e-02
   2.3411656e-02
   1.5835124e-02
   2.7947692e-02
   1.2973640e-02
   2.0761276e-02
   1.7078675e-02
   3.1812802e-02
   2.2104457e-02
   1.8561544e-02
  -3.5153993e-04
   8.4507251e-02
   6.4563672e-02
   5.4404831e-02
   6.6733929e-02
   4.5093462e-02
   6.9428595e-02
   5.7471565e-02
   6.3578367e-02
   5.0455173e-02
   7.4752275e-02
   5.2491329e-02
   6.4404024e-02
   4.7186969e-02
   6.7385403e-02
   6.6584599e-02
   5.4647110e-02
   4.8250813e-02
   4.0691013e-02
   8.9842816e-02
   1.1686146e-03
   2.8592977e-02
   1.0963661e-01
   1.2585626e-01
   1.0275910e-01
   1.4300801e-01
   9.8107700e-02
   1.1804423e-01
   1.1043798e-01
   1.2968107e-01
   9.6597189e-02
   1.2564907e-01
   1.1039858e-01
   1.3355139e-01
   1.0789802e-01
   1.0421698e-01
   1.2780704e-01
   1.2995152e-01
   1.5060875e-01
   5.5791530e-02
   5.4608435e-04
   3.7861129e-02
   1.4665779e-01
   1.8837311e-01
   2.0821941e-01
   1.1778615e-01
   2.2462138e-01
   1.6393681e-01
   2.0847869e-01
   1.5937351e-01
   2.2913890e-01
   1.5111117e-01
   1.9208463e-01
   1.4761403e-01
   1.8578055e-01
   2.4290772e-01
   9.1609356e-02
   1.2858342e-01
   1.1715611e-01
   1.7326040e-02
   6.8807722e-07
   1.1942798e-01
   3.9941603e-01
   1.6280241e-01
   3.7036947e-02
   3.0146589e-02
   2.6139523e-01
   2.5776348e-01
   3.3442919e-02
   9.7479453e-02
   2.3962782e-01
   8.7041145e-02
   2.8042949e-01
   3.4794037e-01
   8.9522479e-02
   6.4100424e-02
   3.1221238e-03
   1.1942249e-05
   4.6221412e-08
   8.0959059e-09
   0.0000000e+00
   2.3543042e-02
   7.8359980e-02
   2.7411925e-02
   1.8096761e-03
   6.2755774e-04
   1.7771404e-02
   2.1490768e-02
   1.3184990e-03
   7.3470942e-04
   1.6659963e-03
   3.2352561e-03
   1.6793541e-01
   2.5532353e-01
   2.1415764e-02
   0.0000000e+00
   0.0000000e+00
   0.0000000e+00
   0.0000000e+00
   0.0000000e+00
   0.0000000e+00
   0.0000000e+00
   0.0000000e+00
   0.0000000e+00
   0.0000000e+00
   0.0000000e+00
   0.0000000e+00
   0.0000000e+00
   0.0000000e+00
   0.0000000e+00
   0.0000000e+00
   7.6910712e-05
   4.3933529e-03
   6.6854145e-03
   5.6080497e-04
   0.0000000e+00
   0.0000000e+00
   0.0000000e+00
   0.0000000e+00
   0.0000000e+00
   0.0000000e+00
   0.0000000e+00
   0.0000000e+00
   0.0000000e+00
   0.0000000e+00
   0.0000000e+00
   0.0000000e+00
   0.0000000e+00
   0.0000000e+00
   0.0000000e+00
   0.0000000e+00
   0.0000000e+00
   0.0000000e+00
   0.0000000e+00
   0.0000000e+00
   0.0000000e+00
   0.0000000e+00
   0.0000000e+00
   0.0000000e+00
   0.0000000e+00
   0.0000000e+00
   0.0000000e+00
   0.0000000e+00
   0.0000000e+00
   0.0000000e+00
   0.0000000e+00
   0.0000000e+00
   0.0000000e+00
   0.0000000e+00
   0.0000000e+00
   0.0000000e+00
   0.0000000e+00
   0.0000000e+00
   0.0000000e+00
   0.0000000e+00
   0.0000000e+00
   0.0000000e+00
   0.0000000e+00
   0.0000000e+00
   0.0000000e+00
   0.0000000e+00
   0.0000000e+00
   0.0000000e+00
   0.0000000e+00
   0.0000000e+00
   0.0000000e+00
   0.0000000e+00
   0.0000000e+00
   0.0000000e+00
   0.0000000e+00
   0.0000000e+00
   0.0000000e+00
   0.0000000e+00
   0.0000000e+00
   0.0000000e+00
   0.0000000e+00
   0.0000000e+00
   0.0000000e+00
   0.0000000e+00
   0.0000000e+00
   0.0000000e+00
   0.0000000e+00
   0.0000000e+00
   0.0000000e+00
   0.0000000e+00
   0.0000000e+00
   0.0000000e+00
   0.0000000e+00
   0.0000000e+00
   0.0000000e+00
   0.0000000e+00
   0.0000000e+00
   0.0000000e+00
   0.0000000e+00
   0.0000000e+00
   0.0000000e+00
   0.0000000e+00
   0.0000000e+00
   0.0000000e+00
   0.0000000e+00
   0.0000000e+00
   0.0000000e+00
   0.0000000e+00
   0.0000000e+00
   0.0000000e+00
   0.0000000e+00
   0.0000000e+00
   0.0000000e+00
   0.0000000e+00
   0.0000000e+00
   0.0000000e+00
   0.0000000e+00
   0.0000000e+00
   0.0000000e+00
   0.0000000e+00
   0.0000000e+00
   0.0000000e+00
   0.0000000e+00
   0.0000000e+00
   0.0000000e+00
   0.0000000e+00
   0.0000000e+00
   0.0000000e+00
   0.0000000e+00
   0.0000000e+00
   0.0000000e+00
   0.0000000e+00
   0.0000000e+00
   0.0000000e+00
   0.0000000e+00
   0.0000000e+00
   0.0000000e+00
   0.0000000e+00
   0.0000000e+00
   0.0000000e+00
   0.0000000e+00
   0.0000000e+00
   0.0000000e+00
   0.0000000e+00
   0.0000000e+00
   0.0000000e+00
   0.0000000e+00
   0.0000000e+00
   0.0000000e+00
   0.0000000e+00
   0.0000000e+00
   0.0000000e+00
   0.0000000e+00
   0.0000000e+00
   0.0000000e+00
   0.0000000e+00
   0.0000000e+00
   0.0000000e+00
   0.0000000e+00
   0.0000000e+00
   0.0000000e+00
   0.0000000e+00
   0.0000000e+00
   0.0000000e+00
   0.0000000e+00
   0.0000000e+00
   0.0000000e+00
   0.0000000e+00
   0.0000000e+00
   0.0000000e+00
   0.0000000e+00
   0.0000000e+00
   0.0000000e+00
   0.0000000e+00
   0.0000000e+00
   0.0000000e+00
   0.0000000e+00
   0.0000000e+00
   0.0000000e+00
   0.0000000e+00
   0.0000000e+00
   0.0000000e+00
   0.0000000e+00
   0.0000000e+00
   0.0000000e+00
   0.0000000e+00
   0.0000000e+00
   0.0000000e+00
   0.0000000e+00
   0.0000000e+00
   0.0000000e+00
   0.0000000e+00
   0.0000000e+00
   0.0000000e+00
   0.0000000e+00
   0.0000000e+00
   0.0000000e+00
   0.0000000e+00
   0.0000000e+00
   0.0000000e+00
   0.0000000e+00
   0.0000000e+00
   0.0000000e+00
   0.0000000e+00
   0.0000000e+00
   0.0000000e+00
   0.0000000e+00
   0.0000000e+00
   0.0000000e+00
   0.0000000e+00
   0.0000000e+00
   0.0000000e+00
   0.0000000e+00
   0.0000000e+00
   0.0000000e+00
   0.0000000e+00
   0.0000000e+00
   0.0000000e+00
   0.0000000e+00
   0.0000000e+00
   0.0000000e+00
   0.0000000e+00
   0.0000000e+00
   0.0000000e+00
   0.0000000e+00
   0.0000000e+00
   0.0000000e+00
   0.0000000e+00
   0.0000000e+00
   0.0000000e+00
   0.0000000e+00
   0.0000000e+00
   0.0000000e+00
   0.0000000e+00
   0.0000000e+00
   0.0000000e+00
   0.0000000e+00
   0.0000000e+00
   0.0000000e+00
   0.0000000e+00
   0.0000000e+00
   0.0000000e+00
   0.0000000e+00
   0.0000000e+00
   0.0000000e+00
   0.0000000e+00
   0.0000000e+00
   0.0000000e+00
   0.0000000e+00
   0.0000000e+00
   0.0000000e+00
   0.0000000e+00
   0.0000000e+00
   0.0000000e+00
   0.0000000e+00
   0.0000000e+00
   0.0000000e+00
   0.0000000e+00
   0.0000000e+00
   0.0000000e+00
   0.0000000e+00
   0.0000000e+00
   0.0000000e+00
   0.0000000e+00
   0.0000000e+00
   0.0000000e+00
