  -7.1018369e-03
   2.1438299e-03
  -5.9713376e-03
   5.0117159e-04
   1.0759146e-03
  -7.8348847e-04
  -1.0694624e-04
  -5.4304674e-05
   3.8508092e-05
  -2.4492214e-03
   2.1994296e-03
  -5.8388644e-04
   5.5292214e-04
  -8.2532742e-04
   7.7277592e-04
  -9.1121313e-04
   1.5582256e-03
  -9.9046918e-04
  -2.7821544e-03
   3.4654893e-03
   2.5938312e-02
   2.2379196e-02
   2.1741589e-02
   1.9305583e-02
   1.7905249e-02
   2.0522343e-02
   2.1986467e-02
   1.6958928e-02
   2.6905303e-02
   1.9956188e-02
   1.5756204e-02
   2.1052081e-02
   1.8486500e-02
   2.1313236e-02
   1.7763488e-02
   2.1625139e-02
   1.6204424e-02
   2.1755457e-02
   2.7859431e-02
   5.1033481e-03
   5.5639707e-02
   5.1439593e-02
   5.6804898e-02
   5.9222869e-02
   6.1460144e-02
   5.6847849e-02
   5.4767932e-02
   6.2374038e-02
   5.0424775e-02
   5.7661448e-02
   6.7316455e-02
   5.5371383e-02
   6.1224388e-02
   5.5266400e-02
   6.3647657e-02
   5.2840292e-02
   7.0150401e-02
   4.2282179e-02
   9.4607595e-02
   1.1618203e-02
   1.2700539e-01
   1.1178567e-01
   1.2501615e-01
   1.1408860e-01
   1.1559034e-01
   1.1827010e-01
   1.2720527e-01
   1.1085652e-01
   1.2819524e-01
   1.1981219e-01
   1.0533708e-01
   1.2184935e-01
   1.1453282e-01
   1.2302837e-01
   1.1039080e-01
   1.2715021e-01
   9.6142791e-02
   1.4703556e-01
   5.6003028e-02
   4.5569044e-03
   1.5773376e-01
   1.9999956e-01
   1.5001616e-01
   2.0123286e-01
   1.9098807e-01
   1.6833843e-01
   1.7180669e-01
   1.7961793e-01
   1.6137536e-01
   1.7235422e-01
   2.0881460e-01
   1.7056904e-01
   1.8055059e-01
   1.6837150e-01
   1.8629933e-01
   1.6735999e-01
   2.1352774e-01
   1.5306958e-01
   1.1761298e-02
   6.4406965e-06
   8.0856279e-03
   1.5069402e-01
   3.3605948e-01
   1.3335260e-01
   9.8819575e-02
   3.0106441e-01
   2.1786691e-01
   2.6681132e-01
   2.6973807e-01
   2.3796997e-01
   1.9758568e-01
   1.2979551e-01
   3.5041146e-01
   1.9050620e-01
   3.3099356e-01
   1.4480271e-01
   2.8695910e-02
   1.0063026e-02
   6.2515438e-05
   0.0000000e+00
   4.7399633e-09
   1.2820417e-02
   3.6587651e-02
   2.0654621e-01
   2.2197052e-01
   2.6786563e-02
   1.2513157e-02
   2.7243792e-02
   4.7291825e-02
   3.2900611e-01
   3.2716187e-01
   7.8022350e-02
   1.5129187e-01
   3.5897081e-01
   2.2027877e-01
   1.9240991e-02
   2.9083272e-04
   0.0000000e+00
   0.0000000e+00
   0.0000000e+00
   0.0000000e+00
   0.0000000e+00
   1.5619024e-02
   4.3414704e-01
   4.8035514e-01
   2.4890291e-02
   0.0000000e+00
   0.0000000e+00
   1.0120847e-02
   2.9729517e-01
   3.3800728e-01
   1.8299222e-02
   2.4666363e-03
   2.4331932e-02
   1.0972024e-02
   2.6671731e-05
   0.0000000e+00
   0.0000000e+00
   0.0000000e+00
   0.0000000e+00
   0.0000000e+00
   0.0000000e+00
   2.0689635e-03
   5.7508994e-02
   6.3629919e-02
   3.2970756e-03
   0.0000000e+00
   0.0000000e+00
   5.3857675e-05
   1.6081117e-03
   1.8448081e-03
   1.0147695e-04
   0.0000000e+00
   0.0000000e+00
   0.0000000e+00
   0.0000000e+00
   0.0000000e+00
   0.0000000e+00
   0.0000000e+00
   0.0000000e+00
   0.0000000e+00
   0.0000000e+00
   0.0000000e+00
   0.0000000e+00
   0.0000000e+00
   0.0000000e+00
   0.0000000e+00
   0.0000000e+00
   0.0000000e+00
   0.0000000e+00
   0.0000000e+00
   0.0000000e+00
   0.0000000e+00
   0.0000000e+00
   0.0000000e+00
   0.0000000e+00
   0.0000000e+00
   0.0000000e+00
   0.0000000e+00
   0.0000000e+00
   0.0000000e+00
   0.0000000e+00
   0.0000000e+00
   0.0000000e+00
   0.0000000e+00
   0.0000000e+00
   0.0000000e+00
   0.0000000e+00
   0.0000000e+00
   0.0000000e+00
   0.0000000e+00
   0.0000000e+00
   0.0000000e+00
   0.0000000e+00
   0.0000000e+00
   0.0000000e+00
   0.0000000e+00
   0.0000000e+00
   0.0000000e+00
   0.0000000e+00
   0.0000000e+00
   0.0000000e+00
   0.0000000e+00
   0.0000000e+00
   0.0000000e+00
   0.0000000e+00
   0.0000000e+00
   0.0000000e+00
   0.0000000e+00
   0.0000000e+00
   0.0000000e+00
   0.0000000e+00
   0.0000000e+00
   0.0000000e+00
   0.0000000e+00
   0.0000000e+00
   0.0000000e+00
   0.0000000e+00
   0.0000000e+00
   0.0000000e+00
   0.0000000e+00
   0.0000000e+00
   0.0000000e+00
   0.0000000e+00
   0.0000000e+00
   0.0000000e+00
   0.0000000e+00
   0.0000000e+00
   0.0000000e+00
   0.0000000e+00
   0.0000000e+00
   0.0000000e+00
   0.0000000e+00
   0.0000000e+00
   0.0000000e+00
   0.0000000e+00
   0.0000000e+00
   0.0000000e+00
   0.0000000e+00
   0.0000000e+00
   0.0000000e+00
   0.0000000e+00
   0.0000000e+00
   0.0000000e+00
   0.0000000e+00
   0.0000000e+00
   0.0000000e+00
   0.0000000e+00
   0.0000000e+00
   0.0000000e+00
   0.0000000e+00
   0.0000000e+00
   0.0000000e+00
   0.0000000e+00
   0.0000000e+00
   0.0000000e+00
   0.0000000e+00
   0.0000000e+00
   0.0000000e+00
   0.0000000e+00
   0.0000000e+00
   0.0000000e+00
   0.0000000e+00
   0.0000000e+00
   0.0000000e+00
   0.0000000e+00
   0.0000000e+00
   0.0000000e+00
   0.0000000e+00
   0.0000000e+00
   0.0000000e+00
   0.0000000e+00
   0.0000000e+00
   0.0000000e+00
   0.0000000e+00
   0.0000000e+00
   0.0000000e+00
   0.0000000e+00
   0.0000000e+00
   0.0000000e+00
   0.0000000e+00
   0.0000000e+00
   0.0000000e+00
   0.0000000e+00
   0.0000000e+00
   0.0000000e+00
   0.0000000e+00
   0.0000000e+00
   0.0000000e+00
   0.0000000e+00
   0.0000000e+00
   0.0000000e+00
   0.0000000e+00
   0.0000000e+00
   0.0000000e+00
   0.0000000e+00
   0.0000000e+00
   0.0000000e+00
   0.0000000e+00
   0.0000000e+00
   0.0000000e+00
   0.0000000e+00
   0.0000000e+00
   0.0000000e+00
   0.0000000e+00
   0.0000000e+00
   0.0000000e+00
   0.0000000e+00
   0.0000000e+00
   0.0000000e+00
   0.0000000e+00
   0.0000000e+00
   0.0000000e+00
   0.0000000e+00
   0.0000000e+00
   0.0000000e+00
   0.0000000e+00
   0.0000000e+00
   0.0000000e+00
   0.0000000e+00
   0.0000000e+00
   0.0000000e+00
   0.0000000e+00
   0.0000000e+00
   0.0000000e+00
   0.0000000e+00
   0.0000000e+00
   0.0000000e+00
   0.0000000e+00
   0.0000000e+00
   0.0000000e+00
   0.0000000e+00
   0.0000000e+00
   0.0000000e+00
   0.0000000e+00
   0.0000000e+00
   0.0000000e+00
   0.0000000e+00
   0.0000000e+00
   0.0000000e+00
   0.0000000e+00
   0.0000000e+00
   0.0000000e+00
   0.0000000e+00
   0.0000000e+00
   0.0000000e+00
   0.0000000e+00
   0.0000000e+00
   0.0000000e+00
   0.0000000e+00
   0.0000000e+00
   0.0000000e+00
   0.0000000e+00
   0.0000000e+00
   0.0000000e+00
   0.0000000e+00
   0.0000000e+00
   0.0000000e+00
   0.0000000e+00
   0.0000000e+00
   0.0000000e+00
   0.0000000e+00
   0.0000000e+00
   0.0000000e+00
   0.0000000e+00
   0.0000000e+00
   0.0000000e+00
   0.0000000e+00
   0.0000000e+00
   0.0000000e+00
   0.0000000e+00
   0.0000000e+00
   0.0000000e+00
   0.0000000e+00
   0.0000000e+00
   0.0000000e+00
   0.0000000e+00
   0.0000000e+00
   0.0000000e+00
   0.0000000e+00
