   0.0000000e+00
   2.2603978e-03
   5.0630162e-03
  -4.8070945e-03
  -6.7117323e-03
   7.0029280e-04
  -3.7674639e-04
   7.8031298e-04
  -1.5578053e-03
   3.5185865e-03
  -3.6623381e-03
  -3.2220658e-04
   1.2560109e-03
  -1.1303096e-03
   1.1557668e-04
   7.0498935e-04
  -4.5735039e-03
  -1.8103450e-03
   2.4811406e-03
   3.5667213e-04
   5.6771786e-03
   1.0093540e-03
   1.8916273e-02
   2.4651518e-02
   2.6043690e-02
   1.9694214e-02
   1.9228160e-02
   1.8550981e-02
   2.1527643e-02
   1.9440005e-02
   1.6209228e-02
   3.2304806e-02
   1.7096420e-02
   2.0418446e-02
   2.0912923e-02
   1.8235080e-02
   2.5461553e-02
   2.4156208e-02
   2.6785646e-02
   1.6356693e-03
   8.0274085e-02
   3.9554894e-02
   6.5207932e-02
   7.1480170e-02
   3.8235791e-02
   5.0013121e-02
   6.3715585e-02
   5.9070634e-02
   5.6485898e-02
   5.8001079e-02
   6.4452489e-02
   4.2215637e-02
   5.8347218e-02
   6.0483974e-02
   5.3340836e-02
   6.2909195e-02
   4.8813281e-02
   5.0064715e-02
   4.6648057e-02
   7.0346451e-04
   9.3189755e-02
   1.5297176e-01
   9.8873429e-02
   9.3884300e-02
   1.4811169e-01
   1.3952419e-01
   1.0956692e-01
   1.1895673e-01
   1.1969692e-01
   1.1981169e-01
   1.1056690e-01
   1.2902404e-01
   1.1851391e-01
   1.1872980e-01
   1.2045282e-01
   1.2165259e-01
   1.1714999e-01
   1.6351783e-01
   8.9050827e-02
   5.7834144e-05
   8.3674961e-03
   1.0253026e-01
   2.3032226e-01
   2.2511171e-01
   1.0707367e-01
   4.3010406e-02
   2.1157094e-01
   1.6523543e-01
   1.7513278e-01
   1.6592322e-01
   1.9974690e-01
   1.4691968e-01
   1.8462350e-01
   1.5526495e-01
   1.8892989e-01
   1.6111823e-01
   1.8370572e-01
   6.5655158e-02
   1.4608735e-02
   3.4344462e-07
   1.9284125e-05
   6.9012030e-02
   2.7975624e-01
   2.7613974e-01
   5.1403770e-02
   8.9687959e-03
   2.5331112e-01
   2.1715167e-01
   3.6571165e-01
   1.9588412e-01
   1.6574160e-01
   3.1504871e-01
   2.1068684e-01
   2.9268407e-01
   1.8764894e-01
   3.3853797e-01
   3.2323873e-01
   8.9171445e-02
   4.9564232e-05
   0.0000000e+00
   3.8817004e-07
   4.7889067e-03
   2.7943041e-02
   2.3407859e-02
   2.8038316e-03
   3.2050698e-04
   8.4914921e-03
   3.8681751e-02
   2.6380334e-01
   1.2123964e-01
   2.8032798e-02
   9.4474438e-02
   2.3711539e-01
   3.0490959e-01
   7.0116482e-02
   8.5139478e-02
   4.8817405e-02
   1.1862344e-02
   6.3788443e-06
   0.0000000e+00
   0.0000000e+00
   0.0000000e+00
   0.0000000e+00
   0.0000000e+00
   0.0000000e+00
   0.0000000e+00
   0.0000000e+00
   7.3504767e-04
   5.5465096e-03
   2.5313013e-03
   1.2944566e-05
   1.3103551e-05
   2.5552558e-03
   5.5954497e-03
   7.4196864e-04
   2.2796397e-06
   3.2399314e-07
   0.0000000e+00
   0.0000000e+00
   0.0000000e+00
   0.0000000e+00
   0.0000000e+00
   0.0000000e+00
   0.0000000e+00
   0.0000000e+00
   0.0000000e+00
   0.0000000e+00
   0.0000000e+00
   0.0000000e+00
   0.0000000e+00
   0.0000000e+00
   0.0000000e+00
   0.0000000e+00
   0.0000000e+00
   0.0000000e+00
   0.0000000e+00
   0.0000000e+00
   0.0000000e+00
   0.0000000e+00
   0.0000000e+00
   0.0000000e+00
   0.0000000e+00
   0.0000000e+00
   0.0000000e+00
   0.0000000e+00
   0.0000000e+00
   0.0000000e+00
   0.0000000e+00
   0.0000000e+00
   0.0000000e+00
   0.0000000e+00
   0.0000000e+00
   0.0000000e+00
   0.0000000e+00
   0.0000000e+00
   0.0000000e+00
   0.0000000e+00
   0.0000000e+00
   0.0000000e+00
   0.0000000e+00
   0.0000000e+00
   0.0000000e+00
   0.0000000e+00
   0.0000000e+00
   0.0000000e+00
   0.0000000e+00
   0.0000000e+00
   0.0000000e+00
   0.0000000e+00
   0.0000000e+00
   0.0000000e+00
   0.0000000e+00
   0.0000000e+00
   0.0000000e+00
   0.0000000e+00
   0.0000000e+00
   0.0000000e+00
   0.0000000e+00
   0.0000000e+00
   0.0000000e+00
   0.0000000e+00
   0.0000000e+00
   0.0000000e+00
   0.0000000e+00
   0.0000000e+00
   0.0000000e+00
   0.0000000e+00
   0.0000000e+00
   0.0000000e+00
   0.0000000e+00
   0.0000000e+00
   0.0000000e+00
   0.0000000e+00
   0.0000000e+00
   0.0000000e+00
   0.0000000e+00
   0.0000000e+00
   0.0000000e+00
   0.0000000e+00
   0.0000000e+00
   0.0000000e+00
   0.0000000e+00
   0.0000000e+00
   0.0000000e+00
   0.0000000e+00
   0.0000000e+00
   0.0000000e+00
   0.0000000e+00
   0.0000000e+00
   0.0000000e+00
   0.0000000e+00
   0.0000000e+00
   0.0000000e+00
   0.0000000e+00
   0.0000000e+00
   0.0000000e+00
   0.0000000e+00
   0.0000000e+00
   0.0000000e+00
   0.0000000e+00
   0.0000000e+00
   0.0000000e+00
   0.0000000e+00
   0.0000000e+00
   0.0000000e+00
   0.0000000e+00
   0.0000000e+00
   0.0000000e+00
   0.0000000e+00
   0.0000000e+00
   0.0000000e+00
   0.0000000e+00
   0.0000000e+00
   0.0000000e+00
   0.0000000e+00
   0.0000000e+00
   0.0000000e+00
   0.0000000e+00
   0.0000000e+00
   0.0000000e+00
   0.0000000e+00
   0.0000000e+00
   0.0000000e+00
   0.0000000e+00
   0.0000000e+00
   0.0000000e+00
   0.0000000e+00
   0.0000000e+00
   0.0000000e+00
   0.0000000e+00
   0.0000000e+00
   0.0000000e+00
   0.0000000e+00
   0.0000000e+00
   0.0000000e+00
   0.0000000e+00
   0.0000000e+00
   0.0000000e+00
   0.0000000e+00
   0.0000000e+00
   0.0000000e+00
   0.0000000e+00
   0.0000000e+00
   0.0000000e+00
   0.0000000e+00
   0.0000000e+00
   0.0000000e+00
   0.0000000e+00
   0.0000000e+00
   0.0000000e+00
   0.0000000e+00
   0.0000000e+00
   0.0000000e+00
   0.0000000e+00
   0.0000000e+00
   0.0000000e+00
   0.0000000e+00
   0.0000000e+00
   0.0000000e+00
   0.0000000e+00
   0.0000000e+00
   0.0000000e+00
   0.0000000e+00
   0.0000000e+00
   0.0000000e+00
   0.0000000e+00
   0.0000000e+00
   0.0000000e+00
   0.0000000e+00
   0.0000000e+00
   0.0000000e+00
   0.0000000e+00
   0.0000000e+00
   0.0000000e+00
   0.0000000e+00
   0.0000000e+00
   0.0000000e+00
   0.0000000e+00
   0.0000000e+00
   0.0000000e+00
   0.0000000e+00
   0.0000000e+00
   0.0000000e+00
   0.0000000e+00
   0.0000000e+00
   0.0000000e+00
   0.0000000e+00
   0.0000000e+00
   0.0000000e+00
   0.0000000e+00
   0.0000000e+00
   0.0000000e+00
   0.0000000e+00
   0.0000000e+00
   0.0000000e+00
   0.0000000e+00
   0.0000000e+00
   0.0000000e+00
   0.0000000e+00
   0.0000000e+00
   0.0000000e+00
   0.0000000e+00
   0.0000000e+00
   0.0000000e+00
   0.0000000e+00
   0.0000000e+00
   0.0000000e+00
   0.0000000e+00
   0.0000000e+00
   0.0000000e+00
   0.0000000e+00
   0.0000000e+00
   0.0000000e+00
   0.0000000e+00
   0.0000000e+00
   0.0000000e+00
   0.0000000e+00
   0.0000000e+00
   0.0000000e+00
   0.0000000e+00
   0.0000000e+00
   0.0000000e+00
   0.0000000e+00
   0.0000000e+00
   0.0000000e+00
   0.0000000e+00
   0.0000000e+00
   0.0000000e+00
   0.0000000e+00
   0.0000000e+00
   0.0000000e+00
   0.0000000e+00
   0.0000000e+00
   0.0000000e+00
   0.0000000e+00
   0.0000000e+00
   0.0000000e+00
   0.0000000e+00
   0.0000000e+00
   0.0000000e+00
