   4.2332372e-03
   2.9154275e-03
  -2.1228188e-03
   2.2276947e-03
  -4.6882995e-03
   4.0520233e-03
   1.2440122e-03
  -3.5958955e-04
   9.3711740e-04
  -4.2460793e-03
   4.5100046e-03
  -3.2674148e-03
   3.1208473e-03
  -2.1965458e-03
   7.3412627e-04
  -1.6670562e-04
   3.9946800e-03
   8.8420000e-04
  -8.5788783e-03
   1.7679113e-03
   2.0135965e-02
   1.3392412e-02
   2.2091097e-02
   1.7795504e-02
   2.7237009e-02
   1.3967369e-02
   1.7209059e-02
   1.9734293e-02
   1.8779750e-02
   2.3765376e-02
   1.6233718e-02
   2.2001241e-02
   1.5471300e-02
   2.2620347e-02
   1.9063652e-02
   1.8778725e-02
   1.1719953e-02
   2.1253732e-02
   2.3805259e-02
   2.9728960e-02
   4.8420269e-02
   7.1080360e-02
   5.4523699e-02
   6.0418095e-02
   4.9142348e-02
   6.6097789e-02
   6.0986366e-02
   5.9539074e-02
   5.9564167e-02
   5.2559506e-02
   6.2940924e-02
   5.6145470e-02
   6.4210049e-02
   5.3970393e-02
   6.0935486e-02
   5.7809718e-02
   7.5802784e-02
   4.4591135e-02
   7.7567172e-02
   3.0040255e-02
   1.4140084e-01
   9.6171845e-02
   1.2676435e-01
   1.1465503e-01
   1.3006727e-01
   1.0807844e-01
   1.1592903e-01
   1.1536764e-01
   1.1751779e-01
   1.2461735e-01
   1.1361027e-01
   1.1976619e-01
   1.1147530e-01
   1.2402726e-01
   1.1289020e-01
   1.2209881e-01
   8.4805422e-02
   1.5528294e-01
   7.2047860e-02
   4.9764662e-03
   7.6595820e-02
   2.5265603e-01
   1.5678855e-01
   1.8187418e-01
   1.4896512e-01
   1.9849845e-01
   1.8641088e-01
   1.8192384e-01
   1.7362265e-01
   1.6067720e-01
   1.8387639e-01
   1.7603406e-01
   1.8772378e-01
   1.6378369e-01
   1.8864690e-01
   1.6690491e-01
   2.5486650e-01
   1.0981118e-01
   7.2777162e-03
   0.0000000e+00
   3.1821163e-02
   1.7105841e-01
   2.2749953e-01
   2.5747675e-01
   2.7716645e-01
   2.1706326e-01
   6.5158651e-02
   1.5970267e-01
   3.1096843e-01
   3.2764578e-01
   2.2732122e-01
   9.8828191e-02
   2.4829127e-01
   2.3996009e-01
   2.2792762e-01
   8.9337449e-02
   1.1043063e-01
   1.6620006e-02
   2.2038051e-04
   0.0000000e+00
   2.1372668e-04
   9.7872831e-02
   3.8066184e-01
   2.0403271e-01
   2.9125597e-02
   7.6769667e-03
   1.9675623e-04
   1.8055615e-02
   6.8977136e-02
   3.3216610e-01
   1.8009830e-01
   2.6392478e-03
   3.5028325e-02
   3.7946592e-01
   2.1235361e-01
   1.8955925e-03
   2.4027688e-13
   1.1583225e-14
   0.0000000e+00
   0.0000000e+00
   0.0000000e+00
   1.6004100e-01
   5.3361378e-01
   2.0082425e-01
   1.8115926e-04
   0.0000000e+00
   0.0000000e+00
   0.0000000e+00
   1.9583577e-03
   1.8490192e-02
   1.0169903e-02
   1.0549274e-04
   1.2585466e-03
   1.1135813e-02
   5.8117435e-03
   5.0407561e-05
   0.0000000e+00
   0.0000000e+00
   0.0000000e+00
   0.0000000e+00
   0.0000000e+00
   1.5739386e-02
   5.2471356e-02
   1.9740292e-02
   1.7222463e-05
   0.0000000e+00
   0.0000000e+00
   0.0000000e+00
   0.0000000e+00
   0.0000000e+00
   0.0000000e+00
   0.0000000e+00
   0.0000000e+00
   0.0000000e+00
   0.0000000e+00
   0.0000000e+00
   0.0000000e+00
   0.0000000e+00
   0.0000000e+00
   0.0000000e+00
   0.0000000e+00
   0.0000000e+00
   0.0000000e+00
   0.0000000e+00
   0.0000000e+00
   0.0000000e+00
   0.0000000e+00
   0.0000000e+00
   0.0000000e+00
   0.0000000e+00
   0.0000000e+00
   0.0000000e+00
   0.0000000e+00
   0.0000000e+00
   0.0000000e+00
   0.0000000e+00
   0.0000000e+00
   0.0000000e+00
   0.0000000e+00
   0.0000000e+00
   0.0000000e+00
   0.0000000e+00
   0.0000000e+00
   0.0000000e+00
   0.0000000e+00
   0.0000000e+00
   0.0000000e+00
   0.0000000e+00
   0.0000000e+00
   0.0000000e+00
   0.0000000e+00
   0.0000000e+00
   0.0000000e+00
   0.0000000e+00
   0.0000000e+00
   0.0000000e+00
   0.0000000e+00
   0.0000000e+00
   0.0000000e+00
   0.0000000e+00
   0.0000000e+00
   0.0000000e+00
   0.0000000e+00
   0.0000000e+00
   0.0000000e+00
   0.0000000e+00
   0.0000000e+00
   0.0000000e+00
   0.0000000e+00
   0.0000000e+00
   0.0000000e+00
   0.0000000e+00
   0.0000000e+00
   0.0000000e+00
   0.0000000e+00
   0.0000000e+00
   0.0000000e+00
   0.0000000e+00
   0.0000000e+00
   0.0000000e+00
   0.0000000e+00
   0.0000000e+00
   0.0000000e+00
   0.0000000e+00
   0.0000000e+00
   0.0000000e+00
   0.0000000e+00
   0.0000000e+00
   0.0000000e+00
   0.0000000e+00
   0.0000000e+00
   0.0000000e+00
   0.0000000e+00
   0.0000000e+00
   0.0000000e+00
   0.0000000e+00
   0.0000000e+00
   0.0000000e+00
   0.0000000e+00
   0.0000000e+00
   0.0000000e+00
   0.0000000e+00
   0.0000000e+00
   0.0000000e+00
   0.0000000e+00
   0.0000000e+00
   0.0000000e+00
   0.0000000e+00
   0.0000000e+00
   0.0000000e+00
   0.0000000e+00
   0.0000000e+00
   0.0000000e+00
   0.0000000e+00
   0.0000000e+00
   0.0000000e+00
   0.0000000e+00
   0.0000000e+00
   0.0000000e+00
   0.0000000e+00
   0.0000000e+00
   0.0000000e+00
   0.0000000e+00
   0.0000000e+00
   0.0000000e+00
   0.0000000e+00
   0.0000000e+00
   0.0000000e+00
   0.0000000e+00
   0.0000000e+00
   0.0000000e+00
   0.0000000e+00
   0.0000000e+00
   0.0000000e+00
   0.0000000e+00
   0.0000000e+00
   0.0000000e+00
   0.0000000e+00
   0.0000000e+00
   0.0000000e+00
   0.0000000e+00
   0.0000000e+00
   0.0000000e+00
   0.0000000e+00
   0.0000000e+00
   0.0000000e+00
   0.0000000e+00
   0.0000000e+00
   0.0000000e+00
   0.0000000e+00
   0.0000000e+00
   0.0000000e+00
   0.0000000e+00
   0.0000000e+00
   0.0000000e+00
   0.0000000e+00
   0.0000000e+00
   0.0000000e+00
   0.0000000e+00
   0.0000000e+00
   0.0000000e+00
   0.0000000e+00
   0.0000000e+00
   0.0000000e+00
   0.0000000e+00
   0.0000000e+00
   0.0000000e+00
   0.0000000e+00
   0.0000000e+00
   0.0000000e+00
   0.0000000e+00
   0.0000000e+00
   0.0000000e+00
   0.0000000e+00
   0.0000000e+00
   0.0000000e+00
   0.0000000e+00
   0.0000000e+00
   0.0000000e+00
   0.0000000e+00
   0.0000000e+00
   0.0000000e+00
   0.0000000e+00
   0.0000000e+00
   0.0000000e+00
   0.0000000e+00
   0.0000000e+00
   0.0000000e+00
   0.0000000e+00
   0.0000000e+00
   0.0000000e+00
   0.0000000e+00
   0.0000000e+00
   0.0000000e+00
   0.0000000e+00
   0.0000000e+00
   0.0000000e+00
   0.0000000e+00
   0.0000000e+00
   0.0000000e+00
   0.0000000e+00
   0.0000000e+00
   0.0000000e+00
   0.0000000e+00
   0.0000000e+00
   0.0000000e+00
   0.0000000e+00
   0.0000000e+00
   0.0000000e+00
   0.0000000e+00
   0.0000000e+00
   0.0000000e+00
   0.0000000e+00
   0.0000000e+00
   0.0000000e+00
   0.0000000e+00
   0.0000000e+00
   0.0000000e+00
   0.0000000e+00
   0.0000000e+00
   0.0000000e+00
   0.0000000e+00
   0.0000000e+00
   0.0000000e+00
   0.0000000e+00
   0.0000000e+00
   0.0000000e+00
   0.0000000e+00
   0.0000000e+00
   0.0000000e+00
   0.0000000e+00
   0.0000000e+00
   0.0000000e+00
   0.0000000e+00
   0.0000000e+00
   0.0000000e+00
   0.0000000e+00
   0.0000000e+00
   0.0000000e+00
   0.0000000e+00
