   3.7523550e-03
  -8.0796709e-03
   3.5420242e-03
   1.0293350e-03
  -1.2579641e-02
   5.8397603e-03
  -8.4531733e-03
   1.2791174e-02
  -4.5225962e-03
   2.9176424e-03
  -2.8623718e-03
   5.3683621e-03
  -6.1726004e-03
   2.8480446e-03
  -1.8354961e-03
   2.8953286e-03
  -9.2012653e-03
   9.7317858e-03
   1.7975351e-02
   5.0117595e-03
   9.4023917e-03
   3.6222736e-02
   1.0814774e-02
   2.3928611e-02
   2.3309859e-02
   1.6591496e-02
   2.8757831e-02
   1.1523289e-02
   2.0413172e-02
   1.9353291e-02
   2.1622850e-02
   1.4990822e-02
   2.4252256e-02
   1.7446717e-02
   2.1514360e-02
   1.5490864e-02
   3.2809189e-02
   1.1309964e-02
   6.9385609e-03
   1.9284643e-02
   9.9499725e-03
   3.9446600e-02
   6.9050690e-02
   4.9309991e-02
   5.8013561e-02
   5.6799856e-02
   4.8053944e-02
   6.7063032e-02
   6.1356280e-02
   5.8017733e-02
   5.4914668e-02
   6.5618952e-02
   5.2767742e-02
   6.0539974e-02
   5.7310696e-02
   6.5053427e-02
   3.5432484e-02
   6.5779694e-02
   9.3268168e-02
   1.3316485e-02
   1.2671296e-01
   1.4968056e-01
   1.0618809e-01
   1.2706880e-01
   1.1871447e-01
   1.2598359e-01
   1.3398966e-01
   1.1038126e-01
   1.1925022e-01
   1.0820632e-01
   1.3157610e-01
   1.0783136e-01
   1.2535238e-01
   1.1821562e-01
   1.1522778e-01
   1.0852676e-01
   1.6828095e-01
   1.0546867e-01
   5.1143663e-02
   2.1179156e-03
   1.3327459e-01
   1.9722398e-01
   1.5664216e-01
   1.8269281e-01
   1.3509379e-01
   1.7090077e-01
   1.1396800e-01
   6.6910605e-02
   1.7505524e-01
   2.4078758e-01
   1.0392800e-01
   1.9108460e-01
   1.6844657e-01
   1.7547897e-01
   1.9691119e-01
   1.9193922e-01
   1.6603711e-01
   6.2196658e-02
   9.8858043e-04
   4.5666731e-09
   6.1565816e-03
   1.3485703e-02
   2.0625096e-01
   3.0762887e-01
   9.1495070e-02
   3.8450423e-01
   2.0843607e-01
   3.5448494e-01
   2.4408729e-01
   1.8678054e-01
   1.6317787e-01
   3.5409844e-01
   5.8681140e-02
   5.2421848e-03
   1.1924288e-02
   1.2031295e-02
   4.5027321e-03
   1.1245520e-03
   4.0051138e-06
   0.0000000e+00
   0.0000000e+00
   3.5201299e-04
   1.4533459e-02
   2.2861681e-02
   3.1433105e-02
   1.9925904e-01
   1.3472379e-01
   2.7855322e-01
   9.5890466e-02
   5.2329100e-03
   2.0231062e-02
   5.0448316e-02
   8.0433263e-03
   0.0000000e+00
   0.0000000e+00
   0.0000000e+00
   0.0000000e+00
   0.0000000e+00
   0.0000000e+00
   0.0000000e+00
   0.0000000e+00
   0.0000000e+00
   0.0000000e+00
   0.0000000e+00
   3.0668789e-04
   2.0721875e-03
   2.5561934e-03
   9.0144065e-03
   2.9774001e-03
   1.8771810e-06
   0.0000000e+00
   0.0000000e+00
   0.0000000e+00
   0.0000000e+00
   0.0000000e+00
   0.0000000e+00
   0.0000000e+00
   0.0000000e+00
   0.0000000e+00
   0.0000000e+00
   0.0000000e+00
   0.0000000e+00
   0.0000000e+00
   0.0000000e+00
   0.0000000e+00
   0.0000000e+00
   0.0000000e+00
   0.0000000e+00
   0.0000000e+00
   0.0000000e+00
   0.0000000e+00
   0.0000000e+00
   0.0000000e+00
   0.0000000e+00
   0.0000000e+00
   0.0000000e+00
   0.0000000e+00
   0.0000000e+00
   0.0000000e+00
   0.0000000e+00
   0.0000000e+00
   0.0000000e+00
   0.0000000e+00
   0.0000000e+00
   0.0000000e+00
   0.0000000e+00
   0.0000000e+00
   0.0000000e+00
   0.0000000e+00
   0.0000000e+00
   0.0000000e+00
   0.0000000e+00
   0.0000000e+00
   0.0000000e+00
   0.0000000e+00
   0.0000000e+00
   0.0000000e+00
   0.0000000e+00
   0.0000000e+00
   0.0000000e+00
   0.0000000e+00
   0.0000000e+00
   0.0000000e+00
   0.0000000e+00
   0.0000000e+00
   0.0000000e+00
   0.0000000e+00
   0.0000000e+00
   0.0000000e+00
   0.0000000e+00
   0.0000000e+00
   0.0000000e+00
   0.0000000e+00
   0.0000000e+00
   0.0000000e+00
   0.0000000e+00
   0.0000000e+00
   0.0000000e+00
   0.0000000e+00
   0.0000000e+00
   0.0000000e+00
   0.0000000e+00
   0.0000000e+00
   0.0000000e+00
   0.0000000e+00
   0.0000000e+00
   0.0000000e+00
   0.0000000e+00
   0.0000000e+00
   0.0000000e+00
   0.0000000e+00
   0.0000000e+00
   0.0000000e+00
   0.0000000e+00
   0.0000000e+00
   0.0000000e+00
   0.0000000e+00
   0.0000000e+00
   0.0000000e+00
   0.0000000e+00
   0.0000000e+00
   0.0000000e+00
   0.0000000e+00
   0.0000000e+00
   0.0000000e+00
   0.0000000e+00
   0.0000000e+00
   0.0000000e+00
   0.0000000e+00
   0.0000000e+00
   0.0000000e+00
   0.0000000e+00
   0.0000000e+00
   0.0000000e+00
   0.0000000e+00
   0.0000000e+00
   0.0000000e+00
   0.0000000e+00
   0.0000000e+00
   0.0000000e+00
   0.0000000e+00
   0.0000000e+00
   0.0000000e+00
   0.0000000e+00
   0.0000000e+00
   0.0000000e+00
   0.0000000e+00
   0.0000000e+00
   0.0000000e+00
   0.0000000e+00
   0.0000000e+00
   0.0000000e+00
   0.0000000e+00
   0.0000000e+00
   0.0000000e+00
   0.0000000e+00
   0.0000000e+00
   0.0000000e+00
   0.0000000e+00
   0.0000000e+00
   0.0000000e+00
   0.0000000e+00
   0.0000000e+00
   0.0000000e+00
   0.0000000e+00
   0.0000000e+00
   0.0000000e+00
   0.0000000e+00
   0.0000000e+00
   0.0000000e+00
   0.0000000e+00
   0.0000000e+00
   0.0000000e+00
   0.0000000e+00
   0.0000000e+00
   0.0000000e+00
   0.0000000e+00
   0.0000000e+00
   0.0000000e+00
   0.0000000e+00
   0.0000000e+00
   0.0000000e+00
   0.0000000e+00
   0.0000000e+00
   0.0000000e+00
   0.0000000e+00
   0.0000000e+00
   0.0000000e+00
   0.0000000e+00
   0.0000000e+00
   0.0000000e+00
   0.0000000e+00
   0.0000000e+00
   0.0000000e+00
   0.0000000e+00
   0.0000000e+00
   0.0000000e+00
   0.0000000e+00
   0.0000000e+00
   0.0000000e+00
   0.0000000e+00
   0.0000000e+00
   0.0000000e+00
   0.0000000e+00
   0.0000000e+00
   0.0000000e+00
   0.0000000e+00
   0.0000000e+00
   0.0000000e+00
   0.0000000e+00
   0.0000000e+00
   0.0000000e+00
   0.0000000e+00
   0.0000000e+00
   0.0000000e+00
   0.0000000e+00
   0.0000000e+00
   0.0000000e+00
   0.0000000e+00
   0.0000000e+00
   0.0000000e+00
   0.0000000e+00
   0.0000000e+00
   0.0000000e+00
   0.0000000e+00
   0.0000000e+00
   0.0000000e+00
   0.0000000e+00
   0.0000000e+00
   0.0000000e+00
   0.0000000e+00
   0.0000000e+00
   0.0000000e+00
   0.0000000e+00
   0.0000000e+00
   0.0000000e+00
   0.0000000e+00
   0.0000000e+00
   0.0000000e+00
   0.0000000e+00
   0.0000000e+00
   0.0000000e+00
   0.0000000e+00
   0.0000000e+00
   0.0000000e+00
   0.0000000e+00
   0.0000000e+00
   0.0000000e+00
   0.0000000e+00
   0.0000000e+00
   0.0000000e+00
   0.0000000e+00
   0.0000000e+00
   0.0000000e+00
   0.0000000e+00
   0.0000000e+00
   0.0000000e+00
   0.0000000e+00
   0.0000000e+00
   0.0000000e+00
   0.0000000e+00
   0.0000000e+00
   0.0000000e+00
   0.0000000e+00
   0.0000000e+00
   0.0000000e+00
   0.0000000e+00
   0.0000000e+00
   0.0000000e+00
   0.0000000e+00
   0.0000000e+00
   0.0000000e+00
   0.0000000e+00
   0.0000000e+00
   0.0000000e+00
   0.0000000e+00
   0.0000000e+00
   0.0000000e+00
   0.0000000e+00
   0.0000000e+00
