  -1.2988193e-03
  -2.7448219e-03
   1.6543127e-03
  -1.3950368e-03
  -1.0513038e-03
   2.2609132e-03
  -1.1904763e-02
   3.3667924e-03
  -2.5539551e-03
   4.4228634e-03
  -1.6721238e-03
   2.1242865e-03
  -6.7686456e-03
   1.7270530e-03
  -1.8740818e-03
   4.4620100e-03
   6.4410580e-04
  -2.6170925e-03
   4.5999767e-03
   1.3250980e-04
   3.1837723e-03
   2.1340255e-02
   1.6802737e-02
   2.2622753e-02
   2.0816742e-02
   1.1005883e-02
   4.0733108e-02
   1.7312881e-02
   2.0859755e-02
   1.7341992e-02
   1.9941700e-02
   1.7850031e-02
   2.6176926e-02
   1.8451294e-02
   2.0494073e-02
   1.8284045e-02
   1.6870342e-02
   2.4000786e-02
   4.5933841e-02
   1.2493945e-03
   7.8208113e-03
   8.1678448e-02
   6.5085421e-02
   4.9892639e-02
   6.4703899e-02
   7.2952952e-02
   3.0681852e-02
   5.8126756e-02
   5.9765105e-02
   6.1148910e-02
   5.9004739e-02
   6.0673206e-02
   4.9943306e-02
   5.9978445e-02
   5.8825621e-02
   5.8730848e-02
   6.5782141e-02
   4.8310739e-02
   3.1092212e-02
   7.9581390e-04
   2.2505105e-03
   3.7928384e-02
   1.0991404e-01
   1.3466712e-01
   1.0558962e-01
   1.1224192e-01
   1.3652665e-01
   1.2345589e-01
   1.1503891e-01
   1.1404758e-01
   1.1640992e-01
   1.1600007e-01
   1.2899254e-01
   1.1784285e-01
   1.1532802e-01
   1.2179439e-01
   9.8287027e-02
   1.4535839e-01
   1.5209339e-02
   8.6388722e-05
   1.1607839e-02
   2.2392412e-01
   2.3298799e-01
   8.2630414e-02
   2.3559102e-01
   1.5374025e-01
   1.5098400e-01
   2.0538652e-01
   1.4151030e-01
   2.2624185e-01
   1.7501205e-01
   1.8550879e-01
   1.3602813e-01
   1.7342478e-01
   1.8403485e-01
   1.6611844e-01
   1.9488794e-01
   1.8143850e-01
   8.2807894e-03
   0.0000000e+00
   1.3520221e-02
   2.5241790e-01
   2.2061032e-01
   3.5914461e-02
   1.1190808e-01
   2.8434381e-01
   3.5423040e-01
   4.3011366e-02
   1.0022022e-02
   3.2938113e-02
   1.1794108e-01
   3.1600452e-01
   2.7567027e-01
   3.1430451e-01
   1.5235391e-01
   3.2451441e-01
   2.1884487e-01
   3.0336025e-02
   5.0955210e-04
   0.0000000e+00
   7.6226845e-04
   1.4129606e-02
   1.2047486e-02
   1.6553091e-03
   2.2275883e-03
   1.3124056e-01
   2.1876522e-01
   2.0847391e-02
   0.0000000e+00
   1.0764747e-05
   1.2653234e-02
   3.9766078e-02
   4.8924529e-02
   4.0643312e-02
   1.1307561e-02
   5.1852242e-02
   3.0603653e-02
   3.9860676e-04
   0.0000000e+00
   0.0000000e+00
   0.0000000e+00
   0.0000000e+00
   0.0000000e+00
   0.0000000e+00
   2.3835150e-05
   1.7770741e-03
   2.9749964e-03
   2.8354560e-04
   0.0000000e+00
   0.0000000e+00
   0.0000000e+00
   0.0000000e+00
   0.0000000e+00
   0.0000000e+00
   0.0000000e+00
   0.0000000e+00
   0.0000000e+00
   0.0000000e+00
   0.0000000e+00
   0.0000000e+00
   0.0000000e+00
   0.0000000e+00
   0.0000000e+00
   0.0000000e+00
   0.0000000e+00
   0.0000000e+00
   0.0000000e+00
   0.0000000e+00
   0.0000000e+00
   0.0000000e+00
   0.0000000e+00
   0.0000000e+00
   0.0000000e+00
   0.0000000e+00
   0.0000000e+00
   0.0000000e+00
   0.0000000e+00
   0.0000000e+00
   0.0000000e+00
   0.0000000e+00
   0.0000000e+00
   0.0000000e+00
   0.0000000e+00
   0.0000000e+00
   0.0000000e+00
   0.0000000e+00
   0.0000000e+00
   0.0000000e+00
   0.0000000e+00
   0.0000000e+00
   0.0000000e+00
   0.0000000e+00
   0.0000000e+00
   0.0000000e+00
   0.0000000e+00
   0.0000000e+00
   0.0000000e+00
   0.0000000e+00
   0.0000000e+00
   0.0000000e+00
   0.0000000e+00
   0.0000000e+00
   0.0000000e+00
   0.0000000e+00
   0.0000000e+00
   0.0000000e+00
   0.0000000e+00
   0.0000000e+00
   0.0000000e+00
   0.0000000e+00
   0.0000000e+00
   0.0000000e+00
   0.0000000e+00
   0.0000000e+00
   0.0000000e+00
   0.0000000e+00
   0.0000000e+00
   0.0000000e+00
   0.0000000e+00
   0.0000000e+00
   0.0000000e+00
   0.0000000e+00
   0.0000000e+00
   0.0000000e+00
   0.0000000e+00
   0.0000000e+00
   0.0000000e+00
   0.0000000e+00
   0.0000000e+00
   0.0000000e+00
   0.0000000e+00
   0.0000000e+00
   0.0000000e+00
   0.0000000e+00
   0.0000000e+00
   0.0000000e+00
   0.0000000e+00
   0.0000000e+00
   0.0000000e+00
   0.0000000e+00
   0.0000000e+00
   0.0000000e+00
   0.0000000e+00
   0.0000000e+00
   0.0000000e+00
   0.0000000e+00
   0.0000000e+00
   0.0000000e+00
   0.0000000e+00
   0.0000000e+00
   0.0000000e+00
   0.0000000e+00
   0.0000000e+00
   0.0000000e+00
   0.0000000e+00
   0.0000000e+00
   0.0000000e+00
   0.0000000e+00
   0.0000000e+00
   0.0000000e+00
   0.0000000e+00
   0.0000000e+00
   0.0000000e+00
   0.0000000e+00
   0.0000000e+00
   0.0000000e+00
   0.0000000e+00
   0.0000000e+00
   0.0000000e+00
   0.0000000e+00
   0.0000000e+00
   0.0000000e+00
   0.0000000e+00
   0.0000000e+00
   0.0000000e+00
   0.0000000e+00
   0.0000000e+00
   0.0000000e+00
   0.0000000e+00
   0.0000000e+00
   0.0000000e+00
   0.0000000e+00
   0.0000000e+00
   0.0000000e+00
   0.0000000e+00
   0.0000000e+00
   0.0000000e+00
   0.0000000e+00
   0.0000000e+00
   0.0000000e+00
   0.0000000e+00
   0.0000000e+00
   0.0000000e+00
   0.0000000e+00
   0.0000000e+00
   0.0000000e+00
   0.0000000e+00
   0.0000000e+00
   0.0000000e+00
   0.0000000e+00
   0.0000000e+00
   0.0000000e+00
   0.0000000e+00
   0.0000000e+00
   0.0000000e+00
   0.0000000e+00
   0.0000000e+00
   0.0000000e+00
   0.0000000e+00
   0.0000000e+00
   0.0000000e+00
   0.0000000e+00
   0.0000000e+00
   0.0000000e+00
   0.0000000e+00
   0.0000000e+00
   0.0000000e+00
   0.0000000e+00
   0.0000000e+00
   0.0000000e+00
   0.0000000e+00
   0.0000000e+00
   0.0000000e+00
   0.0000000e+00
   0.0000000e+00
   0.0000000e+00
   0.0000000e+00
   0.0000000e+00
   0.0000000e+00
   0.0000000e+00
   0.0000000e+00
   0.0000000e+00
   0.0000000e+00
   0.0000000e+00
   0.0000000e+00
   0.0000000e+00
   0.0000000e+00
   0.0000000e+00
   0.0000000e+00
   0.0000000e+00
   0.0000000e+00
   0.0000000e+00
   0.0000000e+00
   0.0000000e+00
   0.0000000e+00
   0.0000000e+00
   0.0000000e+00
   0.0000000e+00
   0.0000000e+00
   0.0000000e+00
   0.0000000e+00
   0.0000000e+00
   0.0000000e+00
   0.0000000e+00
   0.0000000e+00
   0.0000000e+00
   0.0000000e+00
   0.0000000e+00
   0.0000000e+00
   0.0000000e+00
   0.0000000e+00
   0.0000000e+00
   0.0000000e+00
   0.0000000e+00
   0.0000000e+00
   0.0000000e+00
   0.0000000e+00
   0.0000000e+00
   0.0000000e+00
   0.0000000e+00
   0.0000000e+00
   0.0000000e+00
   0.0000000e+00
   0.0000000e+00
   0.0000000e+00
   0.0000000e+00
   0.0000000e+00
   0.0000000e+00
   0.0000000e+00
   0.0000000e+00
   0.0000000e+00
   0.0000000e+00
   0.0000000e+00
   0.0000000e+00
   0.0000000e+00
   0.0000000e+00
   0.0000000e+00
   0.0000000e+00
   0.0000000e+00
   0.0000000e+00
   0.0000000e+00
   0.0000000e+00
   0.0000000e+00
   0.0000000e+00
   0.0000000e+00
   0.0000000e+00
   0.0000000e+00
   0.0000000e+00
   0.0000000e+00
   0.0000000e+00
