  -1.1608382e-03
   8.7203723e-04
   5.4013820e-04
  -5.8889591e-05
   1.0546332e-04
   7.6051501e-04
  -3.4351273e-04
   2.3341666e-03
  -3.0520660e-03
  -4.0026503e-03
   5.8607726e-03
  -3.6067967e-03
   6.8433923e-04
   1.1168738e-03
   6.6326018e-03
  -1.8187844e-02
  -6.9385916e-03
  -1.5679242e-03
  -3.4275401e-04
   0.0000000e+00
   2.3213739e-02
   2.1679318e-02
   1.7216661e-02
   1.9330475e-02
   2.0665482e-02
   1.2928115e-02
   2.0941857e-02
   1.7881584e-02
   2.0472331e-02
   2.6678846e-02
   1.2874628e-02
   2.4393286e-02
   2.2952916e-02
   8.3084155e-03
   1.8920881e-02
   1.9551888e-02
   4.1021457e-02
   2.1279837e-02
   2.9822262e-02
   2.3915688e-05
   4.9233325e-02
   5.9689096e-02
   5.7655514e-02
   6.1531460e-02
   5.5846877e-02
   6.6001806e-02
   5.7240902e-02
   6.1131408e-02
   5.7698728e-02
   5.1218059e-02
   6.5563252e-02
   5.1343043e-02
   5.2186303e-02
   8.0793158e-02
   5.5657960e-02
   6.8450202e-02
   2.7668336e-02
   5.0309235e-02
   6.8105892e-02
   5.8532113e-05
   1.0826830e-01
   1.2445919e-01
   1.1215608e-01
   1.1733396e-01
   1.1949621e-01
   1.0997707e-01
   1.1901414e-01
   1.1494615e-01
   1.1875255e-01
   1.2441209e-01
   1.1293258e-01
   1.2726592e-01
   1.4100920e-01
   5.7443544e-02
   1.3347080e-01
   8.0953893e-02
   1.2534667e-01
   1.7178070e-01
   4.8669175e-02
   1.7337152e-05
   1.4782018e-01
   2.3572436e-01
   1.5212230e-01
   1.8533038e-01
   1.6896589e-01
   2.0047566e-01
   1.7083010e-01
   1.8488962e-01
   1.7183048e-01
   1.6712728e-01
   1.7520867e-01
   1.0391910e-01
   2.1417906e-01
   3.2860031e-02
   2.4106364e-01
   2.1312492e-01
   2.1347143e-01
   9.9404485e-02
   1.6082287e-02
   4.5288969e-11
   3.7191361e-02
   1.8783654e-01
   3.9281731e-01
   1.8851433e-01
   2.2399151e-01
   2.6150560e-01
   2.1951472e-01
   2.7768829e-01
   3.2567467e-01
   1.8503729e-01
   2.9248470e-01
   2.8172132e-01
   2.8169452e-01
   4.7508610e-02
   2.4990551e-01
   1.1068740e-01
   2.8383334e-02
   2.9442275e-03
   9.3053461e-05
   0.0000000e+00
   8.3513845e-07
   1.0131517e-01
   2.8769901e-01
   9.6044877e-02
   1.1877414e-02
   1.4575289e-02
   1.3789747e-02
   2.8947222e-02
   7.4573980e-02
   3.2226039e-02
   3.8782356e-02
   5.4964884e-02
   4.3836432e-02
   2.3009094e-03
   6.0295009e-03
   2.1167079e-03
   2.3035636e-06
   0.0000000e+00
   0.0000000e+00
   0.0000000e+00
   0.0000000e+00
   2.8400265e-03
   8.0631272e-03
   2.6771555e-03
   4.3659166e-07
   0.0000000e+00
   0.0000000e+00
   0.0000000e+00
   0.0000000e+00
   0.0000000e+00
   0.0000000e+00
   0.0000000e+00
   0.0000000e+00
   0.0000000e+00
   0.0000000e+00
   0.0000000e+00
   0.0000000e+00
   0.0000000e+00
   0.0000000e+00
   0.0000000e+00
   0.0000000e+00
   0.0000000e+00
   0.0000000e+00
   0.0000000e+00
   0.0000000e+00
   0.0000000e+00
   0.0000000e+00
   0.0000000e+00
   0.0000000e+00
   0.0000000e+00
   0.0000000e+00
   0.0000000e+00
   0.0000000e+00
   0.0000000e+00
   0.0000000e+00
   0.0000000e+00
   0.0000000e+00
   0.0000000e+00
   0.0000000e+00
   0.0000000e+00
   0.0000000e+00
   0.0000000e+00
   0.0000000e+00
   0.0000000e+00
   0.0000000e+00
   0.0000000e+00
   0.0000000e+00
   0.0000000e+00
   0.0000000e+00
   0.0000000e+00
   0.0000000e+00
   0.0000000e+00
   0.0000000e+00
   0.0000000e+00
   0.0000000e+00
   0.0000000e+00
   0.0000000e+00
   0.0000000e+00
   0.0000000e+00
   0.0000000e+00
   0.0000000e+00
   0.0000000e+00
   0.0000000e+00
   0.0000000e+00
   0.0000000e+00
   0.0000000e+00
   0.0000000e+00
   0.0000000e+00
   0.0000000e+00
   0.0000000e+00
   0.0000000e+00
   0.0000000e+00
   0.0000000e+00
   0.0000000e+00
   0.0000000e+00
   0.0000000e+00
   0.0000000e+00
   0.0000000e+00
   0.0000000e+00
   0.0000000e+00
   0.0000000e+00
   0.0000000e+00
   0.0000000e+00
   0.0000000e+00
   0.0000000e+00
   0.0000000e+00
   0.0000000e+00
   0.0000000e+00
   0.0000000e+00
   0.0000000e+00
   0.0000000e+00
   0.0000000e+00
   0.0000000e+00
   0.0000000e+00
   0.0000000e+00
   0.0000000e+00
   0.0000000e+00
   0.0000000e+00
   0.0000000e+00
   0.0000000e+00
   0.0000000e+00
   0.0000000e+00
   0.0000000e+00
   0.0000000e+00
   0.0000000e+00
   0.0000000e+00
   0.0000000e+00
   0.0000000e+00
   0.0000000e+00
   0.0000000e+00
   0.0000000e+00
   0.0000000e+00
   0.0000000e+00
   0.0000000e+00
   0.0000000e+00
   0.0000000e+00
   0.0000000e+00
   0.0000000e+00
   0.0000000e+00
   0.0000000e+00
   0.0000000e+00
   0.0000000e+00
   0.0000000e+00
   0.0000000e+00
   0.0000000e+00
   0.0000000e+00
   0.0000000e+00
   0.0000000e+00
   0.0000000e+00
   0.0000000e+00
   0.0000000e+00
   0.0000000e+00
   0.0000000e+00
   0.0000000e+00
   0.0000000e+00
   0.0000000e+00
   0.0000000e+00
   0.0000000e+00
   0.0000000e+00
   0.0000000e+00
   0.0000000e+00
   0.0000000e+00
   0.0000000e+00
   0.0000000e+00
   0.0000000e+00
   0.0000000e+00
   0.0000000e+00
   0.0000000e+00
   0.0000000e+00
   0.0000000e+00
   0.0000000e+00
   0.0000000e+00
   0.0000000e+00
   0.0000000e+00
   0.0000000e+00
   0.0000000e+00
   0.0000000e+00
   0.0000000e+00
   0.0000000e+00
   0.0000000e+00
   0.0000000e+00
   0.0000000e+00
   0.0000000e+00
   0.0000000e+00
   0.0000000e+00
   0.0000000e+00
   0.0000000e+00
   0.0000000e+00
   0.0000000e+00
   0.0000000e+00
   0.0000000e+00
   0.0000000e+00
   0.0000000e+00
   0.0000000e+00
   0.0000000e+00
   0.0000000e+00
   0.0000000e+00
   0.0000000e+00
   0.0000000e+00
   0.0000000e+00
   0.0000000e+00
   0.0000000e+00
   0.0000000e+00
   0.0000000e+00
   0.0000000e+00
   0.0000000e+00
   0.0000000e+00
   0.0000000e+00
   0.0000000e+00
   0.0000000e+00
   0.0000000e+00
   0.0000000e+00
   0.0000000e+00
   0.0000000e+00
   0.0000000e+00
   0.0000000e+00
   0.0000000e+00
   0.0000000e+00
   0.0000000e+00
   0.0000000e+00
   0.0000000e+00
   0.0000000e+00
   0.0000000e+00
   0.0000000e+00
   0.0000000e+00
   0.0000000e+00
   0.0000000e+00
   0.0000000e+00
   0.0000000e+00
   0.0000000e+00
   0.0000000e+00
   0.0000000e+00
   0.0000000e+00
   0.0000000e+00
   0.0000000e+00
   0.0000000e+00
   0.0000000e+00
   0.0000000e+00
   0.0000000e+00
   0.0000000e+00
   0.0000000e+00
   0.0000000e+00
   0.0000000e+00
   0.0000000e+00
   0.0000000e+00
   0.0000000e+00
   0.0000000e+00
   0.0000000e+00
   0.0000000e+00
   0.0000000e+00
   0.0000000e+00
   0.0000000e+00
   0.0000000e+00
   0.0000000e+00
   0.0000000e+00
   0.0000000e+00
   0.0000000e+00
   0.0000000e+00
   0.0000000e+00
   0.0000000e+00
   0.0000000e+00
   0.0000000e+00
   0.0000000e+00
   0.0000000e+00
   0.0000000e+00
   0.0000000e+00
   0.0000000e+00
   0.0000000e+00
   0.0000000e+00
   0.0000000e+00
   0.0000000e+00
   0.0000000e+00
   0.0000000e+00
   0.0000000e+00
   0.0000000e+00
   0.0000000e+00
   0.0000000e+00
   0.0000000e+00
   0.0000000e+00
   0.0000000e+00
