  -1.4659948e-02
   5.3193616e-03
   3.3115326e-04
  -1.8137720e-03
   2.7628510e-03
  -2.1200311e-03
  -6.9272480e-05
   4.7620315e-04
  -1.2500421e-03
   8.4169051e-04
   9.8446558e-04
  -4.8570745e-04
   1.2615551e-03
  -3.6364563e-04
   5.2063008e-04
  -4.4147591e-03
   1.6013576e-03
  -1.1210489e-03
  -9.7515052e-04
   9.0259106e-04
   3.0992210e-02
   4.1557456e-03
   2.1362382e-02
   1.9683631e-02
   1.7182608e-02
   2.1535179e-02
   2.0000036e-02
   1.8305737e-02
   2.1877432e-02
   1.8714450e-02
   1.7500183e-02
   2.1372738e-02
   1.5088184e-02
   2.1353327e-02
   1.8215944e-02
   2.3696366e-02
   2.0509993e-02
   1.0021965e-02
   4.7278744e-02
   1.0572032e-02
   4.8792185e-02
   7.5773702e-02
   6.0174407e-02
   5.8433622e-02
   6.1133440e-02
   5.5933361e-02
   5.8035594e-02
   6.1024465e-02
   5.5803115e-02
   5.9710965e-02
   6.2755006e-02
   5.5870288e-02
   6.5705159e-02
   5.5397778e-02
   6.1302886e-02
   5.3577680e-02
   5.4733727e-02
   7.8474522e-02
   5.5315165e-02
   8.2920830e-03
   4.2611592e-02
   1.4025041e-01
   8.9734246e-02
   1.2727622e-01
   1.1086830e-01
   1.2432764e-01
   1.1833291e-01
   1.1453357e-01
   1.2087140e-01
   1.1688183e-01
   1.1154558e-01
   1.2097788e-01
   1.0849757e-01
   1.2315791e-01
   1.1337247e-01
   1.2388778e-01
   1.2756136e-01
   8.3725836e-02
   1.6969872e-02
   1.0599766e-03
   2.2801883e-03
   8.7758961e-02
   2.6412439e-01
   1.5349724e-01
   1.8881540e-01
   1.6124073e-01
   1.6873196e-01
   1.9071972e-01
   1.6493602e-01
   1.8450533e-01
   1.9207396e-01
   1.7302006e-01
   2.0204065e-01
   1.5424756e-01
   1.9976888e-01
   1.3613494e-01
   1.6881777e-01
   2.3147321e-01
   1.5791081e-02
   0.0000000e+00
   0.0000000e+00
   9.5093659e-02
   3.0210508e-01
   1.3017244e-01
   2.7419106e-01
   2.3632215e-01
   2.8293592e-01
   1.6858393e-01
   2.9147869e-01
   1.7947300e-01
   9.1796996e-02
   1.8448899e-02
   9.3241256e-02
   3.4692413e-01
   1.7054476e-01
   3.1687852e-01
   2.9188188e-01
   6.3933198e-02
   6.1061430e-03
   0.0000000e+00
   0.0000000e+00
   5.5317333e-03
   1.7569145e-02
   7.7232814e-03
   1.9448272e-02
   1.7142691e-02
   1.5931371e-02
   2.5030227e-02
   1.8275987e-01
   4.4859097e-01
   3.3534861e-01
   1.2065347e-02
   9.0044750e-03
   4.7353183e-02
   2.3288881e-02
   1.7481477e-01
   2.0102008e-01
   7.7480511e-03
   6.0778342e-06
   0.0000000e+00
   0.0000000e+00
   0.0000000e+00
   0.0000000e+00
   0.0000000e+00
   0.0000000e+00
   0.0000000e+00
   0.0000000e+00
   8.1906055e-06
   4.6613752e-03
   9.1453098e-02
   8.3994970e-02
   3.1009781e-03
   0.0000000e+00
   0.0000000e+00
   3.7160444e-05
   1.2523598e-03
   1.5236317e-03
   9.2069478e-05
   0.0000000e+00
   0.0000000e+00
   0.0000000e+00
   0.0000000e+00
   0.0000000e+00
   0.0000000e+00
   0.0000000e+00
   0.0000000e+00
   0.0000000e+00
   0.0000000e+00
   0.0000000e+00
   0.0000000e+00
   0.0000000e+00
   0.0000000e+00
   0.0000000e+00
   0.0000000e+00
   0.0000000e+00
   0.0000000e+00
   0.0000000e+00
   0.0000000e+00
   0.0000000e+00
   0.0000000e+00
   0.0000000e+00
   0.0000000e+00
   0.0000000e+00
   0.0000000e+00
   0.0000000e+00
   0.0000000e+00
   0.0000000e+00
   0.0000000e+00
   0.0000000e+00
   0.0000000e+00
   0.0000000e+00
   0.0000000e+00
   0.0000000e+00
   0.0000000e+00
   0.0000000e+00
   0.0000000e+00
   0.0000000e+00
   0.0000000e+00
   0.0000000e+00
   0.0000000e+00
   0.0000000e+00
   0.0000000e+00
   0.0000000e+00
   0.0000000e+00
   0.0000000e+00
   0.0000000e+00
   0.0000000e+00
   0.0000000e+00
   0.0000000e+00
   0.0000000e+00
   0.0000000e+00
   0.0000000e+00
   0.0000000e+00
   0.0000000e+00
   0.0000000e+00
   0.0000000e+00
   0.0000000e+00
   0.0000000e+00
   0.0000000e+00
   0.0000000e+00
   0.0000000e+00
   0.0000000e+00
   0.0000000e+00
   0.0000000e+00
   0.0000000e+00
   0.0000000e+00
   0.0000000e+00
   0.0000000e+00
   0.0000000e+00
   0.0000000e+00
   0.0000000e+00
   0.0000000e+00
   0.0000000e+00
   0.0000000e+00
   0.0000000e+00
   0.0000000e+00
   0.0000000e+00
   0.0000000e+00
   0.0000000e+00
   0.0000000e+00
   0.0000000e+00
   0.0000000e+00
   0.0000000e+00
   0.0000000e+00
   0.0000000e+00
   0.0000000e+00
   0.0000000e+00
   0.0000000e+00
   0.0000000e+00
   0.0000000e+00
   0.0000000e+00
   0.0000000e+00
   0.0000000e+00
   0.0000000e+00
   0.0000000e+00
   0.0000000e+00
   0.0000000e+00
   0.0000000e+00
   0.0000000e+00
   0.0000000e+00
   0.0000000e+00
   0.0000000e+00
   0.0000000e+00
   0.0000000e+00
   0.0000000e+00
   0.0000000e+00
   0.0000000e+00
   0.0000000e+00
   0.0000000e+00
   0.0000000e+00
   0.0000000e+00
   0.0000000e+00
   0.0000000e+00
   0.0000000e+00
   0.0000000e+00
   0.0000000e+00
   0.0000000e+00
   0.0000000e+00
   0.0000000e+00
   0.0000000e+00
   0.0000000e+00
   0.0000000e+00
   0.0000000e+00
   0.0000000e+00
   0.0000000e+00
   0.0000000e+00
   0.0000000e+00
   0.0000000e+00
   0.0000000e+00
   0.0000000e+00
   0.0000000e+00
   0.0000000e+00
   0.0000000e+00
   0.0000000e+00
   0.0000000e+00
   0.0000000e+00
   0.0000000e+00
   0.0000000e+00
   0.0000000e+00
   0.0000000e+00
   0.0000000e+00
   0.0000000e+00
   0.0000000e+00
   0.0000000e+00
   0.0000000e+00
   0.0000000e+00
   0.0000000e+00
   0.0000000e+00
   0.0000000e+00
   0.0000000e+00
   0.0000000e+00
   0.0000000e+00
   0.0000000e+00
   0.0000000e+00
   0.0000000e+00
   0.0000000e+00
   0.0000000e+00
   0.0000000e+00
   0.0000000e+00
   0.0000000e+00
   0.0000000e+00
   0.0000000e+00
   0.0000000e+00
   0.0000000e+00
   0.0000000e+00
   0.0000000e+00
   0.0000000e+00
   0.0000000e+00
   0.0000000e+00
   0.0000000e+00
   0.0000000e+00
   0.0000000e+00
   0.0000000e+00
   0.0000000e+00
   0.0000000e+00
   0.0000000e+00
   0.0000000e+00
   0.0000000e+00
   0.0000000e+00
   0.0000000e+00
   0.0000000e+00
   0.0000000e+00
   0.0000000e+00
   0.0000000e+00
   0.0000000e+00
   0.0000000e+00
   0.0000000e+00
   0.0000000e+00
   0.0000000e+00
   0.0000000e+00
   0.0000000e+00
   0.0000000e+00
   0.0000000e+00
   0.0000000e+00
   0.0000000e+00
   0.0000000e+00
   0.0000000e+00
   0.0000000e+00
   0.0000000e+00
   0.0000000e+00
   0.0000000e+00
   0.0000000e+00
   0.0000000e+00
   0.0000000e+00
   0.0000000e+00
   0.0000000e+00
   0.0000000e+00
   0.0000000e+00
   0.0000000e+00
   0.0000000e+00
   0.0000000e+00
   0.0000000e+00
   0.0000000e+00
   0.0000000e+00
   0.0000000e+00
   0.0000000e+00
   0.0000000e+00
   0.0000000e+00
   0.0000000e+00
   0.0000000e+00
   0.0000000e+00
   0.0000000e+00
   0.0000000e+00
   0.0000000e+00
   0.0000000e+00
   0.0000000e+00
   0.0000000e+00
   0.0000000e+00
   0.0000000e+00
   0.0000000e+00
   0.0000000e+00
   0.0000000e+00
   0.0000000e+00
   0.0000000e+00
   0.0000000e+00
   0.0000000e+00
   0.0000000e+00
   0.0000000e+00
   0.0000000e+00
   0.0000000e+00
