   1.7710243e-03
   1.7434413e-03
  -1.8744701e-03
   8.2753564e-04
  -8.8680983e-04
   2.2363184e-03
   3.1646924e-03
  -3.3854313e-03
   6.9528992e-03
   1.8385069e-02
   7.1552017e-03
   4.0681107e-03
  -6.6884897e-03
   4.7902446e-03
   1.2290878e-03
  -2.2338733e-03
   4.8434450e-04
  -9.5953953e-04
   1.2920687e-03
  -2.4282968e-02
   2.1308615e-02
   1.7322646e-02
   2.5269619e-02
   1.7376063e-02
   2.0179611e-02
   1.7309021e-02
   2.0103613e-02
   1.5530319e-02
   1.8799295e-02
   9.8137814e-03
   1.5571732e-02
   1.7884439e-02
   1.8720864e-02
   1.8866258e-02
   1.4286098e-02
   2.5900236e-02
   2.5376132e-02
   1.6693525e-02
   2.6405747e-02
   4.4872168e-02
   4.2648567e-02
   6.9248200e-02
   3.9077519e-02
   6.6388347e-02
   5.8059469e-02
   6.1782039e-02
   5.7355378e-02
   6.7176282e-02
   5.7937967e-02
   7.3042363e-02
   5.5763545e-02
   6.5966774e-02
   5.5687772e-02
   6.0991633e-02
   6.4374460e-02
   5.1656371e-02
   4.4328997e-02
   6.6425952e-02
   3.6044561e-02
   2.8158774e-02
   1.6878714e-01
   8.9749579e-02
   1.6921988e-01
   1.0069847e-01
   1.2355850e-01
   1.1092109e-01
   1.2169654e-01
   1.0158842e-01
   1.2363348e-01
   9.5418246e-02
   1.3041697e-01
   1.0053046e-01
   1.2763941e-01
   1.1261391e-01
   1.1183171e-01
   1.2524652e-01
   1.6312640e-01
   1.1828235e-01
   7.3837784e-03
   2.2214054e-03
   1.4900837e-01
   2.1476394e-02
   9.7486888e-02
   2.0031222e-01
   1.6338789e-01
   1.9700981e-01
   1.5346338e-01
   2.3885711e-01
   1.6027532e-01
   2.2584962e-01
   1.6218153e-01
   2.2745369e-01
   1.5956998e-01
   1.9077175e-01
   1.8068022e-01
   1.6410089e-01
   1.6171245e-01
   5.4686093e-02
   5.9060537e-04
   0.0000000e+00
   6.2083402e-03
   5.1645823e-04
   8.3960911e-03
   2.5139243e-01
   2.6850070e-01
   1.5664618e-01
   3.2876781e-01
   1.3006238e-01
   6.6347036e-02
   1.6741953e-01
   5.5811499e-02
   2.8112473e-02
   3.1031621e-02
   2.2943832e-01
   2.0858230e-01
   3.3576933e-01
   1.8542433e-01
   2.2197371e-03
   9.2465358e-06
   0.0000000e+00
   0.0000000e+00
   0.0000000e+00
   6.0631961e-04
   2.0222107e-02
   2.1821080e-02
   1.0412891e-02
   3.2468535e-02
   7.3393025e-03
   7.3547980e-05
   2.8571146e-07
   8.4375631e-08
   1.2406591e-11
   5.9347993e-05
   9.2596320e-04
   4.1596696e-03
   5.0453849e-02
   2.7625607e-02
   2.4632981e-04
   0.0000000e+00
   0.0000000e+00
   0.0000000e+00
   0.0000000e+00
   0.0000000e+00
   0.0000000e+00
   0.0000000e+00
   0.0000000e+00
   0.0000000e+00
   0.0000000e+00
   0.0000000e+00
   0.0000000e+00
   0.0000000e+00
   0.0000000e+00
   0.0000000e+00
   0.0000000e+00
   0.0000000e+00
   0.0000000e+00
   0.0000000e+00
   0.0000000e+00
   0.0000000e+00
   0.0000000e+00
   0.0000000e+00
   0.0000000e+00
   0.0000000e+00
   0.0000000e+00
   0.0000000e+00
   0.0000000e+00
   0.0000000e+00
   0.0000000e+00
   0.0000000e+00
   0.0000000e+00
   0.0000000e+00
   0.0000000e+00
   0.0000000e+00
   0.0000000e+00
   0.0000000e+00
   0.0000000e+00
   0.0000000e+00
   0.0000000e+00
   0.0000000e+00
   0.0000000e+00
   0.0000000e+00
   0.0000000e+00
   0.0000000e+00
   0.0000000e+00
   0.0000000e+00
   0.0000000e+00
   0.0000000e+00
   0.0000000e+00
   0.0000000e+00
   0.0000000e+00
   0.0000000e+00
   0.0000000e+00
   0.0000000e+00
   0.0000000e+00
   0.0000000e+00
   0.0000000e+00
   0.0000000e+00
   0.0000000e+00
   0.0000000e+00
   0.0000000e+00
   0.0000000e+00
   0.0000000e+00
   0.0000000e+00
   0.0000000e+00
   0.0000000e+00
   0.0000000e+00
   0.0000000e+00
   0.0000000e+00
   0.0000000e+00
   0.0000000e+00
   0.0000000e+00
   0.0000000e+00
   0.0000000e+00
   0.0000000e+00
   0.0000000e+00
   0.0000000e+00
   0.0000000e+00
   0.0000000e+00
   0.0000000e+00
   0.0000000e+00
   0.0000000e+00
   0.0000000e+00
   0.0000000e+00
   0.0000000e+00
   0.0000000e+00
   0.0000000e+00
   0.0000000e+00
   0.0000000e+00
   0.0000000e+00
   0.0000000e+00
   0.0000000e+00
   0.0000000e+00
   0.0000000e+00
   0.0000000e+00
   0.0000000e+00
   0.0000000e+00
   0.0000000e+00
   0.0000000e+00
   0.0000000e+00
   0.0000000e+00
   0.0000000e+00
   0.0000000e+00
   0.0000000e+00
   0.0000000e+00
   0.0000000e+00
   0.0000000e+00
   0.0000000e+00
   0.0000000e+00
   0.0000000e+00
   0.0000000e+00
   0.0000000e+00
   0.0000000e+00
   0.0000000e+00
   0.0000000e+00
   0.0000000e+00
   0.0000000e+00
   0.0000000e+00
   0.0000000e+00
   0.0000000e+00
   0.0000000e+00
   0.0000000e+00
   0.0000000e+00
   0.0000000e+00
   0.0000000e+00
   0.0000000e+00
   0.0000000e+00
   0.0000000e+00
   0.0000000e+00
   0.0000000e+00
   0.0000000e+00
   0.0000000e+00
   0.0000000e+00
   0.0000000e+00
   0.0000000e+00
   0.0000000e+00
   0.0000000e+00
   0.0000000e+00
   0.0000000e+00
   0.0000000e+00
   0.0000000e+00
   0.0000000e+00
   0.0000000e+00
   0.0000000e+00
   0.0000000e+00
   0.0000000e+00
   0.0000000e+00
   0.0000000e+00
   0.0000000e+00
   0.0000000e+00
   0.0000000e+00
   0.0000000e+00
   0.0000000e+00
   0.0000000e+00
   0.0000000e+00
   0.0000000e+00
   0.0000000e+00
   0.0000000e+00
   0.0000000e+00
   0.0000000e+00
   0.0000000e+00
   0.0000000e+00
   0.0000000e+00
   0.0000000e+00
   0.0000000e+00
   0.0000000e+00
   0.0000000e+00
   0.0000000e+00
   0.0000000e+00
   0.0000000e+00
   0.0000000e+00
   0.0000000e+00
   0.0000000e+00
   0.0000000e+00
   0.0000000e+00
   0.0000000e+00
   0.0000000e+00
   0.0000000e+00
   0.0000000e+00
   0.0000000e+00
   0.0000000e+00
   0.0000000e+00
   0.0000000e+00
   0.0000000e+00
   0.0000000e+00
   0.0000000e+00
   0.0000000e+00
   0.0000000e+00
   0.0000000e+00
   0.0000000e+00
   0.0000000e+00
   0.0000000e+00
   0.0000000e+00
   0.0000000e+00
   0.0000000e+00
   0.0000000e+00
   0.0000000e+00
   0.0000000e+00
   0.0000000e+00
   0.0000000e+00
   0.0000000e+00
   0.0000000e+00
   0.0000000e+00
   0.0000000e+00
   0.0000000e+00
   0.0000000e+00
   0.0000000e+00
   0.0000000e+00
   0.0000000e+00
   0.0000000e+00
   0.0000000e+00
   0.0000000e+00
   0.0000000e+00
   0.0000000e+00
   0.0000000e+00
   0.0000000e+00
   0.0000000e+00
   0.0000000e+00
   0.0000000e+00
   0.0000000e+00
   0.0000000e+00
   0.0000000e+00
   0.0000000e+00
   0.0000000e+00
   0.0000000e+00
   0.0000000e+00
   0.0000000e+00
   0.0000000e+00
   0.0000000e+00
   0.0000000e+00
   0.0000000e+00
   0.0000000e+00
   0.0000000e+00
   0.0000000e+00
   0.0000000e+00
   0.0000000e+00
   0.0000000e+00
   0.0000000e+00
   0.0000000e+00
   0.0000000e+00
   0.0000000e+00
   0.0000000e+00
   0.0000000e+00
   0.0000000e+00
   0.0000000e+00
   0.0000000e+00
   0.0000000e+00
   0.0000000e+00
   0.0000000e+00
   0.0000000e+00
   0.0000000e+00
   0.0000000e+00
   0.0000000e+00
   0.0000000e+00
   0.0000000e+00
   0.0000000e+00
   0.0000000e+00
   0.0000000e+00
   0.0000000e+00
   0.0000000e+00
   0.0000000e+00
