  -1.1242964e-03
  -2.2036921e-02
   1.3722131e-03
  -2.2518760e-03
   3.3965238e-03
  -3.8095297e-04
   3.9634814e-03
  -2.1839477e-03
   1.0199347e-03
  -9.2610610e-04
  -3.2193405e-04
   6.8950977e-04
  -6.6049609e-04
  -1.0635694e-03
   1.1555433e-03
   5.4284683e-03
  -4.5641567e-03
  -1.8070874e-02
  -7.3690607e-03
   8.1529603e-03
   2.8542033e-02
   4.3369628e-02
   1.8295378e-02
   2.7314661e-02
   8.8686988e-03
   2.1242496e-02
   1.4336140e-02
   2.1701587e-02
   1.8181122e-02
   2.0819562e-02
   2.0289529e-02
   1.8290477e-02
   2.1399363e-02
   2.0940916e-02
   1.8546987e-02
   6.7224464e-03
   3.2011861e-02
   1.7142508e-02
   2.5767266e-02
   2.1668158e-02
   4.9524133e-02
   3.6935886e-02
   4.9710790e-02
   5.5462650e-02
   6.8984754e-02
   6.1716734e-02
   6.3626428e-02
   5.6790886e-02
   6.0825015e-02
   5.7117373e-02
   5.7451044e-02
   6.1925578e-02
   5.2566981e-02
   5.7514799e-02
   6.0012554e-02
   7.4937235e-02
   4.4803005e-02
   4.7430238e-02
   8.0381802e-02
   1.5744325e-02
   1.5815771e-01
   1.3523846e-01
   1.3027762e-01
   1.1299058e-01
   1.0839039e-01
   1.0871988e-01
   1.1311830e-01
   1.1895411e-01
   1.1590673e-01
   1.1944923e-01
   1.2075169e-01
   1.1144451e-01
   1.3092796e-01
   1.2076726e-01
   1.0751975e-01
   1.0565489e-01
   1.2794630e-01
   1.6718923e-01
   5.4141990e-02
   2.8446645e-03
   5.0778649e-02
   1.0363508e-01
   1.6390648e-01
   1.8613205e-01
   1.9958800e-01
   2.0332549e-01
   1.9070086e-01
   1.7308543e-01
   1.8073005e-01
   1.7216789e-01
   1.6489904e-01
   2.0224268e-01
   1.2260274e-01
   1.6747956e-01
   2.2104055e-01
   2.0677509e-01
   9.1614515e-02
   3.6538781e-02
   7.5443341e-03
   0.0000000e+00
   6.7639978e-06
   6.5261483e-04
   2.4398254e-02
   1.2502634e-01
   1.2477245e-01
   7.8538377e-02
   2.3409044e-01
   2.2956109e-01
   2.1534505e-01
   2.6492065e-01
   2.6579278e-01
   1.9181998e-01
   3.0563209e-01
   3.1414427e-01
   1.6355710e-01
   7.0661779e-02
   1.0458862e-02
   0.0000000e+00
   0.0000000e+00
   0.0000000e+00
   0.0000000e+00
   2.4067425e-03
   1.9507941e-01
   5.4542453e-01
   2.2734601e-01
   3.1042331e-02
   4.0673454e-01
   3.5386679e-01
   1.8256953e-02
   1.2475151e-02
   1.5245486e-02
   1.2214602e-02
   7.6942050e-02
   7.2925035e-02
   5.9051879e-03
   3.1065751e-04
   0.0000000e+00
   0.0000000e+00
   0.0000000e+00
   0.0000000e+00
   0.0000000e+00
   1.4408827e-03
   1.1320072e-01
   2.4151665e-01
   4.9710396e-02
   1.7544746e-02
   2.9340828e-01
   2.5303268e-01
   8.2928158e-03
   0.0000000e+00
   0.0000000e+00
   7.8724953e-08
   2.9937646e-06
   3.8508714e-06
   2.5355972e-07
   0.0000000e+00
   0.0000000e+00
   0.0000000e+00
   0.0000000e+00
   0.0000000e+00
   0.0000000e+00
   1.9454952e-05
   1.5143872e-03
   2.9280302e-03
   3.3284866e-04
   3.7485593e-04
   6.6968744e-03
   5.7753248e-03
   1.8927873e-04
   0.0000000e+00
   0.0000000e+00
   0.0000000e+00
   0.0000000e+00
   0.0000000e+00
   0.0000000e+00
   0.0000000e+00
   0.0000000e+00
   0.0000000e+00
   0.0000000e+00
   0.0000000e+00
   0.0000000e+00
   0.0000000e+00
   0.0000000e+00
   0.0000000e+00
   0.0000000e+00
   0.0000000e+00
   0.0000000e+00
   0.0000000e+00
   0.0000000e+00
   0.0000000e+00
   0.0000000e+00
   0.0000000e+00
   0.0000000e+00
   0.0000000e+00
   0.0000000e+00
   0.0000000e+00
   0.0000000e+00
   0.0000000e+00
   0.0000000e+00
   0.0000000e+00
   0.0000000e+00
   0.0000000e+00
   0.0000000e+00
   0.0000000e+00
   0.0000000e+00
   0.0000000e+00
   0.0000000e+00
   0.0000000e+00
   0.0000000e+00
   0.0000000e+00
   0.0000000e+00
   0.0000000e+00
   0.0000000e+00
   0.0000000e+00
   0.0000000e+00
   0.0000000e+00
   0.0000000e+00
   0.0000000e+00
   0.0000000e+00
   0.0000000e+00
   0.0000000e+00
   0.0000000e+00
   0.0000000e+00
   0.0000000e+00
   0.0000000e+00
   0.0000000e+00
   0.0000000e+00
   0.0000000e+00
   0.0000000e+00
   0.0000000e+00
   0.0000000e+00
   0.0000000e+00
   0.0000000e+00
   0.0000000e+00
   0.0000000e+00
   0.0000000e+00
   0.0000000e+00
   0.0000000e+00
   0.0000000e+00
   0.0000000e+00
   0.0000000e+00
   0.0000000e+00
   0.0000000e+00
   0.0000000e+00
   0.0000000e+00
   0.0000000e+00
   0.0000000e+00
   0.0000000e+00
   0.0000000e+00
   0.0000000e+00
   0.0000000e+00
   0.0000000e+00
   0.0000000e+00
   0.0000000e+00
   0.0000000e+00
   0.0000000e+00
   0.0000000e+00
   0.0000000e+00
   0.0000000e+00
   0.0000000e+00
   0.0000000e+00
   0.0000000e+00
   0.0000000e+00
   0.0000000e+00
   0.0000000e+00
   0.0000000e+00
   0.0000000e+00
   0.0000000e+00
   0.0000000e+00
   0.0000000e+00
   0.0000000e+00
   0.0000000e+00
   0.0000000e+00
   0.0000000e+00
   0.0000000e+00
   0.0000000e+00
   0.0000000e+00
   0.0000000e+00
   0.0000000e+00
   0.0000000e+00
   0.0000000e+00
   0.0000000e+00
   0.0000000e+00
   0.0000000e+00
   0.0000000e+00
   0.0000000e+00
   0.0000000e+00
   0.0000000e+00
   0.0000000e+00
   0.0000000e+00
   0.0000000e+00
   0.0000000e+00
   0.0000000e+00
   0.0000000e+00
   0.0000000e+00
   0.0000000e+00
   0.0000000e+00
   0.0000000e+00
   0.0000000e+00
   0.0000000e+00
   0.0000000e+00
   0.0000000e+00
   0.0000000e+00
   0.0000000e+00
   0.0000000e+00
   0.0000000e+00
   0.0000000e+00
   0.0000000e+00
   0.0000000e+00
   0.0000000e+00
   0.0000000e+00
   0.0000000e+00
   0.0000000e+00
   0.0000000e+00
   0.0000000e+00
   0.0000000e+00
   0.0000000e+00
   0.0000000e+00
   0.0000000e+00
   0.0000000e+00
   0.0000000e+00
   0.0000000e+00
   0.0000000e+00
   0.0000000e+00
   0.0000000e+00
   0.0000000e+00
   0.0000000e+00
   0.0000000e+00
   0.0000000e+00
   0.0000000e+00
   0.0000000e+00
   0.0000000e+00
   0.0000000e+00
   0.0000000e+00
   0.0000000e+00
   0.0000000e+00
   0.0000000e+00
   0.0000000e+00
   0.0000000e+00
   0.0000000e+00
   0.0000000e+00
   0.0000000e+00
   0.0000000e+00
   0.0000000e+00
   0.0000000e+00
   0.0000000e+00
   0.0000000e+00
   0.0000000e+00
   0.0000000e+00
   0.0000000e+00
   0.0000000e+00
   0.0000000e+00
   0.0000000e+00
   0.0000000e+00
   0.0000000e+00
   0.0000000e+00
   0.0000000e+00
   0.0000000e+00
   0.0000000e+00
   0.0000000e+00
   0.0000000e+00
   0.0000000e+00
   0.0000000e+00
   0.0000000e+00
   0.0000000e+00
   0.0000000e+00
   0.0000000e+00
   0.0000000e+00
   0.0000000e+00
   0.0000000e+00
   0.0000000e+00
   0.0000000e+00
   0.0000000e+00
   0.0000000e+00
   0.0000000e+00
   0.0000000e+00
   0.0000000e+00
   0.0000000e+00
   0.0000000e+00
   0.0000000e+00
   0.0000000e+00
   0.0000000e+00
   0.0000000e+00
   0.0000000e+00
   0.0000000e+00
   0.0000000e+00
   0.0000000e+00
   0.0000000e+00
   0.0000000e+00
   0.0000000e+00
   0.0000000e+00
   0.0000000e+00
   0.0000000e+00
   0.0000000e+00
   0.0000000e+00
   0.0000000e+00
   0.0000000e+00
   0.0000000e+00
   0.0000000e+00
   0.0000000e+00
