   7.7681225e-03
   8.6314360e-03
  -6.4049406e-04
  -7.4658551e-04
  -4.2681842e-04
   1.9869995e-03
  -3.5822201e-03
  -7.7042698e-03
   2.8458843e-03
  -9.8538429e-04
   6.6424733e-04
   5.0705236e-04
  -1.0847051e-03
   3.0497493e-03
  -4.5078756e-03
   3.0578552e-03
   1.2145273e-04
  -3.8490704e-03
   4.5676098e-03
   2.1957382e-03
   1.2761561e-02
   1.2747856e-02
   1.8417914e-02
   2.1782351e-02
   2.0970518e-02
   1.5124062e-02
   3.0517858e-02
   2.3195046e-02
   1.7146057e-02
   2.0771369e-02
   1.8898444e-02
   1.9195635e-02
   2.0873588e-02
   1.6556163e-02
   2.5223587e-02
   1.5932705e-02
   1.7411465e-02
   2.4106983e-02
   1.5179573e-02
   1.6236952e-02
   5.8681396e-02
   7.4658273e-02
   5.9015687e-02
   5.5562949e-02
   5.5532654e-02
   6.4602890e-02
   4.8425358e-02
   5.3314574e-02
   6.2687065e-02
   5.6706016e-02
   6.0217302e-02
   5.9081619e-02
   5.7101296e-02
   6.1671401e-02
   5.2757405e-02
   6.1685666e-02
   6.6788259e-02
   4.3366511e-02
   8.1973654e-02
   8.7308156e-03
   1.2570209e-01
   9.3114160e-02
   1.2010132e-01
   1.2111182e-01
   1.2231555e-01
   1.0954796e-01
   1.2904789e-01
   1.2348758e-01
   1.1242627e-01
   1.2134138e-01
   1.1441263e-01
   1.1819840e-01
   1.1931018e-01
   1.1560086e-01
   1.2425980e-01
   1.1549640e-01
   1.0277789e-01
   1.5269767e-01
   7.2752993e-02
   3.5764433e-03
   1.0585915e-01
   2.2818416e-01
   1.6574728e-01
   1.7722155e-01
   1.5909630e-01
   2.0121302e-01
   1.4655699e-01
   1.7230581e-01
   1.8374270e-01
   1.6974682e-01
   1.8316831e-01
   1.7290160e-01
   1.7372370e-01
   1.7512246e-01
   1.7326955e-01
   1.6883123e-01
   2.2668401e-01
   7.7292413e-02
   8.4941064e-04
   2.4510473e-05
   2.0543359e-02
   1.6163759e-01
   2.5552024e-01
   2.3540910e-01
   2.8156909e-01
   1.4182083e-01
   2.7918339e-01
   2.5733605e-01
   2.0527178e-01
   2.9023488e-01
   1.6564194e-01
   3.2291833e-01
   2.0461340e-01
   3.0541288e-01
   2.6915725e-01
   2.2709020e-01
   2.2532436e-01
   3.1091848e-02
   1.6442428e-05
   0.0000000e+00
   1.5376405e-04
   2.6170484e-03
   1.5602810e-01
   3.7289048e-01
   1.5787009e-01
   2.6594306e-02
   1.0226804e-01
   1.8601950e-01
   4.0992213e-01
   2.2170279e-01
   2.3453437e-02
   5.7325337e-02
   5.7014409e-02
   3.5937446e-01
   2.0742415e-01
   1.1993628e-02
   4.4665224e-03
   5.3511333e-04
   0.0000000e+00
   0.0000000e+00
   0.0000000e+00
   3.4892563e-05
   4.9014328e-03
   1.0952662e-02
   1.4805683e-03
   0.0000000e+00
   0.0000000e+00
   5.7754888e-03
   4.9474650e-02
   2.5141705e-02
   1.9806267e-04
   0.0000000e+00
   3.1039501e-03
   3.0028556e-02
   1.6838746e-02
   1.8597852e-04
   0.0000000e+00
   0.0000000e+00
   0.0000000e+00
   0.0000000e+00
   0.0000000e+00
   0.0000000e+00
   0.0000000e+00
   0.0000000e+00
   0.0000000e+00
   0.0000000e+00
   0.0000000e+00
   0.0000000e+00
   0.0000000e+00
   0.0000000e+00
   0.0000000e+00
   0.0000000e+00
   0.0000000e+00
   0.0000000e+00
   0.0000000e+00
   0.0000000e+00
   0.0000000e+00
   0.0000000e+00
   0.0000000e+00
   0.0000000e+00
   0.0000000e+00
   0.0000000e+00
   0.0000000e+00
   0.0000000e+00
   0.0000000e+00
   0.0000000e+00
   0.0000000e+00
   0.0000000e+00
   0.0000000e+00
   0.0000000e+00
   0.0000000e+00
   0.0000000e+00
   0.0000000e+00
   0.0000000e+00
   0.0000000e+00
   0.0000000e+00
   0.0000000e+00
   0.0000000e+00
   0.0000000e+00
   0.0000000e+00
   0.0000000e+00
   0.0000000e+00
   0.0000000e+00
   0.0000000e+00
   0.0000000e+00
   0.0000000e+00
   0.0000000e+00
   0.0000000e+00
   0.0000000e+00
   0.0000000e+00
   0.0000000e+00
   0.0000000e+00
   0.0000000e+00
   0.0000000e+00
   0.0000000e+00
   0.0000000e+00
   0.0000000e+00
   0.0000000e+00
   0.0000000e+00
   0.0000000e+00
   0.0000000e+00
   0.0000000e+00
   0.0000000e+00
   0.0000000e+00
   0.0000000e+00
   0.0000000e+00
   0.0000000e+00
   0.0000000e+00
   0.0000000e+00
   0.0000000e+00
   0.0000000e+00
   0.0000000e+00
   0.0000000e+00
   0.0000000e+00
   0.0000000e+00
   0.0000000e+00
   0.0000000e+00
   0.0000000e+00
   0.0000000e+00
   0.0000000e+00
   0.0000000e+00
   0.0000000e+00
   0.0000000e+00
   0.0000000e+00
   0.0000000e+00
   0.0000000e+00
   0.0000000e+00
   0.0000000e+00
   0.0000000e+00
   0.0000000e+00
   0.0000000e+00
   0.0000000e+00
   0.0000000e+00
   0.0000000e+00
   0.0000000e+00
   0.0000000e+00
   0.0000000e+00
   0.0000000e+00
   0.0000000e+00
   0.0000000e+00
   0.0000000e+00
   0.0000000e+00
   0.0000000e+00
   0.0000000e+00
   0.0000000e+00
   0.0000000e+00
   0.0000000e+00
   0.0000000e+00
   0.0000000e+00
   0.0000000e+00
   0.0000000e+00
   0.0000000e+00
   0.0000000e+00
   0.0000000e+00
   0.0000000e+00
   0.0000000e+00
   0.0000000e+00
   0.0000000e+00
   0.0000000e+00
   0.0000000e+00
   0.0000000e+00
   0.0000000e+00
   0.0000000e+00
   0.0000000e+00
   0.0000000e+00
   0.0000000e+00
   0.0000000e+00
   0.0000000e+00
   0.0000000e+00
   0.0000000e+00
   0.0000000e+00
   0.0000000e+00
   0.0000000e+00
   0.0000000e+00
   0.0000000e+00
   0.0000000e+00
   0.0000000e+00
   0.0000000e+00
   0.0000000e+00
   0.0000000e+00
   0.0000000e+00
   0.0000000e+00
   0.0000000e+00
   0.0000000e+00
   0.0000000e+00
   0.0000000e+00
   0.0000000e+00
   0.0000000e+00
   0.0000000e+00
   0.0000000e+00
   0.0000000e+00
   0.0000000e+00
   0.0000000e+00
   0.0000000e+00
   0.0000000e+00
   0.0000000e+00
   0.0000000e+00
   0.0000000e+00
   0.0000000e+00
   0.0000000e+00
   0.0000000e+00
   0.0000000e+00
   0.0000000e+00
   0.0000000e+00
   0.0000000e+00
   0.0000000e+00
   0.0000000e+00
   0.0000000e+00
   0.0000000e+00
   0.0000000e+00
   0.0000000e+00
   0.0000000e+00
   0.0000000e+00
   0.0000000e+00
   0.0000000e+00
   0.0000000e+00
   0.0000000e+00
   0.0000000e+00
   0.0000000e+00
   0.0000000e+00
   0.0000000e+00
   0.0000000e+00
   0.0000000e+00
   0.0000000e+00
   0.0000000e+00
   0.0000000e+00
   0.0000000e+00
   0.0000000e+00
   0.0000000e+00
   0.0000000e+00
   0.0000000e+00
   0.0000000e+00
   0.0000000e+00
   0.0000000e+00
   0.0000000e+00
   0.0000000e+00
   0.0000000e+00
   0.0000000e+00
   0.0000000e+00
   0.0000000e+00
   0.0000000e+00
   0.0000000e+00
   0.0000000e+00
   0.0000000e+00
   0.0000000e+00
   0.0000000e+00
   0.0000000e+00
   0.0000000e+00
   0.0000000e+00
   0.0000000e+00
   0.0000000e+00
   0.0000000e+00
   0.0000000e+00
   0.0000000e+00
   0.0000000e+00
   0.0000000e+00
   0.0000000e+00
   0.0000000e+00
   0.0000000e+00
   0.0000000e+00
   0.0000000e+00
   0.0000000e+00
   0.0000000e+00
   0.0000000e+00
   0.0000000e+00
   0.0000000e+00
   0.0000000e+00
   0.0000000e+00
   0.0000000e+00
   0.0000000e+00
   0.0000000e+00
   0.0000000e+00
   0.0000000e+00
   0.0000000e+00
   0.0000000e+00
   0.0000000e+00
   0.0000000e+00
   0.0000000e+00
   0.0000000e+00
   0.0000000e+00
