   8.0862733e-03
  -9.2022557e-05
  -1.6265719e-04
  -7.3773448e-04
   4.0573693e-05
  -2.2465190e-04
   5.0241147e-04
  -2.1773215e-03
   9.7643350e-04
   3.8490969e-03
  -5.9893820e-03
   4.8945135e-03
  -1.2345899e-03
   3.5015382e-04
   5.7497045e-04
  -4.4748287e-03
   2.7344877e-03
  -4.6614210e-03
   5.6065487e-03
   6.1059995e-03
   3.0361420e-03
   2.2583207e-02
   1.8227314e-02
   2.1907637e-02
   2.0942686e-02
   1.9059228e-02
   1.9595232e-02
   2.1135338e-02
   1.8963338e-02
   1.4694982e-02
   2.6003452e-02
   1.4827194e-02
   2.0939023e-02
   1.8334077e-02
   1.8817265e-02
   2.6239576e-02
   1.4064772e-02
   2.8752256e-02
   1.4442641e-02
   3.8603320e-03
   7.2604183e-02
   6.4873595e-02
   5.3498465e-02
   5.8876436e-02
   5.3431434e-02
   6.1311717e-02
   5.7785156e-02
   5.7858013e-02
   5.9126846e-02
   6.6206272e-02
   5.1678550e-02
   6.4077278e-02
   5.7588382e-02
   5.9378477e-02
   6.2027174e-02
   4.5149530e-02
   7.2908137e-02
   3.8414348e-02
   7.4506585e-02
   3.8728708e-03
   9.9043210e-02
   1.0041762e-01
   1.3362102e-01
   1.1433957e-01
   1.3253184e-01
   1.1136950e-01
   1.1973741e-01
   1.1776099e-01
   1.1766013e-01
   1.0921838e-01
   1.2387671e-01
   1.1360655e-01
   1.1832525e-01
   1.1772943e-01
   1.1307768e-01
   1.3728284e-01
   9.9005644e-02
   1.4354872e-01
   1.0857953e-01
   2.0479843e-03
   2.2189580e-01
   2.1197058e-01
   1.0482001e-01
   1.8283694e-01
   1.2990616e-01
   1.9301917e-01
   1.7240805e-01
   1.7610843e-01
   1.7675083e-01
   1.9235168e-01
   1.6775426e-01
   1.8043037e-01
   1.8013394e-01
   1.7108308e-01
   1.9758388e-01
   1.3295463e-01
   2.1129093e-01
   1.4364476e-01
   2.4678743e-02
   1.5745888e-05
   1.0875266e-01
   1.2848982e-01
   7.8371053e-02
   3.2689950e-01
   3.2411936e-01
   2.0820645e-01
   2.4234313e-01
   2.3277633e-01
   2.6085033e-01
   1.5890765e-01
   5.8283555e-02
   2.9711296e-01
   1.5152145e-01
   2.1648880e-01
   2.3307395e-01
   2.3889633e-01
   2.0590884e-01
   2.3480793e-02
   9.8926216e-06
   0.0000000e+00
   2.1484694e-05
   1.6863259e-06
   1.5453879e-02
   1.5667240e-01
   2.3616879e-01
   1.2332437e-01
   4.2801857e-01
   1.3254093e-01
   2.9879102e-03
   3.9591272e-04
   1.3902227e-02
   3.2110145e-01
   4.0232624e-01
   3.8741166e-01
   2.4256368e-01
   3.9120319e-01
   2.6152389e-01
   4.8744580e-03
   0.0000000e+00
   0.0000000e+00
   0.0000000e+00
   0.0000000e+00
   1.9204865e-05
   2.5226586e-03
   5.8239050e-03
   1.0256061e-02
   4.5016566e-02
   1.3425380e-02
   2.3250208e-06
   0.0000000e+00
   1.8741488e-03
   6.8434185e-02
   9.1835637e-02
   5.4930593e-02
   2.9136205e-02
   3.8937621e-02
   2.6040498e-02
   4.8459327e-04
   0.0000000e+00
   0.0000000e+00
   0.0000000e+00
   0.0000000e+00
   0.0000000e+00
   0.0000000e+00
   0.0000000e+00
   0.0000000e+00
   0.0000000e+00
   0.0000000e+00
   0.0000000e+00
   0.0000000e+00
   0.0000000e+00
   0.0000000e+00
   0.0000000e+00
   0.0000000e+00
   0.0000000e+00
   0.0000000e+00
   0.0000000e+00
   0.0000000e+00
   0.0000000e+00
   0.0000000e+00
   0.0000000e+00
   0.0000000e+00
   0.0000000e+00
   0.0000000e+00
   0.0000000e+00
   0.0000000e+00
   0.0000000e+00
   0.0000000e+00
   0.0000000e+00
   0.0000000e+00
   0.0000000e+00
   0.0000000e+00
   0.0000000e+00
   0.0000000e+00
   0.0000000e+00
   0.0000000e+00
   0.0000000e+00
   0.0000000e+00
   0.0000000e+00
   0.0000000e+00
   0.0000000e+00
   0.0000000e+00
   0.0000000e+00
   0.0000000e+00
   0.0000000e+00
   0.0000000e+00
   0.0000000e+00
   0.0000000e+00
   0.0000000e+00
   0.0000000e+00
   0.0000000e+00
   0.0000000e+00
   0.0000000e+00
   0.0000000e+00
   0.0000000e+00
   0.0000000e+00
   0.0000000e+00
   0.0000000e+00
   0.0000000e+00
   0.0000000e+00
   0.0000000e+00
   0.0000000e+00
   0.0000000e+00
   0.0000000e+00
   0.0000000e+00
   0.0000000e+00
   0.0000000e+00
   0.0000000e+00
   0.0000000e+00
   0.0000000e+00
   0.0000000e+00
   0.0000000e+00
   0.0000000e+00
   0.0000000e+00
   0.0000000e+00
   0.0000000e+00
   0.0000000e+00
   0.0000000e+00
   0.0000000e+00
   0.0000000e+00
   0.0000000e+00
   0.0000000e+00
   0.0000000e+00
   0.0000000e+00
   0.0000000e+00
   0.0000000e+00
   0.0000000e+00
   0.0000000e+00
   0.0000000e+00
   0.0000000e+00
   0.0000000e+00
   0.0000000e+00
   0.0000000e+00
   0.0000000e+00
   0.0000000e+00
   0.0000000e+00
   0.0000000e+00
   0.0000000e+00
   0.0000000e+00
   0.0000000e+00
   0.0000000e+00
   0.0000000e+00
   0.0000000e+00
   0.0000000e+00
   0.0000000e+00
   0.0000000e+00
   0.0000000e+00
   0.0000000e+00
   0.0000000e+00
   0.0000000e+00
   0.0000000e+00
   0.0000000e+00
   0.0000000e+00
   0.0000000e+00
   0.0000000e+00
   0.0000000e+00
   0.0000000e+00
   0.0000000e+00
   0.0000000e+00
   0.0000000e+00
   0.0000000e+00
   0.0000000e+00
   0.0000000e+00
   0.0000000e+00
   0.0000000e+00
   0.0000000e+00
   0.0000000e+00
   0.0000000e+00
   0.0000000e+00
   0.0000000e+00
   0.0000000e+00
   0.0000000e+00
   0.0000000e+00
   0.0000000e+00
   0.0000000e+00
   0.0000000e+00
   0.0000000e+00
   0.0000000e+00
   0.0000000e+00
   0.0000000e+00
   0.0000000e+00
   0.0000000e+00
   0.0000000e+00
   0.0000000e+00
   0.0000000e+00
   0.0000000e+00
   0.0000000e+00
   0.0000000e+00
   0.0000000e+00
   0.0000000e+00
   0.0000000e+00
   0.0000000e+00
   0.0000000e+00
   0.0000000e+00
   0.0000000e+00
   0.0000000e+00
   0.0000000e+00
   0.0000000e+00
   0.0000000e+00
   0.0000000e+00
   0.0000000e+00
   0.0000000e+00
   0.0000000e+00
   0.0000000e+00
   0.0000000e+00
   0.0000000e+00
   0.0000000e+00
   0.0000000e+00
   0.0000000e+00
   0.0000000e+00
   0.0000000e+00
   0.0000000e+00
   0.0000000e+00
   0.0000000e+00
   0.0000000e+00
   0.0000000e+00
   0.0000000e+00
   0.0000000e+00
   0.0000000e+00
   0.0000000e+00
   0.0000000e+00
   0.0000000e+00
   0.0000000e+00
   0.0000000e+00
   0.0000000e+00
   0.0000000e+00
   0.0000000e+00
   0.0000000e+00
   0.0000000e+00
   0.0000000e+00
   0.0000000e+00
   0.0000000e+00
   0.0000000e+00
   0.0000000e+00
   0.0000000e+00
   0.0000000e+00
   0.0000000e+00
   0.0000000e+00
   0.0000000e+00
   0.0000000e+00
   0.0000000e+00
   0.0000000e+00
   0.0000000e+00
   0.0000000e+00
   0.0000000e+00
   0.0000000e+00
   0.0000000e+00
   0.0000000e+00
   0.0000000e+00
   0.0000000e+00
   0.0000000e+00
   0.0000000e+00
   0.0000000e+00
   0.0000000e+00
   0.0000000e+00
   0.0000000e+00
   0.0000000e+00
   0.0000000e+00
   0.0000000e+00
   0.0000000e+00
   0.0000000e+00
   0.0000000e+00
   0.0000000e+00
   0.0000000e+00
   0.0000000e+00
   0.0000000e+00
   0.0000000e+00
   0.0000000e+00
   0.0000000e+00
   0.0000000e+00
   0.0000000e+00
   0.0000000e+00
   0.0000000e+00
   0.0000000e+00
   0.0000000e+00
   0.0000000e+00
   0.0000000e+00
   0.0000000e+00
   0.0000000e+00
   0.0000000e+00
