   4.9288841e-03
  -2.3837284e-03
   1.6700153e-03
   1.5928883e-03
   2.6567143e-04
   1.6851503e-03
  -1.4450242e-03
   4.7989217e-04
  -7.9956474e-04
  -1.9408325e-03
   4.0486770e-03
   6.2493377e-03
  -2.4967109e-03
   4.9091807e-03
   1.4673938e-02
  -3.2109407e-03
  -1.1205280e-04
   5.5864304e-05
  -6.7327343e-03
   1.6733533e-03
   2.0236339e-02
   1.8011967e-02
   1.7301146e-02
   1.8968769e-02
   1.8679545e-02
   1.7258021e-02
   2.0399045e-02
   2.7054775e-02
   1.9406203e-02
   2.2189289e-02
   1.6960160e-02
   1.3663987e-02
   2.0513567e-02
   1.7147534e-02
   1.8236565e-02
   1.9607202e-02
   2.2563018e-02
   1.8460040e-02
   2.6884026e-02
   9.9848857e-03
   4.0461433e-02
   7.3511066e-02
   6.1513382e-02
   5.9828949e-02
   6.0424560e-02
   6.5398086e-02
   5.4999279e-02
   4.8830759e-02
   5.5746993e-02
   5.4332074e-02
   6.5563858e-02
   6.1565086e-02
   6.2386285e-02
   5.8271698e-02
   6.2238820e-02
   5.4962321e-02
   6.5064713e-02
   4.0135073e-02
   9.0751842e-02
   9.7909209e-03
   1.3216146e-01
   8.9000112e-02
   1.1444743e-01
   1.1622821e-01
   1.1379834e-01
   1.0898445e-01
   1.2417598e-01
   1.3398038e-01
   1.2951751e-01
   1.2623743e-01
   1.0041705e-01
   1.1737762e-01
   1.1523184e-01
   1.1733066e-01
   1.1389481e-01
   1.2361825e-01
   1.0454531e-01
   1.5019646e-01
   4.7341277e-02
   2.3193352e-03
   1.5423557e-01
   2.6200054e-01
   1.8793371e-01
   1.7486822e-01
   2.2392239e-01
   1.8392672e-01
   1.7711588e-01
   4.6842776e-02
   1.3849290e-01
   1.4758891e-01
   2.3258123e-01
   1.4846991e-01
   1.7404101e-01
   1.8396187e-01
   1.7841309e-01
   1.7114237e-01
   1.8691587e-01
   1.7464745e-01
   1.9198367e-02
   1.4994132e-07
   7.8431936e-03
   5.4029415e-02
   4.2615993e-02
   3.1634817e-02
   1.0020948e-01
   3.8912810e-01
   1.4941991e-01
   8.0865601e-02
   3.7964406e-01
   2.0028111e-01
   2.2606479e-01
   1.8113791e-01
   3.4810281e-01
   1.2585381e-01
   3.0528948e-01
   1.7835422e-01
   7.6108768e-03
   3.8172400e-03
   3.5358301e-04
   0.0000000e+00
   0.0000000e+00
   0.0000000e+00
   0.0000000e+00
   0.0000000e+00
   2.1629448e-02
   1.2733514e-01
   4.6441572e-02
   7.8399468e-02
   3.2662097e-01
   9.4452016e-02
   9.2291238e-03
   2.4670935e-02
   6.2740558e-02
   1.1866065e-02
   1.3905710e-02
   8.4508326e-03
   1.1920329e-04
   0.0000000e+00
   0.0000000e+00
   0.0000000e+00
   0.0000000e+00
   0.0000000e+00
   0.0000000e+00
   0.0000000e+00
   1.6439780e-05
   9.6782947e-05
   3.5298601e-05
   3.4087270e-03
   1.3876091e-02
   3.5393514e-03
   8.6861990e-07
   0.0000000e+00
   0.0000000e+00
   0.0000000e+00
   0.0000000e+00
   0.0000000e+00
   0.0000000e+00
   0.0000000e+00
   0.0000000e+00
   0.0000000e+00
   0.0000000e+00
   0.0000000e+00
   0.0000000e+00
   0.0000000e+00
   0.0000000e+00
   0.0000000e+00
   0.0000000e+00
   0.0000000e+00
   0.0000000e+00
   0.0000000e+00
   0.0000000e+00
   0.0000000e+00
   0.0000000e+00
   0.0000000e+00
   0.0000000e+00
   0.0000000e+00
   0.0000000e+00
   0.0000000e+00
   0.0000000e+00
   0.0000000e+00
   0.0000000e+00
   0.0000000e+00
   0.0000000e+00
   0.0000000e+00
   0.0000000e+00
   0.0000000e+00
   0.0000000e+00
   0.0000000e+00
   0.0000000e+00
   0.0000000e+00
   0.0000000e+00
   0.0000000e+00
   0.0000000e+00
   0.0000000e+00
   0.0000000e+00
   0.0000000e+00
   0.0000000e+00
   0.0000000e+00
   0.0000000e+00
   0.0000000e+00
   0.0000000e+00
   0.0000000e+00
   0.0000000e+00
   0.0000000e+00
   0.0000000e+00
   0.0000000e+00
   0.0000000e+00
   0.0000000e+00
   0.0000000e+00
   0.0000000e+00
   0.0000000e+00
   0.0000000e+00
   0.0000000e+00
   0.0000000e+00
   0.0000000e+00
   0.0000000e+00
   0.0000000e+00
   0.0000000e+00
   0.0000000e+00
   0.0000000e+00
   0.0000000e+00
   0.0000000e+00
   0.0000000e+00
   0.0000000e+00
   0.0000000e+00
   0.0000000e+00
   0.0000000e+00
   0.0000000e+00
   0.0000000e+00
   0.0000000e+00
   0.0000000e+00
   0.0000000e+00
   0.0000000e+00
   0.0000000e+00
   0.0000000e+00
   0.0000000e+00
   0.0000000e+00
   0.0000000e+00
   0.0000000e+00
   0.0000000e+00
   0.0000000e+00
   0.0000000e+00
   0.0000000e+00
   0.0000000e+00
   0.0000000e+00
   0.0000000e+00
   0.0000000e+00
   0.0000000e+00
   0.0000000e+00
   0.0000000e+00
   0.0000000e+00
   0.0000000e+00
   0.0000000e+00
   0.0000000e+00
   0.0000000e+00
   0.0000000e+00
   0.0000000e+00
   0.0000000e+00
   0.0000000e+00
   0.0000000e+00
   0.0000000e+00
   0.0000000e+00
   0.0000000e+00
   0.0000000e+00
   0.0000000e+00
   0.0000000e+00
   0.0000000e+00
   0.0000000e+00
   0.0000000e+00
   0.0000000e+00
   0.0000000e+00
   0.0000000e+00
   0.0000000e+00
   0.0000000e+00
   0.0000000e+00
   0.0000000e+00
   0.0000000e+00
   0.0000000e+00
   0.0000000e+00
   0.0000000e+00
   0.0000000e+00
   0.0000000e+00
   0.0000000e+00
   0.0000000e+00
   0.0000000e+00
   0.0000000e+00
   0.0000000e+00
   0.0000000e+00
   0.0000000e+00
   0.0000000e+00
   0.0000000e+00
   0.0000000e+00
   0.0000000e+00
   0.0000000e+00
   0.0000000e+00
   0.0000000e+00
   0.0000000e+00
   0.0000000e+00
   0.0000000e+00
   0.0000000e+00
   0.0000000e+00
   0.0000000e+00
   0.0000000e+00
   0.0000000e+00
   0.0000000e+00
   0.0000000e+00
   0.0000000e+00
   0.0000000e+00
   0.0000000e+00
   0.0000000e+00
   0.0000000e+00
   0.0000000e+00
   0.0000000e+00
   0.0000000e+00
   0.0000000e+00
   0.0000000e+00
   0.0000000e+00
   0.0000000e+00
   0.0000000e+00
   0.0000000e+00
   0.0000000e+00
   0.0000000e+00
   0.0000000e+00
   0.0000000e+00
   0.0000000e+00
   0.0000000e+00
   0.0000000e+00
   0.0000000e+00
   0.0000000e+00
   0.0000000e+00
   0.0000000e+00
   0.0000000e+00
   0.0000000e+00
   0.0000000e+00
   0.0000000e+00
   0.0000000e+00
   0.0000000e+00
   0.0000000e+00
   0.0000000e+00
   0.0000000e+00
   0.0000000e+00
   0.0000000e+00
   0.0000000e+00
   0.0000000e+00
   0.0000000e+00
   0.0000000e+00
   0.0000000e+00
   0.0000000e+00
   0.0000000e+00
   0.0000000e+00
   0.0000000e+00
   0.0000000e+00
   0.0000000e+00
   0.0000000e+00
   0.0000000e+00
   0.0000000e+00
   0.0000000e+00
   0.0000000e+00
   0.0000000e+00
   0.0000000e+00
   0.0000000e+00
   0.0000000e+00
   0.0000000e+00
   0.0000000e+00
   0.0000000e+00
   0.0000000e+00
   0.0000000e+00
   0.0000000e+00
   0.0000000e+00
   0.0000000e+00
   0.0000000e+00
   0.0000000e+00
   0.0000000e+00
   0.0000000e+00
   0.0000000e+00
   0.0000000e+00
   0.0000000e+00
   0.0000000e+00
   0.0000000e+00
   0.0000000e+00
   0.0000000e+00
   0.0000000e+00
   0.0000000e+00
   0.0000000e+00
   0.0000000e+00
   0.0000000e+00
   0.0000000e+00
   0.0000000e+00
   0.0000000e+00
   0.0000000e+00
   0.0000000e+00
   0.0000000e+00
   0.0000000e+00
   0.0000000e+00
   0.0000000e+00
   0.0000000e+00
   0.0000000e+00
   0.0000000e+00
   0.0000000e+00
   0.0000000e+00
