  -1.0563542e-04
   2.6569041e-02
   4.6482691e-03
  -4.4841278e-03
   1.4207296e-03
   3.0939043e-03
   2.4247143e-04
  -1.0297712e-03
   2.7813042e-03
  -8.4542976e-03
  -5.0748045e-03
   2.3314708e-03
   2.3724891e-03
  -1.1271604e-03
   2.4337256e-03
  -3.5894681e-03
  -5.7030476e-03
   1.2509910e-04
   4.9668729e-04
   2.6325477e-04
   5.9853660e-03
   9.9146805e-03
   7.5515232e-03
   2.2314026e-02
   2.2883433e-02
   1.0534906e-02
   2.2051998e-02
   1.7999531e-02
   2.0061672e-02
   2.4596608e-02
   2.4142008e-02
   1.7891274e-02
   1.5554736e-02
   2.1563214e-02
   1.6344437e-02
   2.4122633e-02
   2.2597853e-02
   1.7657465e-02
   2.1805493e-02
   1.1863534e-02
   3.3673173e-02
   9.2496264e-02
   5.9123203e-02
   6.1678530e-02
   5.2034049e-02
   7.3862086e-02
   5.4273284e-02
   6.2939184e-02
   5.4590175e-02
   5.7531809e-02
   5.0668915e-02
   6.2249876e-02
   6.2651573e-02
   5.6200096e-02
   6.3258617e-02
   5.1857464e-02
   5.8562633e-02
   5.2171093e-02
   7.5625867e-02
   3.6100086e-03
   5.5649034e-02
   7.9422801e-02
   1.1871182e-01
   1.1373574e-01
   1.2500308e-01
   9.6764901e-02
   1.2526193e-01
   1.1045122e-01
   1.2643073e-01
   1.1651405e-01
   1.3041757e-01
   1.1318887e-01
   1.1232329e-01
   1.2155010e-01
   1.1165261e-01
   1.2676914e-01
   1.1383489e-01
   1.5229455e-01
   3.9220110e-02
   4.7115959e-04
   2.1951950e-01
   2.2340414e-01
   1.9547123e-01
   1.7928193e-01
   1.6728152e-01
   2.2889422e-01
   1.5684219e-01
   1.9599432e-01
   1.5161732e-01
   1.8590796e-01
   1.3301867e-01
   1.8583436e-01
   1.9443501e-01
   1.6659169e-01
   1.8580300e-01
   1.6110623e-01
   1.7527650e-01
   1.9191531e-01
   3.0387874e-02
   9.2155300e-10
   5.0890704e-02
   8.1214904e-02
   2.4015361e-01
   2.6919512e-01
   6.1835229e-02
   1.0798912e-01
   5.6383472e-02
   1.2372961e-01
   3.1591509e-01
   2.0714218e-01
   3.5886028e-01
   1.8594959e-01
   1.8760394e-01
   2.9291401e-01
   2.4473827e-01
   8.6696945e-03
   7.4695693e-03
   8.0124793e-03
   6.3432046e-04
   0.0000000e+00
   1.9948073e-01
   7.5653952e-02
   1.6543958e-02
   1.1149883e-02
   4.9284033e-04
   1.6136128e-08
   0.0000000e+00
   2.5071569e-02
   1.1895276e-01
   1.3947264e-01
   1.2402875e-01
   1.1388299e-01
   4.3770182e-01
   1.5500291e-01
   4.4496716e-02
   5.6098022e-04
   0.0000000e+00
   0.0000000e+00
   0.0000000e+00
   0.0000000e+00
   5.5711478e-01
   2.0793674e-01
   1.2041225e-02
   1.5019845e-04
   0.0000000e+00
   0.0000000e+00
   0.0000000e+00
   0.0000000e+00
   9.6563953e-08
   2.2973166e-06
   2.3405488e-06
   9.3384640e-03
   4.6349189e-02
   1.4220613e-02
  -4.1302825e-06
   0.0000000e+00
   0.0000000e+00
   0.0000000e+00
   0.0000000e+00
   0.0000000e+00
   1.1161220e-01
   4.5519457e-02
   2.9722550e-03
   4.3514679e-05
   0.0000000e+00
   0.0000000e+00
   0.0000000e+00
   0.0000000e+00
   0.0000000e+00
   0.0000000e+00
   0.0000000e+00
   0.0000000e+00
   0.0000000e+00
   0.0000000e+00
   0.0000000e+00
   0.0000000e+00
   0.0000000e+00
   0.0000000e+00
   0.0000000e+00
   0.0000000e+00
   5.5418333e-01
   3.4849715e-01
   3.2517978e-02
   6.4185340e-04
   0.0000000e+00
   0.0000000e+00
   0.0000000e+00
   0.0000000e+00
   0.0000000e+00
   0.0000000e+00
   0.0000000e+00
   0.0000000e+00
   0.0000000e+00
   0.0000000e+00
   0.0000000e+00
   0.0000000e+00
   0.0000000e+00
   0.0000000e+00
   0.0000000e+00
   0.0000000e+00
   7.0132023e-01
   4.4102391e-01
   4.1151573e-02
   8.1226691e-04
   0.0000000e+00
   0.0000000e+00
   0.0000000e+00
   0.0000000e+00
   0.0000000e+00
   0.0000000e+00
   0.0000000e+00
   0.0000000e+00
   0.0000000e+00
   0.0000000e+00
   0.0000000e+00
   0.0000000e+00
   0.0000000e+00
   0.0000000e+00
   0.0000000e+00
   0.0000000e+00
   4.5046739e-02
   2.8327558e-02
   2.6432207e-03
   5.2172993e-05
   0.0000000e+00
   0.0000000e+00
   0.0000000e+00
   0.0000000e+00
   0.0000000e+00
   0.0000000e+00
   0.0000000e+00
   0.0000000e+00
   0.0000000e+00
   0.0000000e+00
   0.0000000e+00
   0.0000000e+00
   0.0000000e+00
   0.0000000e+00
   0.0000000e+00
   0.0000000e+00
   0.0000000e+00
   0.0000000e+00
   0.0000000e+00
   0.0000000e+00
   0.0000000e+00
   0.0000000e+00
   0.0000000e+00
   0.0000000e+00
   0.0000000e+00
   0.0000000e+00
   0.0000000e+00
   0.0000000e+00
   0.0000000e+00
   0.0000000e+00
   0.0000000e+00
   0.0000000e+00
   0.0000000e+00
   0.0000000e+00
   0.0000000e+00
   0.0000000e+00
   0.0000000e+00
   0.0000000e+00
   0.0000000e+00
   0.0000000e+00
   0.0000000e+00
   0.0000000e+00
   0.0000000e+00
   0.0000000e+00
   0.0000000e+00
   0.0000000e+00
   0.0000000e+00
   0.0000000e+00
   0.0000000e+00
   0.0000000e+00
   0.0000000e+00
   0.0000000e+00
   0.0000000e+00
   0.0000000e+00
   0.0000000e+00
   0.0000000e+00
   0.0000000e+00
   0.0000000e+00
   0.0000000e+00
   0.0000000e+00
   0.0000000e+00
   0.0000000e+00
   0.0000000e+00
   0.0000000e+00
   0.0000000e+00
   0.0000000e+00
   0.0000000e+00
   0.0000000e+00
   0.0000000e+00
   0.0000000e+00
   0.0000000e+00
   0.0000000e+00
   0.0000000e+00
   0.0000000e+00
   0.0000000e+00
   0.0000000e+00
   0.0000000e+00
   0.0000000e+00
   0.0000000e+00
   0.0000000e+00
   0.0000000e+00
   0.0000000e+00
   0.0000000e+00
   0.0000000e+00
   0.0000000e+00
   0.0000000e+00
   0.0000000e+00
   0.0000000e+00
   0.0000000e+00
   0.0000000e+00
   0.0000000e+00
   0.0000000e+00
   0.0000000e+00
   0.0000000e+00
   0.0000000e+00
   0.0000000e+00
   0.0000000e+00
   0.0000000e+00
   0.0000000e+00
   0.0000000e+00
   0.0000000e+00
   0.0000000e+00
   0.0000000e+00
   0.0000000e+00
   0.0000000e+00
   0.0000000e+00
   0.0000000e+00
   0.0000000e+00
   0.0000000e+00
   0.0000000e+00
   0.0000000e+00
   0.0000000e+00
   0.0000000e+00
   0.0000000e+00
   0.0000000e+00
   0.0000000e+00
   0.0000000e+00
   0.0000000e+00
   0.0000000e+00
   0.0000000e+00
   0.0000000e+00
   0.0000000e+00
   0.0000000e+00
   0.0000000e+00
   0.0000000e+00
   0.0000000e+00
   0.0000000e+00
   0.0000000e+00
   0.0000000e+00
   0.0000000e+00
   0.0000000e+00
   0.0000000e+00
   0.0000000e+00
   0.0000000e+00
   0.0000000e+00
   0.0000000e+00
   0.0000000e+00
   0.0000000e+00
   0.0000000e+00
   0.0000000e+00
   0.0000000e+00
   0.0000000e+00
   0.0000000e+00
   0.0000000e+00
   0.0000000e+00
   0.0000000e+00
   0.0000000e+00
   0.0000000e+00
   0.0000000e+00
   0.0000000e+00
   0.0000000e+00
   0.0000000e+00
   0.0000000e+00
   0.0000000e+00
   0.0000000e+00
   0.0000000e+00
   0.0000000e+00
   0.0000000e+00
   0.0000000e+00
   0.0000000e+00
   0.0000000e+00
   0.0000000e+00
   0.0000000e+00
   0.0000000e+00
   0.0000000e+00
   0.0000000e+00
   0.0000000e+00
   0.0000000e+00
   0.0000000e+00
   0.0000000e+00
   0.0000000e+00
   0.0000000e+00
   0.0000000e+00
   0.0000000e+00
   0.0000000e+00
   0.0000000e+00
