  -1.9795785e-02
  -2.1447059e-02
  -9.7074113e-03
   3.4970127e-03
  -2.3496248e-04
  -1.2911120e-02
   2.2741519e-03
  -1.6377727e-03
  -3.2743399e-03
   3.3853948e-03
  -1.4985298e-03
   1.8579585e-03
  -7.0871472e-04
  -6.1349158e-03
   2.1083495e-03
   1.3965457e-03
  -6.2532509e-03
  -3.8551546e-04
   9.7054272e-03
   7.6470537e-03
   3.7926218e-02
   3.8400322e-02
   3.5043776e-02
   1.1147214e-02
   2.5819734e-02
   2.4911403e-02
   2.1149929e-02
   1.6060305e-02
   2.6524315e-02
   1.8633125e-02
   1.7716482e-02
   1.8906050e-02
   2.0226879e-02
   2.5410206e-02
   1.8536767e-02
   1.7300563e-02
   2.7217623e-02
   1.3069556e-02
   2.4038902e-02
   2.6670087e-02
   4.2149227e-02
   2.5816479e-02
   3.9620490e-02
   7.0888261e-02
   4.8965836e-02
   5.4413283e-02
   5.7175527e-02
   6.1461775e-02
   4.9427822e-02
   5.9366827e-02
   6.1327446e-02
   5.9509798e-02
   5.7902442e-02
   4.9659812e-02
   5.7464480e-02
   5.9161752e-02
   5.7553490e-02
   4.6034264e-02
   7.0275487e-02
   8.7662659e-03
   1.4277632e-02
   1.5584226e-01
   1.5079144e-01
   9.8784122e-02
   1.3468052e-01
   1.2296820e-01
   1.1836394e-01
   1.1900289e-01
   1.2416473e-01
   1.1891414e-01
   1.1232578e-01
   1.1802372e-01
   1.1801578e-01
   1.2690892e-01
   1.2991816e-01
   1.1399678e-01
   1.2225057e-01
   1.3598759e-01
   1.1984710e-01
   8.1718279e-04
   3.5213155e-03
   7.6242081e-02
   9.8134657e-02
   2.1764841e-01
   1.5832709e-01
   1.3027129e-01
   2.0266311e-01
   1.1639506e-01
   1.9448004e-01
   1.4386359e-01
   2.2599936e-01
   1.6103894e-01
   1.8081774e-01
   1.6268750e-01
   4.0745395e-02
   1.9722746e-01
   1.6240181e-01
   1.6443365e-02
   8.6309661e-03
   3.8025425e-05
   1.0601036e-02
   2.9917343e-01
   3.1520927e-01
   2.6989127e-01
   1.4091289e-01
   2.7761208e-02
   2.6617378e-01
   3.3173299e-01
   2.8475620e-01
   1.8897766e-01
   2.1061501e-01
   2.8879027e-01
   2.1697963e-01
   3.2407985e-01
   2.4611784e-01
   3.0063897e-01
   2.2709897e-01
   5.4981946e-03
   0.0000000e+00
   0.0000000e+00
   9.0297925e-03
   2.5483274e-01
   2.5230835e-01
   4.3138050e-02
   3.0843174e-03
   1.2804137e-03
   6.1419196e-02
   1.2252598e-01
   3.2050171e-01
   2.3348402e-01
   1.4458152e-02
   2.4990772e-02
   2.9766629e-02
   2.5658716e-01
   2.5599384e-01
   3.2277537e-01
   2.3597013e-01
   5.6784138e-03
   0.0000000e+00
   0.0000000e+00
   2.8858195e-04
   8.1441659e-03
   8.0507582e-03
   1.2279009e-03
   0.0000000e+00
   9.5313549e-07
   7.2420932e-05
   2.7445607e-04
   2.2526689e-03
   1.7048479e-03
   4.2701634e-05
   0.0000000e+00
   3.8810212e-04
   8.3270383e-03
   9.0674769e-03
   1.5512334e-02
   1.1354539e-02
   2.7323700e-04
   0.0000000e+00
   0.0000000e+00
   0.0000000e+00
   0.0000000e+00
   0.0000000e+00
   0.0000000e+00
   0.0000000e+00
   0.0000000e+00
   0.0000000e+00
   0.0000000e+00
   0.0000000e+00
   0.0000000e+00
   0.0000000e+00
   0.0000000e+00
   0.0000000e+00
   0.0000000e+00
   0.0000000e+00
   0.0000000e+00
   0.0000000e+00
   0.0000000e+00
   0.0000000e+00
   0.0000000e+00
   0.0000000e+00
   0.0000000e+00
   0.0000000e+00
   0.0000000e+00
   0.0000000e+00
   0.0000000e+00
   0.0000000e+00
   0.0000000e+00
   0.0000000e+00
   0.0000000e+00
   0.0000000e+00
   0.0000000e+00
   0.0000000e+00
   0.0000000e+00
   0.0000000e+00
   0.0000000e+00
   0.0000000e+00
   0.0000000e+00
   0.0000000e+00
   0.0000000e+00
   0.0000000e+00
   0.0000000e+00
   0.0000000e+00
   0.0000000e+00
   0.0000000e+00
   0.0000000e+00
   0.0000000e+00
   0.0000000e+00
   0.0000000e+00
   0.0000000e+00
   0.0000000e+00
   0.0000000e+00
   0.0000000e+00
   0.0000000e+00
   0.0000000e+00
   0.0000000e+00
   0.0000000e+00
   0.0000000e+00
   0.0000000e+00
   0.0000000e+00
   0.0000000e+00
   0.0000000e+00
   0.0000000e+00
   0.0000000e+00
   0.0000000e+00
   0.0000000e+00
   0.0000000e+00
   0.0000000e+00
   0.0000000e+00
   0.0000000e+00
   0.0000000e+00
   0.0000000e+00
   0.0000000e+00
   0.0000000e+00
   0.0000000e+00
   0.0000000e+00
   0.0000000e+00
   0.0000000e+00
   0.0000000e+00
   0.0000000e+00
   0.0000000e+00
   0.0000000e+00
   0.0000000e+00
   0.0000000e+00
   0.0000000e+00
   0.0000000e+00
   0.0000000e+00
   0.0000000e+00
   0.0000000e+00
   0.0000000e+00
   0.0000000e+00
   0.0000000e+00
   0.0000000e+00
   0.0000000e+00
   0.0000000e+00
   0.0000000e+00
   0.0000000e+00
   0.0000000e+00
   0.0000000e+00
   0.0000000e+00
   0.0000000e+00
   0.0000000e+00
   0.0000000e+00
   0.0000000e+00
   0.0000000e+00
   0.0000000e+00
   0.0000000e+00
   0.0000000e+00
   0.0000000e+00
   0.0000000e+00
   0.0000000e+00
   0.0000000e+00
   0.0000000e+00
   0.0000000e+00
   0.0000000e+00
   0.0000000e+00
   0.0000000e+00
   0.0000000e+00
   0.0000000e+00
   0.0000000e+00
   0.0000000e+00
   0.0000000e+00
   0.0000000e+00
   0.0000000e+00
   0.0000000e+00
   0.0000000e+00
   0.0000000e+00
   0.0000000e+00
   0.0000000e+00
   0.0000000e+00
   0.0000000e+00
   0.0000000e+00
   0.0000000e+00
   0.0000000e+00
   0.0000000e+00
   0.0000000e+00
   0.0000000e+00
   0.0000000e+00
   0.0000000e+00
   0.0000000e+00
   0.0000000e+00
   0.0000000e+00
   0.0000000e+00
   0.0000000e+00
   0.0000000e+00
   0.0000000e+00
   0.0000000e+00
   0.0000000e+00
   0.0000000e+00
   0.0000000e+00
   0.0000000e+00
   0.0000000e+00
   0.0000000e+00
   0.0000000e+00
   0.0000000e+00
   0.0000000e+00
   0.0000000e+00
   0.0000000e+00
   0.0000000e+00
   0.0000000e+00
   0.0000000e+00
   0.0000000e+00
   0.0000000e+00
   0.0000000e+00
   0.0000000e+00
   0.0000000e+00
   0.0000000e+00
   0.0000000e+00
   0.0000000e+00
   0.0000000e+00
   0.0000000e+00
   0.0000000e+00
   0.0000000e+00
   0.0000000e+00
   0.0000000e+00
   0.0000000e+00
   0.0000000e+00
   0.0000000e+00
   0.0000000e+00
   0.0000000e+00
   0.0000000e+00
   0.0000000e+00
   0.0000000e+00
   0.0000000e+00
   0.0000000e+00
   0.0000000e+00
   0.0000000e+00
   0.0000000e+00
   0.0000000e+00
   0.0000000e+00
   0.0000000e+00
   0.0000000e+00
   0.0000000e+00
   0.0000000e+00
   0.0000000e+00
   0.0000000e+00
   0.0000000e+00
   0.0000000e+00
   0.0000000e+00
   0.0000000e+00
   0.0000000e+00
   0.0000000e+00
   0.0000000e+00
   0.0000000e+00
   0.0000000e+00
   0.0000000e+00
   0.0000000e+00
   0.0000000e+00
   0.0000000e+00
   0.0000000e+00
   0.0000000e+00
   0.0000000e+00
   0.0000000e+00
   0.0000000e+00
   0.0000000e+00
   0.0000000e+00
   0.0000000e+00
   0.0000000e+00
   0.0000000e+00
   0.0000000e+00
   0.0000000e+00
   0.0000000e+00
   0.0000000e+00
   0.0000000e+00
   0.0000000e+00
   0.0000000e+00
   0.0000000e+00
   0.0000000e+00
   0.0000000e+00
   0.0000000e+00
   0.0000000e+00
   0.0000000e+00
   0.0000000e+00
   0.0000000e+00
   0.0000000e+00
   0.0000000e+00
   0.0000000e+00
   0.0000000e+00
   0.0000000e+00
   0.0000000e+00
