   1.0292797e-03
   2.0004153e-03
  -2.5762860e-03
   2.6382222e-03
  -1.0241212e-03
   2.5814515e-03
  -3.9851914e-03
   6.9622164e-04
  -1.7581180e-03
  -2.6632504e-04
  -4.2539361e-04
   6.3623750e-05
   3.5044279e-03
  -1.4732820e-03
   1.3984434e-03
  -2.0694909e-03
  -7.3035766e-03
   2.2910448e-03
   1.4318484e-04
  -7.0066738e-06
   1.3151841e-02
   1.7310920e-02
   1.9149937e-02
   1.9211726e-02
   1.6005658e-02
   1.7118248e-02
   2.3393821e-02
   2.2850833e-02
   2.0925392e-02
   1.9384576e-02
   2.2485400e-02
   1.5841718e-02
   2.1213445e-02
   1.8732898e-02
   1.7895205e-02
   1.9689292e-02
   2.9314725e-02
   2.1592346e-02
  -1.3961151e-02
  -1.0409067e-03
   6.9506257e-02
   6.2178687e-02
   6.3352454e-02
   5.7292911e-02
   6.6083967e-02
   6.4833879e-02
   4.9526921e-02
   5.5498237e-02
   5.4269812e-02
   5.9399881e-02
   5.3418857e-02
   6.6406318e-02
   5.5467320e-02
   6.0101739e-02
   6.6309876e-02
   6.0764985e-02
   3.8478882e-02
   6.6101428e-02
   8.2409748e-02
  -1.0519554e-03
   1.0441297e-01
   1.1182827e-01
   1.0456892e-01
   1.2107804e-01
   1.0418087e-01
   1.0686379e-01
   1.4421365e-01
   1.1887200e-01
   1.3323537e-01
   1.1940787e-01
   1.2441118e-01
   1.0744850e-01
   1.2063093e-01
   1.2034788e-01
   8.1185109e-02
   1.2075144e-01
   1.5181745e-01
   1.0214129e-01
   1.1589755e-01
   1.7773242e-04
   1.1887656e-01
   2.5725822e-01
   2.1879217e-01
   1.5490087e-01
   2.3809980e-01
   2.6260578e-01
   1.4174007e-01
   7.6197520e-02
   1.9433350e-01
   1.5497551e-01
   1.8719156e-01
   1.8422929e-01
   1.9482063e-01
   1.7012125e-01
   2.2058305e-01
   4.8827984e-02
   7.9749473e-02
   1.1808485e-02
   4.7679482e-03
   1.7601462e-05
   2.3666839e-02
   7.8369901e-02
   2.3816558e-01
   2.2388178e-01
   1.4469586e-01
   2.2343833e-01
   8.8379955e-02
   1.5779299e-02
   2.5681498e-01
   2.3456603e-01
   2.3074692e-01
   2.7054627e-01
   1.1820601e-01
   2.7046253e-01
   1.3774568e-01
   1.2792604e-03
   0.0000000e+00
   0.0000000e+00
   0.0000000e+00
   0.0000000e+00
   0.0000000e+00
   1.1551600e-03
   7.9375245e-03
   5.6669679e-03
   1.7025110e-03
   6.0095963e-03
   2.5854070e-03
   8.8513038e-04
   6.6116698e-02
   4.4610495e-01
   2.2565928e-01
   2.3079674e-02
   2.8025105e-03
   1.7466957e-03
   9.0904106e-04
   8.0378998e-06
   0.0000000e+00
   0.0000000e+00
   0.0000000e+00
   0.0000000e+00
   0.0000000e+00
   0.0000000e+00
   0.0000000e+00
   0.0000000e+00
   0.0000000e+00
   0.0000000e+00
   0.0000000e+00
   0.0000000e+00
   1.0886474e-02
   8.7603763e-02
   4.2245909e-02
   2.7219978e-04
   0.0000000e+00
   0.0000000e+00
   0.0000000e+00
   0.0000000e+00
   0.0000000e+00
   0.0000000e+00
   0.0000000e+00
   0.0000000e+00
   0.0000000e+00
   0.0000000e+00
   0.0000000e+00
   0.0000000e+00
   0.0000000e+00
   0.0000000e+00
   0.0000000e+00
   0.0000000e+00
   0.0000000e+00
   0.0000000e+00
   0.0000000e+00
   0.0000000e+00
   0.0000000e+00
   0.0000000e+00
   0.0000000e+00
   0.0000000e+00
   0.0000000e+00
   0.0000000e+00
   0.0000000e+00
   0.0000000e+00
   0.0000000e+00
   0.0000000e+00
   0.0000000e+00
   0.0000000e+00
   0.0000000e+00
   0.0000000e+00
   0.0000000e+00
   0.0000000e+00
   0.0000000e+00
   0.0000000e+00
   0.0000000e+00
   0.0000000e+00
   0.0000000e+00
   0.0000000e+00
   0.0000000e+00
   0.0000000e+00
   0.0000000e+00
   0.0000000e+00
   0.0000000e+00
   0.0000000e+00
   0.0000000e+00
   0.0000000e+00
   0.0000000e+00
   0.0000000e+00
   0.0000000e+00
   0.0000000e+00
   0.0000000e+00
   0.0000000e+00
   0.0000000e+00
   0.0000000e+00
   0.0000000e+00
   0.0000000e+00
   0.0000000e+00
   0.0000000e+00
   0.0000000e+00
   0.0000000e+00
   0.0000000e+00
   0.0000000e+00
   0.0000000e+00
   0.0000000e+00
   0.0000000e+00
   0.0000000e+00
   0.0000000e+00
   0.0000000e+00
   0.0000000e+00
   0.0000000e+00
   0.0000000e+00
   0.0000000e+00
   0.0000000e+00
   0.0000000e+00
   0.0000000e+00
   0.0000000e+00
   0.0000000e+00
   0.0000000e+00
   0.0000000e+00
   0.0000000e+00
   0.0000000e+00
   0.0000000e+00
   0.0000000e+00
   0.0000000e+00
   0.0000000e+00
   0.0000000e+00
   0.0000000e+00
   0.0000000e+00
   0.0000000e+00
   0.0000000e+00
   0.0000000e+00
   0.0000000e+00
   0.0000000e+00
   0.0000000e+00
   0.0000000e+00
   0.0000000e+00
   0.0000000e+00
   0.0000000e+00
   0.0000000e+00
   0.0000000e+00
   0.0000000e+00
   0.0000000e+00
   0.0000000e+00
   0.0000000e+00
   0.0000000e+00
   0.0000000e+00
   0.0000000e+00
   0.0000000e+00
   0.0000000e+00
   0.0000000e+00
   0.0000000e+00
   0.0000000e+00
   0.0000000e+00
   0.0000000e+00
   0.0000000e+00
   0.0000000e+00
   0.0000000e+00
   0.0000000e+00
   0.0000000e+00
   0.0000000e+00
   0.0000000e+00
   0.0000000e+00
   0.0000000e+00
   0.0000000e+00
   0.0000000e+00
   0.0000000e+00
   0.0000000e+00
   0.0000000e+00
   0.0000000e+00
   0.0000000e+00
   0.0000000e+00
   0.0000000e+00
   0.0000000e+00
   0.0000000e+00
   0.0000000e+00
   0.0000000e+00
   0.0000000e+00
   0.0000000e+00
   0.0000000e+00
   0.0000000e+00
   0.0000000e+00
   0.0000000e+00
   0.0000000e+00
   0.0000000e+00
   0.0000000e+00
   0.0000000e+00
   0.0000000e+00
   0.0000000e+00
   0.0000000e+00
   0.0000000e+00
   0.0000000e+00
   0.0000000e+00
   0.0000000e+00
   0.0000000e+00
   0.0000000e+00
   0.0000000e+00
   0.0000000e+00
   0.0000000e+00
   0.0000000e+00
   0.0000000e+00
   0.0000000e+00
   0.0000000e+00
   0.0000000e+00
   0.0000000e+00
   0.0000000e+00
   0.0000000e+00
   0.0000000e+00
   0.0000000e+00
   0.0000000e+00
   0.0000000e+00
   0.0000000e+00
   0.0000000e+00
   0.0000000e+00
   0.0000000e+00
   0.0000000e+00
   0.0000000e+00
   0.0000000e+00
   0.0000000e+00
   0.0000000e+00
   0.0000000e+00
   0.0000000e+00
   0.0000000e+00
   0.0000000e+00
   0.0000000e+00
   0.0000000e+00
   0.0000000e+00
   0.0000000e+00
   0.0000000e+00
   0.0000000e+00
   0.0000000e+00
   0.0000000e+00
   0.0000000e+00
   0.0000000e+00
   0.0000000e+00
   0.0000000e+00
   0.0000000e+00
   0.0000000e+00
   0.0000000e+00
   0.0000000e+00
   0.0000000e+00
   0.0000000e+00
   0.0000000e+00
   0.0000000e+00
   0.0000000e+00
   0.0000000e+00
   0.0000000e+00
   0.0000000e+00
   0.0000000e+00
   0.0000000e+00
   0.0000000e+00
   0.0000000e+00
   0.0000000e+00
   0.0000000e+00
   0.0000000e+00
   0.0000000e+00
   0.0000000e+00
   0.0000000e+00
   0.0000000e+00
   0.0000000e+00
   0.0000000e+00
   0.0000000e+00
   0.0000000e+00
   0.0000000e+00
   0.0000000e+00
   0.0000000e+00
   0.0000000e+00
   0.0000000e+00
   0.0000000e+00
   0.0000000e+00
   0.0000000e+00
   0.0000000e+00
   0.0000000e+00
   0.0000000e+00
   0.0000000e+00
   0.0000000e+00
   0.0000000e+00
   0.0000000e+00
   0.0000000e+00
   0.0000000e+00
   0.0000000e+00
   0.0000000e+00
   0.0000000e+00
   0.0000000e+00
   0.0000000e+00
