  -8.3662529e-06
  -3.4876958e-03
  -3.6890426e-03
   1.1787312e-02
   1.1335361e-02
  -3.8697878e-03
   2.5808863e-03
  -3.7524100e-03
   1.3633127e-02
  -6.2812340e-03
   1.1904903e-03
  -1.2248997e-03
   2.1671269e-04
   9.6948315e-04
  -4.9998480e-03
   7.4274844e-03
  -6.8469901e-03
   1.6195815e-02
  -1.0884176e-02
   8.1349473e-03
   1.0488924e-02
   9.6700880e-03
   3.0135259e-02
   8.2503087e-03
   1.7115001e-02
   2.1522954e-02
   1.8269178e-02
   1.8156149e-02
   1.4870098e-02
   4.2392579e-03
   2.8743576e-02
   1.9698182e-02
   1.9547617e-02
   1.6747528e-02
   3.1211666e-02
   7.7007906e-03
   2.5460463e-02
   7.3035818e-03
   2.8026713e-02
   1.6485739e-02
   3.4891910e-02
   8.2983450e-02
   3.8733931e-02
   7.5490695e-02
   6.0307153e-02
   5.5341114e-02
   6.2095311e-02
   5.8646259e-02
   6.1920239e-02
   7.0495232e-02
   5.0493626e-02
   5.9443570e-02
   6.0005578e-02
   6.2112678e-02
   4.7956782e-02
   7.0180957e-02
   5.6426731e-02
   6.2633677e-02
   6.2421189e-02
   4.3013455e-03
   1.0912342e-01
   9.6219915e-02
   1.3810192e-01
   1.0003739e-01
   1.1219707e-01
   1.2642870e-01
   1.0970342e-01
   1.2134181e-01
   1.1098469e-01
   1.0731746e-01
   1.2804768e-01
   1.1460555e-01
   1.1642644e-01
   1.1245296e-01
   1.3218035e-01
   1.0207220e-01
   1.1597994e-01
   1.3291274e-01
   9.0785209e-02
   6.0278540e-04
   1.7819711e-01
   2.3590158e-01
   1.1937555e-01
   2.2379991e-01
   1.8672649e-01
   1.5932036e-01
   2.0426143e-01
   1.6132450e-01
   2.0395404e-01
   2.0559635e-01
   1.3811160e-01
   1.9483470e-01
   1.7428591e-01
   1.9649546e-01
   1.3303073e-01
   2.3150996e-01
   1.5994958e-01
   8.4200199e-03
   2.4262107e-03
   1.2933570e-05
   1.6272249e-02
   2.6411398e-02
   1.4220977e-02
   1.9899699e-01
   2.0140780e-01
   1.8978885e-02
   5.6761497e-02
   2.9466778e-01
   1.8086315e-01
   1.7874000e-01
   3.2684008e-01
   2.1989108e-01
   1.5587585e-01
   2.6413060e-01
   2.1539177e-01
   2.8700178e-01
   8.1526071e-02
   1.5827689e-03
   0.0000000e+00
   0.0000000e+00
   0.0000000e+00
   0.0000000e+00
   1.3344996e-04
   1.2170701e-02
   2.5369308e-02
   3.3779926e-03
   1.3987206e-03
   1.0488744e-02
   5.0762459e-03
   1.2202562e-02
   4.8973371e-02
   2.1626620e-02
   9.8959161e-03
   3.2428388e-01
   4.2950325e-01
   6.2741224e-02
   5.4771688e-03
   9.2316154e-07
   0.0000000e+00
   0.0000000e+00
   0.0000000e+00
   0.0000000e+00
   8.6895725e-04
   2.2444179e-01
   5.2212238e-01
   7.4080666e-02
   0.0000000e+00
   0.0000000e+00
   0.0000000e+00
   0.0000000e+00
   0.0000000e+00
   0.0000000e+00
   2.6154870e-03
   9.8846737e-02
   1.2679160e-01
   8.3132895e-03
   0.0000000e+00
   0.0000000e+00
   0.0000000e+00
   0.0000000e+00
   0.0000000e+00
   0.0000000e+00
   8.6073164e-04
   2.2231721e-01
   5.1717994e-01
   7.3379413e-02
   0.0000000e+00
   0.0000000e+00
   0.0000000e+00
   0.0000000e+00
   0.0000000e+00
   0.0000000e+00
   6.4812284e-07
   2.4494417e-05
   3.1419210e-05
   2.0600496e-06
   0.0000000e+00
   0.0000000e+00
   0.0000000e+00
   0.0000000e+00
   0.0000000e+00
   0.0000000e+00
   3.6785607e-05
   9.5013044e-03
   2.2103031e-02
   3.1360602e-03
   0.0000000e+00
   0.0000000e+00
   0.0000000e+00
   0.0000000e+00
   0.0000000e+00
   0.0000000e+00
   0.0000000e+00
   0.0000000e+00
   0.0000000e+00
   0.0000000e+00
   0.0000000e+00
   0.0000000e+00
   0.0000000e+00
   0.0000000e+00
   0.0000000e+00
   0.0000000e+00
   0.0000000e+00
   0.0000000e+00
   0.0000000e+00
   0.0000000e+00
   0.0000000e+00
   0.0000000e+00
   0.0000000e+00
   0.0000000e+00
   0.0000000e+00
   0.0000000e+00
   0.0000000e+00
   0.0000000e+00
   0.0000000e+00
   0.0000000e+00
   0.0000000e+00
   0.0000000e+00
   0.0000000e+00
   0.0000000e+00
   0.0000000e+00
   0.0000000e+00
   0.0000000e+00
   0.0000000e+00
   0.0000000e+00
   0.0000000e+00
   0.0000000e+00
   0.0000000e+00
   0.0000000e+00
   0.0000000e+00
   0.0000000e+00
   0.0000000e+00
   0.0000000e+00
   0.0000000e+00
   0.0000000e+00
   0.0000000e+00
   0.0000000e+00
   0.0000000e+00
   0.0000000e+00
   0.0000000e+00
   0.0000000e+00
   0.0000000e+00
   0.0000000e+00
   0.0000000e+00
   0.0000000e+00
   0.0000000e+00
   0.0000000e+00
   0.0000000e+00
   0.0000000e+00
   0.0000000e+00
   0.0000000e+00
   0.0000000e+00
   0.0000000e+00
   0.0000000e+00
   0.0000000e+00
   0.0000000e+00
   0.0000000e+00
   0.0000000e+00
   0.0000000e+00
   0.0000000e+00
   0.0000000e+00
   0.0000000e+00
   0.0000000e+00
   0.0000000e+00
   0.0000000e+00
   0.0000000e+00
   0.0000000e+00
   0.0000000e+00
   0.0000000e+00
   0.0000000e+00
   0.0000000e+00
   0.0000000e+00
   0.0000000e+00
   0.0000000e+00
   0.0000000e+00
   0.0000000e+00
   0.0000000e+00
   0.0000000e+00
   0.0000000e+00
   0.0000000e+00
   0.0000000e+00
   0.0000000e+00
   0.0000000e+00
   0.0000000e+00
   0.0000000e+00
   0.0000000e+00
   0.0000000e+00
   0.0000000e+00
   0.0000000e+00
   0.0000000e+00
   0.0000000e+00
   0.0000000e+00
   0.0000000e+00
   0.0000000e+00
   0.0000000e+00
   0.0000000e+00
   0.0000000e+00
   0.0000000e+00
   0.0000000e+00
   0.0000000e+00
   0.0000000e+00
   0.0000000e+00
   0.0000000e+00
   0.0000000e+00
   0.0000000e+00
   0.0000000e+00
   0.0000000e+00
   0.0000000e+00
   0.0000000e+00
   0.0000000e+00
   0.0000000e+00
   0.0000000e+00
   0.0000000e+00
   0.0000000e+00
   0.0000000e+00
   0.0000000e+00
   0.0000000e+00
   0.0000000e+00
   0.0000000e+00
   0.0000000e+00
   0.0000000e+00
   0.0000000e+00
   0.0000000e+00
   0.0000000e+00
   0.0000000e+00
   0.0000000e+00
   0.0000000e+00
   0.0000000e+00
   0.0000000e+00
   0.0000000e+00
   0.0000000e+00
   0.0000000e+00
   0.0000000e+00
   0.0000000e+00
   0.0000000e+00
   0.0000000e+00
   0.0000000e+00
   0.0000000e+00
   0.0000000e+00
   0.0000000e+00
   0.0000000e+00
   0.0000000e+00
   0.0000000e+00
   0.0000000e+00
   0.0000000e+00
   0.0000000e+00
   0.0000000e+00
   0.0000000e+00
   0.0000000e+00
   0.0000000e+00
   0.0000000e+00
   0.0000000e+00
   0.0000000e+00
   0.0000000e+00
   0.0000000e+00
   0.0000000e+00
   0.0000000e+00
   0.0000000e+00
   0.0000000e+00
   0.0000000e+00
   0.0000000e+00
   0.0000000e+00
   0.0000000e+00
   0.0000000e+00
   0.0000000e+00
   0.0000000e+00
   0.0000000e+00
   0.0000000e+00
   0.0000000e+00
   0.0000000e+00
   0.0000000e+00
   0.0000000e+00
   0.0000000e+00
   0.0000000e+00
   0.0000000e+00
   0.0000000e+00
   0.0000000e+00
   0.0000000e+00
   0.0000000e+00
   0.0000000e+00
   0.0000000e+00
   0.0000000e+00
   0.0000000e+00
   0.0000000e+00
   0.0000000e+00
   0.0000000e+00
   0.0000000e+00
   0.0000000e+00
   0.0000000e+00
   0.0000000e+00
   0.0000000e+00
   0.0000000e+00
   0.0000000e+00
   0.0000000e+00
   0.0000000e+00
   0.0000000e+00
   0.0000000e+00
   0.0000000e+00
   0.0000000e+00
   0.0000000e+00
