  -2.7845948e-03
  -2.9204385e-03
   5.5030093e-03
  -1.0097760e-02
   2.1763912e-03
   4.1862683e-04
  -8.1651801e-04
   5.4664818e-03
  -2.9792476e-03
  -2.3110561e-04
   1.4533833e-03
  -1.0201776e-03
   1.5198345e-03
  -7.5958057e-04
   3.5263378e-05
   2.0021937e-03
  -1.2083152e-02
   3.7384253e-03
   3.5630827e-03
   8.4789096e-04
   3.4085975e-02
   1.3318144e-02
   2.0454973e-02
   2.3633675e-02
   1.8834329e-02
   1.7362450e-02
   1.9857135e-02
   1.1925182e-02
   2.5984499e-02
   1.9704996e-02
   1.7742655e-02
   2.0554209e-02
   1.6934294e-02
   2.2283361e-02
   1.7836608e-02
   1.8629776e-02
   3.0772190e-02
   1.8785861e-02
   1.0879916e-02
   1.3755359e-02
   2.8574040e-02
   7.6249062e-02
   5.3844988e-02
   5.5706067e-02
   5.9653027e-02
   6.2352210e-02
   5.9515328e-02
   7.1323303e-02
   4.6151159e-02
   5.9030211e-02
   6.2361437e-02
   5.7390020e-02
   6.2895956e-02
   5.3951184e-02
   6.3377467e-02
   5.7848011e-02
   4.7154918e-02
   4.8212828e-02
   9.2430051e-02
   2.1294714e-02
   9.5028677e-03
   1.1741185e-01
   1.1391339e-01
   1.2549730e-01
   1.1532835e-01
   1.1380990e-01
   1.1278514e-01
   1.0149287e-01
   1.3627824e-01
   1.1778277e-01
   1.1224567e-01
   1.2078160e-01
   1.1089932e-01
   1.2642025e-01
   1.0927935e-01
   1.2112556e-01
   1.2809740e-01
   1.4625576e-01
   6.2856182e-02
   7.0320212e-03
   5.8208837e-02
   1.5651811e-01
   2.0021013e-01
   1.5044799e-01
   1.8683917e-01
   1.7957136e-01
   2.3305194e-01
   2.1351933e-01
   1.0097607e-01
   1.7637212e-01
   1.9297565e-01
   1.7678775e-01
   1.8555736e-01
   1.5246552e-01
   1.9796360e-01
   1.7056567e-01
   1.3333388e-01
   3.2098572e-02
   3.0783037e-03
   4.1823079e-05
   2.5810102e-01
   3.6214501e-01
   1.5623830e-01
   2.4160230e-01
   2.5860077e-01
   9.9837771e-02
   1.3629241e-01
   2.0832889e-01
   3.3911509e-01
   3.1091810e-01
   4.9844132e-02
   2.6156375e-01
   2.0505090e-01
   2.5949199e-01
   2.9275133e-01
   5.2864280e-02
   3.4788578e-04
   5.7906969e-06
   0.0000000e+00
   0.0000000e+00
   7.1953118e-02
   9.8526479e-02
   1.4504066e-01
   4.2913175e-01
   9.4938167e-02
   9.2257948e-04
   2.2716316e-03
   1.2078882e-02
   1.5332907e-01
   1.4816930e-01
   6.2184443e-03
   1.4698051e-01
   4.1029862e-01
   2.4521815e-01
   6.9042818e-02
   1.7421209e-03
   2.6400510e-06
   0.0000000e+00
   0.0000000e+00
   0.0000000e+00
   3.0306973e-06
   7.4229589e-06
   1.0874078e-02
   3.6188850e-02
   7.5186242e-03
   0.0000000e+00
   0.0000000e+00
   5.5644585e-05
   1.2281767e-03
   1.2001503e-03
   5.0038366e-05
   1.8331891e-02
   7.4306187e-02
   1.9827628e-02
   2.6798738e-04
   0.0000000e+00
   0.0000000e+00
   0.0000000e+00
   0.0000000e+00
   0.0000000e+00
   0.0000000e+00
   0.0000000e+00
   0.0000000e+00
   0.0000000e+00
   0.0000000e+00
   0.0000000e+00
   0.0000000e+00
   0.0000000e+00
   0.0000000e+00
   0.0000000e+00
   0.0000000e+00
   0.0000000e+00
   0.0000000e+00
   0.0000000e+00
   0.0000000e+00
   0.0000000e+00
   0.0000000e+00
   0.0000000e+00
   0.0000000e+00
   0.0000000e+00
   0.0000000e+00
   0.0000000e+00
   0.0000000e+00
   0.0000000e+00
   0.0000000e+00
   0.0000000e+00
   0.0000000e+00
   0.0000000e+00
   0.0000000e+00
   0.0000000e+00
   0.0000000e+00
   0.0000000e+00
   0.0000000e+00
   0.0000000e+00
   0.0000000e+00
   0.0000000e+00
   0.0000000e+00
   0.0000000e+00
   0.0000000e+00
   0.0000000e+00
   0.0000000e+00
   0.0000000e+00
   0.0000000e+00
   0.0000000e+00
   0.0000000e+00
   0.0000000e+00
   0.0000000e+00
   0.0000000e+00
   0.0000000e+00
   0.0000000e+00
   0.0000000e+00
   0.0000000e+00
   0.0000000e+00
   0.0000000e+00
   0.0000000e+00
   0.0000000e+00
   0.0000000e+00
   0.0000000e+00
   0.0000000e+00
   0.0000000e+00
   0.0000000e+00
   0.0000000e+00
   0.0000000e+00
   0.0000000e+00
   0.0000000e+00
   0.0000000e+00
   0.0000000e+00
   0.0000000e+00
   0.0000000e+00
   0.0000000e+00
   0.0000000e+00
   0.0000000e+00
   0.0000000e+00
   0.0000000e+00
   0.0000000e+00
   0.0000000e+00
   0.0000000e+00
   0.0000000e+00
   0.0000000e+00
   0.0000000e+00
   0.0000000e+00
   0.0000000e+00
   0.0000000e+00
   0.0000000e+00
   0.0000000e+00
   0.0000000e+00
   0.0000000e+00
   0.0000000e+00
   0.0000000e+00
   0.0000000e+00
   0.0000000e+00
   0.0000000e+00
   0.0000000e+00
   0.0000000e+00
   0.0000000e+00
   0.0000000e+00
   0.0000000e+00
   0.0000000e+00
   0.0000000e+00
   0.0000000e+00
   0.0000000e+00
   0.0000000e+00
   0.0000000e+00
   0.0000000e+00
   0.0000000e+00
   0.0000000e+00
   0.0000000e+00
   0.0000000e+00
   0.0000000e+00
   0.0000000e+00
   0.0000000e+00
   0.0000000e+00
   0.0000000e+00
   0.0000000e+00
   0.0000000e+00
   0.0000000e+00
   0.0000000e+00
   0.0000000e+00
   0.0000000e+00
   0.0000000e+00
   0.0000000e+00
   0.0000000e+00
   0.0000000e+00
   0.0000000e+00
   0.0000000e+00
   0.0000000e+00
   0.0000000e+00
   0.0000000e+00
   0.0000000e+00
   0.0000000e+00
   0.0000000e+00
   0.0000000e+00
   0.0000000e+00
   0.0000000e+00
   0.0000000e+00
   0.0000000e+00
   0.0000000e+00
   0.0000000e+00
   0.0000000e+00
   0.0000000e+00
   0.0000000e+00
   0.0000000e+00
   0.0000000e+00
   0.0000000e+00
   0.0000000e+00
   0.0000000e+00
   0.0000000e+00
   0.0000000e+00
   0.0000000e+00
   0.0000000e+00
   0.0000000e+00
   0.0000000e+00
   0.0000000e+00
   0.0000000e+00
   0.0000000e+00
   0.0000000e+00
   0.0000000e+00
   0.0000000e+00
   0.0000000e+00
   0.0000000e+00
   0.0000000e+00
   0.0000000e+00
   0.0000000e+00
   0.0000000e+00
   0.0000000e+00
   0.0000000e+00
   0.0000000e+00
   0.0000000e+00
   0.0000000e+00
   0.0000000e+00
   0.0000000e+00
   0.0000000e+00
   0.0000000e+00
   0.0000000e+00
   0.0000000e+00
   0.0000000e+00
   0.0000000e+00
   0.0000000e+00
   0.0000000e+00
   0.0000000e+00
   0.0000000e+00
   0.0000000e+00
   0.0000000e+00
   0.0000000e+00
   0.0000000e+00
   0.0000000e+00
   0.0000000e+00
   0.0000000e+00
   0.0000000e+00
   0.0000000e+00
   0.0000000e+00
   0.0000000e+00
   0.0000000e+00
   0.0000000e+00
   0.0000000e+00
   0.0000000e+00
   0.0000000e+00
   0.0000000e+00
   0.0000000e+00
   0.0000000e+00
   0.0000000e+00
   0.0000000e+00
   0.0000000e+00
   0.0000000e+00
   0.0000000e+00
   0.0000000e+00
   0.0000000e+00
   0.0000000e+00
   0.0000000e+00
   0.0000000e+00
   0.0000000e+00
   0.0000000e+00
   0.0000000e+00
   0.0000000e+00
   0.0000000e+00
   0.0000000e+00
   0.0000000e+00
   0.0000000e+00
   0.0000000e+00
   0.0000000e+00
   0.0000000e+00
   0.0000000e+00
   0.0000000e+00
   0.0000000e+00
   0.0000000e+00
   0.0000000e+00
   0.0000000e+00
   0.0000000e+00
   0.0000000e+00
   0.0000000e+00
   0.0000000e+00
   0.0000000e+00
   0.0000000e+00
   0.0000000e+00
   0.0000000e+00
   0.0000000e+00
   0.0000000e+00
   0.0000000e+00
   0.0000000e+00
   0.0000000e+00
