   3.3514568e-03
   7.2447402e-03
   5.1927541e-03
  -6.8633121e-03
   1.2782428e-03
  -1.3108767e-03
   2.3261947e-03
  -6.2572965e-04
   1.5837651e-04
   6.5905112e-04
  -1.7852331e-03
   3.2056838e-03
  -3.0699480e-03
   5.3851169e-03
   2.2856586e-04
  -2.6420049e-03
   1.0341550e-02
  -3.5506390e-03
  -4.4026502e-03
   5.0476251e-03
   2.1990549e-02
   1.0331519e-02
   2.1003916e-02
   2.0092475e-02
   2.3350440e-02
   1.9660830e-02
   1.5780599e-02
   2.0900633e-02
   1.8462529e-02
   1.8979924e-02
   2.1957515e-02
   1.5703504e-02
   2.5848681e-02
   1.0159790e-02
   1.9260559e-02
   2.4017039e-02
   8.2474606e-03
   3.1285041e-02
   8.8306706e-03
   3.2279647e-02
   5.9877729e-02
   6.4007086e-02
   5.7041793e-02
   6.0594536e-02
   5.0549658e-02
   5.9295120e-02
   6.7038666e-02
   5.5274584e-02
   6.2859352e-02
   5.8307557e-02
   5.6267317e-02
   6.4171197e-02
   4.7777177e-02
   7.5766704e-02
   5.9017033e-02
   5.2499373e-02
   7.5828364e-02
   3.5784730e-02
   8.5044426e-02
   4.2041492e-02
   1.1591009e-01
   1.1108423e-01
   1.2162218e-01
   1.1246081e-01
   1.3096682e-01
   1.1851717e-01
   9.4638874e-02
   1.2838345e-01
   1.0728455e-01
   1.2150785e-01
   1.1972503e-01
   1.1128173e-01
   1.3620909e-01
   9.0900999e-02
   1.2329094e-01
   1.2425422e-01
   9.2805293e-02
   1.5453568e-01
   7.5001958e-02
   7.7213074e-03
   1.8448023e-01
   1.9162811e-01
   1.6447541e-01
   1.9291601e-01
   1.5372919e-01
   1.6699141e-01
   2.4356487e-01
   1.4097274e-01
   2.0857868e-01
   1.5215341e-01
   1.8071656e-01
   1.7926486e-01
   1.2693036e-01
   2.4092504e-01
   1.5867763e-01
   1.7229097e-01
   2.1827034e-01
   1.2094930e-01
   7.6837856e-03
   1.1866977e-05
   1.5986623e-02
   2.2383358e-01
   3.0686568e-01
   9.3777604e-02
   3.2297913e-01
   2.2671340e-01
   1.6217370e-01
   1.0665548e-01
   2.1462400e-01
   2.1737984e-01
   2.1425794e-01
   2.8302980e-01
   9.5554775e-02
   2.1043303e-01
   7.4295390e-02
   7.1623416e-02
   2.6189000e-01
   6.9708816e-02
   8.5253659e-05
   0.0000000e+00
   9.1326600e-05
   1.5391833e-02
   2.3224838e-02
   1.5145161e-02
   7.0815293e-02
   3.5348737e-02
   5.8981860e-04
   6.8194357e-02
   4.1930924e-01
   3.1947862e-01
   3.1274421e-01
   2.7298148e-01
   3.2415488e-01
   3.0336405e-01
   3.4337012e-02
   6.5480635e-04
   1.1171507e-03
   3.0851768e-04
   4.4804616e-08
   0.0000000e+00
   0.0000000e+00
   0.0000000e+00
   1.2250002e-02
   2.7934764e-01
   2.7801946e-01
   1.1984363e-02
   0.0000000e+00
   1.1315175e-02
   6.6524649e-02
   3.2503682e-02
   1.2779404e-02
   1.5794168e-02
   1.6350684e-01
   5.9254012e-01
   3.0870997e-01
   4.5696079e-03
   0.0000000e+00
   0.0000000e+00
   0.0000000e+00
   0.0000000e+00
   0.0000000e+00
   0.0000000e+00
   2.3083707e-02
   5.2639823e-01
   5.2389542e-01
   2.2583143e-02
   0.0000000e+00
   0.0000000e+00
   0.0000000e+00
   0.0000000e+00
   0.0000000e+00
   1.3905137e-05
   2.9373779e-02
   3.2144324e-01
   1.9926542e-01
   2.9796510e-03
   0.0000000e+00
   0.0000000e+00
   0.0000000e+00
   0.0000000e+00
   0.0000000e+00
   0.0000000e+00
   2.5560113e-03
   5.8286991e-02
   5.8009861e-02
   2.5005849e-03
   0.0000000e+00
   0.0000000e+00
   0.0000000e+00
   0.0000000e+00
   0.0000000e+00
   0.0000000e+00
   4.9960538e-04
   5.5087713e-03
   3.4169730e-03
   5.1096221e-05
   0.0000000e+00
   0.0000000e+00
   0.0000000e+00
   0.0000000e+00
   0.0000000e+00
   0.0000000e+00
   0.0000000e+00
   0.0000000e+00
   0.0000000e+00
   0.0000000e+00
   0.0000000e+00
   0.0000000e+00
   0.0000000e+00
   0.0000000e+00
   0.0000000e+00
   0.0000000e+00
   0.0000000e+00
   0.0000000e+00
   0.0000000e+00
   0.0000000e+00
   0.0000000e+00
   0.0000000e+00
   0.0000000e+00
   0.0000000e+00
   0.0000000e+00
   0.0000000e+00
   0.0000000e+00
   0.0000000e+00
   0.0000000e+00
   0.0000000e+00
   0.0000000e+00
   0.0000000e+00
   0.0000000e+00
   0.0000000e+00
   0.0000000e+00
   0.0000000e+00
   0.0000000e+00
   0.0000000e+00
   0.0000000e+00
   0.0000000e+00
   0.0000000e+00
   0.0000000e+00
   0.0000000e+00
   0.0000000e+00
   0.0000000e+00
   0.0000000e+00
   0.0000000e+00
   0.0000000e+00
   0.0000000e+00
   0.0000000e+00
   0.0000000e+00
   0.0000000e+00
   0.0000000e+00
   0.0000000e+00
   0.0000000e+00
   0.0000000e+00
   0.0000000e+00
   0.0000000e+00
   0.0000000e+00
   0.0000000e+00
   0.0000000e+00
   0.0000000e+00
   0.0000000e+00
   0.0000000e+00
   0.0000000e+00
   0.0000000e+00
   0.0000000e+00
   0.0000000e+00
   0.0000000e+00
   0.0000000e+00
   0.0000000e+00
   0.0000000e+00
   0.0000000e+00
   0.0000000e+00
   0.0000000e+00
   0.0000000e+00
   0.0000000e+00
   0.0000000e+00
   0.0000000e+00
   0.0000000e+00
   0.0000000e+00
   0.0000000e+00
   0.0000000e+00
   0.0000000e+00
   0.0000000e+00
   0.0000000e+00
   0.0000000e+00
   0.0000000e+00
   0.0000000e+00
   0.0000000e+00
   0.0000000e+00
   0.0000000e+00
   0.0000000e+00
   0.0000000e+00
   0.0000000e+00
   0.0000000e+00
   0.0000000e+00
   0.0000000e+00
   0.0000000e+00
   0.0000000e+00
   0.0000000e+00
   0.0000000e+00
   0.0000000e+00
   0.0000000e+00
   0.0000000e+00
   0.0000000e+00
   0.0000000e+00
   0.0000000e+00
   0.0000000e+00
   0.0000000e+00
   0.0000000e+00
   0.0000000e+00
   0.0000000e+00
   0.0000000e+00
   0.0000000e+00
   0.0000000e+00
   0.0000000e+00
   0.0000000e+00
   0.0000000e+00
   0.0000000e+00
   0.0000000e+00
   0.0000000e+00
   0.0000000e+00
   0.0000000e+00
   0.0000000e+00
   0.0000000e+00
   0.0000000e+00
   0.0000000e+00
   0.0000000e+00
   0.0000000e+00
   0.0000000e+00
   0.0000000e+00
   0.0000000e+00
   0.0000000e+00
   0.0000000e+00
   0.0000000e+00
   0.0000000e+00
   0.0000000e+00
   0.0000000e+00
   0.0000000e+00
   0.0000000e+00
   0.0000000e+00
   0.0000000e+00
   0.0000000e+00
   0.0000000e+00
   0.0000000e+00
   0.0000000e+00
   0.0000000e+00
   0.0000000e+00
   0.0000000e+00
   0.0000000e+00
   0.0000000e+00
   0.0000000e+00
   0.0000000e+00
   0.0000000e+00
   0.0000000e+00
   0.0000000e+00
   0.0000000e+00
   0.0000000e+00
   0.0000000e+00
   0.0000000e+00
   0.0000000e+00
   0.0000000e+00
   0.0000000e+00
   0.0000000e+00
   0.0000000e+00
   0.0000000e+00
   0.0000000e+00
   0.0000000e+00
   0.0000000e+00
   0.0000000e+00
   0.0000000e+00
   0.0000000e+00
   0.0000000e+00
   0.0000000e+00
   0.0000000e+00
   0.0000000e+00
   0.0000000e+00
   0.0000000e+00
   0.0000000e+00
   0.0000000e+00
   0.0000000e+00
   0.0000000e+00
   0.0000000e+00
   0.0000000e+00
   0.0000000e+00
   0.0000000e+00
   0.0000000e+00
   0.0000000e+00
   0.0000000e+00
   0.0000000e+00
   0.0000000e+00
   0.0000000e+00
   0.0000000e+00
   0.0000000e+00
   0.0000000e+00
   0.0000000e+00
   0.0000000e+00
   0.0000000e+00
   0.0000000e+00
   0.0000000e+00
   0.0000000e+00
   0.0000000e+00
   0.0000000e+00
