   1.0231864e-04
  -1.5706712e-03
   1.4233893e-03
  -2.1157551e-03
   3.6132135e-03
   2.4966030e-04
  -1.2481472e-02
   4.0513173e-03
  -8.9898947e-04
   3.8041148e-04
   5.7007140e-05
   7.5995112e-03
  -6.7847781e-03
   1.9300041e-03
  -8.5450654e-04
   3.7306825e-03
  -2.4267158e-03
   1.6693563e-02
   1.7120566e-03
  -9.2624788e-06
   1.6604386e-02
   2.0212681e-02
   1.8533243e-02
   2.2830315e-02
   1.8066161e-02
   1.6533377e-02
   3.4256076e-02
   1.7734777e-02
   1.8584662e-02
   2.0315119e-02
   1.7086114e-02
   1.5756907e-02
   2.3058400e-02
   2.1466306e-02
   1.8376298e-02
   1.5992905e-02
   1.0645927e-02
   2.5537720e-02
   1.1087829e-02
   2.6601777e-03
   6.7993524e-02
   6.3851556e-02
   5.5129614e-02
   5.4299629e-02
   6.2971427e-02
   6.0373872e-02
   3.9808509e-02
   5.7677750e-02
   6.2332395e-02
   5.6524528e-02
   6.5028281e-02
   6.3105928e-02
   5.3210962e-02
   5.8341671e-02
   5.8532897e-02
   7.0981179e-02
   7.2728695e-02
   4.3915935e-02
   7.9554869e-02
   4.6433384e-03
   1.0036551e-01
   1.0459352e-01
   1.2860359e-01
   1.2203966e-01
   1.1334313e-01
   1.1354000e-01
   1.4759347e-01
   1.2051443e-01
   1.1131877e-01
   1.2297388e-01
   1.0335201e-01
   1.1365086e-01
   1.2584249e-01
   1.1820942e-01
   1.1815794e-01
   9.6195220e-02
   9.2851972e-02
   1.4374882e-01
   9.3290872e-02
   1.0797966e-03
   1.6071187e-01
   2.5381691e-01
   1.1082948e-01
   1.6616480e-01
   2.0252665e-01
   1.7750055e-01
   7.1152359e-02
   1.9530864e-01
   1.4533490e-01
   1.9204681e-01
   1.7656121e-01
   1.8121013e-01
   1.6251965e-01
   1.6440927e-01
   1.9615066e-01
   1.0469434e-01
   2.7258560e-01
   8.6373186e-02
   3.3598793e-03
   2.3708681e-06
   2.0641995e-02
   3.4218627e-02
   1.6935727e-01
   3.7531502e-01
   1.4573767e-01
   3.3165190e-01
   2.7461939e-01
   2.7651302e-01
   1.7761700e-01
   1.8624578e-02
   2.4571449e-01
   3.1676859e-01
   3.1227986e-01
   2.5103405e-01
   2.6519686e-01
   1.0326864e-01
   2.5061471e-01
   1.0127831e-01
   4.0200365e-04
   0.0000000e+00
   0.0000000e+00
   1.3234611e-04
   5.4693996e-02
   1.4274364e-01
   3.2343582e-02
   1.1084552e-01
   2.7034078e-01
   8.8744330e-02
   1.8186653e-02
   1.4736208e-03
   5.1306944e-02
   9.1537207e-02
   3.1688831e-01
   1.9752345e-01
   7.9963224e-03
   1.9855520e-03
   5.0205781e-03
   2.0386591e-03
   8.8772252e-06
   0.0000000e+00
   0.0000000e+00
   9.3831226e-08
   3.8848629e-05
   1.0513873e-04
   1.7647777e-05
   7.0500636e-04
   2.4769839e-03
   5.4369705e-04
   0.0000000e+00
   0.0000000e+00
   0.0000000e+00
   1.3705558e-03
   1.5338269e-02
   9.6205162e-03
   1.4842169e-04
   0.0000000e+00
   0.0000000e+00
   0.0000000e+00
   0.0000000e+00
   0.0000000e+00
   0.0000000e+00
   0.0000000e+00
   0.0000000e+00
   0.0000000e+00
   0.0000000e+00
   0.0000000e+00
   0.0000000e+00
   0.0000000e+00
   0.0000000e+00
   0.0000000e+00
   0.0000000e+00
   0.0000000e+00
   0.0000000e+00
   0.0000000e+00
   0.0000000e+00
   0.0000000e+00
   0.0000000e+00
   0.0000000e+00
   0.0000000e+00
   0.0000000e+00
   0.0000000e+00
   0.0000000e+00
   0.0000000e+00
   0.0000000e+00
   0.0000000e+00
   0.0000000e+00
   0.0000000e+00
   0.0000000e+00
   0.0000000e+00
   0.0000000e+00
   0.0000000e+00
   0.0000000e+00
   0.0000000e+00
   0.0000000e+00
   0.0000000e+00
   0.0000000e+00
   0.0000000e+00
   0.0000000e+00
   0.0000000e+00
   0.0000000e+00
   0.0000000e+00
   0.0000000e+00
   0.0000000e+00
   0.0000000e+00
   0.0000000e+00
   0.0000000e+00
   0.0000000e+00
   0.0000000e+00
   0.0000000e+00
   0.0000000e+00
   0.0000000e+00
   0.0000000e+00
   0.0000000e+00
   0.0000000e+00
   0.0000000e+00
   0.0000000e+00
   0.0000000e+00
   0.0000000e+00
   0.0000000e+00
   0.0000000e+00
   0.0000000e+00
   0.0000000e+00
   0.0000000e+00
   0.0000000e+00
   0.0000000e+00
   0.0000000e+00
   0.0000000e+00
   0.0000000e+00
   0.0000000e+00
   0.0000000e+00
   0.0000000e+00
   0.0000000e+00
   0.0000000e+00
   0.0000000e+00
   0.0000000e+00
   0.0000000e+00
   0.0000000e+00
   0.0000000e+00
   0.0000000e+00
   0.0000000e+00
   0.0000000e+00
   0.0000000e+00
   0.0000000e+00
   0.0000000e+00
   0.0000000e+00
   0.0000000e+00
   0.0000000e+00
   0.0000000e+00
   0.0000000e+00
   0.0000000e+00
   0.0000000e+00
   0.0000000e+00
   0.0000000e+00
   0.0000000e+00
   0.0000000e+00
   0.0000000e+00
   0.0000000e+00
   0.0000000e+00
   0.0000000e+00
   0.0000000e+00
   0.0000000e+00
   0.0000000e+00
   0.0000000e+00
   0.0000000e+00
   0.0000000e+00
   0.0000000e+00
   0.0000000e+00
   0.0000000e+00
   0.0000000e+00
   0.0000000e+00
   0.0000000e+00
   0.0000000e+00
   0.0000000e+00
   0.0000000e+00
   0.0000000e+00
   0.0000000e+00
   0.0000000e+00
   0.0000000e+00
   0.0000000e+00
   0.0000000e+00
   0.0000000e+00
   0.0000000e+00
   0.0000000e+00
   0.0000000e+00
   0.0000000e+00
   0.0000000e+00
   0.0000000e+00
   0.0000000e+00
   0.0000000e+00
   0.0000000e+00
   0.0000000e+00
   0.0000000e+00
   0.0000000e+00
   0.0000000e+00
   0.0000000e+00
   0.0000000e+00
   0.0000000e+00
   0.0000000e+00
   0.0000000e+00
   0.0000000e+00
   0.0000000e+00
   0.0000000e+00
   0.0000000e+00
   0.0000000e+00
   0.0000000e+00
   0.0000000e+00
   0.0000000e+00
   0.0000000e+00
   0.0000000e+00
   0.0000000e+00
   0.0000000e+00
   0.0000000e+00
   0.0000000e+00
   0.0000000e+00
   0.0000000e+00
   0.0000000e+00
   0.0000000e+00
   0.0000000e+00
   0.0000000e+00
   0.0000000e+00
   0.0000000e+00
   0.0000000e+00
   0.0000000e+00
   0.0000000e+00
   0.0000000e+00
   0.0000000e+00
   0.0000000e+00
   0.0000000e+00
   0.0000000e+00
   0.0000000e+00
   0.0000000e+00
   0.0000000e+00
   0.0000000e+00
   0.0000000e+00
   0.0000000e+00
   0.0000000e+00
   0.0000000e+00
   0.0000000e+00
   0.0000000e+00
   0.0000000e+00
   0.0000000e+00
   0.0000000e+00
   0.0000000e+00
   0.0000000e+00
   0.0000000e+00
   0.0000000e+00
   0.0000000e+00
   0.0000000e+00
   0.0000000e+00
   0.0000000e+00
   0.0000000e+00
   0.0000000e+00
   0.0000000e+00
   0.0000000e+00
   0.0000000e+00
   0.0000000e+00
   0.0000000e+00
   0.0000000e+00
   0.0000000e+00
   0.0000000e+00
   0.0000000e+00
   0.0000000e+00
   0.0000000e+00
   0.0000000e+00
   0.0000000e+00
   0.0000000e+00
   0.0000000e+00
   0.0000000e+00
   0.0000000e+00
   0.0000000e+00
   0.0000000e+00
   0.0000000e+00
   0.0000000e+00
   0.0000000e+00
   0.0000000e+00
   0.0000000e+00
   0.0000000e+00
   0.0000000e+00
   0.0000000e+00
   0.0000000e+00
   0.0000000e+00
   0.0000000e+00
   0.0000000e+00
   0.0000000e+00
   0.0000000e+00
   0.0000000e+00
   0.0000000e+00
   0.0000000e+00
   0.0000000e+00
   0.0000000e+00
   0.0000000e+00
   0.0000000e+00
   0.0000000e+00
   0.0000000e+00
   0.0000000e+00
   0.0000000e+00
   0.0000000e+00
   0.0000000e+00
   0.0000000e+00
   0.0000000e+00
