   1.3224718e+00   7.8473929e-01   4.7135715e-01
   1.1504695e+00   2.3427043e-01   1.4795699e+00
   1.5724245e+00   2.9601922e-02   1.3864779e+00
   1.9938762e+00   1.0572470e-02   1.6416965e-01
   2.1899754e+00   1.7732755e-02   6.9427149e-03
   2.2445614e+00   3.8216280e-02   4.9245385e-04
   2.2267507e+00   8.4115796e-02   7.5279016e-05
   2.1544446e+00   1.7962777e-01   2.5328617e-05
   1.9988881e+00   3.5421904e-01   1.8198892e-05
   1.7251008e+00   5.9620730e-01   2.5785577e-05
   1.3638798e+00   7.7470404e-01   6.1494196e-05
   1.0641195e+00   7.3523395e-01   1.9055921e-04
   9.6009016e-01   5.5372701e-01   5.6042240e-04
   1.0484276e+00   4.0774513e-01   1.2412841e-03
   1.2369431e+00   3.5027747e-01   2.0245102e-03
   1.4079362e+00   3.6426971e-01   2.8365612e-03
   1.4817458e+00   4.2773549e-01   4.1330932e-03
   1.4470744e+00   5.1173305e-01   7.0714827e-03
   1.3447936e+00   5.7138762e-01   1.4474845e-02
   1.2425307e+00   5.6748282e-01   3.3082990e-02
   1.2028429e+00   5.0150098e-01   7.5096114e-02
   1.2577727e+00   4.0851475e-01   1.5064310e-01
   1.4085382e+00   3.2161575e-01   2.4615971e-01
   1.6297534e+00   2.5958543e-01   3.1667537e-01
   1.8379761e+00   2.3135306e-01   3.2881724e-01
   1.9576412e+00   2.3558098e-01   3.0429150e-01
   2.0042335e+00   2.6350631e-01   2.8674116e-01
   2.0007661e+00   3.0079323e-01   3.0223241e-01
   1.9618563e+00   3.2207227e-01   3.6363786e-01
   1.9372933e+00   2.9982645e-01   4.6847068e-01
   1.9450038e+00   2.4033961e-01   5.6183959e-01
   1.9953813e+00   1.8305286e-01   5.4012924e-01
   2.0601453e+00   1.6063175e-01   3.9548880e-01
   2.1019305e+00   1.8177946e-01   2.5411224e-01
   2.1011154e+00   2.4741379e-01   1.8476954e-01
   2.0055166e+00   3.4987193e-01   1.8285813e-01
   1.8316439e+00   4.3508584e-01   2.5590770e-01
   1.6932288e+00   4.0373112e-01   4.4536727e-01
   1.7512701e+00   2.5692407e-01   7.1923451e-01
   1.8984163e+00   1.3662757e-01   7.3915465e-01
   2.0575204e+00   9.5240013e-02   4.0395561e-01
   2.1504163e+00   1.1567044e-01   1.5389095e-01
   2.1681278e+00   1.9438637e-01   7.1202535e-02
   2.0299955e+00   3.4700393e-01   5.5363208e-02
   1.7742806e+00   5.4204020e-01   7.6845004e-02
   1.4687398e+00   6.3329255e-01   1.6661232e-01
   1.2849950e+00   4.7585654e-01   4.2205738e-01
   1.4365638e+00   2.1928515e-01   8.0335506e-01
   1.7677488e+00   9.0913509e-02   7.0465535e-01
   2.0376276e+00   6.6984207e-02   2.5625076e-01
   2.1642659e+00   9.8746310e-02   6.8659017e-02
   2.1628363e+00   1.8744404e-01   2.7119298e-02
   2.0088151e+00   3.5615768e-01   2.0333403e-02
   1.7369351e+00   5.8134087e-01   2.8967591e-02
   1.3945058e+00   7.1936756e-01   6.7360177e-02
   1.1426367e+00   6.0788750e-01   1.9382691e-01
   1.1545359e+00   3.4189227e-01   4.7129981e-01
   1.4870232e+00   1.5382203e-01   6.4453505e-01
   1.8494571e+00   9.1869512e-02   3.9657475e-01
   2.0719192e+00   1.0160797e-01   1.4573251e-01
   2.1508700e+00   1.6800974e-01   5.9230342e-02
   2.0531598e+00   3.0735348e-01   3.9805097e-02
   1.8231823e+00   5.0951583e-01   4.8936941e-02
   1.5098071e+00   6.5963676e-01   9.9736585e-02
   1.2553457e+00   5.8026508e-01   2.6315967e-01
   1.2620090e+00   3.1788405e-01   6.1080947e-01
   1.5797697e+00   1.2973870e-01   7.7666636e-01
   1.9178306e+00   7.2762403e-02   4.0305474e-01
   2.1143317e+00   8.4868036e-02   1.1730893e-01
   2.1784269e+00   1.4998691e-01   3.9823113e-02
   2.0741449e+00   2.8811206e-01   2.3891782e-02
   1.8453030e+00   5.0003172e-01   2.7534042e-02
   1.5184541e+00   6.8728708e-01   5.5071578e-02
   1.2183655e+00   6.6287710e-01   1.5139994e-01
   1.1343932e+00   4.1800354e-01   4.0143820e-01
   1.3974262e+00   1.8895600e-01   6.7121037e-01
   1.7699707e+00   9.6446416e-02   5.0731691e-01
   2.0342923e+00   8.8991042e-02   1.9571559e-01
   2.1465894e+00   1.3757523e-01   6.9667738e-02
   2.1017427e+00   2.5246596e-01   3.8338221e-02
   1.9091985e+00   4.4267274e-01   3.8716383e-02
   1.6102518e+00   6.3494072e-01   6.8554749e-02
   1.3085653e+00   6.4861891e-01   1.7411280e-01
   1.1984485e+00   4.2218570e-01   4.5173143e-01
   1.4512808e+00   1.8378505e-01   7.6285820e-01
   1.8051856e+00   8.6967626e-02   5.6080774e-01
   2.0569806e+00   7.7965312e-02   1.9508847e-01
   2.1631274e+00   1.2315199e-01   6.0840534e-02
   2.1217259e+00   2.3234930e-01   2.9970532e-02
   1.9370632e+00   4.2101986e-01   2.7854528e-02
   1.6395128e+00   6.3238633e-01   4.6909239e-02
   1.3144163e+00   6.9136099e-01   1.1865904e-01
   1.1466666e+00   4.9668823e-01   3.2814494e-01
   1.3006646e+00   2.3752347e-01   6.5194291e-01
   1.6709142e+00   1.0680648e-01   6.1940698e-01
   1.9808706e+00   8.0050466e-02   2.6462671e-01
   2.1332963e+00   1.1213919e-01   8.4733964e-02
   2.1442263e+00   2.0401342e-01   3.8007994e-02
   1.9874606e+00   3.7510850e-01   3.1016564e-02
   1.7125766e+00   5.8885455e-01   4.6538306e-02
   1.3849231e+00   6.8904810e-01   1.0961717e-01
   1.1779262e+00   5.3339221e-01   3.0212602e-01
   1.2753756e+00   2.6532810e-01   6.4460666e-01
   1.6317786e+00   1.1298218e-01   6.8412903e-01
   1.9571447e+00   7.5656503e-02   3.0917755e-01
   2.1275157e+00   9.9933490e-02   9.3565167e-02
   2.1662018e+00   1.8085610e-01   3.7401175e-02
   2.0257282e+00   3.4060121e-01   2.7056922e-02
   1.7652759e+00   5.5877029e-01   3.6862482e-02
   1.4312324e+00   6.9914697e-01   8.2390639e-02
   1.1805494e+00   5.9212757e-01   2.3041266e-01
   1.2000591e+00   3.2288735e-01   5.4573475e-01
   1.5342642e+00   1.3769342e-01   7.0484338e-01
   1.8878761e+00   8.0829927e-02   3.8820917e-01
   2.0961844e+00   9.3442501e-02   1.2551568e-01
   2.1656615e+00   1.6113243e-01   4.6913995e-02
   2.0592821e+00   3.0292134e-01   3.0237464e-02
   1.8253001e+00   5.1269942e-01   3.6638292e-02
   1.5016615e+00   6.7996488e-01   7.5137724e-02
   1.2249079e+00   6.2156575e-01   2.0436406e-01
   1.1895987e+00   3.6237847e-01   5.0810279e-01
   1.4947317e+00   1.5396540e-01   7.3650204e-01
   1.8535426e+00   8.2100453e-02   4.5358333e-01
   2.0811388e+00   8.6240086e-02   1.4895759e-01
   2.1656607e+00   1.4441634e-01   5.1384460e-02
   2.0857907e+00   2.7257050e-01   2.9683022e-02
   1.8725268e+00   4.7534123e-01   3.2362865e-02
   1.5574824e+00   6.6519220e-01   6.1533617e-02
   1.2565007e+00   6.5631409e-01   1.6372673e-01
   1.1628008e+00   4.1727435e-01   4.2982463e-01
   1.4260984e+00   1.8419643e-01   7.1741918e-01
   1.7905241e+00   9.0936696e-02   5.2858421e-01
   2.0475728e+00   8.3460082e-02   1.9227081e-01
   2.1556048e+00   1.3102534e-01   6.4187748e-02
   2.1103074e+00   2.4413066e-01   3.3640886e-02
   1.9200675e+00   4.3482013e-01   3.2851086e-02
   1.6201799e+00   6.3680566e-01   5.7137254e-02
   1.3064717e+00   6.7076135e-01   1.4554131e-01
   1.1689876e+00   4.5696053e-01   3.9049393e-01
   1.3747609e+00   2.0741127e-01   7.1376127e-01
   1.7413730e+00   9.5182170e-02   5.9216851e-01
   2.0225488e+00   7.8294208e-02   2.2545554e-01
   2.1502685e+00   1.1737676e-01   7.0607450e-02
   2.1325562e+00   2.1826943e-01   3.3150694e-02
   1.9613571e+00   3.9874169e-01   2.8943133e-02
   1.6744660e+00   6.1232283e-01   4.6163334e-02
   1.3470301e+00   6.9228799e-01   1.1306745e-01
   1.1591382e+00   5.1600365e-01   3.1310096e-01
   1.2845531e+00   2.5163413e-01   6.4624495e-01
   1.6489908e+00   1.1008967e-01   6.5046915e-01
   1.9677915e+00   7.7995105e-02   2.8643973e-01
   2.1298478e+00   1.0606213e-01   8.9363588e-02
   2.1551098e+00   1.9233782e-01   3.7912369e-02
   2.0067817e+00   3.5781143e-01   2.9167929e-02
   1.7390258e+00   5.7420876e-01   4.1746473e-02
   1.4077064e+00   6.9478922e-01   9.5884762e-02
   1.1785576e+00   5.6230367e-01   2.6647880e-01
   1.2373047e+00   2.9209598e-01   5.9936802e-01
   1.5847266e+00   1.2376185e-01   7.0029196e-01
   1.9251426e+00   7.7393291e-02   3.4667770e-01
   2.1137046e+00   9.6119689e-02   1.0732211e-01
   2.1698610e+00   1.7045625e-01   4.1263073e-02
   2.0438448e+00   3.2176672e-01   2.8134195e-02
   1.7952674e+00   5.3694815e-01   3.6210590e-02
   1.4647175e+00   6.9209330e-01   7.7772837e-02
   1.1994687e+00   6.0894096e-01   2.1530424e-01
   1.1906656e+00   3.4324566e-01   5.2443027e-01
   1.5111245e+00   1.4595563e-01   7.2003365e-01
   1.8688933e+00   8.1548585e-02   4.2037185e-01
   2.0878950e+00   8.9828135e-02   1.3712292e-01
   2.1654025e+00   1.5259998e-01   4.9269984e-02
   2.0727437e+00   2.8738616e-01   3.0074394e-02
   1.8494244e+00   4.9380235e-01   3.4571859e-02
   1.5299234e+00   6.7298779e-01   6.8286661e-02
   1.2405328e+00   6.3935531e-01   1.8382436e-01
   1.1756883e+00   3.8901100e-01   4.7011631e-01
   1.4633970e+00   1.6793457e-01   7.3152167e-01
   1.8249216e+00   8.6001613e-02   4.9139110e-01
   2.0661406e+00   8.4646928e-02   1.6904171e-01
   2.1614587e+00   1.3763749e-01   5.7235446e-02
   2.0980313e+00   2.5837902e-01   3.1510973e-02
   1.8960648e+00   4.5544150e-01   3.2567097e-02
   1.5881673e+00   6.5188602e-01   5.9329631e-02
   1.2803630e+00   6.6412257e-01   1.5470463e-01
   1.1650046e+00   4.3645996e-01   4.1097134e-01
   1.4005812e+00   1.9495300e-01   7.1749015e-01
   1.7668996e+00   9.2713899e-02   5.5950742e-01
   2.0358492e+00   8.0743998e-02   2.0749646e-01
   2.1533417e+00   1.2412372e-01   6.7016375e-02
   2.1213877e+00   2.3119762e-01   3.3273287e-02
   1.9405624e+00   4.1711060e-01   3.0770818e-02
   1.6467261e+00   6.2558174e-01   5.1339338e-02
   1.3254331e+00   6.8269495e-01   1.2846781e-01
   1.1622735e+00   4.8639988e-01   3.5081730e-01
   1.3276246e+00   2.2844417e-01   6.8254996e-01
   1.6953200e+00   1.0194073e-01   6.2369824e-01
   1.9961751e+00   7.7754814e-02   2.5432103e-01
   2.1408215e+00   1.1133661e-01   7.9098737e-02
   2.1440237e+00   2.0477990e-01   3.5226342e-02
   1.9845557e+00   3.7779730e-01   2.8854587e-02
   1.7072240e+00   5.9360645e-01   4.3604739e-02
   1.3769797e+00   6.9505773e-01   1.0353622e-01
   1.1672269e+00   5.4044567e-01   2.8785460e-01
   1.2579777e+00   2.7206238e-01   6.2227907e-01
   1.6148958e+00   1.1683315e-01   6.7719491e-01
   1.9457800e+00   7.7548734e-02   3.1647525e-01
   2.1216767e+00   1.0077471e-01   9.8169022e-02
   2.1661666e+00   1.8077266e-01   3.9571819e-02
   2.0272750e+00   3.3945096e-01   2.8614012e-02
   1.7680666e+00   5.5619326e-01   3.8852215e-02
   1.4357509e+00   6.9506319e-01   8.6437360e-02
   1.1873708e+00   5.8640895e-01   2.4031771e-01
   1.2119876e+00   3.1667627e-01   5.6369782e-01
   1.5474901e+00   1.3380928e-01   7.1403888e-01
   1.8979388e+00   7.8873138e-02   3.8218012e-01
   2.1017402e+00   9.2533421e-02   1.2057498e-01
   2.1683072e+00   1.6103459e-01   4.4628862e-02
   2.0587242e+00   3.0404050e-01   2.8747161e-02
   1.8228350e+00   5.1537718e-01   3.4961205e-02
   1.4971447e+00   6.8393647e-01   7.2072829e-02
   1.2184141e+00   6.2630131e-01   1.9717295e-01
   1.1798115e+00   3.6742360e-01   4.9395869e-01
   1.4838581e+00   1.5738547e-01   7.2596833e-01
   1.8448264e+00   8.3922067e-02   4.5702748e-01
   2.0761112e+00   8.7169096e-02   1.5341876e-01
   2.1631673e+00   1.4475347e-01   5.3493500e-02
   2.0859485e+00   2.7209779e-01   3.0973480e-02
   1.8739641e+00   4.7372998e-01   3.3711261e-02
   1.5604127e+00   6.6227484e-01   6.3880140e-02
   1.2612068e+00   6.5223367e-01   1.6922484e-01
   1.1703748e+00   4.1246585e-01   4.4149655e-01
   1.4402200e+00   1.8066287e-01   7.2840901e-01
   1.8014820e+00   8.9333211e-02   5.2638585e-01
   2.0535546e+00   8.2904492e-02   1.8809495e-01
   2.1581994e+00   1.3123307e-01   6.2375666e-02
   2.1096165e+00   2.4534065e-01   3.2743002e-02
   1.9176910e+00   4.3712705e-01   3.2132757e-02
   1.6163521e+00   6.3946879e-01   5.6184390e-02
   1.3020762e+00   6.7241494e-01   1.4371265e-01
   1.1648848e+00   4.5789183e-01   3.8653814e-01
   1.3699147e+00   2.0836771e-01   7.0797062e-01
   1.7376815e+00   9.5883717e-02   5.9007286e-01
   2.0203373e+00   7.8809428e-02   2.2631352e-01
   2.1490626e+00   1.1784597e-01   7.1342555e-02
   2.1319886e+00   2.1875569e-01   3.3629731e-02
   1.9608278e+00   3.9914267e-01   2.9426780e-02
   1.6740606e+00   6.1211357e-01   4.6981934e-02
   1.3473967e+00   6.9071641e-01   1.1503312e-01
   1.1612750e+00   5.1317007e-01   3.1782105e-01
   1.2900640e+00   2.4917291e-01   6.5238501e-01
   1.6545531e+00   1.0895059e-01   6.5022668e-01
   1.9713700e+00   7.7623979e-02   2.8337033e-01
   2.1314997e+00   1.0616598e-01   8.7985331e-02
   2.1545633e+00   1.9298392e-01   3.7364195e-02
   2.0053648e+00   3.5906498e-01   2.8842755e-02
   1.7368500e+00   5.7575315e-01   4.1425694e-02
   1.4051949e+00   6.9568803e-01   9.5403895e-02
   1.1765233e+00   5.6234018e-01   2.6548539e-01
   1.2358164e+00   2.9218455e-01   5.9717241e-01
   1.5836623e+00   1.2404608e-01   6.9793820e-01
   1.9243757e+00   7.7704409e-02   3.4630599e-01
   2.1131654e+00   9.6473725e-02   1.0763801e-01
   2.1694083e+00   1.7093340e-01   4.1536959e-02
   2.0432225e+00   3.2239433e-01   2.8400214e-02
   1.7944278e+00   5.3741845e-01   3.6624272e-02
   1.4640937e+00   6.9161410e-01   7.8730237e-02
   1.1999476e+00   6.0707525e-01   2.1780377e-01
   1.1933475e+00   3.4106733e-01   5.2889311e-01
   1.5147526e+00   1.4476061e-01   7.2155264e-01
   1.8718048e+00   8.1095846e-02   4.1780959e-01
   2.0894356e+00   8.9787998e-02   1.3553049e-01
   2.1659814e+00   1.5293567e-01   4.8676045e-02
   2.0720555e+00   2.8826199e-01   2.9777214e-02
   1.8479021e+00   4.9514190e-01   3.4334556e-02
   1.5278056e+00   6.7409837e-01   6.8001909e-02
   1.2385554e+00   6.3953441e-01   1.8335990e-01
   1.1743796e+00   3.8883840e-01   4.6905987e-01
   1.4626305e+00   1.6800927e-01   7.2955395e-01
   1.8244333e+00   8.6204743e-02   4.9028731e-01
   2.0657769e+00   8.4908564e-02   1.6906037e-01
   2.1611323e+00   1.3800571e-01   5.7418692e-02
   2.0975280e+00   2.5891321e-01   3.1696430e-02
   1.8953163e+00   4.5601360e-01   3.2826498e-02
   1.5873825e+00   6.5192880e-01   5.9877319e-02
   1.2802088e+00   6.6299719e-01   1.5614299e-01
   1.1663492e+00   4.3462805e-01   4.1408946e-01
   1.4044311e+00   1.9371266e-01   7.1989959e-01
   1.7701706e+00   9.2281108e-02   5.5781465e-01
   2.0376287e+00   8.0731539e-02   2.0590302e-01
   2.1540047e+00   1.2444418e-01   6.6491469e-02
   2.1207845e+00   2.3197146e-01   3.3097906e-02
   1.9392280e+00   4.1831788e-01   3.0711078e-02
   1.6448310e+00   6.2663123e-01   5.1387972e-02
   1.3237035e+00   6.8258617e-01   1.2880523e-01
   1.1616660e+00   4.8534953e-01   3.5168268e-01
   1.3285848e+00   2.2772374e-01   6.8275610e-01
   1.6965099e+00   1.0178820e-01   6.2191909e-01
   1.9968488e+00   7.7878349e-02   2.5321611e-01
   2.1409823e+00   1.1167969e-01   7.8880210e-02
   2.1434286e+00   2.0543553e-01   3.5237269e-02
   1.9834843e+00   3.7875849e-01   2.8955948e-02
   1.7057625e+00   5.9438928e-01   4.3869245e-02
   1.3757519e+00   6.9468807e-01   1.0430163e-01
   1.1672426e+00   5.3884543e-01   2.8982840e-01
   1.2601187e+00   2.7063006e-01   6.2469084e-01
   1.6174793e+00   1.1626412e-01   6.7624047e-01
   1.9475104e+00   7.7462712e-02   3.1449003e-01
   2.1224152e+00   1.0099291e-01   9.7445002e-02
   2.1655974e+00   1.8135755e-01   3.9365015e-02
   2.0261506e+00   3.4044334e-01   2.8556571e-02
   1.7664373e+00   5.5727119e-01   3.8887578e-02
   1.4340512e+00   6.9531920e-01   8.6683709e-02
   1.1864993e+00   5.8550231e-01   2.4109139e-01
   1.2125712e+00   3.1570488e-01   5.6463826e-01
   1.5486841e+00   1.3345799e-01   7.1303620e-01
   1.8988440e+00   7.8876092e-02   3.8064151e-01
   2.1021018e+00   9.2745291e-02   1.2009406e-01
   2.1682776e+00   1.6149799e-01   4.4552634e-02
   2.0580165e+00   3.0486068e-01   2.8780643e-02
   1.8215833e+00   5.1633676e-01   3.5096346e-02
   1.4957217e+00   6.8420684e-01   7.2486134e-02
   1.2177203e+00   6.2525406e-01   1.9838204e-01
   1.1807398e+00   3.6595995e-01   4.9615670e-01
   1.4856958e+00   1.5662258e-01   7.2629391e-01
   1.8464538e+00   8.3700310e-02   4.5501611e-01
   2.0769607e+00   8.7246028e-02   1.5233996e-01
   2.1634148e+00   1.4511514e-01   5.3164225e-02
   2.0852931e+00   2.7286596e-01   3.0859735e-02
   1.8726879e+00   4.7480487e-01   3.3682284e-02
   1.5587514e+00   6.6298689e-01   6.3970050e-02
   1.2599104e+00   6.5184129e-01   1.6964522e-01
   1.1701998e+00   4.1153460e-01   4.4232703e-01
   1.4412771e+00   1.8017853e-01   7.2813150e-01
   1.8024783e+00   8.9270428e-02   5.2477464e-01
   2.0540321e+00   8.3056738e-02   1.8738743e-01
   2.1582593e+00   1.3159569e-01   6.2255154e-02
   2.1090359e+00   2.4600810e-01   3.2770039e-02
   1.9166398e+00   4.3801870e-01   3.2246780e-02
   1.6150202e+00   6.3998457e-01   5.6498771e-02
   1.3011782e+00   6.7173454e-01   1.4463337e-01
   1.1653308e+00   4.5638562e-01   3.8862091e-01
   1.3724423e+00   2.0733899e-01   7.0944398e-01
   1.7400441e+00   9.5565952e-02   5.8838160e-01
   2.0216505e+00   7.8853479e-02   2.2491699e-01
   2.1495166e+00   1.1817419e-01   7.0941948e-02
   2.1313889e+00   2.1947435e-01   3.3534030e-02
   1.9596100e+00   4.0023850e-01   2.9439437e-02
   1.6723582e+00   6.1304609e-01   4.7131185e-02
   1.3458895e+00   6.9048938e-01   1.1557435e-01
   1.1609529e+00   5.1186468e-01   3.1921145e-01
   1.2915822e+00   2.4814169e-01   6.5357228e-01
   1.6563741e+00   1.0862542e-01   6.4871413e-01
   1.9725010e+00   7.7662747e-02   2.8186739e-01
   2.1319033e+00   1.0645994e-01   8.7562383e-02
   2.1539781e+00   1.9361621e-01   3.7287544e-02
   2.0042641e+00   3.6005469e-01   2.8877892e-02
   1.7352965e+00   5.7668738e-01   4.1590483e-02
   1.4037339e+00   6.9560175e-01   9.5938827e-02
   1.1761321e+00   5.6101659e-01   2.6694086e-01
   1.2372754e+00   2.9090686e-01   5.9903301e-01
   1.5856866e+00   1.2354311e-01   6.9705125e-01
   1.9258038e+00   7.7643516e-02   3.4446350e-01
   2.1137753e+00   9.6681637e-02   1.0698143e-01
   2.1694682e+00   1.7146023e-01   4.1372559e-02
   2.0424009e+00   3.2337138e-01   2.8374993e-02
   1.7929204e+00   5.3857397e-01   3.6702643e-02
   1.4623591e+00   6.9198492e-01   7.9068351e-02
   1.1989974e+00   6.0606901e-01   2.1885643e-01
   1.1940548e+00   3.3976857e-01   5.3056840e-01
   1.5163025e+00   1.4417147e-01   7.2108187e-01
   1.8731103e+00   8.0984054e-02   4.1583773e-01
   2.0900556e+00   8.9945110e-02   1.3470490e-01
   2.1660853e+00   1.5337956e-01   4.8464189e-02
   2.0713220e+00   2.8911752e-01   2.9733664e-02
   1.8465413e+00   4.9624241e-01   3.4386093e-02
   1.5261396e+00   6.7463898e-01   6.8255352e-02
   1.2374690e+00   6.3877652e-01   1.8419088e-01
   1.1747424e+00   3.8756588e-01   4.7062725e-01
   1.4639185e+00   1.6734529e-01   7.2959626e-01
   1.8256929e+00   8.6039206e-02   4.8837800e-01
   2.0664379e+00   8.5013577e-02   1.6807862e-01
   2.1612926e+00   1.3836722e-01   5.7155860e-02
   2.0968868e+00   2.5964116e-01   3.1633991e-02
   1.8941193e+00   4.5701904e-01   3.2853944e-02
   1.5858407e+00   6.5257350e-01   6.0059510e-02
   1.2790569e+00   6.6249355e-01   1.5677298e-01
   1.1664187e+00   4.3345760e-01   4.1544435e-01
   1.4061769e+00   1.9301081e-01   7.2031004e-01
   1.7717659e+00   9.2125758e-02   5.5611048e-01
   2.0384518e+00   8.0850077e-02   2.0492840e-01
   2.1542181e+00   1.2480495e-01   6.6273907e-02
   2.1201874e+00   2.3267799e-01   3.3085247e-02
   1.9380878e+00   4.1931968e-01   3.0792835e-02
   1.6433139e+00   6.2733789e-01   5.1648167e-02
   1.3225315e+00   6.8206551e-01   1.2960341e-01
   1.1618170e+00   4.8384015e-01   3.5359206e-01
   1.3308081e+00   2.2661123e-01   6.8432814e-01
   1.6988052e+00   1.0142867e-01   6.2030575e-01
   1.9981982e+00   7.7905265e-02   2.5166714e-01
   2.1414700e+00   1.1199076e-01   7.8424780e-02
   2.1428254e+00   2.0612793e-01   3.5131403e-02
   1.9822853e+00   3.7983935e-01   2.8966252e-02
   1.7040673e+00   5.9537585e-01   4.4010090e-02
   1.3741837e+00   6.9456910e-01   1.0481018e-01
   1.1668073e+00   5.3754498e-01   2.9119165e-01
   1.2615259e+00   2.6949622e-01   6.2611444e-01
   1.6193348e+00   1.1587091e-01   6.7494190e-01
   1.9487392e+00   7.7465764e-02   3.1282454e-01
   2.1228906e+00   1.0125442e-01   9.6932768e-02
   2.1650211e+00   1.8194722e-01   3.9259486e-02
   2.0250851e+00   3.4139507e-01   2.8572618e-02
   1.7649188e+00   5.5823936e-01   3.9018204e-02
   1.4325460e+00   6.9538038e-01   8.7125988e-02
   1.1859451e+00   5.8431378e-01   2.4234281e-01
   1.2137322e+00   3.1443830e-01   5.6641697e-01
   1.5505118e+00   1.3292967e-01   7.1241276e-01
   1.9002207e+00   7.8793767e-02   3.7880316e-01
   2.1027176e+00   9.2922120e-02   1.1938931e-01
   2.1683639e+00   1.6196754e-01   4.4375632e-02
   2.0572695e+00   3.0574820e-01   2.8749647e-02
   1.8201966e+00   5.1743350e-01   3.5160611e-02
   1.4940720e+00   6.8465375e-01   7.2773112e-02
   1.2167305e+00   6.2439284e-01   1.9929754e-01
   1.1812596e+00   3.6469723e-01   4.9775982e-01
   1.4870869e+00   1.5600472e-01   7.2612651e-01
   1.8477173e+00   8.3560607e-02   4.5311664e-01
   2.0775947e+00   8.7369590e-02   1.5145081e-01
   2.1635502e+00   1.4550245e-01   5.2928780e-02
   2.0846295e+00   2.7363151e-01   3.0805068e-02
   1.8714484e+00   4.7582938e-01   3.3716948e-02
   1.5571896e+00   6.6357448e-01   6.4174058e-02
   1.2588096e+00   6.5124302e-01   1.7033707e-01
   1.1703846e+00   4.1035762e-01   4.4372331e-01
   1.4423608e+00   1.7952273e-01   7.2834097e-01
   1.8036295e+00   8.9093602e-02   5.2301504e-01
   2.0546643e+00   8.3138670e-02   1.8638918e-01
   2.1584279e+00   1.3190998e-01   6.1984593e-02
   2.1084564e+00   2.4665164e-01   3.2705545e-02
   1.9155644e+00   4.3893219e-01   3.2267504e-02
   1.6136100e+00   6.4062585e-01   5.6652986e-02
   1.3000714e+00   6.7134745e-01   1.4517347e-01
   1.1653049e+00   4.5530572e-01   3.8984735e-01
   1.3739527e+00   2.0664277e-01   7.0999892e-01
   1.7415214e+00   9.5394293e-02   5.8686457e-01
   2.0224495e+00   7.8942266e-02   2.2393412e-01
   2.1497462e+00   1.1847870e-01   7.0711469e-02
   2.1308668e+00   2.2008374e-01   3.3511210e-02
   1.9586106e+00   4.0113058e-01   2.9501090e-02
   1.6709966e+00   6.1374356e-01   4.7335157e-02
   1.3447641e+00   6.9014093e-01   1.1620659e-01
   1.1609375e+00   5.1055134e-01   3.2079570e-01
   1.2933542e+00   2.4708673e-01   6.5513070e-01
   1.6583755e+00   1.0825688e-01   6.4749642e-01
   1.9737514e+00   7.7656126e-02   2.8038376e-01
   2.1323865e+00   1.0670146e-01   8.7094065e-02
   2.1534648e+00   1.9417846e-01   3.7172257e-02
   2.0032571e+00   3.6095866e-01   2.8872207e-02
   1.7338572e+00   5.7757499e-01   4.1686693e-02
   1.4023355e+00   6.9562169e-01   9.6308766e-02
   1.1756220e+00   5.5998401e-01   2.6797786e-01
   1.2382683e+00   2.8992112e-01   6.0025327e-01
   1.5871595e+00   1.2318234e-01   6.9610440e-01
   1.9268375e+00   7.7629667e-02   3.4299108e-01
   2.1141936e+00   9.6882113e-02   1.0650513e-01
   2.1694663e+00   1.7192311e-01   4.1273769e-02
   2.0416924e+00   3.2420181e-01   2.8383658e-02
   1.7916536e+00   5.3952478e-01   3.6808133e-02
   1.4609405e+00   6.9221846e-01   7.9435600e-02
   1.1983116e+00   6.0508239e-01   2.1994715e-01
   1.1948987e+00   3.3852795e-01   5.3234460e-01
   1.5178985e+00   1.4358989e-01   7.2085410e-01
   1.8744333e+00   8.0851614e-02   4.1402944e-01
   2.0906981e+00   9.0065397e-02   1.3389979e-01
   2.1662245e+00   1.5376370e-01   4.8238953e-02
   2.0706749e+00   2.8988052e-01   2.9669599e-02
   1.8453156e+00   4.9724379e-01   3.4402556e-02
   1.5246150e+00   6.7517334e-01   6.8425828e-02
   1.2364173e+00   6.3819591e-01   1.8479718e-01
   1.1748984e+00   3.8655084e-01   4.7174722e-01
   1.4648534e+00   1.6683467e-01   7.2941713e-01
   1.8266301e+00   8.5931684e-02   4.8676826e-01
   2.0669174e+00   8.5123868e-02   1.6731526e-01
   2.1613834e+00   1.3868992e-01   5.6970090e-02
   2.0963311e+00   2.6026873e-01   3.1604710e-02
   1.8931017e+00   4.5786707e-01   3.2902871e-02
   1.5845502e+00   6.5308023e-01   6.0260565e-02
   1.2781410e+00   6.6197705e-01   1.5741993e-01
   1.1666193e+00   4.3234946e-01   4.1683354e-01
   1.4079538e+00   1.9233455e-01   7.2087101e-01
   1.7733568e+00   9.1960800e-02   5.5459359e-01
   2.0392797e+00   8.0943120e-02   2.0400348e-01
   2.1544522e+00   1.2512306e-01   6.6050714e-02
   2.1196546e+00   2.3331531e-01   3.3057868e-02
   1.9370515e+00   4.2023303e-01   3.0851627e-02
   1.6419245e+00   6.2799857e-01   5.1859490e-02
   1.3214350e+00   6.8163796e-01   1.3027074e-01
   1.1618814e+00   4.8254231e-01   3.5518993e-01
   1.3326682e+00   2.2566482e-01   6.8557668e-01
   1.7007366e+00   1.0113244e-01   6.1884215e-01
   1.9993272e+00   7.7940837e-02   2.5034008e-01
   2.1418679e+00   1.1227303e-01   7.8046861e-02
   2.1422876e+00   2.0674370e-01   3.5050232e-02
   1.9812274e+00   3.8079247e-01   2.8985659e-02
   1.7025783e+00   5.9623200e-01   4.4150082e-02
   1.3728235e+00   6.9442947e-01   1.0529477e-01
   1.1664743e+00   5.3634939e-01   2.9247916e-01
   1.2628705e+00   2.6845561e-01   6.2748407e-01
   1.6210716e+00   1.1550399e-01   6.7380647e-01
   1.9498872e+00   7.7460644e-02   3.1130934e-01
   2.1233404e+00   1.0148500e-01   9.6456887e-02
   2.1645067e+00   1.8247575e-01   3.9155711e-02
   2.0241249e+00   3.4225200e-01   2.8579871e-02
   1.7635480e+00   5.5911522e-01   3.9126071e-02
   1.4311816e+00   6.9544943e-01   8.7503929e-02
   1.1854226e+00   5.8327573e-01   2.4341823e-01
   1.2147204e+00   3.1333778e-01   5.6791978e-01
   1.5520855e+00   1.3247787e-01   7.1180289e-01
   1.9014023e+00   7.8730392e-02   3.7719253e-01
   2.1032401e+00   9.3085302e-02   1.1878606e-01
   2.1684273e+00   1.6238900e-01   4.4228946e-02
   2.0566030e+00   3.0653801e-01   2.8729178e-02
   1.8189667e+00   5.1840141e-01   3.5226340e-02
   1.4926184e+00   6.8503059e-01   7.3045538e-02
   1.2158799e+00   6.2359635e-01   2.0015371e-01
   1.1817769e+00   3.6354547e-01   4.9926050e-01
   1.4883856e+00   1.5543849e-01   7.2601557e-01
   1.8488875e+00   8.3428348e-02   4.5140306e-01
   2.0781837e+00   8.7476546e-02   1.5063925e-01
   2.1636817e+00   1.4584833e-01   5.2709604e-02
   2.0840343e+00   2.7431994e-01   3.0750431e-02
   1.8703314e+00   4.7675384e-01   3.3741825e-02
   1.5557786e+00   6.6411102e-01   6.4346178e-02
   1.2578054e+00   6.5072335e-01   1.7093202e-01
   1.1705187e+00   4.0932783e-01   4.4491784e-01
   1.4432900e+00   1.7895471e-01   7.2846900e-01
   1.8046207e+00   8.8945504e-02   5.2145185e-01
   2.0552051e+00   8.3216981e-02   1.8552319e-01
   2.1585660e+00   1.3219333e-01   6.1754720e-02
   2.1079392e+00   2.4722615e-01   3.2654248e-02
   1.9146086e+00   4.3974274e-01   3.2291937e-02
   1.6123616e+00   6.4118511e-01   5.6800579e-02
   1.2991037e+00   6.7098138e-01   1.4567874e-01
   1.1653159e+00   4.5432003e-01   3.9099089e-01
   1.3753625e+00   2.0600636e-01   7.1053997e-01
   1.7428882e+00   9.5234348e-02   5.8550303e-01
   2.0231889e+00   7.9019441e-02   2.2304000e-01
   2.1499622e+00   1.1875201e-01   7.0497983e-02
   2.1303971e+00   2.2063380e-01   3.3487108e-02
   1.9577070e+00   4.0193717e-01   2.9553552e-02
   1.6697642e+00   6.1437569e-01   4.7514685e-02
   1.3437429e+00   6.8983264e-01   1.1676747e-01
   1.1609121e+00   5.0938074e-01   3.2220005e-01
   1.2949261e+00   2.4615160e-01   6.5648999e-01
   1.6601491e+00   1.0793351e-01   6.4638425e-01
   1.9748556e+00   7.7654296e-02   2.7906607e-01
   2.1328098e+00   1.0692118e-01   8.6682717e-02
   2.1530026e+00   1.9468561e-01   3.7072872e-02
   2.0023523e+00   3.6177127e-01   2.8870219e-02
   1.7325658e+00   5.7836791e-01   4.1777663e-02
   1.4010865e+00   6.9562778e-01   9.6651438e-02
   1.1751800e+00   5.5904165e-01   2.6893370e-01
   1.2391912e+00   2.8902486e-01   6.0138056e-01
   1.5885116e+00   1.2285310e-01   6.9525572e-01
   1.9277841e+00   7.7615234e-02   3.4165729e-01
   2.1145777e+00   9.7062410e-02   1.0607124e-01
   2.1694673e+00   1.7234167e-01   4.1182121e-02
   2.0410513e+00   3.2495402e-01   2.8389582e-02
   1.7905056e+00   5.4038626e-01   3.6901235e-02
   1.4596545e+00   6.9243127e-01   7.9763681e-02
   1.1976869e+00   6.0419610e-01   2.2092347e-01
   1.1956513e+00   3.3741776e-01   5.3392439e-01
   1.5193247e+00   1.4307260e-01   7.2062229e-01
   1.8756125e+00   8.0736137e-02   4.1240522e-01
   2.0912683e+00   9.0176313e-02   1.3318402e-01
   2.1663449e+00   1.5411209e-01   4.8040175e-02
   2.0700900e+00   2.9056991e-01   2.9614288e-02
   1.8442100e+00   4.9814532e-01   3.4420084e-02
   1.5232436e+00   6.7564779e-01   6.8584814e-02
   1.2354787e+00   6.3766113e-01   1.8535671e-01
   1.1750574e+00   3.8562670e-01   4.7277909e-01
   1.4657165e+00   1.6636971e-01   7.2926496e-01
   1.8274896e+00   8.5832617e-02   4.8531039e-01
   2.0673572e+00   8.5222727e-02   1.6662184e-01
   2.1614683e+00   1.3898182e-01   5.6799872e-02
   2.0958280e+00   2.6083761e-01   3.1576597e-02
   1.8921788e+00   4.5863609e-01   3.2945457e-02
   1.5833794e+00   6.5354012e-01   6.0439903e-02
   1.2773088e+00   6.6151263e-01   1.5799961e-01
   1.1667944e+00   4.3135461e-01   4.1807493e-01
   1.4095457e+00   1.9173041e-01   7.2135421e-01
   1.7747794e+00   9.1815244e-02   5.5322214e-01
   2.0400177e+00   8.1028983e-02   2.0317690e-01
   2.1546586e+00   1.2541169e-01   6.5852871e-02
   2.1191725e+00   2.3389181e-01   3.3034879e-02
   1.9361154e+00   4.2105713e-01   3.0906351e-02
   1.6406718e+00   6.2859024e-01   5.2053358e-02
   1.3204516e+00   6.8124347e-01   1.3088093e-01
   1.1619518e+00   4.8136438e-01   3.5664712e-01
   1.3343682e+00   2.2480877e-01   6.8670888e-01
   1.7024928e+00   1.0086486e-01   6.1751272e-01
   2.0003512e+00   7.7973430e-02   2.4914132e-01
   2.1422283e+00   1.1252945e-01   7.7705614e-02
   2.1418003e+00   2.0730297e-01   3.4976679e-02
   1.9802673e+00   3.8165741e-01   2.9003078e-02
   1.7012275e+00   5.9700682e-01   4.4276959e-02
   1.3715917e+00   6.9429958e-01   1.0573459e-01
   1.1661753e+00   5.3526596e-01   2.9364592e-01
   1.2640917e+00   2.6751688e-01   6.2871466e-01
   1.6226430e+00   1.1517450e-01   6.7276715e-01
   1.9509229e+00   7.7457637e-02   3.0994247e-01
   2.1237446e+00   1.0169537e-01   9.6029647e-02
   2.1640402e+00   1.8295647e-01   3.9063082e-02
   2.0232534e+00   3.4303022e-01   2.8587374e-02
   1.7623042e+00   5.5990798e-01   3.9225333e-02
   1.4299465e+00   6.9550633e-01   8.7850307e-02
   1.1849555e+00   5.8232873e-01   2.4440178e-01
   1.2156283e+00   3.1233833e-01   5.6928871e-01
   1.5535215e+00   1.3206840e-01   7.1124275e-01
   1.9024774e+00   7.8673304e-02   3.7573077e-01
   2.1037148e+00   9.3234124e-02   1.1823992e-01
   2.1684845e+00   1.6277302e-01   4.4095983e-02
   2.0559961e+00   3.0725731e-01   2.8710545e-02
   1.8178471e+00   5.1928152e-01   3.5286100e-02
   1.4912968e+00   6.8537051e-01   7.3293678e-02
   1.2151087e+00   6.2287006e-01   2.0093330e-01
   1.1822505e+00   3.6250080e-01   5.0062135e-01
   1.4895666e+00   1.5492680e-01   7.2590257e-01
   1.8499483e+00   8.3309781e-02   4.4984704e-01
   2.0787162e+00   8.7574838e-02   1.4990663e-01
   2.1637993e+00   1.4616388e-01   5.2512197e-02
   2.0834924e+00   2.7494703e-01   3.0701547e-02
   1.8693149e+00   4.7759434e-01   3.3765197e-02
   1.5544962e+00   6.6459550e-01   6.4504267e-02
   1.2568961e+00   6.5024606e-01   1.7147698e-01
   1.1706476e+00   4.0838987e-01   4.4600893e-01
   1.4441412e+00   1.7843869e-01   7.2858211e-01
   1.8055247e+00   8.8811210e-02   5.2002894e-01
   2.0556975e+00   8.3288545e-02   1.8473760e-01
   2.1586914e+00   1.3245171e-01   6.1546102e-02
   2.1074682e+00   2.4774990e-01   3.2607547e-02
   1.9137377e+00   4.4048098e-01   3.2314066e-02
   1.6112248e+00   6.4169290e-01   5.6934926e-02
   1.2982239e+00   6.7064633e-01   1.4613895e-01
   1.1653278e+00   4.5342407e-01   3.9203020e-01
   1.3766462e+00   2.0542985e-01   7.1102372e-01
   1.7441295e+00   9.5090225e-02   5.8426198e-01
   2.0238590e+00   7.9090527e-02   2.2223041e-01
   2.1501571e+00   1.1900166e-01   7.0305283e-02
   2.1299688e+00   2.2113558e-01   3.3465781e-02
   1.9568834e+00   4.0267187e-01   2.9601899e-02
   1.6686421e+00   6.1494893e-01   4.7679408e-02
   1.3428159e+00   6.8954724e-01   1.1728160e-01
   1.1608949e+00   5.0831241e-01   3.2348482e-01
   1.2963669e+00   2.4530126e-01   6.5772538e-01
   1.6617679e+00   1.0764029e-01   6.4536347e-01
   1.9758610e+00   7.7653532e-02   2.7786845e-01
   2.1331943e+00   1.0712247e-01   8.6309865e-02
   2.1525808e+00   1.9514947e-01   3.6982903e-02
   2.0015260e+00   3.6251371e-01   2.8868776e-02
   1.7313866e+00   5.7909039e-01   4.1861308e-02
   1.3999480e+00   6.9562959e-01   9.6965925e-02
   1.1747806e+00   5.5817928e-01   2.6980947e-01
   1.2400395e+00   2.8820784e-01   6.0240821e-01
   1.5897485e+00   1.2255373e-01   6.9447508e-01
   1.9286480e+00   7.7602738e-02   3.4044206e-01
   2.1149274e+00   9.7227757e-02   1.0567694e-01
   2.1694673e+00   1.7272499e-01   4.1098928e-02
   2.0404645e+00   3.2564234e-01   2.8395248e-02
   1.7894556e+00   5.4117294e-01   3.6986780e-02
   1.4584801e+00   6.9262232e-01   8.0064978e-02
   1.1971196e+00   6.0338327e-01   2.2181916e-01
   1.1963447e+00   3.3640443e-01   5.3536789e-01
   1.5206309e+00   1.4260189e-01   7.2040052e-01
   1.8766892e+00   8.0631758e-02   4.1092189e-01
   2.0917878e+00   9.0278551e-02   1.3253342e-01
   2.1664537e+00   1.5443163e-01   4.7859700e-02
   2.0695544e+00   2.9120148e-01   2.9564206e-02
   1.8431980e+00   4.9896983e-01   3.4436562e-02
   1.5219897e+00   6.7607892e-01   6.8731223e-02
   1.2346232e+00   6.3716863e-01   1.8587092e-01
   1.1752076e+00   3.8478125e-01   4.7372449e-01
   1.4665095e+00   1.6594542e-01   7.2912120e-01
   1.8282766e+00   8.5742568e-02   4.8397730e-01
   2.0677592e+00   8.5313589e-02   1.6598983e-01
   2.1615456e+00   1.3924949e-01   5.6644752e-02
   2.0953672e+00   2.6135901e-01   3.1551011e-02
   1.8913333e+00   4.5934010e-01   3.2984564e-02
   1.5823079e+00   6.5395927e-01   6.0604531e-02
   1.2765489e+00   6.6108521e-01   1.5853158e-01
   1.1669578e+00   4.3044462e-01   4.1921153e-01
   1.4110057e+00   1.9117946e-01   7.2178938e-01
   1.7760804e+00   9.1683124e-02   5.5196521e-01
   2.0406914e+00   8.1108328e-02   2.0242358e-01
   2.1548462e+00   1.2567684e-01   6.5672952e-02
   2.1187302e+00   2.3442088e-01   3.3014277e-02
   1.9352570e+00   4.2181233e-01   3.0956944e-02
   1.6395242e+00   6.2912990e-01   5.2232082e-02
   1.3195533e+00   6.8087781e-01   1.3144306e-01
   1.1620219e+00   4.8028386e-01   3.5798665e-01
   1.3359336e+00   2.2402630e-01   6.8774084e-01
   1.7041040e+00   1.0062108e-01   6.1628813e-01
   2.0012883e+00   7.8004266e-02   2.4804630e-01
   2.1425571e+00   1.1276567e-01   7.7394679e-02
   2.1413526e+00   2.0781746e-01   3.4909852e-02
   1.9793851e+00   3.8245210e-01   2.9019507e-02
   1.6999870e+00   5.9771630e-01   4.4394286e-02
   1.3704630e+00   6.9417589e-01   1.0614075e-01
   1.1659059e+00   5.3426904e-01   2.9472141e-01
   1.2652203e+00   2.6665647e-01   6.2984210e-01
   1.6240887e+00   1.1487333e-01   6.7180587e-01
   1.9518733e+00   7.7455709e-02   3.0869032e-01
   2.1241147e+00   1.0188952e-01   9.5639312e-02
   2.1636114e+00   1.8339947e-01   3.8978573e-02
   2.0224515e+00   3.4374667e-01   2.8594598e-02
   1.7611598e+00   5.6063596e-01   3.9317191e-02
   1.4288120e+00   6.9555499e-01   8.8170526e-02
   1.1845298e+00   5.8145534e-01   2.4530980e-01
   1.2164693e+00   3.1142039e-01   5.7054676e-01
   1.5548448e+00   1.3169336e-01   7.1071959e-01
   1.9034655e+00   7.8621687e-02   3.7438821e-01
   2.1041501e+00   9.3371834e-02   1.1774013e-01
   2.1685359e+00   1.6312747e-01   4.3974448e-02
   2.0554365e+00   3.0792059e-01   2.8693761e-02
   1.8168153e+00   5.2009154e-01   3.5341599e-02
   1.4900806e+00   6.8568025e-01   7.3523467e-02
   1.2144021e+00   6.2219799e-01   2.0165436e-01
   1.1826921e+00   3.6153928e-01   5.0187575e-01
   1.4906577e+00   1.5445714e-01   7.2579118e-01
   1.8509251e+00   8.3201472e-02   4.4841451e-01
   2.0792056e+00   8.7665996e-02   1.4923499e-01
   2.1639068e+00   1.4645536e-01   5.2331336e-02
   2.0829927e+00   2.7552579e-01   3.0656818e-02
   1.8683774e+00   4.7836897e-01   3.3786975e-02
   1.5533147e+00   6.6503978e-01   6.4650562e-02
   1.2560604e+00   6.4980352e-01   1.7198078e-01
   1.1707699e+00   4.0752586e-01   4.4701487e-01
   1.4449278e+00   1.7796469e-01   7.2868048e-01
   1.8063575e+00   8.8688332e-02   5.1871759e-01
   2.0561501e+00   8.3355020e-02   1.8401679e-01
   2.1588061e+00   1.3269043e-01   6.1354893e-02
   2.1070339e+00   2.4823337e-01   3.2564827e-02
   1.9129344e+00   4.4116166e-01   3.2334707e-02
   1.6101770e+00   6.4215931e-01   5.7059332e-02
   1.2974148e+00   6.7033490e-01   1.4656472e-01
   1.1653419e+00   4.5259788e-01   3.9298980e-01
   1.3778335e+00   2.0489969e-01   7.1146539e-01
   1.7452743e+00   9.4958126e-02   5.8311614e-01
   2.0244758e+00   7.9156602e-02   2.2148647e-01
   2.1503359e+00   1.1923257e-01   7.0128464e-02
   2.1295732e+00   2.2159934e-01   3.3446389e-02
   1.9561227e+00   4.0335013e-01   2.9646791e-02
   1.6676066e+00   6.1547623e-01   4.7832148e-02
   1.3419623e+00   6.8928054e-01   1.1775820e-01
   1.1608832e+00   5.0732544e-01   3.2467375e-01
   1.2977023e+00   2.4451837e-01   6.5886101e-01
   1.6632632e+00   1.0737117e-01   6.4441447e-01
   1.9767873e+00   7.7653755e-02   2.7676613e-01
   2.1335476e+00   1.0730928e-01   8.5967719e-02
   2.1521909e+00   1.9557915e-01   3.6900536e-02
   2.0007615e+00   3.6320065e-01   2.8867902e-02
   1.7302962e+00   5.7975704e-01   4.1939363e-02
   1.3988973e+00   6.9562767e-01   9.7258563e-02
   1.1744155e+00   5.5737951e-01   2.7062299e-01
   1.2408300e+00   2.8745282e-01   6.0335885e-01
   1.5908957e+00   1.2227761e-01   6.9374881e-01
   1.9294473e+00   7.7591613e-02   3.3931978e-01
   2.1152506e+00   9.7381236e-02   1.0531348e-01
   2.1694668e+00   1.7308050e-01   4.1022226e-02
   2.0399205e+00   3.2628035e-01   2.8400590e-02
   1.7884827e+00   5.4190086e-01   3.7066218e-02
   1.4573935e+00   6.9279657e-01   8.0344862e-02
   1.1965968e+00   6.0262882e-01   2.2265058e-01
   1.1969906e+00   3.3546791e-01   5.3670262e-01
   1.5218413e+00   1.4216815e-01   7.2018603e-01
   1.8776842e+00   8.0536256e-02   4.0955006e-01
   2.0922669e+00   9.0374004e-02   1.3193451e-01
   2.1665531e+00   1.5472842e-01   4.7693801e-02
   2.0690576e+00   2.9178737e-01   2.9518345e-02
   1.8422598e+00   4.9973344e-01   3.4452321e-02
   1.5208288e+00   6.7647564e-01   6.8867908e-02
   1.2338336e+00   6.3670919e-01   1.8634985e-01
   1.1753516e+00   3.8399749e-01   4.7460264e-01
   1.4672480e+00   1.6555295e-01   7.2898490e-01
   1.8290070e+00   8.5659489e-02   4.8274241e-01
   2.0681317e+00   8.5398073e-02   1.6540587e-01
   2.1616169e+00   1.3949803e-01   5.6501372e-02
   2.0949397e+00   2.6184299e-01   3.1527320e-02
   1.8905489e+00   4.5999292e-01   3.3020830e-02
   1.5813144e+00   6.5434650e-01   6.0757393e-02
   1.2758456e+00   6.6068730e-01   1.5902555e-01
   1.1671112e+00   4.2960188e-01   4.2026464e-01
   1.4123608e+00   1.9067070e-01   7.2218592e-01
   1.7772849e+00   9.1561706e-02   5.5079877e-01
   2.0413138e+00   8.1182568e-02   2.0172830e-01
   2.1550187e+00   1.2592347e-01   6.5507286e-02
   2.1183195e+00   2.3491244e-01   3.2995619e-02
   1.9344600e+00   4.2251301e-01   3.1004326e-02
   1.6384598e+00   6.2962837e-01   5.2398924e-02
   1.3187226e+00   6.8053478e-01   1.3196740e-01
   1.1620919e+00   4.7928011e-01   3.5923362e-01
   1.3373933e+00   2.2330178e-01   6.8869411e-01
   1.7056010e+00   1.0039602e-01   6.1514648e-01
   2.0021570e+00   7.8033673e-02   2.4703303e-01
   2.1428611e+00   1.1298593e-01   7.7107578e-02
   2.1409364e+00   2.0829660e-01   3.4848287e-02
   1.9785644e+00   3.8319134e-01   2.9035119e-02
   1.6988337e+00   5.9837424e-01   4.4504024e-02
   1.3694158e+00   6.9405719e-01   1.0652025e-01
   1.1656597e+00   5.3334057e-01   2.9572458e-01
   1.2662754e+00   2.6585802e-01   6.3088765e-01
   1.6254348e+00   1.1459461e-01   6.7090616e-01
   1.9527561e+00   7.7454665e-02   3.0752892e-01
   2.1244578e+00   1.0207087e-01   9.5278197e-02
   2.1632123e+00   1.8381268e-01   3.8900514e-02
   2.0217045e+00   3.4441430e-01   2.8601630e-02
   1.7600940e+00   5.6131274e-01   3.9403243e-02
   1.4277572e+00   6.9559705e-01   8.8470167e-02
   1.1841371e+00   5.8064000e-01   2.4615835e-01
   1.2172576e+00   3.1056673e-01   5.7171753e-01
   1.5560795e+00   1.3134546e-01   7.1022578e-01
   1.9043851e+00   7.8574363e-02   3.7313973e-01
   2.1045544e+00   9.3500758e-02   1.1727687e-01
   2.1685829e+00   1.6345856e-01   4.3861904e-02
   2.0549141e+00   3.0853965e-01   2.8678415e-02
   1.8158527e+00   5.2084625e-01   3.5393712e-02
   1.4889476e+00   6.8596620e-01   7.3738729e-02
   1.2137462e+00   6.2156879e-01   2.0232910e-01
   1.1831083e+00   3.6064350e-01   5.0304582e-01
   1.4916774e+00   1.5402074e-01   7.2568083e-01
   1.8518356e+00   8.3101295e-02   4.4707958e-01
   2.0796609e+00   8.7751541e-02   1.4861157e-01
   2.1640062e+00   1.4672783e-01   5.2163576e-02
   2.0825261e+00   2.7606637e-01   3.0615393e-02
   1.8675023e+00   4.7909156e-01   3.3807521e-02
   1.5522127e+00   6.6545224e-01   6.4787593e-02
   1.2552830e+00   6.4938834e-01   1.7245220e-01
   1.1708873e+00   4.0672016e-01   4.4795378e-01
   1.4456637e+00   1.7752384e-01   7.2876734e-01
   1.8071342e+00   8.8574440e-02   5.1749430e-01
   2.0565715e+00   8.3417467e-02   1.8334707e-01
   2.1589125e+00   1.3291361e-01   6.1177392e-02
   2.1066284e+00   2.4868505e-01   3.2525233e-02
   1.9121843e+00   4.4179690e-01   3.2354156e-02
   1.6091994e+00   6.4259308e-01   5.7175864e-02
   1.2966613e+00   6.7004214e-01   1.4696326e-01
   1.1653579e+00   4.5182684e-01   3.9388630e-01
   1.3789444e+00   2.0440619e-01   7.1187361e-01
   1.7463428e+00   9.4835553e-02   5.8204548e-01
   2.0250506e+00   7.9218734e-02   2.2079442e-01
   2.1505020e+00   1.1944871e-01   6.9964217e-02
   2.1292035e+00   2.2203310e-01   3.3428541e-02
   1.9554116e+00   4.0398383e-01   2.9688970e-02
   1.6666393e+00   6.1596723e-01   4.7975457e-02
   1.3411669e+00   6.8902855e-01   1.1820524e-01
   1.1608758e+00   5.0640267e-01   3.2578713e-01
   1.2989548e+00   2.4378871e-01   6.5991790e-01
   1.6646609e+00   1.0712105e-01   6.4352213e-01
   1.9776512e+00   7.7654760e-02   2.7573908e-01
   2.1338764e+00   1.0748467e-01   8.5649807e-02
   2.1518261e+00   1.9598186e-01   3.6824166e-02
   2.0000460e+00   3.6384381e-01   2.8867474e-02
   1.7292759e+00   5.8037961e-01   4.2013007e-02
   1.3979158e+00   6.9562278e-01   9.7533971e-02
   1.1740775e+00   5.5662917e-01   2.7138741e-01
   1.2415750e+00   2.8674677e-01   6.0424859e-01
   1.5919719e+00   1.2201986e-01   6.9306533e-01
   1.9301958e+00   7.7581587e-02   3.3827094e-01
   2.1155527e+00   9.7525365e-02   1.0497439e-01
   2.1694658e+00   1.7341409e-01   4.0950662e-02
   2.0394103e+00   3.2687868e-01   2.8405688e-02
   1.7875706e+00   5.4258239e-01   3.7140855e-02
   1.4563760e+00   6.9295750e-01   8.0607894e-02
   1.1961094e+00   6.0192037e-01   2.2343138e-01
   1.1975991e+00   3.3459199e-01   5.3795159e-01
   1.5229765e+00   1.4176360e-01   7.1997718e-01
   1.8786150e+00   8.0447764e-02   4.0826623e-01
   2.0927141e+00   9.0464114e-02   1.3137642e-01
   2.1666451e+00   1.5500727e-01   4.7539406e-02
   2.0685916e+00   2.9233726e-01   2.9475814e-02
   1.8413800e+00   5.0044902e-01   3.4467514e-02
   1.5197412e+00   6.7684517e-01   6.8996935e-02
   1.2330961e+00   6.3627578e-01   1.8680097e-01
   1.1754907e+00   3.8326242e-01   4.7542773e-01
   1.4679434e+00   1.6518562e-01   7.2885432e-01
   1.8296928e+00   8.5581925e-02   4.8158500e-01
   2.0684810e+00   8.5477541e-02   1.6485989e-01
   2.1616836e+00   1.3973150e-01   5.6367270e-02
   2.0945385e+00   2.6229746e-01   3.1505132e-02
   1.8898126e+00   4.6060540e-01   3.3054865e-02
   1.5803824e+00   6.5470853e-01   6.0900997e-02
   1.2751871e+00   6.6031258e-01   1.5948961e-01
   1.1672570e+00   4.2881217e-01   4.2125198e-01
   1.4136331e+00   1.9019522e-01   7.2255190e-01
   1.7784133e+00   9.1448739e-02   5.4970367e-01
   2.0418959e+00   8.1252794e-02   2.0107883e-01
   2.1551793e+00   1.2615550e-01   6.5352867e-02
   2.1179335e+00   2.3537447e-01   3.2978495e-02
   1.9337114e+00   4.2317074e-01   3.1049183e-02
   1.6374611e+00   6.3009431e-01   5.2556424e-02
   1.3179452e+00   6.8020952e-01   1.3246201e-01
   1.1621619e+00   4.7833688e-01   3.6040769e-01
   1.3387697e+00   2.2262300e-01   6.8958516e-01
   1.7070080e+00   1.0018575e-01   6.1407006e-01
   2.0029718e+00   7.8061981e-02   2.4608428e-01
   2.1431456e+00   1.1319365e-01   7.6839306e-02
   2.1405448e+00   2.0874792e-01   3.4790887e-02
   1.9777921e+00   3.8388693e-01   2.9050101e-02
   1.6977490e+00   5.9899153e-01   4.4607816e-02
   1.3684327e+00   6.9394229e-01   1.0687882e-01
   1.1654320e+00   5.3246594e-01   2.9667092e-01
   1.2672729e+00   2.6510841e-01   6.3186864e-01
   1.6267026e+00   1.1433358e-01   6.7005475e-01
   1.9535856e+00   7.7454338e-02   3.0643904e-01
   2.1247794e+00   1.0224218e-01   9.4940132e-02
   2.1628367e+00   1.8420248e-01   3.8827543e-02
   2.0210006e+00   3.4504356e-01   2.8608519e-02
   1.7590899e+00   5.6194918e-01   3.9484742e-02
   1.4267650e+00   6.9563380e-01   8.8753672e-02
   1.1837703e+00   5.7987025e-01   2.4696022e-01
   1.2180047e+00   3.0976369e-01   5.7281954e-01
   1.5572444e+00   1.3101896e-01   7.0975478e-01
   1.9052507e+00   7.8530447e-02   3.7196534e-01
   2.1049343e+00   9.3622800e-02   1.1684242e-01
   2.1686264e+00   1.6377133e-01   4.3756457e-02
   2.0544211e+00   3.0912397e-01   2.8664213e-02
   1.8149447e+00   5.2155747e-01   3.5443181e-02
   1.4878800e+00   6.8623333e-01   7.3942624e-02
   1.2131305e+00   6.2097319e-01   2.0296757e-01
   1.1835048e+00   3.5979942e-01   5.0414967e-01
   1.4926414e+00   1.5361052e-01   7.2557105e-01
   1.8526939e+00   8.3007538e-02   4.4582139e-01
   2.0800893e+00   8.7832696e-02   1.4802615e-01
   2.1640991e+00   1.4698539e-01   5.2006142e-02
   2.0820856e+00   2.7657700e-01   3.0576572e-02
   1.8666762e+00   4.7977328e-01   3.3827106e-02
   1.5511734e+00   6.6583963e-01   6.4917367e-02
   1.2545513e+00   6.4899456e-01   1.7289822e-01
   1.1710009e+00   4.0596031e-01   4.4884002e-01
   1.4463598e+00   1.7710908e-01   7.2884492e-01
   1.8078668e+00   8.8467641e-02   5.1634021e-01
   2.0569684e+00   8.3476770e-02   1.8271760e-01
   2.1590122e+00   1.3312462e-01   6.1010700e-02
   2.1062456e+00   2.4911179e-01   3.2488106e-02
   1.9114762e+00   4.4239647e-01   3.2372680e-02
   1.6082769e+00   6.4300114e-01   5.7286238e-02
   1.2959517e+00   6.6976395e-01   1.4734046e-01
   1.1653753e+00   4.5109910e-01   3.9473332e-01
   1.3799956e+00   2.0394152e-01   7.1225539e-01
   1.7473513e+00   9.4720485e-02   5.8103379e-01
   2.0255923e+00   7.9277792e-02   2.2014321e-01
   2.1506581e+00   1.1965326e-01   6.9809870e-02
   2.1288540e+00   2.2244335e-01   3.3411914e-02
   1.9547395e+00   4.0458257e-01   2.9729032e-02
   1.6657257e+00   6.1642965e-01   4.8111393e-02
   1.3404171e+00   6.8878797e-01   1.1862916e-01
   1.1608719e+00   5.0553026e-01   3.2684135e-01
   1.3001424e+00   2.4310091e-01   6.6091276e-01
   1.6659821e+00   1.0688592e-01   6.4267399e-01
   1.9784662e+00   7.7656416e-02   2.7477121e-01
   2.1341858e+00   1.0765115e-01   8.5350989e-02
   2.1514810e+00   1.9636348e-01   3.6752530e-02
   1.9993688e+00   3.6445267e-01   2.8867418e-02
   1.7283105e+00   5.8096758e-01   4.2083230e-02
   1.3969887e+00   6.9561538e-01   9.7795971e-02
   1.1737608e+00   5.5591745e-01   2.7211353e-01
   1.2422845e+00   2.8607911e-01   6.0509062e-01
   1.5929928e+00   1.2177655e-01   6.9241516e-01
   1.9309043e+00   7.7572445e-02   3.3727971e-01
   2.1158383e+00   9.7662200e-02   1.0465445e-01
   2.1694645e+00   1.7373056e-01   4.0883134e-02
   2.0389265e+00   3.2744599e-01   2.8410599e-02
   1.7867060e+00   5.4322759e-01   3.7211747e-02
   1.4554127e+00   6.9310787e-01   8.0857791e-02
   1.1956498e+00   6.0124782e-01   2.2417269e-01
   1.1981786e+00   3.3376357e-01   5.3913335e-01
   1.5240526e+00   1.4138199e-01   7.1977230e-01
   1.8794953e+00   8.0364809e-02   4.0705135e-01
   2.0931362e+00   9.0550082e-02   1.3085042e-01
   2.1667312e+00   1.5527214e-01   4.7394063e-02
   2.0681494e+00   2.9285903e-01   2.9435911e-02
   1.8405456e+00   5.0112702e-01   3.4482289e-02
   1.5187110e+00   6.7719331e-01   6.9120027e-02
   1.2323995e+00   6.3586257e-01   1.8723048e-01
   1.1756262e+00   3.8256540e-01   4.7621141e-01
   1.4686054e+00   1.6483796e-01   7.2872805e-01
   1.8303438e+00   8.5508695e-02   4.8048818e-01
   2.0688121e+00   8.5553103e-02   1.6434367e-01
   2.1617466e+00   1.3995321e-01   5.6240443e-02
   2.0941578e+00   2.6272893e-01   3.1484122e-02
   1.8891138e+00   4.6118635e-01   3.3087159e-02
   1.5794985e+00   6.5505077e-01   6.1037385e-02
   1.2745636e+00   6.5995590e-01   1.5993034e-01
   1.1673970e+00   4.2806393e-01   4.2218790e-01
   1.4148409e+00   1.8974585e-01   7.2289364e-01
   1.7794820e+00   9.1342424e-02   5.4866429e-01
   2.0424463e+00   8.1319920e-02   2.0046530e-01
   2.1553306e+00   1.2637618e-01   6.5207290e-02
   2.1175669e+00   2.3581347e-01   3.2962593e-02
   1.9330005e+00   4.2379494e-01   3.1092094e-02
   1.6365135e+00   6.3053473e-01   5.2706688e-02
   1.3172095e+00   6.7989792e-01   1.3293359e-01
   1.1622323e+00   4.7744083e-01   3.6152508e-01
   1.3400815e+00   2.2198002e-01   6.9042734e-01
   1.7083448e+00   9.9987099e-02   6.1304429e-01
   2.0037444e+00   7.8089478e-02   2.4518608e-01
   2.1434146e+00   1.1339164e-01   7.6585812e-02
   2.1401725e+00   2.0917763e-01   3.4736764e-02
   1.9770574e+00   3.8454854e-01   2.9064616e-02
   1.6967177e+00   5.9957705e-01   4.4707023e-02
   1.3674998e+00   6.9383011e-01   1.0722122e-01
   1.1652188e+00   5.3163315e-01   2.9757324e-01
   1.2682259e+00   2.6439691e-01   6.3279919e-01
   1.6279096e+00   1.1408641e-01   6.6924060e-01
   1.9543738e+00   7.7454614e-02   3.0540504e-01
   2.1250844e+00   1.0240571e-01   9.4620118e-02
   2.1624793e+00   1.8457415e-01   3.8758563e-02
   2.0203303e+00   3.4564304e-01   2.8615316e-02
   1.7581339e+00   5.6255421e-01   3.9562739e-02
   1.4258217e+00   6.9566621e-01   8.9024741e-02
   1.1834240e+00   5.7913582e-01   2.4772602e-01
   1.2187200e+00   3.0900007e-01   5.7386804e-01
   1.5583553e+00   1.3070918e-01   7.0930106e-01
   1.9060743e+00   7.8489230e-02   3.7084864e-01
   2.1052952e+00   9.3739545e-02   1.1643050e-01
   2.1686670e+00   1.6406994e-01   4.3656567e-02
   2.0539508e+00   3.0968141e-01   2.8650921e-02
   1.8140788e+00   5.2223491e-01   3.5490631e-02
   1.4868632e+00   6.8648564e-01   7.4137786e-02
   1.2125461e+00   6.2040344e-01   2.0357810e-01
   1.1838864e+00   3.5899548e-01   5.0520222e-01
   1.4935621e+00   1.5322072e-01   7.2546125e-01
   1.8535117e+00   8.2918814e-02   4.4462277e-01
   2.0804969e+00   8.7910487e-02   1.4747037e-01
   2.1641871e+00   1.4723145e-01   5.1856768e-02
   2.0816653e+00   2.7706447e-01   3.0539790e-02
   1.8658880e+00   4.8042333e-01   3.3845963e-02
   1.5501826e+00   6.6620744e-01   6.5041561e-02
   1.2538553e+00   6.4861719e-01   1.7332469e-01
   1.1711118e+00   4.0523598e-01   4.4968548e-01
   1.4470252e+00   1.7671463e-01   7.2891495e-01
   1.8085652e+00   8.8366390e-02   5.1523974e-01
   2.0573460e+00   8.3533670e-02   1.8211950e-01
   2.1591068e+00   1.3332624e-01   6.0852442e-02
   2.1058804e+00   2.4951926e-01   3.2452909e-02
   1.9108004e+00   4.4296841e-01   3.2390504e-02
   1.6073972e+00   6.4338918e-01   5.7391880e-02
   1.2952762e+00   6.6949688e-01   1.4770126e-01
   1.1653942e+00   4.5040488e-01   3.9554213e-01
   1.3810008e+00   2.0349927e-01   7.1261642e-01
   1.7483135e+00   9.4611276e-02   5.8006768e-01
   2.0261083e+00   7.9334503e-02   2.1952378e-01
   2.1508064e+00   1.1984890e-01   6.9663239e-02
   2.1285202e+00   2.2283547e-01   3.3396250e-02
   1.9540973e+00   4.0515431e-01   2.9767476e-02
   1.6648535e+00   6.1686988e-01   4.8241684e-02
   1.3397027e+00   6.8855598e-01   1.1903537e-01
   1.1608711e+00   5.0469670e-01   3.2785006e-01
   1.3012802e+00   2.4244560e-01   6.6185936e-01
   1.6672443e+00   1.0666247e-01   6.4185956e-01
   1.9792432e+00   7.7658638e-02   2.7384929e-01
   2.1344802e+00   1.0781081e-01   8.5067053e-02
   2.1511511e+00   1.9672891e-01   3.6684593e-02
   1.9987211e+00   3.6503516e-01   2.8867680e-02
   1.7273874e+00   5.8152879e-01   4.2150872e-02
   1.3961035e+00   6.9560579e-01   9.8047783e-02
   1.1734610e+00   5.5523530e-01   2.7281042e-01
   1.2429672e+00   2.8544107e-01   6.0589590e-01
   1.5939713e+00   1.2154440e-01   6.9179030e-01
   1.9315821e+00   7.7564017e-02   3.3633295e-01
   2.1161112e+00   9.7793464e-02   1.0434934e-01
   2.1694627e+00   1.7403392e-01   4.0818733e-02
   2.0384629e+00   3.2798954e-01   2.8415377e-02
   1.7858780e+00   5.4384486e-01   3.7279785e-02
   1.4544911e+00   6.9324991e-01   8.1097678e-02
   1.1952117e+00   6.0060270e-01   2.2488383e-01
   1.1987361e+00   3.3297178e-01   5.4026334e-01
   1.5250836e+00   1.4101814e-01   7.1956978e-01
   1.8803367e+00   8.0286191e-02   4.0588957e-01
   2.0935390e+00   9.0632928e-02   1.3034931e-01
   2.1668127e+00   1.5552635e-01   4.7255759e-02
   2.0677256e+00   2.9335930e-01   2.9398062e-02
   1.8397462e+00   5.0177617e-01   3.4496780e-02
   1.5177248e+00   6.7752482e-01   6.9238650e-02
   1.2317344e+00   6.3546460e-01   1.8764361e-01
   1.1757593e+00   3.8189756e-01   4.7696350e-01
   1.4692421e+00   1.6450546e-01   7.2860478e-01
   1.8309681e+00   8.5438821e-02   4.7943786e-01
   2.0691292e+00   8.5625697e-02   1.6385042e-01
   2.1618067e+00   1.4016595e-01   5.6119226e-02
   2.0937928e+00   2.6314282e-01   3.1464019e-02
   1.8884437e+00   4.6174316e-01   3.3118123e-02
   1.5786514e+00   6.5537775e-01   6.1168268e-02
   1.2739670e+00   6.5961290e-01   1.6035329e-01
   1.1675325e+00   4.2734754e-01   4.2308439e-01
   1.4159995e+00   1.8931664e-01   7.2321628e-01
   1.7805050e+00   9.1241288e-02   5.4766750e-01
   2.0429723e+00   8.1384723e-02   1.9987955e-01
   2.1554747e+00   1.2658822e-01   6.5068568e-02
   2.1172151e+00   2.3623493e-01   3.2947658e-02
   1.9323184e+00   4.2439349e-01   3.1133551e-02
   1.6356050e+00   6.3095544e-01   5.2851506e-02
   1.3165060e+00   6.7959646e-01   1.3338778e-01
   1.1623034e+00   4.7658078e-01   3.6259945e-01
   1.3413446e+00   2.2136455e-01   6.9123172e-01
   1.7096281e+00   9.9797425e-02   6.1205679e-01
   2.0044847e+00   7.8116428e-02   2.4432677e-01
   2.1436718e+00   1.1358229e-01   7.6343737e-02
   2.1398148e+00   2.0959098e-01   3.4685186e-02
   1.9763514e+00   3.8518434e-01   2.9078809e-02
   1.6957270e+00   6.0013823e-01   4.4802807e-02
   1.3666052e+00   6.9371965e-01   1.0755151e-01
   1.1650172e+00   5.3083203e-01   2.9844239e-01
   1.2691457e+00   2.6371455e-01   6.3369111e-01
   1.6290704e+00   1.1384990e-01   6.6845425e-01
   1.9551302e+00   7.7455419e-02   3.0441379e-01
   2.1253766e+00   1.0256343e-01   9.4313991e-02
   2.1621356e+00   1.8493215e-01   3.8692665e-02
   2.0196853e+00   3.4622000e-01   2.8622071e-02
   1.7572141e+00   5.6313534e-01   3.9638134e-02
   1.4249154e+00   6.9569502e-01   8.9286537e-02
   1.1830936e+00   5.7842792e-01   2.4846480e-01
   1.2194118e+00   3.0826642e-01   5.7487590e-01
   1.5594254e+00   1.3041219e-01   7.0885975e-01
   1.9068661e+00   7.8450131e-02   3.6977582e-01
   2.1056415e+00   9.3852349e-02   1.1603585e-01
   2.1687054e+00   1.6435792e-01   4.3560948e-02
   2.0534975e+00   3.1021864e-01   2.8638348e-02
   1.8132446e+00   5.2288682e-01   3.5536597e-02
   1.4858849e+00   6.8672648e-01   7.4326473e-02
   1.2119856e+00   6.1985293e-01   2.0416783e-01
   1.1842572e+00   3.5822189e-01   5.0621610e-01
   1.4944507e+00   1.5284646e-01   7.2535076e-01
   1.8542989e+00   8.2833967e-02   4.4346918e-01
   2.0808885e+00   8.7985796e-02   1.4693724e-01
   2.1642712e+00   1.4746892e-01   5.1713562e-02
   2.0812602e+00   2.7753458e-01   3.0504572e-02
   1.8651283e+00   4.8104953e-01   3.3864294e-02
   1.5492283e+00   6.6656029e-01   6.5161611e-02
   1.2531863e+00   6.4825193e-01   1.7373657e-01
   1.1712210e+00   4.0453846e-01   4.5050027e-01
   1.4476677e+00   1.7633561e-01   7.2897875e-01
   1.8092379e+00   8.8269395e-02   5.1417966e-01
   2.0577092e+00   8.3588809e-02   1.8154531e-01
   2.1591974e+00   1.3352084e-01   6.0700625e-02
   2.1055283e+00   2.4991230e-01   3.2419195e-02
   1.9101489e+00   4.4351959e-01   3.2407821e-02
   1.6065496e+00   6.4376200e-01   5.7494014e-02
   1.2946264e+00   6.6923794e-01   1.4804985e-01
   1.1654144e+00   4.4973587e-01   3.9632230e-01
   1.3819716e+00   2.0307400e-01   7.1296142e-01
   1.7492407e+00   9.4506548e-02   5.7913571e-01
   2.0266049e+00   7.9389501e-02   2.1892847e-01
   2.1509488e+00   1.2003791e-01   6.9522487e-02
   2.1281980e+00   2.2321406e-01   3.3381335e-02
   1.9534777e+00   4.0570581e-01   2.9804734e-02
   1.6640124e+00   6.1729328e-01   4.8367815e-02
   1.3390152e+00   6.8833011e-01   1.1942851e-01
   1.1608731e+00   5.0389217e-01   3.2882495e-01
   1.3023812e+00   2.4181483e-01   6.6276928e-01
   1.6684623e+00   1.0644791e-01   6.4106976e-01
   1.9799916e+00   7.7661376e-02   2.7296213e-01
   2.1347631e+00   1.0796547e-01   8.4794459e-02
   2.1508324e+00   1.9708236e-01   3.6619494e-02
   1.9980953e+00   3.6559803e-01   2.8868225e-02
   1.7264958e+00   5.8206992e-01   4.2216665e-02
   1.3952498e+00   6.9559420e-01   9.8292204e-02
   1.1731741e+00   5.5457495e-01   2.7348595e-01
   1.2436306e+00   2.8482514e-01   6.0667382e-01
   1.5949186e+00   1.2132065e-01   6.9118382e-01
   1.9322372e+00   7.7556170e-02   3.3541949e-01
   2.1163745e+00   9.7920642e-02   1.0405540e-01
   2.1694607e+00   1.7432764e-01   4.0756687e-02
   2.0380143e+00   3.2851555e-01   2.8420068e-02
   1.7850769e+00   5.4444135e-01   3.7345737e-02
   1.4536005e+00   6.9338548e-01   8.1330254e-02
   1.1947898e+00   5.9997771e-01   2.2557287e-01
   1.1992777e+00   3.3220730e-01   5.4135477e-01
   1.5260813e+00   1.4066768e-01   7.1936803e-01
   1.8811491e+00   8.0210907e-02   4.0476734e-01
   2.0939272e+00   9.0713548e-02   1.2986702e-01
   2.1668907e+00   1.5577276e-01   4.7122793e-02
   2.0673153e+00   2.9384377e-01   2.9361789e-02
   1.8389724e+00   5.0240397e-01   3.4511115e-02
   1.5167713e+00   6.7784372e-01   6.9354086e-02
   1.2310930e+00   6.3507757e-01   1.8804493e-01
   1.1758912e+00   3.8125123e-01   4.7769246e-01
   1.4698604e+00   1.6418424e-01   7.2848336e-01
   1.8315728e+00   8.5371470e-02   4.7842196e-01
   2.0694361e+00   8.5696133e-02   1.6337434e-01
   2.1618648e+00   1.4037213e-01   5.6002198e-02
   2.0934394e+00   2.6354382e-01   3.1444591e-02
   1.8877947e+00   4.6228220e-01   3.3148111e-02
   1.5778315e+00   6.5569331e-01   6.1295128e-02
   1.2733905e+00   6.5927978e-01   1.6076322e-01
   1.1676652e+00   4.2665471e-01   4.2395176e-01
   1.4171219e+00   1.8890249e-01   7.2352406e-01
   1.7814941e+00   9.1144085e-02   5.4670200e-01
   2.0434800e+00   8.1447893e-02   1.9931462e-01
   2.1556133e+00   1.2679400e-01   6.4935022e-02
   2.1168740e+00   2.3664359e-01   3.2933485e-02
   1.9316573e+00   4.2497321e-01   3.1173992e-02
   1.6347255e+00   6.3136141e-01   5.2992446e-02
   1.3158264e+00   6.7930199e-01   1.3382954e-01
   1.1623756e+00   4.7574704e-01   3.6364270e-01
   1.3425726e+00   2.2076948e-01   6.9200776e-01
   1.7108723e+00   9.9614487e-02   6.1109676e-01
   2.0052010e+00   7.8143075e-02   2.4349636e-01
   2.1439202e+00   1.1376769e-01   7.6110218e-02
   2.1394677e+00   2.0999253e-01   3.4635533e-02
   1.9756660e+00   3.8580142e-01   2.9092813e-02
   1.6947658e+00   6.0068148e-01   4.4896194e-02
   1.3657387e+00   6.9360996e-01   1.0787325e-01
   1.1648246e+00   5.3005375e-01   2.9928784e-01
   1.2700420e+00   2.6305357e-01   6.3455456e-01
   1.6301980e+00   1.1362129e-01   6.6768737e-01
   1.9558636e+00   7.7456703e-02   3.0345401e-01
   2.1256593e+00   1.0271701e-01   9.4018188e-02
   2.1618020e+00   1.8528039e-01   3.8629070e-02
   2.0190586e+00   3.4678080e-01   2.8628837e-02
   1.7563205e+00   5.6369906e-01   3.9711724e-02
   1.4240361e+00   6.9572078e-01   8.9541847e-02
   1.1827751e+00   5.7773891e-01   2.4918449e-01
   1.2200873e+00   3.0755456e-01   5.7585431e-01
   1.5604665e+00   1.3012463e-01   7.0842648e-01
   1.9076347e+00   7.8412666e-02   3.6873492e-01
   2.1059772e+00   9.3962409e-02   1.1565395e-01
   2.1687421e+00   1.6463840e-01   4.3468496e-02
   2.0530563e+00   3.1074148e-01   2.8626334e-02
   1.8124332e+00   5.2352035e-01   3.5581558e-02
   1.4849342e+00   6.8695868e-01   7.4510679e-02
   1.2114428e+00   6.1931582e-01   2.0474303e-01
   1.1846209e+00   3.5747014e-01   5.0720239e-01
   1.4953165e+00   1.5248354e-01   7.2523884e-01
   1.8550641e+00   8.2752009e-02   4.4234794e-01
   2.0812687e+00   8.8059410e-02   1.4642072e-01
   2.1643525e+00   1.4770033e-01   5.1574890e-02
   2.0808658e+00   2.7799241e-01   3.0470512e-02
   1.8643887e+00   4.8165870e-01   3.3882285e-02
   1.5483002e+00   6.6690219e-01   6.5278789e-02
   1.2525370e+00   6.4789498e-01   1.7413827e-01
   1.1713294e+00   4.0386012e-01   4.5129324e-01
   1.4482942e+00   1.7596781e-01   7.2903737e-01
   1.8098921e+00   8.8175546e-02   5.1314844e-01
   2.0580620e+00   8.3642756e-02   1.8098857e-01
   2.1592851e+00   1.3371051e-01   6.0553532e-02
   2.1051857e+00   2.5029513e-01   3.2386576e-02
   1.9095146e+00   4.4405598e-01   3.2424809e-02
   1.6057249e+00   6.4412376e-01   5.7593722e-02
   1.2939953e+00   6.6898446e-01   1.4838994e-01
   1.1654360e+00   4.4908480e-01   3.9708225e-01
   1.3829185e+00   2.0266100e-01   7.1329441e-01
   1.7501433e+00   9.4405111e-02   5.7822785e-01
   2.0270876e+00   7.9443351e-02   2.1835066e-01
   2.1510868e+00   1.2022229e-01   6.9386031e-02
   2.1278840e+00   2.2358318e-01   3.3366991e-02
   1.9528738e+00   4.0624302e-01   2.9841192e-02
   1.6631932e+00   6.1770454e-01   4.8491104e-02
   1.3383468e+00   6.8810813e-01   1.1981270e-01
   1.1608774e+00   5.0310807e-01   3.2977637e-01
   1.3034571e+00   2.4120167e-01   6.6365261e-01
   1.6696492e+00   1.0623984e-01   6.4029647e-01
   1.9807196e+00   7.7664603e-02   2.7209997e-01
   2.1350377e+00   1.0811673e-01   8.4530144e-02
   2.1505217e+00   1.9742755e-01   3.6556490e-02
   1.9974847e+00   3.6614728e-01   2.8869034e-02
   1.7256262e+00   5.8259680e-01   4.2281272e-02
   1.3944184e+00   6.9558067e-01   9.8531736e-02
   1.1728969e+00   5.5392950e-01   2.7414708e-01
   1.2442813e+00   2.8422473e-01   6.0743262e-01
   1.5958445e+00   1.2110287e-01   6.9058950e-01
   1.9328763e+00   7.7548795e-02   3.3452950e-01
   2.1166312e+00   9.8045058e-02   1.0376944e-01
   2.1694584e+00   1.7461478e-01   4.0696322e-02
   2.0375758e+00   3.2902953e-01   2.8424717e-02
   1.7842943e+00   5.4502341e-01   3.7410286e-02
   1.4527315e+00   6.9351616e-01   8.1557927e-02
   1.1943796e+00   5.9936634e-01   2.2624696e-01
   1.1998090e+00   3.3146198e-01   5.4241926e-01
   1.5270561e+00   1.4032679e-01   7.1916544e-01
   1.8819413e+00   8.0138094e-02   4.0367272e-01
   2.0943051e+00   9.0792747e-02   1.2939825e-01
   2.1669660e+00   1.5601392e-01   4.6993690e-02
   2.0669142e+00   2.9431749e-01   2.9326678e-02
   1.8382163e+00   5.0301704e-01   3.4525417e-02
   1.5158404e+00   6.7815354e-01   6.9467492e-02
   1.2304684e+00   6.3469757e-01   1.8843850e-01
   1.1760231e+00   3.8061966e-01   4.7840584e-01
   1.4704666e+00   1.6387089e-01   7.2836266e-01
   1.8321642e+00   8.5305915e-02   4.7742975e-01
   2.0697358e+00   8.5765138e-02   1.6291033e-01
   2.1619213e+00   1.4057389e-01   5.5888107e-02
   2.0930938e+00   2.6393611e-01   3.1425633e-02
   1.8871600e+00   4.6280910e-01   3.3177438e-02
   1.5770301e+00   6.5600083e-01   6.1419281e-02
   1.2728278e+00   6.5895313e-01   1.6116440e-01
   1.1677962e+00   4.2597814e-01   4.2479914e-01
   1.4182198e+00   1.8849897e-01   7.2382059e-01
   1.7824597e+00   9.1049736e-02   5.4575775e-01
   2.0439750e+00   8.1510052e-02   1.9876440e-01
   2.1557478e+00   1.2699562e-01   6.4805185e-02
   2.1165402e+00   2.3704367e-01   3.2919899e-02
   1.9310105e+00   4.2554013e-01   3.1213815e-02
   1.6338655e+00   6.3175699e-01   5.3130923e-02
   1.3151634e+00   6.7901167e-01   1.3426333e-01
   1.1624494e+00   4.7493100e-01   3.6466547e-01
   1.3437781e+00   2.2018852e-01   6.9276375e-01
   1.7120903e+00   9.9436317e-02   6.1015450e-01
   2.0059011e+00   7.8169654e-02   2.4268607e-01
   2.1441624e+00   1.1394970e-01   7.5882743e-02
   2.1391276e+00   2.1038637e-01   3.4587264e-02
   1.9749944e+00   3.8640609e-01   2.9106756e-02
   1.6938244e+00   6.0121247e-01   4.4988111e-02
   1.3648915e+00   6.9350009e-01   1.0818965e-01
   1.1646387e+00   5.2929038e-01   3.0011813e-01
   1.2709238e+00   2.6240710e-01   6.3539857e-01
   1.6313038e+00   1.1339818e-01   6.6693238e-01
   1.9565815e+00   7.7458442e-02   3.0251566e-01
   2.1259356e+00   1.0286801e-01   9.3729568e-02
   2.1614750e+00   1.8562239e-01   3.8567098e-02
   2.0184437e+00   3.4733112e-01   2.8635667e-02
   1.7554440e+00   5.6425119e-01   3.9784233e-02
   1.4231748e+00   6.9574390e-01   8.9793204e-02
   1.1824650e+00   5.7706185e-01   2.4989230e-01
   1.2207532e+00   3.0685717e-01   5.7681325e-01
   1.5614890e+00   1.2984347e-01   7.0799714e-01
   1.9083882e+00   7.8376414e-02   3.6771523e-01
   2.1063057e+00   9.4070814e-02   1.1528080e-01
   2.1687775e+00   1.6491417e-01   4.3378237e-02
   2.0526228e+00   3.1125521e-01   2.8614744e-02
   1.8116362e+00   5.2414195e-01   3.5625952e-02
   1.4840015e+00   6.8718473e-01   7.4692225e-02
   1.2109119e+00   6.1878680e-01   2.0530943e-01
   1.1849810e+00   3.5673258e-01   5.0817105e-01
   1.4961682e+00   1.5212821e-01   7.2512467e-01
   1.8558152e+00   8.2672070e-02   4.4124767e-01
   2.0816413e+00   8.8132047e-02   1.4591543e-01
   2.1644317e+00   1.4792799e-01   5.1439303e-02
   2.0804782e+00   2.7844255e-01   3.0437252e-02
   1.8636620e+00   4.8225701e-01   3.3900104e-02
   1.5473887e+00   6.6723666e-01   6.5394251e-02
   1.2519006e+00   6.4754283e-01   1.7453376e-01
   1.1714381e+00   4.0319410e-01   4.5207236e-01
   1.4489109e+00   1.7560744e-01   7.2909162e-01
   1.8105345e+00   8.8083859e-02   5.1213564e-01
   2.0584078e+00   8.3696036e-02   1.8044354e-01
   2.1593707e+00   1.3389715e-01   6.0409634e-02
   2.1048489e+00   2.5067161e-01   3.2354711e-02
   1.9088912e+00   4.4458300e-01   3.2441630e-02
   1.6049148e+00   6.4447817e-01   5.7691988e-02
   1.2933764e+00   6.6873399e-01   1.4872491e-01
   1.1654591e+00   4.4844509e-01   3.9782961e-01
   1.3838509e+00   2.0225606e-01   7.1361894e-01
   1.7510301e+00   9.4305908e-02   5.7733501e-01
   2.0275612e+00   7.9496572e-02   2.1778441e-01
   2.1512219e+00   1.2040389e-01   6.9252456e-02
   2.1275752e+00   2.2394650e-01   3.3353059e-02
   1.9522797e+00   4.0677133e-01   2.9877204e-02
   1.6623878e+00   6.1810785e-01   4.8612759e-02
   1.3376908e+00   6.8788793e-01   1.2019171e-01
   1.1608841e+00   5.0233657e-01   3.3071372e-01
   1.3045183e+00   2.4059991e-01   6.6451837e-01
   1.6708169e+00   1.0603611e-01   6.3953223e-01
   1.9814344e+00   7.7668316e-02   2.7125404e-01
   2.1353069e+00   1.0826607e-01   8.4271378e-02
   2.1502158e+00   1.9776790e-01   3.6494922e-02
   1.9968834e+00   3.6668833e-01   2.8870096e-02
   1.7247700e+00   5.8311473e-01   4.2345309e-02
   1.3936010e+00   6.9556521e-01   9.8768695e-02
   1.1726264e+00   5.5329261e-01   2.7480028e-01
   1.2449258e+00   2.8363387e-01   6.0817985e-01
   1.5967582e+00   1.2088888e-01   6.9000161e-01
   1.9335060e+00   7.7541803e-02   3.3365408e-01
   2.1168837e+00   9.8167928e-02   1.0348856e-01
   2.1694557e+00   1.7489816e-01   4.0637029e-02
   2.0371432e+00   3.2953656e-01   2.8429367e-02
   1.7835226e+00   5.4559681e-01   3.7474063e-02
   1.4518753e+00   6.9364334e-01   8.1782916e-02
   1.1939769e+00   5.9876263e-01   2.2691270e-01
   1.2003350e+00   3.3072837e-01   5.4346738e-01
   1.5280176e+00   1.3999202e-01   7.1896034e-01
   1.8827210e+00   8.0066991e-02   4.0259484e-01
   2.0946765e+00   9.0871280e-02   1.2893823e-01
   2.1670395e+00   1.5625218e-01   4.6867128e-02
   2.0665183e+00   2.9478510e-01   2.9292364e-02
   1.8374703e+00   5.0362142e-01   3.4539809e-02
   1.5149229e+00   6.7845741e-01   6.9579951e-02
   1.2298543e+00   6.3432097e-01   1.8882813e-01
   1.1761559e+00   3.7999662e-01   4.7911057e-01
   1.4710666e+00   1.6356229e-01   7.2824160e-01
   1.8327482e+00   8.5241498e-02   4.7645147e-01
   2.0700314e+00   8.5833382e-02   1.6245375e-01
   2.1619769e+00   1.4077319e-01   5.5775818e-02
   2.0927526e+00   2.6432352e-01   3.1406958e-02
   1.8865334e+00   4.6332905e-01   3.3206390e-02
   1.5762394e+00   6.5630338e-01   6.1541941e-02
   1.2722735e+00   6.5862982e-01   1.6156074e-01
   1.1679267e+00   4.2531115e-01   4.2563487e-01
   1.4193041e+00   1.8810203e-01   7.2410903e-01
   1.7834114e+00   9.0957275e-02   5.4482551e-01
   2.0444622e+00   8.1571788e-02   1.9822338e-01
   2.1558798e+00   1.2719504e-01   6.4677741e-02
   2.1162103e+00   2.3743907e-01   3.2906751e-02
   1.9303716e+00   4.2609982e-01   3.1253393e-02
   1.6330167e+00   6.3214613e-01   5.3268261e-02
   1.3145106e+00   6.7872276e-01   1.3469330e-01
   1.1625253e+00   4.7412471e-01   3.6567764e-01
   1.3449725e+00   2.1961595e-01   6.9350722e-01
   1.7132940e+00   9.9261132e-02   6.0922097e-01
   2.0065916e+00   7.8196402e-02   2.4188785e-01
   2.1444008e+00   1.1413009e-01   7.5659040e-02
   2.1387913e+00   2.1077631e-01   3.4539891e-02
   1.9743299e+00   3.8700423e-01   2.9120762e-02
   1.6928934e+00   6.0173641e-01   4.5079433e-02
   1.3640550e+00   6.9338909e-01   1.0850374e-01
   1.1644576e+00   5.2853456e-01   3.0094125e-01
   1.2717995e+00   2.6176880e-01   6.3623140e-01
   1.6323985e+00   1.1317834e-01   6.6618213e-01
   1.9572909e+00   7.7460629e-02   3.0158956e-01
   2.1262081e+00   1.0301786e-01   9.3445268e-02
   2.1611513e+00   1.8596142e-01   3.8506128e-02
   2.0178348e+00   3.4787627e-01   2.8642618e-02
   1.7545761e+00   5.6479709e-01   3.9856348e-02
   1.4223230e+00   6.9576472e-01   9.0042997e-02
   1.1821604e+00   5.7639028e-01   2.5059496e-01
   1.2214159e+00   3.0616750e-01   5.7776201e-01
   1.5625028e+00   1.2956598e-01   7.0756779e-01
   1.9091338e+00   7.8341005e-02   3.6670687e-01
   2.1066303e+00   9.4178593e-02   1.1491274e-01
   2.1688119e+00   1.6518788e-01   4.3289280e-02
   2.0521929e+00   3.1176474e-01   2.8603458e-02
   1.8108461e+00   5.2475762e-01   3.5670198e-02
   1.4830778e+00   6.8740687e-01   7.4872832e-02
   1.2103877e+00   6.1826085e-01   2.0587240e-01
   1.1853409e+00   3.5600209e-01   5.0913137e-01
   1.4970140e+00   1.5177701e-01   7.2500733e-01
   1.8565594e+00   8.2593358e-02   4.4015778e-01
   2.0820099e+00   8.8204390e-02   1.4541644e-01
   2.1645097e+00   1.4815409e-01   5.1305472e-02
   2.0800937e+00   2.7888930e-01   3.0404463e-02
   1.8629411e+00   4.8285019e-01   3.3917917e-02
   1.5464853e+00   6.6756697e-01   6.5509091e-02
   1.2512710e+00   6.4719218e-01   1.7492682e-01
   1.1715479e+00   4.0253399e-01   4.5284509e-01
   1.4495236e+00   1.7525100e-01   7.2914215e-01
   1.8111712e+00   8.7993435e-02   5.1113157e-01
   2.0587502e+00   8.3749149e-02   1.7990489e-01
   2.1594552e+00   1.3408252e-01   6.0267525e-02
   2.1045148e+00   2.5104532e-01   3.2323287e-02
   1.9082727e+00   4.4510570e-01   3.2458440e-02
   1.6041115e+00   6.4482867e-01   5.7789746e-02
   1.2927637e+00   6.6848419e-01   1.4905794e-01
   1.1654838e+00   4.4781063e-01   3.9857150e-01
   1.3847776e+00   2.0185524e-01   7.1393821e-01
   1.7519097e+00   9.4207968e-02   5.7644867e-01
   2.0280304e+00   7.9549664e-02   2.1722423e-01
   2.1513554e+00   1.2058441e-01   6.9120458e-02
   2.1272684e+00   2.2430749e-01   3.3339400e-02
   1.9516897e+00   4.0729578e-01   2.9913108e-02
   1.6615884e+00   6.1850711e-01   4.8733930e-02
   1.3370410e+00   6.8766749e-01   1.2056913e-01
   1.1608932e+00   5.0157031e-01   3.3164588e-01
   1.3055749e+00   2.4000374e-01   6.6537492e-01
   1.6719765e+00   1.0583475e-01   6.3876989e-01
   1.9821430e+00   7.7672531e-02   2.7041620e-01
   2.1355732e+00   1.0841489e-01   8.4015642e-02
   2.1499118e+00   1.9810661e-01   3.6434187e-02
   1.9962855e+00   3.6722634e-01   2.8871413e-02
   1.7239190e+00   5.8362866e-01   4.2409373e-02
   1.3927897e+00   6.9554775e-01   9.9005304e-02
   1.1723600e+00   5.5265828e-01   2.7545167e-01
   1.2455698e+00   2.8304692e-01   6.0892258e-01
   1.5976682e+00   1.2067661e-01   6.8941463e-01
   1.9341320e+00   7.7535121e-02   3.3278489e-01
   2.1171344e+00   9.8290410e-02   1.0321007e-01
   2.1694527e+00   1.7518047e-01   4.0578239e-02
   2.0367124e+00   3.3004141e-01   2.8434060e-02
   1.7827543e+00   5.4616697e-01   3.7537669e-02
   1.4510239e+00   6.9376827e-01   8.2007339e-02
   1.1935778e+00   5.9816089e-01   2.2757636e-01
   1.2008607e+00   3.2999951e-01   5.4450912e-01
   1.5289750e+00   1.3966015e-01   7.1875096e-01
   1.8834957e+00   7.9996901e-02   4.0152347e-01
   2.0950448e+00   9.0949876e-02   1.2848253e-01
   2.1671118e+00   1.5648979e-01   4.6741883e-02
   2.0661239e+00   2.9525101e-01   2.9258509e-02
   1.8367274e+00   5.0422286e-01   3.4554418e-02
   1.5140101e+00   6.7875826e-01   6.9692509e-02
   1.2292448e+00   6.3394426e-01   1.8921746e-01
   1.1762910e+00   3.7937625e-01   4.7981330e-01
   1.4716661e+00   1.6325552e-01   7.2811908e-01
   1.8333301e+00   8.5177604e-02   4.7547785e-01
   2.0703256e+00   8.5901506e-02   1.6200026e-01
   2.1620321e+00   1.4097191e-01   5.5664263e-02
   2.0924127e+00   2.6470969e-01   3.1388390e-02
   1.8859090e+00   4.6384694e-01   3.3235244e-02
   1.5754519e+00   6.5660384e-01   6.1664265e-02
   1.2717222e+00   6.5830680e-01   1.6195598e-01
   1.1680581e+00   4.2464741e-01   4.2646688e-01
   1.4203848e+00   1.8770788e-01   7.2439222e-01
   1.7843583e+00   9.0865806e-02   5.4389651e-01
   2.0449462e+00   8.1633672e-02   1.9768638e-01
   2.1560105e+00   1.2739413e-01   6.4551461e-02
   2.1158814e+00   2.3783351e-01   3.2893908e-02
   1.9297346e+00   4.2665755e-01   3.1293094e-02
   1.6321711e+00   6.3253253e-01   5.3405740e-02
   1.3138617e+00   6.7843262e-01   1.3512347e-01
   1.1626040e+00   4.7332058e-01   3.6668868e-01
   1.3461671e+00   2.1904633e-01   6.9424520e-01
   1.7144945e+00   9.9087264e-02   6.0828746e-01
   2.0072792e+00   7.8223559e-02   2.4109416e-01
   2.1446377e+00   1.1431053e-01   7.5436973e-02
   2.1384556e+00   2.1116600e-01   3.4492961e-02
   1.9736664e+00   3.8760144e-01   2.9134962e-02
   1.6919642e+00   6.0225824e-01   4.5171013e-02
   1.3632216e+00   6.9327596e-01   1.0881846e-01
   1.1642797e+00   5.2777921e-01   3.0176489e-01
   1.2726773e+00   2.6113266e-01   6.3706093e-01
   1.6334924e+00   1.1295971e-01   6.6542966e-01
   1.9579985e+00   7.7463275e-02   3.0066696e-01
   2.1264794e+00   1.0316797e-01   9.3162588e-02
   2.1608281e+00   1.8630067e-01   3.8445581e-02
   2.0172261e+00   3.4842136e-01   2.8649750e-02
   1.7537087e+00   5.6534188e-01   3.9928739e-02
   1.4214728e+00   6.9578346e-01   9.0293553e-02
   1.1818582e+00   5.7571792e-01   2.5129905e-01
   1.2220813e+00   3.0547905e-01   5.7870946e-01
   1.5635173e+00   1.2928954e-01   7.0713447e-01
   1.9098785e+00   7.8306100e-02   3.6570037e-01
   2.1069539e+00   9.4286750e-02   1.1454628e-01
   2.1688457e+00   1.6546208e-01   4.3200785e-02
   2.0517624e+00   3.1227483e-01   2.8592367e-02
   1.8100554e+00   5.2537311e-01   3.5714706e-02
   1.4821544e+00   6.8762721e-01   7.5054186e-02
   1.2098655e+00   6.1773307e-01   2.0643720e-01
   1.1857038e+00   3.5527183e-01   5.1009235e-01
   1.4978618e+00   1.5142664e-01   7.2488578e-01
   1.8573037e+00   8.2515127e-02   4.3906806e-01
   2.0823779e+00   8.8277112e-02   1.4491903e-01
   2.1645872e+00   1.4838073e-01   5.1172133e-02
   2.0797086e+00   2.7933684e-01   3.0371834e-02
   1.8622193e+00   4.8344380e-01   3.3935889e-02
   1.5455814e+00   6.6789624e-01   6.5624381e-02
   1.2506423e+00   6.4683976e-01   1.7532111e-01
   1.1716599e+00   4.0187361e-01   4.5361866e-01
   1.4501381e+00   1.7489515e-01   7.2918947e-01
   1.8118083e+00   8.7903419e-02   5.1012682e-01
   2.0590922e+00   8.3802590e-02   1.7936757e-01
   2.1595393e+00   1.3426837e-01   6.0125866e-02
   2.1041803e+00   2.5141976e-01   3.2292008e-02
   1.9076534e+00   4.4562897e-01   3.2475396e-02
   1.6033075e+00   6.4517855e-01   5.7887909e-02
   1.2921514e+00   6.6823271e-01   1.4939215e-01
   1.1655103e+00   4.4717546e-01   3.9931488e-01
   1.3857074e+00   2.0145478e-01   7.1425526e-01
   1.7527904e+00   9.4110367e-02   5.7556055e-01
   2.0284995e+00   7.9603120e-02   2.1666486e-01
   2.1514885e+00   1.2076556e-01   6.8988796e-02
   2.1269610e+00   2.2466951e-01   3.3325882e-02
   1.9510982e+00   4.0782129e-01   2.9949238e-02
   1.6607876e+00   6.1890606e-01   4.8855747e-02
   1.3363912e+00   6.8744475e-01   1.2094847e-01
   1.1609046e+00   5.0080214e-01   3.3258157e-01
   1.3066368e+00   2.3940760e-01   6.6623025e-01
   1.6731388e+00   1.0563386e-01   6.3800234e-01
   1.9828521e+00   7.7677283e-02   2.6957860e-01
   2.1358391e+00   1.0856459e-01   8.3760532e-02
   2.1496068e+00   1.9844686e-01   3.6373712e-02
   1.9956855e+00   3.6776632e-01   2.8872996e-02
   1.7230652e+00   5.8414340e-01   4.2474061e-02
   1.3919769e+00   6.9552812e-01   9.9243770e-02
   1.1720952e+00   5.5202060e-01   2.7610733e-01
   1.2462195e+00   2.8245839e-01   6.0966774e-01
   1.5985830e+00   1.2046410e-01   6.8882308e-01
   1.9347604e+00   7.7528686e-02   3.3191380e-01
   2.1173858e+00   9.8413650e-02   1.0293136e-01
   2.1694493e+00   1.7546433e-01   4.0519404e-02
   2.0362794e+00   3.3054882e-01   2.8438840e-02
   1.7819824e+00   5.4673923e-01   3.7601700e-02
   1.4501694e+00   6.9389211e-01   8.2233298e-02
   1.1931787e+00   5.9755550e-01   2.2824415e-01
   1.2013911e+00   3.2926856e-01   5.4555418e-01
   1.5299371e+00   1.3932808e-01   7.1853537e-01
   1.8842727e+00   7.9927165e-02   4.0044861e-01
   2.0954137e+00   9.1029270e-02   1.2802689e-01
   2.1671837e+00   1.5672896e-01   4.6616777e-02
   2.0657274e+00   2.9571960e-01   2.9224796e-02
   1.8359807e+00   5.0482696e-01   3.4569380e-02
   1.5130934e+00   6.7905889e-01   6.9806219e-02
   1.2286342e+00   6.3356392e-01   1.8961014e-01
   1.1764295e+00   3.7875274e-01   4.8052057e-01
   1.4722705e+00   1.6294772e-01   7.2799392e-01
   1.8339155e+00   8.5113638e-02   4.7449979e-01
   2.0706212e+00   8.5970149e-02   1.6154561e-01
   2.1620873e+00   1.4117192e-01   5.5552401e-02
   2.0920708e+00   2.6509826e-01   3.1369756e-02
   1.8852809e+00   4.6436762e-01   3.3264271e-02
   1.5746602e+00   6.5690502e-01   6.1787401e-02
   1.2711689e+00   6.5798105e-01   1.6235382e-01
   1.1681914e+00   4.2398071e-01   4.2730294e-01
   1.4214723e+00   1.8731283e-01   7.2467282e-01
   1.7853092e+00   9.0774473e-02   5.4296207e-01
   2.0454316e+00   8.1696283e-02   1.9714838e-01
   2.1561411e+00   1.2759475e-01   6.4425161e-02
   2.1155502e+00   2.3823068e-01   3.2881249e-02
   1.9290935e+00   4.2721854e-01   3.1333289e-02
   1.6313208e+00   6.3291981e-01   5.3544648e-02
   1.3132107e+00   6.7813851e-01   1.3555787e-01
   1.1626862e+00   4.7251111e-01   3.6770805e-01
   1.3473730e+00   2.1847436e-01   6.9498457e-01
   1.7157032e+00   9.8913092e-02   6.0734522e-01
   2.0079702e+00   7.8251384e-02   2.4029758e-01
   2.1448752e+00   1.1449272e-01   7.5214471e-02
   2.1381172e+00   2.1155909e-01   3.4446037e-02
   1.9729976e+00   3.8820332e-01   2.9149489e-02
   1.6910281e+00   6.0278284e-01   4.5263714e-02
   1.3623833e+00   6.9315962e-01   1.0913676e-01
   1.1641031e+00   5.2701724e-01   3.0259677e-01
   1.2735654e+00   2.6049273e-01   6.3789487e-01
   1.6345958e+00   1.1274022e-01   6.6466791e-01
   1.9587108e+00   7.7466408e-02   2.9973923e-01
   2.1267521e+00   1.0331974e-01   9.2878887e-02
   2.1605021e+00   1.8664332e-01   3.8384891e-02
   2.0166119e+00   3.4897149e-01   2.8657133e-02
   1.7528335e+00   5.6589066e-01   4.0002090e-02
   1.4206162e+00   6.9580027e-01   9.0547235e-02
   1.1815558e+00   5.7503846e-01   2.5201116e-01
   1.2227558e+00   3.0478540e-01   5.7966445e-01
   1.5645420e+00   1.2901157e-01   7.0669306e-01
   1.9106291e+00   7.8271377e-02   3.6468631e-01
   2.1072797e+00   9.4396306e-02   1.1417800e-01
   2.1688792e+00   1.6573935e-01   4.3111926e-02
   2.0513275e+00   3.1279030e-01   2.8581371e-02
   1.8092567e+00   5.2599420e-01   3.5759902e-02
   1.4812227e+00   6.8784779e-01   7.5238004e-02
   1.2093402e+00   6.1719849e-01   2.0700918e-01
   1.1860734e+00   3.5453496e-01   5.1106301e-01
   1.4987195e+00   1.5107381e-01   7.2475881e-01
   1.8580549e+00   8.2436649e-02   4.3796830e-01
   2.0827489e+00   8.8350903e-02   1.4441855e-01
   2.1646649e+00   1.4861005e-01   5.1038039e-02
   2.0793194e+00   2.7978939e-01   3.0339063e-02
   1.8614898e+00   4.8404341e-01   3.3954191e-02
   1.5446685e+00   6.6822753e-01   6.5741210e-02
   1.2500085e+00   6.4648224e-01   1.7572035e-01
   1.1717752e+00   4.0120677e-01   4.5440034e-01
   1.4507602e+00   1.7453656e-01   7.2923397e-01
   1.8124517e+00   8.7812973e-02   5.0911196e-01
   2.0594371e+00   8.3856865e-02   1.7882654e-01
   2.1596238e+00   1.3445644e-01   5.9983333e-02
   2.1038422e+00   2.5179847e-01   3.2260583e-02
   1.9070273e+00   4.4615772e-01   3.2492661e-02
   1.6024953e+00   6.4553107e-01   5.7987407e-02
   1.2915339e+00   6.6797719e-01   1.4973069e-01
   1.1655390e+00   4.4653362e-01   4.0006674e-01
   1.3866489e+00   2.0105094e-01   7.1457300e-01
   1.7536804e+00   9.4012195e-02   5.7466230e-01
   2.0289730e+00   7.9657448e-02   2.1610106e-01
   2.1516226e+00   1.2094904e-01   6.8856236e-02
   2.1266498e+00   2.2503598e-01   3.3312382e-02
   1.9504998e+00   4.0835279e-01   2.9985938e-02
   1.6599779e+00   6.1930843e-01   4.8979367e-02
   1.3357353e+00   6.8721760e-01   1.2133334e-01
   1.1609185e+00   5.0002482e-01   3.3352962e-01
   1.3077139e+00   2.3880588e-01   6.6709236e-01
   1.6743148e+00   1.0543156e-01   6.3722232e-01
   1.9835682e+00   7.7682628e-02   2.6873339e-01
   2.1361071e+00   1.0871659e-01   8.3503663e-02
   2.1492979e+00   1.9879187e-01   3.6312934e-02
   1.9950778e+00   3.6831338e-01   2.8874865e-02
   1.7222006e+00   5.8466377e-01   4.2539996e-02
   1.3911550e+00   6.9550610e-01   9.9486378e-02
   1.1718296e+00   5.5137350e-01   2.7677353e-01
   1.2468812e+00   2.8186275e-01   6.1042236e-01
   1.5995114e+00   1.2024933e-01   6.8822130e-01
   1.9353970e+00   7.7522444e-02   3.3103261e-01
   2.1176401e+00   9.8538822e-02   1.0264983e-01
   2.1694456e+00   1.7575245e-01   4.0459972e-02
   2.0358401e+00   3.3106358e-01   2.8443757e-02
   1.7811995e+00   5.4731901e-01   3.7666768e-02
   1.4493036e+00   6.9401600e-01   8.2462952e-02
   1.1927757e+00   5.9694068e-01   2.2892243e-01
   1.2019311e+00   3.2852864e-01   5.4661245e-01
   1.5309131e+00   1.3899268e-01   7.1831138e-01
   1.8850593e+00   7.9857137e-02   3.9936010e-01
   2.0957864e+00   9.1110226e-02   1.2756702e-01
   2.1672559e+00   1.5697199e-01   4.6490638e-02
   2.0653249e+00   2.9619530e-01   2.9190912e-02
   1.8352231e+00   5.0543945e-01   3.4584844e-02
   1.5121641e+00   6.7936213e-01   6.9922178e-02
   1.2280168e+00   6.3317630e-01   1.9000992e-01
   1.1765729e+00   3.7812018e-01   4.8123911e-01
   1.4728857e+00   1.6263596e-01   7.2786488e-01
   1.8345099e+00   8.5049001e-02   4.7350802e-01
   2.0709210e+00   8.6039969e-02   1.6108554e-01
   2.1621432e+00   1.4137512e-01   5.5439178e-02
   2.0917237e+00   2.6549291e-01   3.1350881e-02
   1.8846432e+00   4.6489604e-01   3.3293747e-02
   1.5738569e+00   6.5720975e-01   6.1912525e-02
   1.2706083e+00   6.5764945e-01   1.6275806e-01
   1.1683281e+00   4.2330474e-01   4.2815099e-01
   1.4225767e+00   1.8691316e-01   7.2495338e-01
   1.7862731e+00   9.0682422e-02   5.4201330e-01
   2.0459228e+00   8.1760227e-02   1.9660432e-01
   2.1562728e+00   1.2779883e-01   6.4297654e-02
   2.1152137e+00   2.3863438e-01   3.2868659e-02
   1.9284421e+00   4.2778813e-01   3.1374368e-02
   1.6304576e+00   6.3331159e-01   5.3686329e-02
   1.3125513e+00   6.7783757e-01   1.3600070e-01
   1.1627727e+00   4.7168858e-01   3.6874553e-01
   1.3486019e+00   2.1789461e-01   6.9573221e-01
   1.7169316e+00   9.8736981e-02   6.0638521e-01
   2.0086713e+00   7.8280159e-02   2.3949058e-01
   2.1451157e+00   1.1467842e-01   7.4989443e-02
   2.1377731e+00   2.1195936e-01   3.4398683e-02
   1.9723172e+00   3.8881564e-01   2.9164492e-02
   1.6900761e+00   6.0331517e-01   4.5358442e-02
   1.3615322e+00   6.9303886e-01   1.0946174e-01
   1.1639265e+00   5.2624133e-01   3.0344497e-01
   1.2744725e+00   2.5984292e-01   6.3874114e-01
   1.6357192e+00   1.1251782e-01   6.6388945e-01
   1.9594348e+00   7.7470075e-02   2.9879757e-01
   2.1270287e+00   1.0347465e-01   9.2591481e-02
   2.1601703e+00   1.8699268e-01   3.8323486e-02
   2.0159863e+00   3.4953197e-01   2.8664845e-02
   1.7519423e+00   5.6644867e-01   4.0077120e-02
   1.4197450e+00   6.9581523e-01   9.0806525e-02
   1.1812503e+00   5.7434532e-01   2.5273825e-01
   1.2234461e+00   3.0407991e-01   5.8063613e-01
   1.5655868e+00   1.2872942e-01   7.0623913e-01
   1.9113931e+00   7.8236523e-02   3.6365501e-01
   2.1076107e+00   9.4508337e-02   1.1380441e-01
   2.1689127e+00   1.6602240e-01   4.3021864e-02
   2.0508837e+00   3.1331613e-01   2.8570372e-02
   1.8084423e+00   5.2662687e-01   3.5806234e-02
   1.4802737e+00   6.8807064e-01   7.5426099e-02
   1.2088069e+00   6.1665185e-01   2.0759394e-01
   1.1864532e+00   3.5378436e-01   5.1205274e-01
   1.4995955e+00   1.5071516e-01   7.2462501e-01
   1.8588205e+00   8.2357185e-02   4.3684789e-01
   2.0831264e+00   8.8426491e-02   1.4391025e-01
   2.1647436e+00   1.4884429e-01   5.0901913e-02
   2.0789223e+00   2.8025135e-01   3.0305837e-02
   1.8607455e+00   4.8465484e-01   3.3973007e-02
   1.5437378e+00   6.6856399e-01   6.5860729e-02
   1.2493637e+00   6.4611609e-01   1.7612845e-01
   1.1718949e+00   4.0052702e-01   4.5519770e-01
   1.4513959e+00   1.7417179e-01   7.2927591e-01
   1.8131076e+00   8.7721242e-02   5.0807718e-01
   2.0597882e+00   8.3912516e-02   1.7827665e-01
   2.1597095e+00   1.3464859e-01   5.9838567e-02
   2.1034972e+00   2.5218512e-01   3.2228714e-02
   1.9063883e+00   4.4669710e-01   3.2510409e-02
   1.6016669e+00   6.4588961e-01   5.8089222e-02
   1.2909051e+00   6.6771506e-01   1.5007690e-01
   1.1655702e+00   4.4587887e-01   4.0083443e-01
   1.3876114e+00   2.0063983e-01   7.1489441e-01
   1.7545884e+00   9.3912518e-02   5.7374516e-01
   2.0294553e+00   7.9713190e-02   2.1552741e-01
   2.1517589e+00   1.2113665e-01   6.8721510e-02
   2.1263321e+00   2.2541050e-01   3.3298775e-02
   1.9498885e+00   4.0889548e-01   3.0023574e-02
   1.6591513e+00   6.1971810e-01   4.9106015e-02
   1.3350670e+00   6.8698372e-01   1.2172754e-01
   1.1609352e+00   4.9923076e-01   3.3449936e-01
   1.3088170e+00   2.3819278e-01   6.6796948e-01
   1.6755160e+00   1.0522594e-01   6.3642204e-01
   1.9842983e+00   7.7688644e-02   2.6787242e-01
   2.1363798e+00   1.0887240e-01   8.3242581e-02
   2.1489822e+00   1.9914505e-01   3.6251279e-02
   1.9944563e+00   3.6887290e-01   2.8877052e-02
   1.7213168e+00   5.8519485e-01   4.2607847e-02
   1.3903160e+00   6.9548134e-01   9.9735571e-02
   1.1715607e+00   5.5071058e-01   2.7745691e-01
   1.2475613e+00   2.8125417e-01   6.1119383e-01
   1.6004625e+00   1.2003024e-01   6.8760324e-01
   1.9360480e+00   7.7516351e-02   3.3013272e-01
   2.1178999e+00   9.8667176e-02   1.0236273e-01
   2.1694414e+00   1.7604769e-01   4.0399368e-02
   2.0353901e+00   3.3159082e-01   2.8448862e-02
   1.7803979e+00   5.4791199e-01   3.7733526e-02
   1.4484180e+00   6.9414105e-01   8.2698606e-02
   1.1923651e+00   5.9631032e-01   2.2961799e-01
   1.2024863e+00   3.2777249e-01   5.4769431e-01
   1.5319128e+00   1.3865071e-01   7.1807652e-01
   1.8858633e+00   7.9786159e-02   3.9824727e-01
   2.0961668e+00   9.1193567e-02   1.2709848e-01
   2.1673288e+00   1.5722130e-01   4.6362255e-02
   2.0649124e+00   2.9668287e-01   2.9156536e-02
   1.8344470e+00   5.0606639e-01   3.4600979e-02
   1.5112131e+00   6.7967087e-01   7.0041570e-02
   1.2273866e+00   6.3277746e-01   1.9042086e-01
   1.1767227e+00   3.7747230e-01   4.8197611e-01
   1.4735179e+00   1.6231721e-01   7.2773052e-01
   1.8351191e+00   8.4983067e-02   4.7249274e-01
   2.0712280e+00   8.6111670e-02   1.6061553e-01
   2.1622002e+00   1.4158354e-01   5.5323487e-02
   2.0913680e+00   2.6589760e-01   3.1331581e-02
   1.8839896e+00   4.6543746e-01   3.3323969e-02
   1.5730339e+00   6.5752099e-01   6.2040893e-02
   1.2700348e+00   6.5730863e-01   1.6317276e-01
   1.1684695e+00   4.2261280e-01   4.2901945e-01
   1.4237092e+00   1.8650496e-01   7.2523645e-01
   1.7872596e+00   9.0588772e-02   5.4104077e-01
   2.0464249e+00   8.1826162e-02   1.9604888e-01
   2.1564068e+00   1.2800842e-01   6.4167709e-02
   2.1148685e+00   2.3904865e-01   3.2856027e-02
   1.9277741e+00   4.2837200e-01   3.1416756e-02
   1.6295731e+00   6.3371171e-01   5.3832234e-02
   1.3118772e+00   6.7752666e-01   1.3645647e-01
   1.1628648e+00   4.7084475e-01   3.6981158e-01
   1.3498662e+00   2.1730139e-01   6.9649536e-01
   1.7181920e+00   9.8557222e-02   6.0539765e-01
   2.0093893e+00   7.8310206e-02   2.3866524e-01
   2.1453614e+00   1.1486953e-01   7.4759697e-02
   2.1374196e+00   2.1237088e-01   3.4350445e-02
   1.9716182e+00   3.8944457e-01   2.9180138e-02
   1.6890987e+00   6.0386051e-01   4.5456185e-02
   1.3606599e+00   6.9291231e-01   1.0979678e-01
   1.1637481e+00   5.2544361e-01   3.0431816e-01
   1.2754080e+00   2.5917674e-01   6.3960813e-01
   1.6368740e+00   1.1229031e-01   6.6308621e-01
   1.9601776e+00   7.7474344e-02   2.9783261e-01
   2.1273121e+00   1.0363430e-01   9.2297546e-02
   2.1598294e+00   1.8735234e-01   3.8260767e-02
   2.0153429e+00   3.5010853e-01   2.8672976e-02
   1.7510259e+00   5.6702154e-01   4.0154614e-02
   1.4188505e+00   6.9582833e-01   9.1074125e-02
   1.1809386e+00   5.7363138e-01   2.5348783e-01
   1.2241593e+00   3.0335547e-01   5.8163428e-01
   1.5666625e+00   1.2844030e-01   7.0576778e-01
   1.9121780e+00   7.8201219e-02   3.6259609e-01
   2.1079502e+00   9.4624014e-02   1.1342182e-01
   2.1689465e+00   1.6631415e-01   4.2929713e-02
   2.0504266e+00   3.1385773e-01   2.8559274e-02
   1.8076038e+00   5.2727756e-01   3.5854196e-02
   1.4792978e+00   6.8829791e-01   7.5620452e-02
   1.2082603e+00   6.1608744e-01   2.0819760e-01
   1.1868474e+00   3.5301240e-01   5.1307170e-01
   1.5004989e+00   1.5034708e-01   7.2448269e-01
   1.8596081e+00   8.2275959e-02   4.3569542e-01
   2.0835142e+00   8.8504676e-02   1.4338903e-01
   2.1648240e+00   1.4908588e-01   5.0762400e-02
   2.0785131e+00   2.8072750e-01   3.0271829e-02
   1.8599787e+00   4.8528437e-01   3.3992540e-02
   1.5427797e+00   6.6890898e-01   6.5984192e-02
   1.2487013e+00   6.4573744e-01   1.7654968e-01
   1.1720204e+00   3.9982741e-01   4.5601894e-01
   1.4520519e+00   1.7379717e-01   7.2931548e-01
   1.8137828e+00   8.7627321e-02   5.0701186e-01
   2.0601491e+00   8.3970134e-02   1.7771236e-01
   2.1597972e+00   1.3484680e-01   5.9690124e-02
   2.1031417e+00   2.5258373e-01   3.2196088e-02
   1.9057300e+00   4.4725266e-01   3.2528833e-02
   1.6008139e+00   6.4625779e-01   5.8194427e-02
   1.2902587e+00   6.6744353e-01   1.5043441e-01
   1.1656043e+00   4.4520448e-01   4.0162589e-01
   1.3886050e+00   2.0021727e-01   7.1522258e-01
   1.7555238e+00   9.3810342e-02   5.7279964e-01
   2.0299516e+00   7.9770944e-02   2.1493812e-01
   2.1518987e+00   1.2133037e-01   6.8583267e-02
   2.1260043e+00   2.2579697e-01   3.3284932e-02
   1.9492579e+00   4.0945497e-01   3.0062548e-02
   1.6582993e+00   6.2013921e-01   4.9237039e-02
   1.3343795e+00   6.8674053e-01   1.2213527e-01
   1.1609551e+00   4.9841170e-01   3.3550097e-01
   1.3099578e+00   2.3756205e-01   6.6887044e-01
   1.6767548e+00   1.0501491e-01   6.3559293e-01
   1.9850499e+00   7.7695437e-02   2.6698694e-01
   2.1366599e+00   1.0903369e-01   8.2974670e-02
   2.1486563e+00   1.9951014e-01   3.6188139e-02
   1.9938144e+00   3.6945075e-01   2.8879602e-02
   1.7204044e+00   5.8574210e-01   4.2678363e-02
   1.3894512e+00   6.9545340e-01   9.9994056e-02
   1.1712858e+00   5.5002478e-01   2.7816483e-01
   1.2482675e+00   2.8062631e-01   6.1199019e-01
   1.6014465e+00   1.1980455e-01   6.8696219e-01
   1.9367204e+00   7.7510368e-02   3.2920480e-01
   2.1181679e+00   9.8800091e-02   1.0206714e-01
   2.1694366e+00   1.7635321e-01   4.0336971e-02
   2.0349245e+00   3.3213614e-01   2.8454217e-02
   1.7795690e+00   5.4852442e-01   3.7802695e-02
   1.4475034e+00   6.9426844e-01   8.2942804e-02
   1.1919425e+00   5.9565766e-01   2.3033829e-01
   1.2030627e+00   3.2699223e-01   5.4881106e-01
   1.5329466e+00   1.3829866e-01   7.1782781e-01
   1.8866929e+00   7.9713538e-02   3.9709850e-01
   2.0965586e+00   9.1280216e-02   1.2661650e-01
   2.1674034e+00   1.5747957e-01   4.6230327e-02
   2.0644856e+00   2.9718751e-01   2.9121328e-02
   1.8336442e+00   5.0671441e-01   3.4617980e-02
   1.5102304e+00   6.7998823e-01   7.0165718e-02
   1.2267370e+00   6.3236301e-01   1.9084745e-01
   1.1768808e+00   3.7680223e-01   4.8273947e-01
   1.4741740e+00   1.6198811e-01   7.2758923e-01
   1.8357498e+00   8.4915163e-02   4.7144322e-01
   2.0715453e+00   8.6186034e-02   1.6013071e-01
   2.1622590e+00   1.4179944e-01   5.5204123e-02
   2.0909998e+00   2.6631666e-01   3.1311655e-02
   1.8833129e+00   4.6599763e-01   3.3355262e-02
   1.5721824e+00   6.5784198e-01   6.2173892e-02
   1.2694425e+00   6.5695487e-01   1.6360238e-01
   1.1686173e+00   4.2189759e-01   4.2991753e-01
   1.4248819e+00   1.8608398e-01   7.2552468e-01
   1.7882790e+00   9.0492579e-02   5.4003409e-01
   2.0469429e+00   8.1894827e-02   1.9547631e-01
   2.1565447e+00   1.2822580e-01   6.4033994e-02
   2.1145108e+00   2.3947797e-01   3.2843241e-02
   1.9270821e+00   4.2897639e-01   3.1460931e-02
   1.6286576e+00   6.3412431e-01   5.3983986e-02
   1.3111813e+00   6.7720224e-01   1.3693023e-01
   1.1629635e+00   4.6997056e-01   3.7091784e-01
   1.3511799e+00   2.1668845e-01   6.9728185e-01
   1.7194979e+00   9.8371963e-02   6.0437169e-01
   2.0101319e+00   7.8341897e-02   2.3781292e-01
   2.1456150e+00   1.1506816e-01   7.4522861e-02
   2.1370530e+00   2.1279818e-01   3.4300835e-02
   1.9708930e+00   3.9009696e-01   2.9196621e-02
   1.6880851e+00   6.0442466e-01   4.5558052e-02
   1.3597570e+00   6.9277834e-01   1.1014564e-01
   1.1635664e+00   5.2461531e-01   3.0522606e-01
   1.2763825e+00   2.5848707e-01   6.4050506e-01
   1.6380730e+00   1.1205529e-01   6.6224910e-01
   1.9609473e+00   7.7479310e-02   2.9683406e-01
   2.1276051e+00   1.0380048e-01   9.1993994e-02
   2.1594756e+00   1.8772629e-01   3.8196084e-02
   2.0146746e+00   3.5070751e-01   2.8681636e-02
   1.7500743e+00   5.6761547e-01   4.0235462e-02
   1.4179229e+00   6.9583950e-01   9.1353081e-02
   1.1806178e+00   5.7288866e-01   2.5426833e-01
   1.2249037e+00   3.0260423e-01   5.8266977e-01
   1.5677810e+00   1.2814112e-01   7.0527334e-01
   1.9129924e+00   7.8165131e-02   3.6149805e-01
   2.1083019e+00   9.4744659e-02   1.1302617e-01
   2.1689808e+00   1.6661787e-01   4.2834505e-02
   2.0499511e+00   3.1442117e-01   2.8547976e-02
   1.8067319e+00   5.2795344e-01   3.5904352e-02
   1.4782842e+00   6.8853189e-01   7.5823305e-02
   1.2076946e+00   6.1549881e-01   2.0882705e-01
   1.1872607e+00   3.5221058e-01   5.1413121e-01
   1.5014399e+00   1.4996559e-01   7.2432980e-01
   1.8604266e+00   8.2192126e-02   4.3449818e-01
   2.0839166e+00   8.8586368e-02   1.4284932e-01
   2.1649069e+00   1.4933756e-01   5.0618009e-02
   2.0780873e+00   2.8122320e-01   3.0236681e-02
   1.8591808e+00   4.8593899e-01   3.4013025e-02
   1.5417837e+00   6.6926618e-01   6.6113020e-02
   1.2480140e+00   6.4534189e-01   1.7698883e-01
   1.1721535e+00   3.9910016e-01   4.5687323e-01
   1.4527356e+00   1.7340861e-01   7.2935272e-01
   1.8144847e+00   8.7530216e-02   5.0590416e-01
   2.0605237e+00   8.4030398e-02   1.7712760e-01
   2.1598879e+00   1.3505332e-01   5.9536412e-02
   2.1027718e+00   2.5299880e-01   3.2162361e-02
   1.9050449e+00   4.4783060e-01   3.2548154e-02
   1.5999267e+00   6.4663959e-01   5.8304238e-02
   1.2895877e+00   6.6715939e-01   1.5080731e-01
   1.1656420e+00   4.4450290e-01   4.0245006e-01
   1.3896411e+00   1.9977863e-01   7.1556088e-01
   1.7564969e+00   9.3704576e-02   5.7181509e-01
   2.0304671e+00   7.9831391e-02   2.1432676e-01
   2.1520435e+00   1.2153240e-01   6.8440014e-02
   2.1256628e+00   2.2619980e-01   3.3270717e-02
   1.9486011e+00   4.1003759e-01   3.0103318e-02
   1.6574123e+00   6.2057637e-01   4.9373968e-02
   1.3336652e+00   6.8648508e-01   1.2256127e-01
   1.1609787e+00   4.9755837e-01   3.3654594e-01
   1.3111495e+00   2.3690672e-01   6.6980499e-01
   1.6780452e+00   1.0479622e-01   6.3472522e-01
   1.9858313e+00   7.7703148e-02   2.6606720e-01
   2.1369506e+00   1.0920235e-01   8.2697038e-02
   2.1483165e+00   1.9989136e-01   3.6122844e-02
   1.9931450e+00   3.7005357e-01   2.8882578e-02
   1.7194530e+00   5.8631166e-01   4.2752404e-02
   1.3885510e+00   6.9542170e-01   1.0026493e-01
   1.1710022e+00   5.4930812e-01   2.7890564e-01
   1.2490083e+00   2.7997205e-01   6.1282053e-01
   1.6024749e+00   1.1956977e-01   6.8629048e-01
   1.9374218e+00   7.7504462e-02   3.2823838e-01
   2.1184470e+00   9.8939132e-02   1.0175976e-01
   2.1694312e+00   1.7667258e-01   4.0272088e-02
   2.0344381e+00   3.3270587e-01   2.8459894e-02
   1.7787033e+00   5.4916331e-01   3.7875096e-02
   1.4465492e+00   6.9439942e-01   8.3198451e-02
   1.1915035e+00   5.9497502e-01   2.3109182e-01
   1.2036674e+00   3.2617898e-01   5.4997545e-01
   1.5340267e+00   1.3793262e-01   7.1756172e-01
   1.8875577e+00   7.9638515e-02   3.9590066e-01
   2.0969663e+00   9.1371233e-02   1.2611576e-01
   2.1674804e+00   1.5774987e-01   4.6093411e-02
   2.0640394e+00   2.9771515e-01   2.9084918e-02
   1.8328053e+00   5.0739100e-01   3.4636083e-02
   1.5092046e+00   6.8031767e-01   7.0296147e-02
   1.2260608e+00   6.3192790e-01   1.9129485e-01
   1.1770495e+00   3.7610216e-01   4.8353820e-01
   1.4748619e+00   1.6164491e-01   7.2743905e-01
   1.8364093e+00   8.4844532e-02   4.7034728e-01
   2.0718768e+00   8.6263952e-02   1.5962558e-01
   2.1623202e+00   1.4202537e-01   5.5079733e-02
   2.0906148e+00   2.6675503e-01   3.1290877e-02
   1.8826053e+00   4.6658312e-01   3.3387996e-02
