  -5.1057620e-04
  -3.2696936e-03
   4.7005945e-03
   2.1471616e-03
   5.4522703e-05
   2.3799933e-04
   6.5358868e-05
   1.8344108e-09
   0.0000000e+00
   0.0000000e+00
   3.8353483e-02
   8.0952045e-02
   2.8156509e-02
   3.7707197e-03
   2.1570544e-06
   2.8136332e-06
   7.7267396e-07
   2.1686445e-11
   0.0000000e+00
   0.0000000e+00
   3.5178681e-02
   7.0479468e-02
   1.8294687e-02
   1.2150224e-03
   1.0108204e-07
   5.5304979e-09
   1.5187735e-09
   4.2627033e-14
   0.0000000e+00
   0.0000000e+00
   1.0470436e-02
   2.0724560e-02
   5.0453955e-03
   2.5123305e-04
   1.7911488e-09
   2.4130968e-12
   6.6267950e-13
   1.8599258e-17
   0.0000000e+00
   0.0000000e+00
   1.0237764e-06
   2.0171561e-06
   4.8602726e-07
   2.3122102e-08
   0.0000000e+00
   0.0000000e+00
   0.0000000e+00
   0.0000000e+00
   0.0000000e+00
   0.0000000e+00
   0.0000000e+00
   0.0000000e+00
   0.0000000e+00
   0.0000000e+00
   0.0000000e+00
   0.0000000e+00
   0.0000000e+00
   0.0000000e+00
   0.0000000e+00
   0.0000000e+00
   0.0000000e+00
   0.0000000e+00
   0.0000000e+00
   0.0000000e+00
   0.0000000e+00
   0.0000000e+00
   0.0000000e+00
   0.0000000e+00
   0.0000000e+00
   0.0000000e+00
   0.0000000e+00
   0.0000000e+00
   0.0000000e+00
   0.0000000e+00
   0.0000000e+00
   0.0000000e+00
   0.0000000e+00
   0.0000000e+00
   0.0000000e+00
   0.0000000e+00
   0.0000000e+00
   0.0000000e+00
   0.0000000e+00
   0.0000000e+00
   0.0000000e+00
   0.0000000e+00
   0.0000000e+00
   0.0000000e+00
   0.0000000e+00
   0.0000000e+00
   0.0000000e+00
   0.0000000e+00
   0.0000000e+00
   0.0000000e+00
   0.0000000e+00
   0.0000000e+00
   0.0000000e+00
   0.0000000e+00
   0.0000000e+00
   0.0000000e+00
