  -3.5130286e-03
  -4.3183158e-03
   4.2086089e-03
   1.9296403e-03
   3.6361858e-03
   1.5410557e-03
   1.5581066e-03
   3.4693800e-04
   0.0000000e+00
   0.0000000e+00
   3.7577966e-02
   9.5038133e-02
   2.9681978e-02
   2.2404089e-03
   4.0403079e-04
   1.6053074e-04
   1.3713358e-04
   3.0832830e-05
   0.0000000e+00
   0.0000000e+00
   3.1013310e-02
   7.7442744e-02
   2.2536401e-02
   1.3001661e-03
   7.7139400e-06
   2.7837708e-06
   1.6160222e-06
   3.6356891e-07
   0.0000000e+00
   0.0000000e+00
   9.7416686e-02
   2.6359604e-01
   8.1924075e-02
   4.9579473e-03
   3.3247686e-08
   1.1206799e-08
   4.1326139e-09
   9.2961487e-10
   0.0000000e+00
   0.0000000e+00
   1.1027803e-01
   3.0394509e-01
   9.5598709e-02
   5.8396763e-03
   0.0000000e+00
   0.0000000e+00
   0.0000000e+00
   0.0000000e+00
   0.0000000e+00
   0.0000000e+00
   7.0157214e-03
   2.0086974e-02
   6.4618792e-03
   4.0128423e-04
   0.0000000e+00
   0.0000000e+00
   0.0000000e+00
   0.0000000e+00
   0.0000000e+00
   0.0000000e+00
   0.0000000e+00
   0.0000000e+00
   0.0000000e+00
   0.0000000e+00
   0.0000000e+00
   0.0000000e+00
   0.0000000e+00
   0.0000000e+00
   0.0000000e+00
   0.0000000e+00
   0.0000000e+00
   0.0000000e+00
   0.0000000e+00
   0.0000000e+00
   0.0000000e+00
   0.0000000e+00
   0.0000000e+00
   0.0000000e+00
   0.0000000e+00
   0.0000000e+00
   0.0000000e+00
   0.0000000e+00
   0.0000000e+00
   0.0000000e+00
   0.0000000e+00
   0.0000000e+00
   0.0000000e+00
   0.0000000e+00
   0.0000000e+00
   0.0000000e+00
   0.0000000e+00
   0.0000000e+00
   0.0000000e+00
   0.0000000e+00
   0.0000000e+00
   0.0000000e+00
   0.0000000e+00
   0.0000000e+00
   0.0000000e+00
   0.0000000e+00
