  -8.5112229e-04
  -3.3904865e-03
  -7.7241098e-04
   1.8242454e-03
   1.7942533e-03
   7.9014049e-05
   0.0000000e+00
   0.0000000e+00
   0.0000000e+00
   0.0000000e+00
   1.6160844e-02
   8.5687620e-02
   4.0875015e-02
   3.7680351e-03
   2.1807206e-04
   9.6033020e-06
   0.0000000e+00
   0.0000000e+00
   0.0000000e+00
   0.0000000e+00
   1.0787445e-02
   7.1156779e-02
   3.8626562e-02
   3.7430224e-03
   4.3115093e-06
   1.8986718e-07
   0.0000000e+00
   0.0000000e+00
   0.0000000e+00
   0.0000000e+00
   2.1170709e-02
   1.6080551e-01
   9.2964743e-02
   9.4016953e-03
   1.8738229e-08
   8.2518080e-10
   0.0000000e+00
   0.0000000e+00
   0.0000000e+00
   0.0000000e+00
   5.6765437e-03
   4.2607781e-02
   2.4425842e-02
   2.4507293e-03
   0.0000000e+00
   0.0000000e+00
   0.0000000e+00
   0.0000000e+00
   0.0000000e+00
   0.0000000e+00
   1.9707181e-02
   1.4540425e-01
   8.1809535e-02
   8.0372572e-03
   0.0000000e+00
   0.0000000e+00
   0.0000000e+00
   0.0000000e+00
   0.0000000e+00
   0.0000000e+00
   2.0447040e-02
   1.5086311e-01
   8.4880877e-02
   8.3389967e-03
   0.0000000e+00
   0.0000000e+00
   0.0000000e+00
   0.0000000e+00
   0.0000000e+00
   0.0000000e+00
   9.4911684e-04
   7.0028090e-03
   3.9400261e-03
   3.8708206e-04
   0.0000000e+00
   0.0000000e+00
   0.0000000e+00
   0.0000000e+00
   0.0000000e+00
   0.0000000e+00
   0.0000000e+00
   0.0000000e+00
   0.0000000e+00
   0.0000000e+00
   0.0000000e+00
   0.0000000e+00
   0.0000000e+00
   0.0000000e+00
   0.0000000e+00
   0.0000000e+00
   0.0000000e+00
   0.0000000e+00
   0.0000000e+00
   0.0000000e+00
   0.0000000e+00
   0.0000000e+00
   0.0000000e+00
   0.0000000e+00
   0.0000000e+00
   0.0000000e+00
