  -1.9174129e-03
  -5.9160963e-03
   1.9269437e-03
   1.1790239e-03
   8.8754408e-04
   2.2392708e-03
   3.4787774e-04
   0.0000000e+00
   0.0000000e+00
   0.0000000e+00
   1.9371410e-02
   9.4313058e-02
   4.3944037e-02
   3.9251628e-03
   7.4005201e-05
   1.8718203e-04
   2.9155423e-05
   0.0000000e+00
   0.0000000e+00
   0.0000000e+00
   6.1913009e-03
   3.1634488e-02
   1.4852460e-02
   1.2827863e-03
   8.3874720e-07
   2.1136897e-06
   3.2786768e-07
   0.0000000e+00
   0.0000000e+00
   0.0000000e+00
   3.8447062e-04
   2.0534073e-03
   9.8157954e-04
   8.5258733e-05
   2.2095525e-09
   5.5551351e-09
   8.5947960e-10
   0.0000000e+00
   0.0000000e+00
   0.0000000e+00
   0.0000000e+00
   0.0000000e+00
   0.0000000e+00
   0.0000000e+00
   0.0000000e+00
   0.0000000e+00
   0.0000000e+00
   0.0000000e+00
   0.0000000e+00
   0.0000000e+00
   0.0000000e+00
   0.0000000e+00
   0.0000000e+00
   0.0000000e+00
   0.0000000e+00
   0.0000000e+00
   0.0000000e+00
   0.0000000e+00
   0.0000000e+00
   0.0000000e+00
   0.0000000e+00
   0.0000000e+00
   0.0000000e+00
   0.0000000e+00
   0.0000000e+00
   0.0000000e+00
   0.0000000e+00
   0.0000000e+00
   0.0000000e+00
   0.0000000e+00
   0.0000000e+00
   0.0000000e+00
   0.0000000e+00
   0.0000000e+00
   0.0000000e+00
   0.0000000e+00
   0.0000000e+00
   0.0000000e+00
   0.0000000e+00
   0.0000000e+00
   0.0000000e+00
   0.0000000e+00
   0.0000000e+00
   0.0000000e+00
   0.0000000e+00
   0.0000000e+00
   0.0000000e+00
   0.0000000e+00
   0.0000000e+00
   0.0000000e+00
   0.0000000e+00
   0.0000000e+00
   0.0000000e+00
   0.0000000e+00
   0.0000000e+00
   0.0000000e+00
   0.0000000e+00
   0.0000000e+00
   0.0000000e+00
   0.0000000e+00
