  -2.2371227e-03
  -7.8304004e-03
   7.6680691e-04
   2.3093868e-03
   7.7910915e-03
   2.7213676e-03
   2.0375331e-06
   0.0000000e+00
   0.0000000e+00
   0.0000000e+00
   1.2250506e-02
   9.4051282e-02
   5.5729008e-02
   6.3383918e-03
   2.7439346e-03
   1.0108228e-03
   2.0296926e-06
   0.0000000e+00
   0.0000000e+00
   0.0000000e+00
   5.0905144e-03
   3.8749789e-02
   2.2794805e-02
   2.3961454e-03
   1.3140522e-04
   4.7913429e-05
   9.1325642e-08
   0.0000000e+00
   0.0000000e+00
   0.0000000e+00
   3.1719416e-04
   2.3734998e-03
   1.3788345e-03
   1.4193001e-04
   1.3733626e-06
   4.9486467e-07
   8.6958581e-10
   0.0000000e+00
   0.0000000e+00
   0.0000000e+00
   0.0000000e+00
   0.0000000e+00
   0.0000000e+00
   0.0000000e+00
   0.0000000e+00
   0.0000000e+00
   0.0000000e+00
   0.0000000e+00
   0.0000000e+00
   0.0000000e+00
   0.0000000e+00
   0.0000000e+00
   0.0000000e+00
   0.0000000e+00
   0.0000000e+00
   0.0000000e+00
   0.0000000e+00
   0.0000000e+00
   0.0000000e+00
   0.0000000e+00
   0.0000000e+00
   0.0000000e+00
   0.0000000e+00
   0.0000000e+00
   0.0000000e+00
   0.0000000e+00
   0.0000000e+00
   0.0000000e+00
   0.0000000e+00
   0.0000000e+00
   0.0000000e+00
   0.0000000e+00
   0.0000000e+00
   0.0000000e+00
   0.0000000e+00
   0.0000000e+00
   0.0000000e+00
   0.0000000e+00
   0.0000000e+00
   0.0000000e+00
   0.0000000e+00
   0.0000000e+00
   0.0000000e+00
   0.0000000e+00
   0.0000000e+00
   0.0000000e+00
   0.0000000e+00
   0.0000000e+00
   0.0000000e+00
   0.0000000e+00
   0.0000000e+00
   0.0000000e+00
   0.0000000e+00
   0.0000000e+00
   0.0000000e+00
   0.0000000e+00
   0.0000000e+00
   0.0000000e+00
   0.0000000e+00
   0.0000000e+00
