  -1.4441983e-03
  -6.0838062e-03
  -4.5285123e-04
   6.0245124e-04
   1.6060852e-03
   1.7525820e-03
   8.8722041e-05
   0.0000000e+00
   0.0000000e+00
   0.0000000e+00
   1.7808265e-02
   9.6801341e-02
   4.5921935e-02
   3.9381543e-03
   9.2287523e-05
   1.0077032e-04
   5.1070107e-06
   0.0000000e+00
   0.0000000e+00
   0.0000000e+00
   6.7699476e-03
   3.6825070e-02
   1.7643990e-02
   1.5268063e-03
   8.0985172e-07
   8.8412210e-07
   4.4792726e-08
   0.0000000e+00
   0.0000000e+00
   0.0000000e+00
   4.0990792e-04
   2.2156958e-03
   1.0583780e-03
   9.1393700e-05
   1.5706800e-09
   1.7141806e-09
   8.6799754e-11
   0.0000000e+00
   0.0000000e+00
   0.0000000e+00
   0.0000000e+00
   0.0000000e+00
   0.0000000e+00
   0.0000000e+00
   0.0000000e+00
   0.0000000e+00
   0.0000000e+00
   0.0000000e+00
   0.0000000e+00
   0.0000000e+00
   0.0000000e+00
   0.0000000e+00
   0.0000000e+00
   0.0000000e+00
   0.0000000e+00
   0.0000000e+00
   0.0000000e+00
   0.0000000e+00
   0.0000000e+00
   0.0000000e+00
   0.0000000e+00
   0.0000000e+00
   0.0000000e+00
   0.0000000e+00
   0.0000000e+00
   0.0000000e+00
   0.0000000e+00
   0.0000000e+00
   0.0000000e+00
   0.0000000e+00
   0.0000000e+00
   0.0000000e+00
   0.0000000e+00
   0.0000000e+00
   0.0000000e+00
   0.0000000e+00
   0.0000000e+00
   0.0000000e+00
   0.0000000e+00
   0.0000000e+00
   0.0000000e+00
   0.0000000e+00
   0.0000000e+00
   0.0000000e+00
   0.0000000e+00
   0.0000000e+00
   0.0000000e+00
   0.0000000e+00
   0.0000000e+00
   0.0000000e+00
   0.0000000e+00
   0.0000000e+00
   0.0000000e+00
   0.0000000e+00
   0.0000000e+00
   0.0000000e+00
   0.0000000e+00
   0.0000000e+00
   0.0000000e+00
   0.0000000e+00
