   2.6714634e-03
  -3.0266219e-03
   5.8407945e-04
   1.4845401e-03
   1.5380374e-03
   1.2036604e-03
   1.6328999e-04
   8.0987043e-09
   0.0000000e+00
   0.0000000e+00
   3.6487192e-02
   7.9093455e-02
   2.1535390e-02
   1.2869894e-03
   9.8859695e-05
   7.0001880e-05
   8.1623914e-06
   5.5466695e-10
   0.0000000e+00
   0.0000000e+00
   2.1184967e-02
   4.9420871e-02
   1.3588377e-02
   7.3279128e-04
   9.2800395e-07
   5.7707928e-07
   5.1402287e-08
   3.5049248e-12
   0.0000000e+00
   0.0000000e+00
   3.1325946e-02
   7.3255526e-02
   2.0041849e-02
   1.0677401e-03
   2.0435918e-09
   1.1381715e-09
   7.1329612e-11
   4.7153811e-15
   0.0000000e+00
   0.0000000e+00
   8.6446927e-02
   2.0270463e-01
   5.5557645e-02
   2.9641559e-03
   0.0000000e+00
   0.0000000e+00
   0.0000000e+00
   0.0000000e+00
   0.0000000e+00
   0.0000000e+00
   1.9087182e-02
   4.4749837e-02
   1.2263792e-02
   6.5424529e-04
   0.0000000e+00
   0.0000000e+00
   0.0000000e+00
   0.0000000e+00
   0.0000000e+00
   0.0000000e+00
   0.0000000e+00
   0.0000000e+00
   0.0000000e+00
   0.0000000e+00
   0.0000000e+00
   0.0000000e+00
   0.0000000e+00
   0.0000000e+00
   0.0000000e+00
   0.0000000e+00
   0.0000000e+00
   0.0000000e+00
   0.0000000e+00
   0.0000000e+00
   0.0000000e+00
   0.0000000e+00
   0.0000000e+00
   0.0000000e+00
   0.0000000e+00
   0.0000000e+00
   0.0000000e+00
   0.0000000e+00
   0.0000000e+00
   0.0000000e+00
   0.0000000e+00
   0.0000000e+00
   0.0000000e+00
   0.0000000e+00
   0.0000000e+00
   0.0000000e+00
   0.0000000e+00
   0.0000000e+00
   0.0000000e+00
   0.0000000e+00
   0.0000000e+00
   0.0000000e+00
   0.0000000e+00
   0.0000000e+00
   0.0000000e+00
   0.0000000e+00
