  -9.0902217e-04
  -1.0712121e-03
  -8.6214419e-04
   1.9487524e-03
   1.5487627e-03
   3.3178300e-05
   0.0000000e+00
   0.0000000e+00
   0.0000000e+00
   0.0000000e+00
   3.6459444e-02
   7.6836338e-02
   1.9620519e-02
   1.1466399e-03
   1.2200687e-04
   3.0111562e-06
   0.0000000e+00
   0.0000000e+00
   0.0000000e+00
   0.0000000e+00
   5.4851747e-02
   1.1644270e-01
   2.9688987e-02
   1.4884852e-03
   1.5855079e-06
   3.9488389e-08
   0.0000000e+00
   0.0000000e+00
   0.0000000e+00
   0.0000000e+00
   1.3520242e-01
   2.8036355e-01
   7.0309617e-02
   3.4708951e-03
   4.6616017e-09
   1.1514143e-10
   0.0000000e+00
   0.0000000e+00
   0.0000000e+00
   0.0000000e+00
   1.1890941e-01
   2.3257111e-01
   5.5876612e-02
   2.6572157e-03
   0.0000000e+00
   0.0000000e+00
   0.0000000e+00
   0.0000000e+00
   0.0000000e+00
   0.0000000e+00
   1.5931150e-02
   2.9761090e-02
   6.8889708e-03
   3.1623903e-04
   0.0000000e+00
   0.0000000e+00
   0.0000000e+00
   0.0000000e+00
   0.0000000e+00
   0.0000000e+00
   0.0000000e+00
   0.0000000e+00
   0.0000000e+00
   0.0000000e+00
   0.0000000e+00
   0.0000000e+00
   0.0000000e+00
   0.0000000e+00
   0.0000000e+00
   0.0000000e+00
   0.0000000e+00
   0.0000000e+00
   0.0000000e+00
   0.0000000e+00
   0.0000000e+00
   0.0000000e+00
   0.0000000e+00
   0.0000000e+00
   0.0000000e+00
   0.0000000e+00
   0.0000000e+00
   0.0000000e+00
   0.0000000e+00
   0.0000000e+00
   0.0000000e+00
   0.0000000e+00
   0.0000000e+00
   0.0000000e+00
   0.0000000e+00
   0.0000000e+00
   0.0000000e+00
   0.0000000e+00
   0.0000000e+00
   0.0000000e+00
   0.0000000e+00
   0.0000000e+00
   0.0000000e+00
   0.0000000e+00
   0.0000000e+00
   0.0000000e+00
