  -2.3732541e-05
  -8.7120531e-03
  -2.8379621e-03
   2.8175377e-03
   3.9329974e-03
   6.1746999e-03
   5.4429723e-04
   0.0000000e+00
   0.0000000e+00
   0.0000000e+00
   2.7643104e-03
   7.6984345e-02
   7.7561012e-02
   1.2397123e-02
   7.8260276e-04
   1.2467783e-03
   1.1193240e-04
   0.0000000e+00
   0.0000000e+00
   0.0000000e+00
   2.0801094e-03
   6.4294493e-02
   6.9487032e-02
   1.1633068e-02
   1.7985450e-05
   2.8533449e-05
   2.5625853e-06
   0.0000000e+00
   0.0000000e+00
   0.0000000e+00
   1.7558117e-04
   6.0492472e-03
   6.7990326e-03
   1.1701769e-03
   8.9814001e-08
   1.3968159e-07
   1.2539971e-08
   0.0000000e+00
   0.0000000e+00
   0.0000000e+00
   0.0000000e+00
   0.0000000e+00
   0.0000000e+00
   0.0000000e+00
   0.0000000e+00
   0.0000000e+00
   0.0000000e+00
   0.0000000e+00
   0.0000000e+00
   0.0000000e+00
   0.0000000e+00
   0.0000000e+00
   0.0000000e+00
   0.0000000e+00
   0.0000000e+00
   0.0000000e+00
   0.0000000e+00
   0.0000000e+00
   0.0000000e+00
   0.0000000e+00
   0.0000000e+00
   0.0000000e+00
   0.0000000e+00
   0.0000000e+00
   0.0000000e+00
   0.0000000e+00
   0.0000000e+00
   0.0000000e+00
   0.0000000e+00
   0.0000000e+00
   0.0000000e+00
   0.0000000e+00
   0.0000000e+00
   0.0000000e+00
   0.0000000e+00
   0.0000000e+00
   0.0000000e+00
   0.0000000e+00
   0.0000000e+00
   0.0000000e+00
   0.0000000e+00
   0.0000000e+00
   0.0000000e+00
   0.0000000e+00
   0.0000000e+00
   0.0000000e+00
   0.0000000e+00
   0.0000000e+00
   0.0000000e+00
   0.0000000e+00
   0.0000000e+00
   0.0000000e+00
   0.0000000e+00
   0.0000000e+00
   0.0000000e+00
   0.0000000e+00
   0.0000000e+00
   0.0000000e+00
   0.0000000e+00
   0.0000000e+00
