  -9.6483933e-04
  -5.4156701e-03
  -1.2326763e-03
   1.8344239e-04
   2.3438243e-04
   6.6999356e-04
   1.1894692e-04
   0.0000000e+00
   0.0000000e+00
   0.0000000e+00
   1.8945757e-02
   9.6329163e-02
   4.4356803e-02
   3.7181859e-03
   6.9524241e-06
   1.9873842e-05
   3.5282911e-06
   0.0000000e+00
   0.0000000e+00
   0.0000000e+00
   6.5507732e-03
   3.3699220e-02
   1.5682736e-02
   1.3285943e-03
   3.4165299e-08
   9.7663163e-08
   1.7338574e-08
   0.0000000e+00
   0.0000000e+00
   0.0000000e+00
   3.8504131e-04
   1.9658480e-03
   9.1029300e-04
   7.6764741e-05
   3.7208254e-11
   1.0636160e-10
   1.8882846e-11
   0.0000000e+00
   0.0000000e+00
   0.0000000e+00
   0.0000000e+00
   0.0000000e+00
   0.0000000e+00
   0.0000000e+00
   0.0000000e+00
   0.0000000e+00
   0.0000000e+00
   0.0000000e+00
   0.0000000e+00
   0.0000000e+00
   0.0000000e+00
   0.0000000e+00
   0.0000000e+00
   0.0000000e+00
   0.0000000e+00
   0.0000000e+00
   0.0000000e+00
   0.0000000e+00
   0.0000000e+00
   0.0000000e+00
   0.0000000e+00
   0.0000000e+00
   0.0000000e+00
   0.0000000e+00
   0.0000000e+00
   0.0000000e+00
   0.0000000e+00
   0.0000000e+00
   0.0000000e+00
   0.0000000e+00
   0.0000000e+00
   0.0000000e+00
   0.0000000e+00
   0.0000000e+00
   0.0000000e+00
   0.0000000e+00
   0.0000000e+00
   0.0000000e+00
   0.0000000e+00
   0.0000000e+00
   0.0000000e+00
   0.0000000e+00
   0.0000000e+00
   0.0000000e+00
   0.0000000e+00
   0.0000000e+00
   0.0000000e+00
   0.0000000e+00
   0.0000000e+00
   0.0000000e+00
   0.0000000e+00
   0.0000000e+00
   0.0000000e+00
   0.0000000e+00
   0.0000000e+00
   0.0000000e+00
   0.0000000e+00
   0.0000000e+00
   0.0000000e+00
   0.0000000e+00
