  -1.6465480e-03
  -5.1139461e-03
  -8.6109906e-04
   7.2678298e-04
   3.2234337e-03
   1.0549454e-03
   6.0317029e-07
   0.0000000e+00
   0.0000000e+00
   0.0000000e+00
   1.7364717e-02
   9.4710602e-02
   4.5957275e-02
   4.1212528e-03
   3.5499937e-04
   1.1637030e-04
   6.7726752e-08
   0.0000000e+00
   0.0000000e+00
   0.0000000e+00
   5.4966049e-03
   2.9928277e-02
   1.4509050e-02
   1.2789435e-03
   5.7855968e-06
   1.8970399e-06
   1.1072298e-09
   0.0000000e+00
   0.0000000e+00
   0.0000000e+00
   3.0975353e-04
   1.6747683e-03
   8.0687545e-04
   7.0601784e-05
   2.0565190e-08
   6.7430026e-09
   3.9349765e-12
   0.0000000e+00
   0.0000000e+00
   0.0000000e+00
   0.0000000e+00
   0.0000000e+00
   0.0000000e+00
   0.0000000e+00
   0.0000000e+00
   0.0000000e+00
   0.0000000e+00
   0.0000000e+00
   0.0000000e+00
   0.0000000e+00
   0.0000000e+00
   0.0000000e+00
   0.0000000e+00
   0.0000000e+00
   0.0000000e+00
   0.0000000e+00
   0.0000000e+00
   0.0000000e+00
   0.0000000e+00
   0.0000000e+00
   0.0000000e+00
   0.0000000e+00
   0.0000000e+00
   0.0000000e+00
   0.0000000e+00
   0.0000000e+00
   0.0000000e+00
   0.0000000e+00
   0.0000000e+00
   0.0000000e+00
   0.0000000e+00
   0.0000000e+00
   0.0000000e+00
   0.0000000e+00
   0.0000000e+00
   0.0000000e+00
   0.0000000e+00
   0.0000000e+00
   0.0000000e+00
   0.0000000e+00
   0.0000000e+00
   0.0000000e+00
   0.0000000e+00
   0.0000000e+00
   0.0000000e+00
   0.0000000e+00
   0.0000000e+00
   0.0000000e+00
   0.0000000e+00
   0.0000000e+00
   0.0000000e+00
   0.0000000e+00
   0.0000000e+00
   0.0000000e+00
   0.0000000e+00
   0.0000000e+00
   0.0000000e+00
   0.0000000e+00
   0.0000000e+00
   0.0000000e+00
