   2.1303642e-03
  -2.0069162e-03
  -3.0280984e-03
   2.3169806e-04
   1.0271505e-02
   8.9947252e-03
   3.1500665e-04
   0.0000000e+00
   0.0000000e+00
   0.0000000e+00
   3.0786666e-02
   8.7425670e-02
   2.7692298e-02
   2.0638098e-03
   6.4675054e-03
   5.5221036e-03
   1.8186245e-04
   0.0000000e+00
   0.0000000e+00
   0.0000000e+00
   4.5106430e-03
   1.2726704e-02
   4.0119907e-03
   2.8091320e-04
   6.3629337e-04
   5.3788584e-04
   1.7244977e-05
   0.0000000e+00
   0.0000000e+00
   0.0000000e+00
   1.3536443e-04
   3.7816857e-04
   1.1825777e-04
   7.9187654e-06
   1.3529697e-05
   1.1402133e-05
   3.6204258e-07
   0.0000000e+00
   0.0000000e+00
   0.0000000e+00
   0.0000000e+00
   0.0000000e+00
   0.0000000e+00
   0.0000000e+00
   0.0000000e+00
   0.0000000e+00
   0.0000000e+00
   0.0000000e+00
   0.0000000e+00
   0.0000000e+00
   0.0000000e+00
   0.0000000e+00
   0.0000000e+00
   0.0000000e+00
   0.0000000e+00
   0.0000000e+00
   0.0000000e+00
   0.0000000e+00
   0.0000000e+00
   0.0000000e+00
   0.0000000e+00
   0.0000000e+00
   0.0000000e+00
   0.0000000e+00
   0.0000000e+00
   0.0000000e+00
   0.0000000e+00
   0.0000000e+00
   0.0000000e+00
   0.0000000e+00
   0.0000000e+00
   0.0000000e+00
   0.0000000e+00
   0.0000000e+00
   0.0000000e+00
   0.0000000e+00
   0.0000000e+00
   0.0000000e+00
   0.0000000e+00
   0.0000000e+00
   0.0000000e+00
   0.0000000e+00
   0.0000000e+00
   0.0000000e+00
   0.0000000e+00
   0.0000000e+00
   0.0000000e+00
   0.0000000e+00
   0.0000000e+00
   0.0000000e+00
   0.0000000e+00
   0.0000000e+00
   0.0000000e+00
   0.0000000e+00
   0.0000000e+00
   0.0000000e+00
   0.0000000e+00
   0.0000000e+00
   0.0000000e+00
   0.0000000e+00
