   1.8252376e-03
  -2.2445810e-03
  -9.8793372e-04
   2.6057689e-03
   6.2620421e-04
   3.8298926e-03
   3.8487009e-03
   1.6884275e-04
   0.0000000e+00
   0.0000000e+00
   3.1460121e-02
   7.7545016e-02
   3.4075594e-02
   5.7202233e-03
   7.8388940e-05
   1.0076098e-03
   1.0484808e-03
   4.9102910e-05
   0.0000000e+00
   0.0000000e+00
   2.0014023e-02
   5.6533371e-02
   4.2418941e-02
   1.0054696e-02
   2.3567127e-06
   4.1059496e-05
   4.3210334e-05
   2.0610660e-06
   0.0000000e+00
   0.0000000e+00
   2.4217379e-02
   5.7085793e-02
   2.2355736e-02
   3.2399299e-03
   7.7120859e-08
   3.7848141e-07
   4.0079430e-07
   1.9304030e-08
   0.0000000e+00
   0.0000000e+00
   8.4695951e-03
   2.2958250e-02
   7.0128961e-03
   4.1290462e-04
   0.0000000e+00
   0.0000000e+00
   0.0000000e+00
   0.0000000e+00
   0.0000000e+00
   0.0000000e+00
   5.5327953e-02
   1.5790027e-01
   4.9749007e-02
   2.9993164e-03
   0.0000000e+00
   0.0000000e+00
   0.0000000e+00
   0.0000000e+00
   0.0000000e+00
   0.0000000e+00
   2.7850995e-02
   7.9483864e-02
   2.5042664e-02
   1.5097964e-03
   0.0000000e+00
   0.0000000e+00
   0.0000000e+00
   0.0000000e+00
   0.0000000e+00
   0.0000000e+00
   2.1182610e-04
   6.0452981e-04
   1.9046680e-04
   1.1483047e-05
   0.0000000e+00
   0.0000000e+00
   0.0000000e+00
   0.0000000e+00
   0.0000000e+00
   0.0000000e+00
   0.0000000e+00
   0.0000000e+00
   0.0000000e+00
   0.0000000e+00
   0.0000000e+00
   0.0000000e+00
   0.0000000e+00
   0.0000000e+00
   0.0000000e+00
   0.0000000e+00
   0.0000000e+00
   0.0000000e+00
   0.0000000e+00
   0.0000000e+00
   0.0000000e+00
   0.0000000e+00
   0.0000000e+00
   0.0000000e+00
   0.0000000e+00
   0.0000000e+00
