   7.2418761e-04
  -2.2793653e-03
  -1.8348204e-03
   5.6524493e-03
   1.8064093e-03
  -7.0145883e-07
   0.0000000e+00
   0.0000000e+00
   0.0000000e+00
   0.0000000e+00
   2.0412163e-02
   8.1809544e-02
   3.3316997e-02
   6.2232727e-03
   1.2729860e-03
   9.2304814e-07
   0.0000000e+00
   0.0000000e+00
   0.0000000e+00
   0.0000000e+00
   2.4436249e-02
   9.2378281e-02
   3.5311007e-02
   2.6681759e-03
   5.0375961e-05
   4.0730390e-08
   0.0000000e+00
   0.0000000e+00
   0.0000000e+00
   0.0000000e+00
   3.4124286e-02
   1.2770673e-01
   4.8381535e-02
   3.4272881e-03
   4.4326486e-07
   3.7998960e-10
   0.0000000e+00
   0.0000000e+00
   0.0000000e+00
   0.0000000e+00
   2.1300947e-02
   8.5623702e-02
   3.3890290e-02
   2.4874295e-03
   0.0000000e+00
   0.0000000e+00
   0.0000000e+00
   0.0000000e+00
   0.0000000e+00
   0.0000000e+00
   4.3090653e-02
   1.7529710e-01
   6.9861008e-02
   5.1551482e-03
   0.0000000e+00
   0.0000000e+00
   0.0000000e+00
   0.0000000e+00
   0.0000000e+00
   0.0000000e+00
   6.2375341e-03
   2.5374914e-02
   1.0112644e-02
   7.4622709e-04
   0.0000000e+00
   0.0000000e+00
   0.0000000e+00
   0.0000000e+00
   0.0000000e+00
   0.0000000e+00
   0.0000000e+00
   0.0000000e+00
   0.0000000e+00
   0.0000000e+00
   0.0000000e+00
   0.0000000e+00
   0.0000000e+00
   0.0000000e+00
   0.0000000e+00
   0.0000000e+00
   0.0000000e+00
   0.0000000e+00
   0.0000000e+00
   0.0000000e+00
   0.0000000e+00
   0.0000000e+00
   0.0000000e+00
   0.0000000e+00
   0.0000000e+00
   0.0000000e+00
   0.0000000e+00
   0.0000000e+00
   0.0000000e+00
   0.0000000e+00
   0.0000000e+00
   0.0000000e+00
   0.0000000e+00
   0.0000000e+00
   0.0000000e+00
   0.0000000e+00
