   3.5668746e-03
  -4.6253640e-03
   5.4778948e-04
   7.3872037e-03
   5.7850825e-03
   2.5011818e-03
   4.2248751e-04
   3.2921380e-05
   0.0000000e+00
   0.0000000e+00
   2.1418094e-02
   8.4819414e-02
   4.1949545e-02
   7.2040348e-03
   1.2816979e-03
   4.7969978e-04
   1.8061225e-05
   1.3309947e-06
   0.0000000e+00
   0.0000000e+00
   3.7822255e-03
   2.9023315e-02
   2.1503413e-02
   3.0736001e-03
   4.7707290e-05
   1.6085565e-05
   1.3669318e-07
   7.3673418e-09
   0.0000000e+00
   0.0000000e+00
   9.6414661e-03
   4.9617705e-02
   2.3869716e-02
   2.1643320e-03
   4.3024168e-07
   1.2053896e-07
   4.3952606e-10
   8.7383640e-12
   0.0000000e+00
   0.0000000e+00
   3.5609888e-02
   1.6823726e-01
   7.3677067e-02
   5.8932542e-03
   0.0000000e+00
   0.0000000e+00
   0.0000000e+00
   0.0000000e+00
   0.0000000e+00
   0.0000000e+00
   6.5787602e-02
   3.0067710e-01
   1.2924647e-01
   1.0188600e-02
   0.0000000e+00
   0.0000000e+00
   0.0000000e+00
   0.0000000e+00
   0.0000000e+00
   0.0000000e+00
   1.5871507e-02
   7.2196954e-02
   3.0946694e-02
   2.4339494e-03
   0.0000000e+00
   0.0000000e+00
   0.0000000e+00
   0.0000000e+00
   0.0000000e+00
   0.0000000e+00
   5.7009037e-09
   2.3836445e-08
   9.6648763e-09
   7.2369099e-10
   0.0000000e+00
   0.0000000e+00
   0.0000000e+00
   0.0000000e+00
   0.0000000e+00
   0.0000000e+00
   0.0000000e+00
   0.0000000e+00
   0.0000000e+00
   0.0000000e+00
   0.0000000e+00
   0.0000000e+00
   0.0000000e+00
   0.0000000e+00
   0.0000000e+00
   0.0000000e+00
   0.0000000e+00
   0.0000000e+00
   0.0000000e+00
   0.0000000e+00
   0.0000000e+00
   0.0000000e+00
   0.0000000e+00
   0.0000000e+00
   0.0000000e+00
   0.0000000e+00
