   5.2655184e-04
  -3.6005663e-03
   1.6450645e-03
   1.8224815e-03
   2.6830909e-03
   6.3430775e-04
   1.6812322e-08
   0.0000000e+00
   0.0000000e+00
   0.0000000e+00
   2.7487598e-02
   8.7823699e-02
   3.1710199e-02
   2.4912109e-03
   3.9769044e-04
   9.2347863e-05
   5.3495072e-10
   0.0000000e+00
   0.0000000e+00
   0.0000000e+00
   5.4123862e-03
   1.9802114e-02
   7.8158484e-03
   6.0370944e-04
   9.9559612e-06
   2.3029080e-06
   2.8272249e-12
   0.0000000e+00
   0.0000000e+00
   0.0000000e+00
   2.9115224e-02
   1.7215479e-01
   8.6823016e-02
   7.8540548e-03
   5.5127994e-08
   1.2741198e-08
   3.3192573e-15
   0.0000000e+00
   0.0000000e+00
   0.0000000e+00
   3.3604037e-02
   1.9808865e-01
   9.9690697e-02
   9.0013059e-03
   0.0000000e+00
   0.0000000e+00
   0.0000000e+00
   0.0000000e+00
   0.0000000e+00
   0.0000000e+00
   1.8855135e-03
   1.1015112e-02
   5.5161911e-03
   4.9612917e-04
   0.0000000e+00
   0.0000000e+00
   0.0000000e+00
   0.0000000e+00
   0.0000000e+00
   0.0000000e+00
   0.0000000e+00
   0.0000000e+00
   0.0000000e+00
   0.0000000e+00
   0.0000000e+00
   0.0000000e+00
   0.0000000e+00
   0.0000000e+00
   0.0000000e+00
   0.0000000e+00
   0.0000000e+00
   0.0000000e+00
   0.0000000e+00
   0.0000000e+00
   0.0000000e+00
   0.0000000e+00
   0.0000000e+00
   0.0000000e+00
   0.0000000e+00
   0.0000000e+00
   0.0000000e+00
   0.0000000e+00
   0.0000000e+00
   0.0000000e+00
   0.0000000e+00
   0.0000000e+00
   0.0000000e+00
   0.0000000e+00
   0.0000000e+00
   0.0000000e+00
   0.0000000e+00
   0.0000000e+00
   0.0000000e+00
   0.0000000e+00
   0.0000000e+00
   0.0000000e+00
   0.0000000e+00
   0.0000000e+00
   0.0000000e+00
   0.0000000e+00
