   1.0680139e-03
  -1.2754608e-03
  -2.6513172e-03
   1.9824072e-03
   8.0810866e-03
   9.8739616e-04
  -8.6503543e-05
   0.0000000e+00
   0.0000000e+00
   0.0000000e+00
   2.5601694e-02
   8.4228798e-02
   2.9824327e-02
   2.9285185e-03
   3.4589365e-03
   8.7191854e-04
   5.3796831e-06
   0.0000000e+00
   0.0000000e+00
   0.0000000e+00
   5.1248561e-03
   1.9600924e-02
   7.7173284e-03
   6.2302575e-04
   1.8773983e-04
   4.5939545e-05
   1.5313157e-07
   0.0000000e+00
   0.0000000e+00
   0.0000000e+00
   5.0418922e-02
   2.4032465e-01
   1.0600205e-01
   8.5406879e-03
   2.2493002e-06
   5.3807592e-07
   6.1445782e-10
   0.0000000e+00
   0.0000000e+00
   0.0000000e+00
   5.5184332e-02
   2.6341920e-01
   1.1629123e-01
   9.3761408e-03
   0.0000000e+00
   0.0000000e+00
   0.0000000e+00
   0.0000000e+00
   0.0000000e+00
   0.0000000e+00
   2.9330481e-03
   1.4059417e-02
   6.2233811e-03
   5.0293249e-04
   0.0000000e+00
   0.0000000e+00
   0.0000000e+00
   0.0000000e+00
   0.0000000e+00
   0.0000000e+00
   0.0000000e+00
   0.0000000e+00
   0.0000000e+00
   0.0000000e+00
   0.0000000e+00
   0.0000000e+00
   0.0000000e+00
   0.0000000e+00
   0.0000000e+00
   0.0000000e+00
   0.0000000e+00
   0.0000000e+00
   0.0000000e+00
   0.0000000e+00
   0.0000000e+00
   0.0000000e+00
   0.0000000e+00
   0.0000000e+00
   0.0000000e+00
   0.0000000e+00
   0.0000000e+00
   0.0000000e+00
   0.0000000e+00
   0.0000000e+00
   0.0000000e+00
   0.0000000e+00
   0.0000000e+00
   0.0000000e+00
   0.0000000e+00
   0.0000000e+00
   0.0000000e+00
   0.0000000e+00
   0.0000000e+00
   0.0000000e+00
   0.0000000e+00
   0.0000000e+00
   0.0000000e+00
   0.0000000e+00
   0.0000000e+00
   0.0000000e+00
