  -1.8873574e-03
  -6.1660677e-03
  -8.0592523e-04
   2.2488408e-04
   5.2475617e-04
   6.9850110e-04
   5.2673308e-05
   0.0000000e+00
   0.0000000e+00
   0.0000000e+00
   1.5307024e-02
   9.6500609e-02
   4.9255217e-02
   4.4202785e-03
   1.3430891e-05
   1.9245302e-05
   1.5489990e-06
   0.0000000e+00
   0.0000000e+00
   0.0000000e+00
   6.4643822e-03
   4.1661303e-02
   2.1895784e-02
   2.0407241e-03
   6.2400246e-08
   9.2870844e-08
   7.7043901e-09
   0.0000000e+00
   0.0000000e+00
   0.0000000e+00
   4.3796393e-04
   2.7934568e-03
   1.4619956e-03
   1.3596417e-04
   6.7290874e-11
   1.0192532e-10
   8.5690297e-12
   0.0000000e+00
   0.0000000e+00
   0.0000000e+00
   0.0000000e+00
   0.0000000e+00
   0.0000000e+00
   0.0000000e+00
   0.0000000e+00
   0.0000000e+00
   0.0000000e+00
   0.0000000e+00
   0.0000000e+00
   0.0000000e+00
   0.0000000e+00
   0.0000000e+00
   0.0000000e+00
   0.0000000e+00
   0.0000000e+00
   0.0000000e+00
   0.0000000e+00
   0.0000000e+00
   0.0000000e+00
   0.0000000e+00
   0.0000000e+00
   0.0000000e+00
   0.0000000e+00
   0.0000000e+00
   0.0000000e+00
   0.0000000e+00
   0.0000000e+00
   0.0000000e+00
   0.0000000e+00
   0.0000000e+00
   0.0000000e+00
   0.0000000e+00
   0.0000000e+00
   0.0000000e+00
   0.0000000e+00
   0.0000000e+00
   0.0000000e+00
   0.0000000e+00
   0.0000000e+00
   0.0000000e+00
   0.0000000e+00
   0.0000000e+00
   0.0000000e+00
   0.0000000e+00
   0.0000000e+00
   0.0000000e+00
   0.0000000e+00
   0.0000000e+00
   0.0000000e+00
   0.0000000e+00
   0.0000000e+00
   0.0000000e+00
   0.0000000e+00
   0.0000000e+00
   0.0000000e+00
   0.0000000e+00
   0.0000000e+00
   0.0000000e+00
   0.0000000e+00
   0.0000000e+00
