   4.1130154e-03
  -3.8124276e-03
   3.4368188e-04
   2.2721612e-03
   5.2705499e-03
   3.7257722e-03
   6.1351128e-05
   0.0000000e+00
   0.0000000e+00
   0.0000000e+00
   2.9542751e-02
   8.3235890e-02
   3.0821870e-02
   3.3095988e-03
   2.2823154e-03
   1.7514123e-03
   4.4620354e-05
   0.0000000e+00
   0.0000000e+00
   0.0000000e+00
   5.8546183e-03
   2.7023338e-02
   1.3055138e-02
   1.2708862e-03
   1.3563026e-04
   1.0360159e-04
   2.6296447e-06
   0.0000000e+00
   0.0000000e+00
   0.0000000e+00
   4.6208522e-03
   2.4489735e-02
   1.1626172e-02
   1.0041903e-03
   1.7956213e-06
   1.3637127e-06
   3.4198112e-08
   0.0000000e+00
   0.0000000e+00
   0.0000000e+00
   3.5410525e-02
   1.9823587e-01
   9.7080670e-02
   8.5859216e-03
   0.0000000e+00
   0.0000000e+00
   0.0000000e+00
   0.0000000e+00
   0.0000000e+00
   0.0000000e+00
   2.0958785e-02
   1.2666659e-01
   6.4724471e-02
   5.9203379e-03
   0.0000000e+00
   0.0000000e+00
   0.0000000e+00
   0.0000000e+00
   0.0000000e+00
   0.0000000e+00
   4.5728491e-04
   3.1572710e-03
   1.7184973e-03
   1.6452922e-04
   0.0000000e+00
   0.0000000e+00
   0.0000000e+00
   0.0000000e+00
   0.0000000e+00
   0.0000000e+00
   0.0000000e+00
   0.0000000e+00
   0.0000000e+00
   0.0000000e+00
   0.0000000e+00
   0.0000000e+00
   0.0000000e+00
   0.0000000e+00
   0.0000000e+00
   0.0000000e+00
   0.0000000e+00
   0.0000000e+00
   0.0000000e+00
   0.0000000e+00
   0.0000000e+00
   0.0000000e+00
   0.0000000e+00
   0.0000000e+00
   0.0000000e+00
   0.0000000e+00
   0.0000000e+00
   0.0000000e+00
   0.0000000e+00
   0.0000000e+00
   0.0000000e+00
   0.0000000e+00
   0.0000000e+00
   0.0000000e+00
   0.0000000e+00
   0.0000000e+00
