   2.3727441e-04
  -1.2714827e-03
  -1.3150037e-03
  -1.4929551e-04
   0.0000000e+00
   0.0000000e+00
   0.0000000e+00
   0.0000000e+00
   0.0000000e+00
   0.0000000e+00
   3.5489451e-02
   8.1550802e-02
   2.2626627e-02
   1.2477801e-03
   0.0000000e+00
   0.0000000e+00
   0.0000000e+00
   0.0000000e+00
   0.0000000e+00
   0.0000000e+00
   4.2454037e-03
   9.8391947e-03
   2.7361033e-03
   1.5066265e-04
   0.0000000e+00
   0.0000000e+00
   0.0000000e+00
   0.0000000e+00
   0.0000000e+00
   0.0000000e+00
   1.1201106e-04
   2.6205951e-04
   7.3034279e-05
   4.0131623e-06
   0.0000000e+00
   0.0000000e+00
   0.0000000e+00
   0.0000000e+00
   0.0000000e+00
   0.0000000e+00
   0.0000000e+00
   0.0000000e+00
   0.0000000e+00
   0.0000000e+00
   0.0000000e+00
   0.0000000e+00
   0.0000000e+00
   0.0000000e+00
   0.0000000e+00
   0.0000000e+00
   0.0000000e+00
   0.0000000e+00
   0.0000000e+00
   0.0000000e+00
   0.0000000e+00
   0.0000000e+00
   0.0000000e+00
   0.0000000e+00
   0.0000000e+00
   0.0000000e+00
   0.0000000e+00
   0.0000000e+00
   0.0000000e+00
   0.0000000e+00
   0.0000000e+00
   0.0000000e+00
   0.0000000e+00
   0.0000000e+00
   0.0000000e+00
   0.0000000e+00
   0.0000000e+00
   0.0000000e+00
   0.0000000e+00
   0.0000000e+00
   0.0000000e+00
   0.0000000e+00
   0.0000000e+00
   0.0000000e+00
   0.0000000e+00
   0.0000000e+00
   0.0000000e+00
   0.0000000e+00
   0.0000000e+00
   0.0000000e+00
   0.0000000e+00
   0.0000000e+00
   0.0000000e+00
   0.0000000e+00
   0.0000000e+00
   0.0000000e+00
   0.0000000e+00
   0.0000000e+00
   0.0000000e+00
   0.0000000e+00
   0.0000000e+00
   0.0000000e+00
   0.0000000e+00
   0.0000000e+00
   0.0000000e+00
   0.0000000e+00
