  -3.9547766e-02
   3.7674428e-03
  -1.9958886e-02
   1.4481029e-01
  -1.3327391e-01
  -1.8095304e-01
   1.8832693e-01
   1.9193571e-01
   1.9148572e-02
  -2.7861309e-01
  -3.6454829e-01
   1.2942225e-01
   1.7050835e-01
  -2.1970784e-03
  -1.1278721e-02
   1.7348958e-01
  -3.6238122e-02
   2.4717685e-01
  -5.4121880e-02
   1.1324342e-01
   4.9784556e-01
   9.0137446e-02
   3.4679028e-01
   1.0492197e-01
   6.1223197e-01
   2.1231473e-01
   6.0270971e-01
  -6.7819280e-02
   7.8141315e-01
   8.2061798e-01
   8.5814277e-01
   4.9665726e-01
  -1.3993656e-01
   7.5221762e-01
   3.8194602e-01
   2.0741719e-01
  -7.3260137e-02
  -2.0111189e-01
   9.6072520e-02
   7.7812007e-02
   9.8096542e-01
   1.7022419e+00
   2.5962688e+00
   2.1630319e+00
   1.6678140e+00
   1.1871698e+00
   1.5824226e+00
   3.4508640e+00
   2.4682762e+00
   1.9871019e+00
   2.3231442e+00
   2.4795759e+00
   3.3656905e+00
   3.0177855e+00
   1.3396176e+00
   2.5288679e+00
   2.7501104e+00
   2.2649411e+00
   3.3980520e-01
   5.6683541e-03
   1.6187915e+00
   2.7899956e+00
   2.9122342e+00
   3.6737498e+00
   2.3974935e+00
   3.7409056e+00
   3.7024151e+00
   4.5558105e+00
   4.7194181e+00
   5.0703639e+00
   4.1391517e+00
   4.1914389e+00
   4.6138428e+00
   3.7071316e+00
   3.5697006e+00
   3.4553426e+00
   1.6245628e+00
   2.4635782e+00
   8.3166218e-01
   5.7231740e-05
   3.6586881e-01
   5.0131637e-01
   6.3943171e-01
   2.8183052e+00
   2.7554827e+00
   2.4565549e+00
   2.1886266e+00
   1.4264403e-01
   6.6420008e-01
   1.4056145e+00
   7.9329449e-01
   2.3056144e+00
   3.6964870e+00
   2.4622973e+00
   1.6914339e+00
   1.8129353e+00
   3.0954797e+00
   6.3522480e-01
   7.8896934e-02
   0.0000000e+00
  -1.4663371e-02
  -6.7559635e-03
   1.3545240e-01
   7.3363347e-01
   4.8051754e-01
   6.6606382e-01
   8.9943076e-01
   9.6647445e-02
   8.0654326e-02
   2.5477653e-01
   3.8994056e-01
   1.8347277e+00
   1.5635316e+00
   8.7918536e-01
   5.1417426e-01
   1.0045604e+00
   1.7484235e+00
   7.9853379e-01
   3.4057960e-02
   0.0000000e+00
   0.0000000e+00
   0.0000000e+00
   4.1801093e-05
   4.7868653e-04
   2.2906840e-03
   2.1826774e-02
   2.4001945e-02
   1.3058006e-03
   1.4042632e-02
   3.8524400e-02
   8.6587227e-02
   3.8796017e-01
   2.7411491e-01
   1.0253879e-01
   7.9154322e-03
   4.6768065e-03
   8.0948706e-04
   1.5172536e-04
   7.5903354e-06
   0.0000000e+00
   0.0000000e+00
   0.0000000e+00
   0.0000000e+00
   0.0000000e+00
   0.0000000e+00
   0.0000000e+00
   0.0000000e+00
   0.0000000e+00
   0.0000000e+00
   1.5478075e-08
   8.9317058e-06
   1.9156261e-04
   1.8686213e-04
   7.7802646e-06
   0.0000000e+00
   0.0000000e+00
   0.0000000e+00
   0.0000000e+00
   0.0000000e+00
   0.0000000e+00
   0.0000000e+00
   0.0000000e+00
   0.0000000e+00
   0.0000000e+00
   0.0000000e+00
   0.0000000e+00
   0.0000000e+00
   0.0000000e+00
   0.0000000e+00
   0.0000000e+00
   0.0000000e+00
   0.0000000e+00
   0.0000000e+00
   0.0000000e+00
   0.0000000e+00
   0.0000000e+00
   0.0000000e+00
   0.0000000e+00
   0.0000000e+00
   0.0000000e+00
   0.0000000e+00
   0.0000000e+00
   0.0000000e+00
   0.0000000e+00
   0.0000000e+00
   0.0000000e+00
   0.0000000e+00
   0.0000000e+00
   0.0000000e+00
   0.0000000e+00
   0.0000000e+00
   0.0000000e+00
   0.0000000e+00
   0.0000000e+00
   0.0000000e+00
   0.0000000e+00
   0.0000000e+00
   0.0000000e+00
   0.0000000e+00
   0.0000000e+00
   0.0000000e+00
   0.0000000e+00
   0.0000000e+00
   0.0000000e+00
   0.0000000e+00
   0.0000000e+00
   0.0000000e+00
   0.0000000e+00
   0.0000000e+00
   0.0000000e+00
   0.0000000e+00
   0.0000000e+00
   0.0000000e+00
   0.0000000e+00
   0.0000000e+00
   0.0000000e+00
   0.0000000e+00
   0.0000000e+00
   0.0000000e+00
   0.0000000e+00
   0.0000000e+00
   0.0000000e+00
   0.0000000e+00
   0.0000000e+00
   0.0000000e+00
   0.0000000e+00
   0.0000000e+00
   0.0000000e+00
   0.0000000e+00
   0.0000000e+00
   0.0000000e+00
   0.0000000e+00
   0.0000000e+00
   0.0000000e+00
   0.0000000e+00
   0.0000000e+00
   0.0000000e+00
   0.0000000e+00
   0.0000000e+00
   0.0000000e+00
   0.0000000e+00
   0.0000000e+00
   0.0000000e+00
   0.0000000e+00
   0.0000000e+00
   0.0000000e+00
   0.0000000e+00
   0.0000000e+00
   0.0000000e+00
   0.0000000e+00
   0.0000000e+00
   0.0000000e+00
   0.0000000e+00
   0.0000000e+00
   0.0000000e+00
   0.0000000e+00
   0.0000000e+00
   0.0000000e+00
   0.0000000e+00
   0.0000000e+00
   0.0000000e+00
   0.0000000e+00
   0.0000000e+00
   0.0000000e+00
   0.0000000e+00
   0.0000000e+00
   0.0000000e+00
   0.0000000e+00
   0.0000000e+00
   0.0000000e+00
   0.0000000e+00
   0.0000000e+00
   0.0000000e+00
   0.0000000e+00
   0.0000000e+00
   0.0000000e+00
   0.0000000e+00
   0.0000000e+00
   0.0000000e+00
   0.0000000e+00
   0.0000000e+00
   0.0000000e+00
   0.0000000e+00
   0.0000000e+00
   0.0000000e+00
   0.0000000e+00
   0.0000000e+00
   0.0000000e+00
   0.0000000e+00
   0.0000000e+00
   0.0000000e+00
   0.0000000e+00
   0.0000000e+00
   0.0000000e+00
   0.0000000e+00
   0.0000000e+00
   0.0000000e+00
   0.0000000e+00
   0.0000000e+00
   0.0000000e+00
   0.0000000e+00
   0.0000000e+00
   0.0000000e+00
   0.0000000e+00
   0.0000000e+00
   0.0000000e+00
   0.0000000e+00
   0.0000000e+00
   0.0000000e+00
   0.0000000e+00
   0.0000000e+00
   0.0000000e+00
   0.0000000e+00
   0.0000000e+00
   0.0000000e+00
   0.0000000e+00
   0.0000000e+00
   0.0000000e+00
   0.0000000e+00
   0.0000000e+00
   0.0000000e+00
   0.0000000e+00
   0.0000000e+00
   0.0000000e+00
   0.0000000e+00
   0.0000000e+00
   0.0000000e+00
   0.0000000e+00
   0.0000000e+00
   0.0000000e+00
   0.0000000e+00
   0.0000000e+00
   0.0000000e+00
   0.0000000e+00
   0.0000000e+00
   0.0000000e+00
   0.0000000e+00
   0.0000000e+00
   0.0000000e+00
   0.0000000e+00
   0.0000000e+00
   0.0000000e+00
   0.0000000e+00
   0.0000000e+00
   0.0000000e+00
   0.0000000e+00
   0.0000000e+00
   0.0000000e+00
   0.0000000e+00
   0.0000000e+00
   0.0000000e+00
   0.0000000e+00
   0.0000000e+00
   0.0000000e+00
   0.0000000e+00
   0.0000000e+00
   0.0000000e+00
   0.0000000e+00
   0.0000000e+00
   0.0000000e+00
   0.0000000e+00
   0.0000000e+00
   0.0000000e+00
   0.0000000e+00
   0.0000000e+00
   0.0000000e+00
   0.0000000e+00
   0.0000000e+00
   0.0000000e+00
   0.0000000e+00
   0.0000000e+00
   0.0000000e+00
   0.0000000e+00
   0.0000000e+00
   0.0000000e+00
   0.0000000e+00
   0.0000000e+00
   0.0000000e+00
   0.0000000e+00
   0.0000000e+00
   0.0000000e+00
   0.0000000e+00
   0.0000000e+00
   0.0000000e+00
   0.0000000e+00
   0.0000000e+00
   0.0000000e+00
   0.0000000e+00
   0.0000000e+00
   0.0000000e+00
   0.0000000e+00
   0.0000000e+00
   0.0000000e+00
   0.0000000e+00
   0.0000000e+00
   0.0000000e+00
   0.0000000e+00
   0.0000000e+00
   0.0000000e+00
   0.0000000e+00
