  -2.3164923e-02
   6.4593421e-02
   6.5820140e-02
   3.0385206e-03
   4.0073617e-02
   3.6240587e-02
  -6.8760890e-02
   4.3019219e-02
   6.4719056e-02
  -4.7786539e-02
   1.6265418e-01
   1.7507840e-01
   2.1790651e-01
  -2.9093276e-01
  -2.7757968e-02
  -7.7567680e-03
  -1.0951428e-01
   1.0499278e-01
   5.8502989e-02
  -4.2211732e-03
   3.1646077e-01
   1.3412332e-01
  -6.4768498e-02
   3.9330078e-01
   1.0192204e-02
   2.9464547e-01
   6.9530253e-01
   4.9963349e-01
   4.1429248e-01
   8.3809938e-01
  -5.8032816e-02
   3.1639256e-01
  -2.9156713e-01
   8.9312211e-01
   4.2576507e-01
   4.8521374e-01
   7.2832975e-01
   1.7174453e-01
   1.9085060e-01
   2.5294206e-03
   5.7929033e-01
   1.3164842e+00
   1.3624010e+00
   1.2492744e+00
   1.6938768e+00
   1.9592849e+00
   1.5399322e+00
   2.5425275e+00
   2.1517641e+00
   2.2676284e+00
   1.8760449e+00
   2.9776936e+00
   1.1203193e+00
   2.0362779e+00
   1.4712294e+00
   2.2577143e+00
   2.4602105e+00
   8.4360897e-01
   1.1339392e+00
   2.5414127e-03
   1.4318254e+00
   2.2767285e+00
   2.9200497e+00
   3.0520620e+00
   2.7800685e+00
   3.8112940e+00
   5.5067698e+00
   4.2961104e+00
   4.3409539e+00
   4.1487008e+00
   2.4333390e+00
   2.0939296e+00
   2.7341203e+00
   2.5208343e+00
   3.8933221e+00
   4.3539722e+00
   3.5878657e+00
   2.6639208e+00
   2.0342208e+00
   1.5224914e-03
   1.3941242e+00
   1.5826133e+00
   1.9165178e+00
   2.7739482e+00
   1.6453672e+00
   3.5090888e+00
   4.5057297e+00
   2.3958291e+00
   2.7681743e+00
  -8.9573294e-01
   2.4885920e+00
   7.1114951e-01
   5.8350321e-01
   1.6209538e+00
   9.5648599e-01
   1.6515435e+00
   1.7661717e+00
   6.2647978e-01
   2.1505730e-01
   1.4882482e-04
   1.0633214e-01
   3.1258919e-01
   1.9491099e+00
   1.4792089e+00
  -3.2254587e-02
   1.1842611e+00
   2.6600274e+00
   1.4702434e+00
   2.1061171e+00
   1.1804073e+00
   1.4423076e+00
  -2.2183854e-01
   1.8139467e-01
   1.6404605e+00
   3.6546603e-01
   8.6699244e-02
  -1.1874721e-01
  -1.2503014e-01
  -7.5199558e-03
   0.0000000e+00
   0.0000000e+00
   1.4559319e-02
   1.5625444e-01
   1.3262237e-01
   1.4150057e-03
  -1.2110124e-01
   2.2567267e-01
   2.2453930e-01
   1.1257133e-01
   1.7509616e-01
   1.9021979e-01
  -8.8580995e-03
  -7.5239210e-02
   2.0725800e-01
   5.7195722e-02
   2.6119189e-05
  -3.9236045e-07
  -3.5252009e-07
  -1.9863225e-08
   0.0000000e+00
   0.0000000e+00
   0.0000000e+00
   0.0000000e+00
   0.0000000e+00
  -1.3998154e-06
   1.8312916e-04
   1.2062841e-03
   4.0788784e-04
   1.5326102e-07
   0.0000000e+00
   0.0000000e+00
  -5.3459244e-05
  -4.7589900e-04
  -2.4960675e-04
  -2.2031952e-06
   0.0000000e+00
   0.0000000e+00
   0.0000000e+00
   0.0000000e+00
   0.0000000e+00
   0.0000000e+00
   0.0000000e+00
   0.0000000e+00
   0.0000000e+00
   0.0000000e+00
   0.0000000e+00
   0.0000000e+00
   0.0000000e+00
   0.0000000e+00
   0.0000000e+00
   0.0000000e+00
   0.0000000e+00
   0.0000000e+00
   0.0000000e+00
   0.0000000e+00
   0.0000000e+00
   0.0000000e+00
   0.0000000e+00
   0.0000000e+00
   0.0000000e+00
   0.0000000e+00
   0.0000000e+00
   0.0000000e+00
   0.0000000e+00
   0.0000000e+00
   0.0000000e+00
   0.0000000e+00
   0.0000000e+00
   0.0000000e+00
   0.0000000e+00
   0.0000000e+00
   0.0000000e+00
   0.0000000e+00
   0.0000000e+00
   0.0000000e+00
   0.0000000e+00
   0.0000000e+00
   0.0000000e+00
   0.0000000e+00
   0.0000000e+00
   0.0000000e+00
   0.0000000e+00
   0.0000000e+00
   0.0000000e+00
   0.0000000e+00
   0.0000000e+00
   0.0000000e+00
   0.0000000e+00
   0.0000000e+00
   0.0000000e+00
   0.0000000e+00
   0.0000000e+00
   0.0000000e+00
   0.0000000e+00
   0.0000000e+00
   0.0000000e+00
   0.0000000e+00
   0.0000000e+00
   0.0000000e+00
   0.0000000e+00
   0.0000000e+00
   0.0000000e+00
   0.0000000e+00
   0.0000000e+00
   0.0000000e+00
   0.0000000e+00
   0.0000000e+00
   0.0000000e+00
   0.0000000e+00
   0.0000000e+00
   0.0000000e+00
   0.0000000e+00
   0.0000000e+00
   0.0000000e+00
   0.0000000e+00
   0.0000000e+00
   0.0000000e+00
   0.0000000e+00
   0.0000000e+00
   0.0000000e+00
   0.0000000e+00
   0.0000000e+00
   0.0000000e+00
   0.0000000e+00
   0.0000000e+00
   0.0000000e+00
   0.0000000e+00
   0.0000000e+00
   0.0000000e+00
   0.0000000e+00
   0.0000000e+00
   0.0000000e+00
   0.0000000e+00
   0.0000000e+00
   0.0000000e+00
   0.0000000e+00
   0.0000000e+00
   0.0000000e+00
   0.0000000e+00
   0.0000000e+00
   0.0000000e+00
   0.0000000e+00
   0.0000000e+00
   0.0000000e+00
   0.0000000e+00
   0.0000000e+00
   0.0000000e+00
   0.0000000e+00
   0.0000000e+00
   0.0000000e+00
   0.0000000e+00
   0.0000000e+00
   0.0000000e+00
   0.0000000e+00
   0.0000000e+00
   0.0000000e+00
   0.0000000e+00
   0.0000000e+00
   0.0000000e+00
   0.0000000e+00
   0.0000000e+00
   0.0000000e+00
   0.0000000e+00
   0.0000000e+00
   0.0000000e+00
   0.0000000e+00
   0.0000000e+00
   0.0000000e+00
   0.0000000e+00
   0.0000000e+00
   0.0000000e+00
   0.0000000e+00
   0.0000000e+00
   0.0000000e+00
   0.0000000e+00
   0.0000000e+00
   0.0000000e+00
   0.0000000e+00
   0.0000000e+00
   0.0000000e+00
   0.0000000e+00
   0.0000000e+00
   0.0000000e+00
   0.0000000e+00
   0.0000000e+00
   0.0000000e+00
   0.0000000e+00
   0.0000000e+00
   0.0000000e+00
   0.0000000e+00
   0.0000000e+00
   0.0000000e+00
   0.0000000e+00
   0.0000000e+00
   0.0000000e+00
   0.0000000e+00
   0.0000000e+00
   0.0000000e+00
   0.0000000e+00
   0.0000000e+00
   0.0000000e+00
   0.0000000e+00
   0.0000000e+00
   0.0000000e+00
   0.0000000e+00
   0.0000000e+00
   0.0000000e+00
   0.0000000e+00
   0.0000000e+00
   0.0000000e+00
   0.0000000e+00
   0.0000000e+00
   0.0000000e+00
   0.0000000e+00
   0.0000000e+00
   0.0000000e+00
   0.0000000e+00
   0.0000000e+00
   0.0000000e+00
   0.0000000e+00
   0.0000000e+00
   0.0000000e+00
   0.0000000e+00
   0.0000000e+00
   0.0000000e+00
   0.0000000e+00
   0.0000000e+00
   0.0000000e+00
   0.0000000e+00
   0.0000000e+00
   0.0000000e+00
   0.0000000e+00
   0.0000000e+00
   0.0000000e+00
   0.0000000e+00
   0.0000000e+00
   0.0000000e+00
   0.0000000e+00
   0.0000000e+00
   0.0000000e+00
   0.0000000e+00
   0.0000000e+00
   0.0000000e+00
   0.0000000e+00
   0.0000000e+00
   0.0000000e+00
   0.0000000e+00
   0.0000000e+00
   0.0000000e+00
   0.0000000e+00
   0.0000000e+00
   0.0000000e+00
   0.0000000e+00
   0.0000000e+00
   0.0000000e+00
   0.0000000e+00
   0.0000000e+00
   0.0000000e+00
   0.0000000e+00
   0.0000000e+00
   0.0000000e+00
   0.0000000e+00
   0.0000000e+00
   0.0000000e+00
   0.0000000e+00
   0.0000000e+00
   0.0000000e+00
   0.0000000e+00
   0.0000000e+00
   0.0000000e+00
   0.0000000e+00
   0.0000000e+00
   0.0000000e+00
   0.0000000e+00
   0.0000000e+00
   0.0000000e+00
   0.0000000e+00
   0.0000000e+00
   0.0000000e+00
   0.0000000e+00
