  -8.9634685e-04
   1.7875958e-03
   1.5720726e-03
  -2.2372059e-03
   1.1371245e-03
  -1.0414066e-03
   8.0257171e-04
   1.6443989e-04
  -1.8530888e-03
   2.1256900e-03
  -7.1931298e-03
   1.8829023e-03
   9.1417378e-06
   1.0925959e-04
  -5.8582804e-04
   3.3172253e-04
   6.3739536e-04
   7.7660704e-03
  -1.0251890e-02
   9.0899101e-03
   2.1895258e-02
   1.5260286e-02
   2.0550279e-02
   2.2979633e-02
   1.7654490e-02
   2.0828562e-02
   1.7779693e-02
   2.0398390e-02
   2.2028173e-02
   2.0090066e-02
   2.2181843e-02
   2.0270857e-02
   1.4304071e-02
   2.2337086e-02
   2.0119371e-02
   2.0158276e-02
   1.6188150e-02
   1.3321716e-02
   3.0532309e-02
   1.5404394e-02
   5.4044361e-02
   6.7070158e-02
   5.4738903e-02
   5.7139222e-02
   5.9513691e-02
   5.8775915e-02
   5.9471307e-02
   5.8700768e-02
   5.3850370e-02
   5.7202185e-02
   5.7660620e-02
   5.6440737e-02
   6.8790313e-02
   5.3270389e-02
   6.0145569e-02
   5.3567873e-02
   7.3841376e-02
   5.1302799e-02
   7.1027508e-02
   1.2988425e-02
   1.2735411e-01
   1.0561594e-01
   1.2469066e-01
   1.1871961e-01
   1.1789059e-01
   1.1653024e-01
   1.1782438e-01
   1.1803248e-01
   1.2481598e-01
   1.2021463e-01
   1.1797224e-01
   1.2203912e-01
   1.0132428e-01
   1.2982742e-01
   1.1275531e-01
   1.3181310e-01
   8.0058517e-02
   1.5157826e-01
   4.0504111e-02
   2.0621451e-03
   1.5349717e-01
   2.0437468e-01
   1.5870154e-01
   1.7512897e-01
   1.7385847e-01
   1.8141222e-01
   1.7415099e-01
   1.7361756e-01
   1.6416367e-01
   1.6496116e-01
   1.8388857e-01
   1.6788236e-01
   2.2036632e-01
   1.4446731e-01
   1.8527666e-01
   1.4160857e-01
   2.6376861e-01
   1.5345327e-01
   1.1951884e-02
   0.0000000e+00
   2.5590695e-02
   2.6580792e-01
   2.8506733e-01
   2.4476557e-01
   2.4634413e-01
   1.9938285e-01
   2.7993830e-01
   3.3983346e-01
   2.2575590e-01
   3.5533978e-01
   5.9159747e-02
   1.1610763e-01
   2.0191724e-01
   2.6175870e-01
   3.5239352e-01
   2.3888394e-01
   1.9972733e-01
   7.6384651e-02
   6.4427668e-04
   0.0000000e+00
   7.1310638e-04
   3.4330404e-02
   4.0113945e-02
   1.5850304e-02
   9.3442536e-03
   9.0843225e-03
   4.5796946e-02
   1.6233451e-01
   1.6345081e-01
   2.7178277e-01
   3.8255936e-02
   2.8994110e-04
   2.9544764e-02
   2.9990547e-01
   2.6989754e-01
   1.0782523e-01
   8.9907321e-03
   1.4596760e-03
   4.0115830e-06
   0.0000000e+00
   0.0000000e+00
   0.0000000e+00
   0.0000000e+00
   0.0000000e+00
   0.0000000e+00
   0.0000000e+00
   2.4220443e-04
   1.1124467e-03
   2.8784921e-03
   5.9246182e-03
   8.3380908e-04
   0.0000000e+00
   1.8534276e-03
   1.8890323e-02
   1.1606787e-02
   7.8559024e-04
   3.2639741e-05
   0.0000000e+00
   0.0000000e+00
   0.0000000e+00
   0.0000000e+00
   0.0000000e+00
   0.0000000e+00
   0.0000000e+00
   0.0000000e+00
   0.0000000e+00
   0.0000000e+00
   0.0000000e+00
   0.0000000e+00
   0.0000000e+00
   0.0000000e+00
   0.0000000e+00
   0.0000000e+00
   0.0000000e+00
   0.0000000e+00
   0.0000000e+00
   0.0000000e+00
   0.0000000e+00
   0.0000000e+00
   0.0000000e+00
   0.0000000e+00
   0.0000000e+00
   0.0000000e+00
   0.0000000e+00
   0.0000000e+00
   0.0000000e+00
   0.0000000e+00
   0.0000000e+00
   0.0000000e+00
   0.0000000e+00
   0.0000000e+00
   0.0000000e+00
   0.0000000e+00
   0.0000000e+00
   0.0000000e+00
   0.0000000e+00
   0.0000000e+00
   0.0000000e+00
   0.0000000e+00
   0.0000000e+00
   0.0000000e+00
   0.0000000e+00
   0.0000000e+00
   0.0000000e+00
   0.0000000e+00
   0.0000000e+00
   0.0000000e+00
   0.0000000e+00
   0.0000000e+00
   0.0000000e+00
   0.0000000e+00
   0.0000000e+00
   0.0000000e+00
   0.0000000e+00
   0.0000000e+00
   0.0000000e+00
   0.0000000e+00
   0.0000000e+00
   0.0000000e+00
   0.0000000e+00
   0.0000000e+00
   0.0000000e+00
   0.0000000e+00
   0.0000000e+00
   0.0000000e+00
   0.0000000e+00
   0.0000000e+00
   0.0000000e+00
   0.0000000e+00
   0.0000000e+00
   0.0000000e+00
   0.0000000e+00
   0.0000000e+00
   0.0000000e+00
   0.0000000e+00
   0.0000000e+00
   0.0000000e+00
   0.0000000e+00
   0.0000000e+00
   0.0000000e+00
   0.0000000e+00
   0.0000000e+00
   0.0000000e+00
   0.0000000e+00
   0.0000000e+00
   0.0000000e+00
   0.0000000e+00
   0.0000000e+00
   0.0000000e+00
   0.0000000e+00
   0.0000000e+00
   0.0000000e+00
   0.0000000e+00
   0.0000000e+00
   0.0000000e+00
   0.0000000e+00
   0.0000000e+00
   0.0000000e+00
   0.0000000e+00
   0.0000000e+00
   0.0000000e+00
   0.0000000e+00
   0.0000000e+00
   0.0000000e+00
   0.0000000e+00
   0.0000000e+00
   0.0000000e+00
   0.0000000e+00
   0.0000000e+00
   0.0000000e+00
   0.0000000e+00
   0.0000000e+00
   0.0000000e+00
   0.0000000e+00
   0.0000000e+00
   0.0000000e+00
   0.0000000e+00
   0.0000000e+00
   0.0000000e+00
   0.0000000e+00
   0.0000000e+00
   0.0000000e+00
   0.0000000e+00
   0.0000000e+00
   0.0000000e+00
   0.0000000e+00
   0.0000000e+00
   0.0000000e+00
   0.0000000e+00
   0.0000000e+00
   0.0000000e+00
   0.0000000e+00
   0.0000000e+00
   0.0000000e+00
   0.0000000e+00
   0.0000000e+00
   0.0000000e+00
   0.0000000e+00
   0.0000000e+00
   0.0000000e+00
   0.0000000e+00
   0.0000000e+00
   0.0000000e+00
   0.0000000e+00
   0.0000000e+00
   0.0000000e+00
   0.0000000e+00
   0.0000000e+00
   0.0000000e+00
   0.0000000e+00
   0.0000000e+00
   0.0000000e+00
   0.0000000e+00
   0.0000000e+00
   0.0000000e+00
   0.0000000e+00
   0.0000000e+00
   0.0000000e+00
   0.0000000e+00
   0.0000000e+00
   0.0000000e+00
   0.0000000e+00
   0.0000000e+00
   0.0000000e+00
   0.0000000e+00
   0.0000000e+00
   0.0000000e+00
   0.0000000e+00
   0.0000000e+00
   0.0000000e+00
   0.0000000e+00
   0.0000000e+00
   0.0000000e+00
   0.0000000e+00
   0.0000000e+00
   0.0000000e+00
   0.0000000e+00
   0.0000000e+00
   0.0000000e+00
   0.0000000e+00
   0.0000000e+00
   0.0000000e+00
   0.0000000e+00
   0.0000000e+00
   0.0000000e+00
   0.0000000e+00
   0.0000000e+00
   0.0000000e+00
   0.0000000e+00
   0.0000000e+00
   0.0000000e+00
   0.0000000e+00
   0.0000000e+00
   0.0000000e+00
   0.0000000e+00
   0.0000000e+00
   0.0000000e+00
   0.0000000e+00
   0.0000000e+00
   0.0000000e+00
   0.0000000e+00
   0.0000000e+00
   0.0000000e+00
   0.0000000e+00
   0.0000000e+00
   0.0000000e+00
   0.0000000e+00
   0.0000000e+00
   0.0000000e+00
   0.0000000e+00
   0.0000000e+00
   0.0000000e+00
   0.0000000e+00
   0.0000000e+00
   0.0000000e+00
   0.0000000e+00
   0.0000000e+00
   0.0000000e+00
   0.0000000e+00
   0.0000000e+00
   0.0000000e+00
   0.0000000e+00
   0.0000000e+00
   0.0000000e+00
   0.0000000e+00
   0.0000000e+00
   0.0000000e+00
   0.0000000e+00
   0.0000000e+00
   0.0000000e+00
   0.0000000e+00
   0.0000000e+00
   0.0000000e+00
   0.0000000e+00
   0.0000000e+00
   0.0000000e+00
   0.0000000e+00
   0.0000000e+00
   0.0000000e+00
   0.0000000e+00
