   1.3651746e-04
   9.0283091e-03
  -8.8335099e-04
   2.6067547e-04
   4.5334083e-03
  -5.1797370e-03
   1.0140798e-02
  -6.4712566e-04
  -8.0379872e-03
   1.3829635e-02
  -1.9588116e-03
  -4.0544827e-04
   1.3849206e-03
  -4.9459290e-03
   1.2495137e-02
   7.9811673e-03
  -2.1234704e-03
   4.8404235e-03
  -4.1809913e-03
   2.3494163e-04
  -2.2413880e-04
  -7.4293045e-04
   3.4130808e-02
   1.0834778e-02
   5.0740608e-03
   3.2234674e-02
  -3.3314478e-03
   2.8003565e-02
   2.0343215e-02
   1.1218668e-02
   1.9149878e-02
   1.9860624e-02
   1.9533379e-02
   2.4268643e-02
   3.1979163e-03
   1.1899611e-02
   2.3344070e-02
   1.1916689e-02
   2.0218797e-02
   2.7664213e-02
   2.4473537e-02
   8.3530567e-02
   3.8626144e-02
   7.7029813e-02
   6.5192157e-02
   5.2295607e-02
   7.7445688e-02
   5.3206588e-02
   5.5962855e-02
   7.0388637e-02
   5.8929274e-02
   5.9876685e-02
   5.7440945e-02
   5.4790862e-02
   7.8606586e-02
   6.7858221e-02
   5.8433367e-02
   6.1686821e-02
   7.7577645e-02
   1.3657497e-02
   4.2903607e-02
   1.1913659e-01
   1.3222566e-01
   8.4549172e-02
   1.2667186e-01
   1.1576378e-01
   1.0106656e-01
   1.1947272e-01
   1.2797419e-01
   9.4746943e-02
   1.1831787e-01
   1.1601224e-01
   1.1830901e-01
   1.2367843e-01
   8.7405764e-02
   1.1611868e-01
   1.0193902e-01
   1.3771706e-01
   5.4403313e-02
   2.3292897e-03
   8.3776900e-02
   1.9069832e-01
   1.5012498e-01
   2.3642654e-01
   1.2538644e-01
   2.1038589e-01
   1.7772191e-01
   1.9595984e-01
   1.3381598e-01
   2.4852160e-01
   2.4218788e-01
   1.7811607e-01
   1.7526081e-01
   1.6627347e-01
   2.2348147e-01
   1.8315602e-01
   2.2696184e-01
   1.2996503e-01
   2.9185792e-03
   7.7086147e-07
   2.0797237e-01
   3.2296380e-01
   1.3381791e-01
   2.2594598e-01
   7.5065726e-02
   1.3498947e-01
   2.9205340e-01
   7.3228998e-02
   7.6075816e-02
   1.4282613e-01
   1.0525815e-01
   1.2220599e-01
   3.1081746e-01
   1.7459478e-01
   1.0071822e-01
   8.0042700e-02
   2.2354681e-02
   1.0870415e-02
   1.2883255e-04
   0.0000000e+00
   3.2539879e-01
   3.5696549e-01
   5.4561973e-02
   3.4458854e-03
   4.2032117e-04
   2.2262080e-03
   7.5340156e-03
   1.6292960e-03
   2.2815247e-06
   1.6925573e-02
   3.8952997e-01
   3.9221945e-01
   3.9349260e-02
   3.4762550e-02
   5.0159028e-02
   6.5495591e-03
   0.0000000e+00
   0.0000000e+00
   0.0000000e+00
   0.0000000e+00
   3.8566207e-02
   4.2195073e-02
   6.3623616e-03
   1.9732459e-04
   0.0000000e+00
   0.0000000e+00
   0.0000000e+00
   0.0000000e+00
   0.0000000e+00
   1.1506592e-02
   2.6487747e-01
   2.6500299e-01
   1.2991498e-02
   2.7206582e-01
   5.8959646e-01
   7.7144730e-02
   0.0000000e+00
   0.0000000e+00
   0.0000000e+00
   0.0000000e+00
   0.0000000e+00
   0.0000000e+00
   0.0000000e+00
   0.0000000e+00
   0.0000000e+00
   0.0000000e+00
   0.0000000e+00
   0.0000000e+00
   0.0000000e+00
   2.2008727e-04
   5.0663270e-03
   5.0687279e-03
   1.1714937e-03
   1.7722599e-01
   3.8406816e-01
   5.0252734e-02
   0.0000000e+00
   0.0000000e+00
   0.0000000e+00
   0.0000000e+00
   0.0000000e+00
   0.0000000e+00
   0.0000000e+00
   0.0000000e+00
   0.0000000e+00
   0.0000000e+00
   0.0000000e+00
   0.0000000e+00
   0.0000000e+00
   0.0000000e+00
   0.0000000e+00
   0.0000000e+00
   1.6263580e-05
   3.0310754e-03
   6.5686727e-03
   8.5946662e-04
   0.0000000e+00
   0.0000000e+00
   0.0000000e+00
   0.0000000e+00
   0.0000000e+00
   0.0000000e+00
   0.0000000e+00
   0.0000000e+00
   0.0000000e+00
   0.0000000e+00
   0.0000000e+00
   0.0000000e+00
   0.0000000e+00
   0.0000000e+00
   0.0000000e+00
   0.0000000e+00
   0.0000000e+00
   0.0000000e+00
   0.0000000e+00
   0.0000000e+00
   0.0000000e+00
   0.0000000e+00
   0.0000000e+00
   0.0000000e+00
   0.0000000e+00
   0.0000000e+00
   0.0000000e+00
   0.0000000e+00
   0.0000000e+00
   0.0000000e+00
   0.0000000e+00
   0.0000000e+00
   0.0000000e+00
   0.0000000e+00
   0.0000000e+00
   0.0000000e+00
   0.0000000e+00
   0.0000000e+00
   0.0000000e+00
   0.0000000e+00
   0.0000000e+00
   0.0000000e+00
   0.0000000e+00
   0.0000000e+00
   0.0000000e+00
   0.0000000e+00
   0.0000000e+00
   0.0000000e+00
   0.0000000e+00
   0.0000000e+00
   0.0000000e+00
   0.0000000e+00
   0.0000000e+00
   0.0000000e+00
   0.0000000e+00
   0.0000000e+00
   0.0000000e+00
   0.0000000e+00
   0.0000000e+00
   0.0000000e+00
   0.0000000e+00
   0.0000000e+00
   0.0000000e+00
   0.0000000e+00
   0.0000000e+00
   0.0000000e+00
   0.0000000e+00
   0.0000000e+00
   0.0000000e+00
   0.0000000e+00
   0.0000000e+00
   0.0000000e+00
   0.0000000e+00
   0.0000000e+00
   0.0000000e+00
   0.0000000e+00
   0.0000000e+00
   0.0000000e+00
   0.0000000e+00
   0.0000000e+00
   0.0000000e+00
   0.0000000e+00
   0.0000000e+00
   0.0000000e+00
   0.0000000e+00
   0.0000000e+00
   0.0000000e+00
   0.0000000e+00
   0.0000000e+00
   0.0000000e+00
   0.0000000e+00
   0.0000000e+00
   0.0000000e+00
   0.0000000e+00
   0.0000000e+00
   0.0000000e+00
   0.0000000e+00
   0.0000000e+00
   0.0000000e+00
   0.0000000e+00
   0.0000000e+00
   0.0000000e+00
   0.0000000e+00
   0.0000000e+00
   0.0000000e+00
   0.0000000e+00
   0.0000000e+00
   0.0000000e+00
   0.0000000e+00
   0.0000000e+00
   0.0000000e+00
   0.0000000e+00
   0.0000000e+00
   0.0000000e+00
   0.0000000e+00
   0.0000000e+00
   0.0000000e+00
   0.0000000e+00
   0.0000000e+00
   0.0000000e+00
   0.0000000e+00
   0.0000000e+00
   0.0000000e+00
   0.0000000e+00
   0.0000000e+00
   0.0000000e+00
   0.0000000e+00
   0.0000000e+00
   0.0000000e+00
   0.0000000e+00
   0.0000000e+00
   0.0000000e+00
   0.0000000e+00
   0.0000000e+00
   0.0000000e+00
   0.0000000e+00
   0.0000000e+00
   0.0000000e+00
   0.0000000e+00
   0.0000000e+00
   0.0000000e+00
   0.0000000e+00
   0.0000000e+00
   0.0000000e+00
   0.0000000e+00
   0.0000000e+00
   0.0000000e+00
   0.0000000e+00
   0.0000000e+00
   0.0000000e+00
   0.0000000e+00
   0.0000000e+00
   0.0000000e+00
   0.0000000e+00
   0.0000000e+00
   0.0000000e+00
   0.0000000e+00
   0.0000000e+00
   0.0000000e+00
   0.0000000e+00
   0.0000000e+00
   0.0000000e+00
   0.0000000e+00
   0.0000000e+00
   0.0000000e+00
   0.0000000e+00
   0.0000000e+00
   0.0000000e+00
   0.0000000e+00
   0.0000000e+00
   0.0000000e+00
   0.0000000e+00
   0.0000000e+00
   0.0000000e+00
   0.0000000e+00
   0.0000000e+00
   0.0000000e+00
   0.0000000e+00
   0.0000000e+00
   0.0000000e+00
   0.0000000e+00
   0.0000000e+00
   0.0000000e+00
   0.0000000e+00
   0.0000000e+00
   0.0000000e+00
   0.0000000e+00
   0.0000000e+00
   0.0000000e+00
   0.0000000e+00
   0.0000000e+00
   0.0000000e+00
   0.0000000e+00
   0.0000000e+00
   0.0000000e+00
   0.0000000e+00
   0.0000000e+00
   0.0000000e+00
   0.0000000e+00
   0.0000000e+00
   0.0000000e+00
   0.0000000e+00
   0.0000000e+00
   0.0000000e+00
