   7.4418106e-04
  -6.4897891e-04
   2.4313236e-03
  -8.1164615e-04
   1.1044810e-03
  -2.9293309e-03
   9.3811336e-04
  -1.0965304e-03
  -3.8396548e-04
  -4.4295157e-04
  -1.0240646e-05
  -1.8239702e-04
  -3.5048891e-04
   6.9403627e-04
  -3.0501248e-03
   1.6300793e-03
  -2.1359635e-03
   2.9836969e-03
  -5.8552630e-03
   5.2423716e-03
   1.2504625e-02
   2.0399022e-02
   1.4793795e-02
   1.9216834e-02
   2.0062194e-02
   2.3939104e-02
   1.8465577e-02
   2.0566429e-02
   2.2658912e-02
   1.9625215e-02
   1.9642907e-02
   2.0983318e-02
   1.9788727e-02
   1.8948056e-02
   2.1871409e-02
   1.7935214e-02
   2.1264212e-02
   1.7619947e-02
   2.4040416e-02
   2.1750488e-02
   7.5058869e-02
   5.8286710e-02
   6.7499444e-02
   6.0917622e-02
   5.4801173e-02
   5.2966171e-02
   5.9076319e-02
   5.9036549e-02
   5.0643835e-02
   5.9362077e-02
   5.8579463e-02
   5.6858768e-02
   5.8487390e-02
   5.9264809e-02
   5.7401402e-02
   5.7497241e-02
   6.4360373e-02
   3.7081242e-02
   8.1916027e-02
   1.0160720e-02
   9.8895249e-02
   1.1255003e-01
   1.1251018e-01
   1.1066898e-01
   1.2918269e-01
   1.2399724e-01
   1.1716184e-01
   1.1931105e-01
   1.2616895e-01
   1.1789695e-01
   1.1746555e-01
   1.2076394e-01
   1.1808340e-01
   1.1777505e-01
   1.1809734e-01
   1.2256633e-01
   1.0464483e-01
   1.6689709e-01
   5.9575856e-02
   1.2668309e-03
   1.5435844e-01
   2.4607788e-01
   1.5610639e-01
   2.0636966e-01
   1.3763792e-01
   1.7109944e-01
   1.7462899e-01
   1.7184413e-01
   1.5953029e-01
   1.7411464e-01
   1.7772105e-01
   1.6812664e-01
   1.7665336e-01
   1.7148037e-01
   1.8007054e-01
   1.5353746e-01
   2.0988925e-01
   9.8124504e-02
   7.3776632e-03
   9.7891685e-07
   6.6156404e-02
   1.8412694e-01
   2.1122889e-01
   2.3446219e-01
   2.7941189e-01
   2.7920589e-01
   2.6228883e-01
   2.1984171e-01
   3.7204673e-01
   2.3318979e-01
   2.4038428e-01
   2.6407582e-01
   2.3914767e-01
   2.6889636e-01
   2.2268965e-01
   3.7919127e-01
   1.9807898e-01
   2.5128727e-02
   5.1806944e-05
   0.0000000e+00
   2.7914456e-04
   7.8995303e-04
   8.9159833e-04
   1.2708607e-02
   9.3031256e-02
   1.1776487e-01
   4.6296455e-02
   4.3611338e-02
   1.3591824e-01
   8.3953138e-02
   1.7204454e-02
   2.1217695e-02
   1.2187908e-02
   1.7926820e-02
   6.7513160e-02
   1.5083686e-01
   2.4500685e-02
   3.2850102e-04
   0.0000000e+00
   0.0000000e+00
   0.0000000e+00
   0.0000000e+00
   0.0000000e+00
   0.0000000e+00
   0.0000000e+00
   0.0000000e+00
   0.0000000e+00
   2.3567153e-05
   3.0924751e-04
   2.1765397e-04
   4.5370598e-06
   0.0000000e+00
   0.0000000e+00
   1.0461450e-06
   3.4789857e-04
   8.4982357e-04
   1.2733570e-04
   0.0000000e+00
   0.0000000e+00
   0.0000000e+00
   0.0000000e+00
   0.0000000e+00
   0.0000000e+00
   0.0000000e+00
   0.0000000e+00
   0.0000000e+00
   0.0000000e+00
   0.0000000e+00
   0.0000000e+00
   0.0000000e+00
   0.0000000e+00
   0.0000000e+00
   0.0000000e+00
   0.0000000e+00
   0.0000000e+00
   0.0000000e+00
   0.0000000e+00
   0.0000000e+00
   0.0000000e+00
   0.0000000e+00
   0.0000000e+00
   0.0000000e+00
   0.0000000e+00
   0.0000000e+00
   0.0000000e+00
   0.0000000e+00
   0.0000000e+00
   0.0000000e+00
   0.0000000e+00
   0.0000000e+00
   0.0000000e+00
   0.0000000e+00
   0.0000000e+00
   0.0000000e+00
   0.0000000e+00
   0.0000000e+00
   0.0000000e+00
   0.0000000e+00
   0.0000000e+00
   0.0000000e+00
   0.0000000e+00
   0.0000000e+00
   0.0000000e+00
   0.0000000e+00
   0.0000000e+00
   0.0000000e+00
   0.0000000e+00
   0.0000000e+00
   0.0000000e+00
   0.0000000e+00
   0.0000000e+00
   0.0000000e+00
   0.0000000e+00
   0.0000000e+00
   0.0000000e+00
   0.0000000e+00
   0.0000000e+00
   0.0000000e+00
   0.0000000e+00
   0.0000000e+00
   0.0000000e+00
   0.0000000e+00
   0.0000000e+00
   0.0000000e+00
   0.0000000e+00
   0.0000000e+00
   0.0000000e+00
   0.0000000e+00
   0.0000000e+00
   0.0000000e+00
   0.0000000e+00
   0.0000000e+00
   0.0000000e+00
   0.0000000e+00
   0.0000000e+00
   0.0000000e+00
   0.0000000e+00
   0.0000000e+00
   0.0000000e+00
   0.0000000e+00
   0.0000000e+00
   0.0000000e+00
   0.0000000e+00
   0.0000000e+00
   0.0000000e+00
   0.0000000e+00
   0.0000000e+00
   0.0000000e+00
   0.0000000e+00
   0.0000000e+00
   0.0000000e+00
   0.0000000e+00
   0.0000000e+00
   0.0000000e+00
   0.0000000e+00
   0.0000000e+00
   0.0000000e+00
   0.0000000e+00
   0.0000000e+00
   0.0000000e+00
   0.0000000e+00
   0.0000000e+00
   0.0000000e+00
   0.0000000e+00
   0.0000000e+00
   0.0000000e+00
   0.0000000e+00
   0.0000000e+00
   0.0000000e+00
   0.0000000e+00
   0.0000000e+00
   0.0000000e+00
   0.0000000e+00
   0.0000000e+00
   0.0000000e+00
   0.0000000e+00
   0.0000000e+00
   0.0000000e+00
   0.0000000e+00
   0.0000000e+00
   0.0000000e+00
   0.0000000e+00
   0.0000000e+00
   0.0000000e+00
   0.0000000e+00
   0.0000000e+00
   0.0000000e+00
   0.0000000e+00
   0.0000000e+00
   0.0000000e+00
   0.0000000e+00
   0.0000000e+00
   0.0000000e+00
   0.0000000e+00
   0.0000000e+00
   0.0000000e+00
   0.0000000e+00
   0.0000000e+00
   0.0000000e+00
   0.0000000e+00
   0.0000000e+00
   0.0000000e+00
   0.0000000e+00
   0.0000000e+00
   0.0000000e+00
   0.0000000e+00
   0.0000000e+00
   0.0000000e+00
   0.0000000e+00
   0.0000000e+00
   0.0000000e+00
   0.0000000e+00
   0.0000000e+00
   0.0000000e+00
   0.0000000e+00
   0.0000000e+00
   0.0000000e+00
   0.0000000e+00
   0.0000000e+00
   0.0000000e+00
   0.0000000e+00
   0.0000000e+00
   0.0000000e+00
   0.0000000e+00
   0.0000000e+00
   0.0000000e+00
   0.0000000e+00
   0.0000000e+00
   0.0000000e+00
   0.0000000e+00
   0.0000000e+00
   0.0000000e+00
   0.0000000e+00
   0.0000000e+00
   0.0000000e+00
   0.0000000e+00
   0.0000000e+00
   0.0000000e+00
   0.0000000e+00
   0.0000000e+00
   0.0000000e+00
   0.0000000e+00
   0.0000000e+00
   0.0000000e+00
   0.0000000e+00
   0.0000000e+00
   0.0000000e+00
   0.0000000e+00
   0.0000000e+00
   0.0000000e+00
   0.0000000e+00
   0.0000000e+00
   0.0000000e+00
   0.0000000e+00
   0.0000000e+00
   0.0000000e+00
   0.0000000e+00
   0.0000000e+00
   0.0000000e+00
   0.0000000e+00
   0.0000000e+00
   0.0000000e+00
   0.0000000e+00
   0.0000000e+00
   0.0000000e+00
   0.0000000e+00
   0.0000000e+00
   0.0000000e+00
   0.0000000e+00
   0.0000000e+00
   0.0000000e+00
   0.0000000e+00
   0.0000000e+00
   0.0000000e+00
   0.0000000e+00
   0.0000000e+00
   0.0000000e+00
   0.0000000e+00
   0.0000000e+00
   0.0000000e+00
   0.0000000e+00
   0.0000000e+00
   0.0000000e+00
   0.0000000e+00
   0.0000000e+00
   0.0000000e+00
   0.0000000e+00
   0.0000000e+00
   0.0000000e+00
   0.0000000e+00
   0.0000000e+00
   0.0000000e+00
   0.0000000e+00
   0.0000000e+00
   0.0000000e+00
   0.0000000e+00
   0.0000000e+00
   0.0000000e+00
   0.0000000e+00
   0.0000000e+00
