  -2.0087240e-04
  -2.5028358e-02
  -5.4585273e-03
   4.8915270e-03
   3.1165570e-04
   2.2243984e-03
  -8.5440080e-04
  -2.8685598e-03
   4.5934818e-03
  -1.2253738e-02
  -3.4264602e-03
   8.8659693e-03
   1.0677066e-02
   1.5340486e-03
  -6.3753781e-03
  -6.0487056e-03
   5.0235848e-03
  -7.5653035e-04
  -4.1421233e-03
   6.8033992e-03
   3.5425188e-02
   4.7173426e-02
   1.5962181e-02
   2.0924081e-02
   1.5089607e-02
   1.6683860e-02
   2.1875126e-02
   2.2143033e-02
   1.6855884e-02
   2.7148352e-02
   2.6920209e-02
   1.4202018e-02
   1.1754388e-02
   2.3342620e-02
   2.5478261e-02
   1.8842857e-02
   2.6390436e-02
   1.6788669e-02
   2.9617009e-02
   6.0380570e-03
   7.6351430e-02
   1.1421067e-02
   6.7486256e-02
   5.5386120e-02
   6.8521242e-02
   6.5220408e-02
   5.1033117e-02
   5.5388562e-02
   6.2882048e-02
   4.8117633e-02
   4.7799348e-02
   6.2420097e-02
   6.9935626e-02
   5.6836137e-02
   5.1253946e-02
   6.0768541e-02
   5.7941861e-02
   1.9247357e-02
   8.0975759e-02
   5.3409594e-03
   1.1123394e-01
   1.5780652e-01
   1.1318826e-01
   1.1894838e-01
   1.0311084e-01
   1.0858673e-01
   1.2761371e-01
   1.2313635e-01
   1.1270937e-01
   1.3120873e-01
   1.4360316e-01
   1.1194546e-01
   1.0020355e-01
   1.1543214e-01
   1.3022720e-01
   1.0864350e-01
   1.2397074e-01
   1.8104006e-01
   7.2248343e-02
   1.7372528e-03
   6.0576466e-02
   1.5710948e-01
   8.8384865e-02
   2.5562819e-01
   1.8339165e-01
   2.0789096e-01
   1.4835523e-01
   1.8308385e-01
   1.7154481e-01
   1.6877723e-01
   1.4718295e-01
   1.8436688e-01
   2.1843288e-01
   1.8495482e-01
   1.2519899e-01
   2.1575204e-01
   1.4312723e-01
   8.9821233e-02
   9.1316924e-03
   5.7527320e-05
   1.1853579e-04
   3.1845785e-04
   4.7134237e-03
   5.8927568e-02
   4.0120047e-02
   1.5739814e-02
   1.3903179e-02
   2.2037088e-01
   2.7613675e-01
   1.7751520e-01
   3.7927886e-01
   7.4293519e-02
   1.1362897e-01
   2.5043906e-01
   1.2579529e-01
   1.8690907e-01
   9.6014785e-02
   1.4274070e-03
   2.8335859e-05
   0.0000000e+00
   0.0000000e+00
   0.0000000e+00
   0.0000000e+00
   0.0000000e+00
   0.0000000e+00
   0.0000000e+00
   2.9553715e-04
   1.1795907e-02
   1.5628171e-02
   7.8698303e-02
   2.3479627e-01
   4.4497321e-02
   8.6421561e-02
   4.6044309e-01
   2.3083740e-01
   4.5935996e-01
   2.4358242e-01
   2.2715704e-03
   0.0000000e+00
   0.0000000e+00
   0.0000000e+00
   0.0000000e+00
   0.0000000e+00
   0.0000000e+00
   0.0000000e+00
   0.0000000e+00
   0.0000000e+00
   0.0000000e+00
   3.4050132e-07
   5.9903694e-04
   1.8316124e-03
   3.4885470e-04
   1.6884366e-02
   8.0459637e-02
   3.3582329e-02
   7.3819133e-02
   3.9273694e-02
   3.6625370e-04
   0.0000000e+00
   0.0000000e+00
   0.0000000e+00
   0.0000000e+00
   0.0000000e+00
   0.0000000e+00
   0.0000000e+00
   0.0000000e+00
   0.0000000e+00
   0.0000000e+00
   0.0000000e+00
   0.0000000e+00
   0.0000000e+00
   0.0000000e+00
   0.0000000e+00
   0.0000000e+00
   0.0000000e+00
   0.0000000e+00
   0.0000000e+00
   0.0000000e+00
   0.0000000e+00
   0.0000000e+00
   0.0000000e+00
   0.0000000e+00
   0.0000000e+00
   0.0000000e+00
   0.0000000e+00
   0.0000000e+00
   0.0000000e+00
   0.0000000e+00
   0.0000000e+00
   0.0000000e+00
   0.0000000e+00
   0.0000000e+00
   0.0000000e+00
   0.0000000e+00
   0.0000000e+00
   0.0000000e+00
   0.0000000e+00
   0.0000000e+00
   0.0000000e+00
   0.0000000e+00
   0.0000000e+00
   0.0000000e+00
   0.0000000e+00
   0.0000000e+00
   0.0000000e+00
   0.0000000e+00
   0.0000000e+00
   0.0000000e+00
   0.0000000e+00
   0.0000000e+00
   0.0000000e+00
   0.0000000e+00
   0.0000000e+00
   0.0000000e+00
   0.0000000e+00
   0.0000000e+00
   0.0000000e+00
   0.0000000e+00
   0.0000000e+00
   0.0000000e+00
   0.0000000e+00
   0.0000000e+00
   0.0000000e+00
   0.0000000e+00
   0.0000000e+00
   0.0000000e+00
   0.0000000e+00
   0.0000000e+00
   0.0000000e+00
   0.0000000e+00
   0.0000000e+00
   0.0000000e+00
   0.0000000e+00
   0.0000000e+00
   0.0000000e+00
   0.0000000e+00
   0.0000000e+00
   0.0000000e+00
   0.0000000e+00
   0.0000000e+00
   0.0000000e+00
   0.0000000e+00
   0.0000000e+00
   0.0000000e+00
   0.0000000e+00
   0.0000000e+00
   0.0000000e+00
   0.0000000e+00
   0.0000000e+00
   0.0000000e+00
   0.0000000e+00
   0.0000000e+00
   0.0000000e+00
   0.0000000e+00
   0.0000000e+00
   0.0000000e+00
   0.0000000e+00
   0.0000000e+00
   0.0000000e+00
   0.0000000e+00
   0.0000000e+00
   0.0000000e+00
   0.0000000e+00
   0.0000000e+00
   0.0000000e+00
   0.0000000e+00
   0.0000000e+00
   0.0000000e+00
   0.0000000e+00
   0.0000000e+00
   0.0000000e+00
   0.0000000e+00
   0.0000000e+00
   0.0000000e+00
   0.0000000e+00
   0.0000000e+00
   0.0000000e+00
   0.0000000e+00
   0.0000000e+00
   0.0000000e+00
   0.0000000e+00
   0.0000000e+00
   0.0000000e+00
   0.0000000e+00
   0.0000000e+00
   0.0000000e+00
   0.0000000e+00
   0.0000000e+00
   0.0000000e+00
   0.0000000e+00
   0.0000000e+00
   0.0000000e+00
   0.0000000e+00
   0.0000000e+00
   0.0000000e+00
   0.0000000e+00
   0.0000000e+00
   0.0000000e+00
   0.0000000e+00
   0.0000000e+00
   0.0000000e+00
   0.0000000e+00
   0.0000000e+00
   0.0000000e+00
   0.0000000e+00
   0.0000000e+00
   0.0000000e+00
   0.0000000e+00
   0.0000000e+00
   0.0000000e+00
   0.0000000e+00
   0.0000000e+00
   0.0000000e+00
   0.0000000e+00
   0.0000000e+00
   0.0000000e+00
   0.0000000e+00
   0.0000000e+00
   0.0000000e+00
   0.0000000e+00
   0.0000000e+00
   0.0000000e+00
   0.0000000e+00
   0.0000000e+00
   0.0000000e+00
   0.0000000e+00
   0.0000000e+00
   0.0000000e+00
   0.0000000e+00
   0.0000000e+00
   0.0000000e+00
   0.0000000e+00
   0.0000000e+00
   0.0000000e+00
   0.0000000e+00
   0.0000000e+00
   0.0000000e+00
   0.0000000e+00
   0.0000000e+00
   0.0000000e+00
   0.0000000e+00
   0.0000000e+00
   0.0000000e+00
   0.0000000e+00
   0.0000000e+00
   0.0000000e+00
   0.0000000e+00
   0.0000000e+00
   0.0000000e+00
   0.0000000e+00
   0.0000000e+00
   0.0000000e+00
   0.0000000e+00
   0.0000000e+00
   0.0000000e+00
   0.0000000e+00
   0.0000000e+00
   0.0000000e+00
   0.0000000e+00
   0.0000000e+00
   0.0000000e+00
   0.0000000e+00
   0.0000000e+00
   0.0000000e+00
   0.0000000e+00
   0.0000000e+00
   0.0000000e+00
   0.0000000e+00
   0.0000000e+00
   0.0000000e+00
   0.0000000e+00
   0.0000000e+00
   0.0000000e+00
   0.0000000e+00
   0.0000000e+00
   0.0000000e+00
   0.0000000e+00
   0.0000000e+00
   0.0000000e+00
   0.0000000e+00
   0.0000000e+00
   0.0000000e+00
   0.0000000e+00
   0.0000000e+00
   0.0000000e+00
   0.0000000e+00
   0.0000000e+00
   0.0000000e+00
   0.0000000e+00
   0.0000000e+00
   0.0000000e+00
   0.0000000e+00
   0.0000000e+00
   0.0000000e+00
   0.0000000e+00
   0.0000000e+00
   0.0000000e+00
   0.0000000e+00
   0.0000000e+00
   0.0000000e+00
