   3.0922579e-04
   1.8118409e-03
   2.4039062e-03
  -5.2065458e-03
   8.8905310e-04
  -2.4378544e-03
  -4.2780785e-03
  -1.2954189e-03
  -9.0158548e-04
   1.5155448e-04
   9.5206217e-04
  -6.1345185e-04
   2.6560905e-03
  -3.8922964e-04
  -1.6608437e-03
   3.3721031e-03
  -1.5044667e-04
  -2.4140242e-02
  -7.4117744e-03
   1.6671157e-02
   6.5464652e-03
   3.3592709e-02
   2.7398713e-02
   2.5878554e-02
   1.9320214e-02
   2.4204325e-02
   1.8226870e-02
   2.8426820e-02
   2.0520589e-02
   1.9750877e-02
   1.5886516e-02
   2.0213415e-02
   1.5888671e-02
   2.2031857e-02
   2.0538997e-02
   1.2956758e-02
   1.9145391e-02
   3.5525049e-02
   1.5923397e-02
   2.2671548e-02
   7.0358230e-02
   5.3660355e-02
   2.0704595e-02
   5.3659947e-02
   5.6048374e-02
   5.4718354e-02
   5.8643650e-02
   5.0590917e-02
   5.6108256e-02
   5.8608490e-02
   6.6357723e-02
   5.7538486e-02
   6.7296615e-02
   5.1784130e-02
   5.9724189e-02
   7.1514818e-02
   5.9677152e-02
   3.5242112e-02
   7.9979617e-02
   5.3002532e-03
   9.9674133e-02
   1.2877965e-01
   1.4163275e-01
   1.2714730e-01
   1.2528272e-01
   1.2030322e-01
   1.2180471e-01
   1.2649579e-01
   1.2383480e-01
   1.1655918e-01
   1.0793647e-01
   1.1870916e-01
   1.0797109e-01
   1.2779693e-01
   1.1598180e-01
   1.0211633e-01
   1.1496818e-01
   1.5108076e-01
   7.4709723e-02
   5.4493299e-04
   2.0487622e-01
   1.6453246e-01
   1.5714442e-01
   1.6931819e-01
   1.1280460e-01
   1.8829805e-01
   1.6037100e-01
   1.4034360e-01
   1.6652885e-01
   1.7987889e-01
   1.8998648e-01
   1.8389757e-01
   1.8101174e-01
   1.4037752e-01
   1.8969059e-01
   2.2129397e-01
   1.6395613e-01
   1.3580295e-01
   3.1185029e-02
   0.0000000e+00
   1.1451817e-01
   2.7130075e-01
   2.6198250e-01
   2.7570468e-01
   3.1756379e-01
   2.0145769e-01
   3.0987169e-01
   2.7689303e-01
   2.5434737e-01
   2.3150123e-01
   2.0324528e-01
   8.8330759e-02
   3.3008359e-01
   1.0756494e-01
   3.4414134e-02
   1.3874230e-01
   4.9123226e-02
   2.5791269e-04
   2.0149813e-05
   0.0000000e+00
   1.7723468e-02
   1.5729934e-01
   1.9328424e-01
   1.9546898e-01
   2.9812874e-01
   1.4064161e-01
   9.3128919e-02
   2.8674650e-01
   3.1402955e-01
   1.9077704e-02
   1.5104929e-03
   3.5380672e-03
   1.7415068e-02
   5.4187309e-03
   1.7301618e-06
   0.0000000e+00
   0.0000000e+00
   0.0000000e+00
   0.0000000e+00
   0.0000000e+00
   0.0000000e+00
   7.6946507e-06
   2.0704619e-04
   1.8321966e-03
   9.3209827e-03
   3.4459512e-03
   5.5893030e-04
   1.6527483e-02
   1.8963728e-02
   1.0434548e-03
   0.0000000e+00
   0.0000000e+00
   0.0000000e+00
   0.0000000e+00
   0.0000000e+00
   0.0000000e+00
   0.0000000e+00
   0.0000000e+00
   0.0000000e+00
   0.0000000e+00
   0.0000000e+00
   0.0000000e+00
   0.0000000e+00
   0.0000000e+00
   0.0000000e+00
   0.0000000e+00
   0.0000000e+00
   0.0000000e+00
   0.0000000e+00
   0.0000000e+00
   0.0000000e+00
   0.0000000e+00
   0.0000000e+00
   0.0000000e+00
   0.0000000e+00
   0.0000000e+00
   0.0000000e+00
   0.0000000e+00
   0.0000000e+00
   0.0000000e+00
   0.0000000e+00
   0.0000000e+00
   0.0000000e+00
   0.0000000e+00
   0.0000000e+00
   0.0000000e+00
   0.0000000e+00
   0.0000000e+00
   0.0000000e+00
   0.0000000e+00
   0.0000000e+00
   0.0000000e+00
   0.0000000e+00
   0.0000000e+00
   0.0000000e+00
   0.0000000e+00
   0.0000000e+00
   0.0000000e+00
   0.0000000e+00
   0.0000000e+00
   0.0000000e+00
   0.0000000e+00
   0.0000000e+00
   0.0000000e+00
   0.0000000e+00
   0.0000000e+00
   0.0000000e+00
   0.0000000e+00
   0.0000000e+00
   0.0000000e+00
   0.0000000e+00
   0.0000000e+00
   0.0000000e+00
   0.0000000e+00
   0.0000000e+00
   0.0000000e+00
   0.0000000e+00
   0.0000000e+00
   0.0000000e+00
   0.0000000e+00
   0.0000000e+00
   0.0000000e+00
   0.0000000e+00
   0.0000000e+00
   0.0000000e+00
   0.0000000e+00
   0.0000000e+00
   0.0000000e+00
   0.0000000e+00
   0.0000000e+00
   0.0000000e+00
   0.0000000e+00
   0.0000000e+00
   0.0000000e+00
   0.0000000e+00
   0.0000000e+00
   0.0000000e+00
   0.0000000e+00
   0.0000000e+00
   0.0000000e+00
   0.0000000e+00
   0.0000000e+00
   0.0000000e+00
   0.0000000e+00
   0.0000000e+00
   0.0000000e+00
   0.0000000e+00
   0.0000000e+00
   0.0000000e+00
   0.0000000e+00
   0.0000000e+00
   0.0000000e+00
   0.0000000e+00
   0.0000000e+00
   0.0000000e+00
   0.0000000e+00
   0.0000000e+00
   0.0000000e+00
   0.0000000e+00
   0.0000000e+00
   0.0000000e+00
   0.0000000e+00
   0.0000000e+00
   0.0000000e+00
   0.0000000e+00
   0.0000000e+00
   0.0000000e+00
   0.0000000e+00
   0.0000000e+00
   0.0000000e+00
   0.0000000e+00
   0.0000000e+00
   0.0000000e+00
   0.0000000e+00
   0.0000000e+00
   0.0000000e+00
   0.0000000e+00
   0.0000000e+00
   0.0000000e+00
   0.0000000e+00
   0.0000000e+00
   0.0000000e+00
   0.0000000e+00
   0.0000000e+00
   0.0000000e+00
   0.0000000e+00
   0.0000000e+00
   0.0000000e+00
   0.0000000e+00
   0.0000000e+00
   0.0000000e+00
   0.0000000e+00
   0.0000000e+00
   0.0000000e+00
   0.0000000e+00
   0.0000000e+00
   0.0000000e+00
   0.0000000e+00
   0.0000000e+00
   0.0000000e+00
   0.0000000e+00
   0.0000000e+00
   0.0000000e+00
   0.0000000e+00
   0.0000000e+00
   0.0000000e+00
   0.0000000e+00
   0.0000000e+00
   0.0000000e+00
   0.0000000e+00
   0.0000000e+00
   0.0000000e+00
   0.0000000e+00
   0.0000000e+00
   0.0000000e+00
   0.0000000e+00
   0.0000000e+00
   0.0000000e+00
   0.0000000e+00
   0.0000000e+00
   0.0000000e+00
   0.0000000e+00
   0.0000000e+00
   0.0000000e+00
   0.0000000e+00
   0.0000000e+00
   0.0000000e+00
   0.0000000e+00
   0.0000000e+00
   0.0000000e+00
   0.0000000e+00
   0.0000000e+00
   0.0000000e+00
   0.0000000e+00
   0.0000000e+00
   0.0000000e+00
   0.0000000e+00
   0.0000000e+00
   0.0000000e+00
   0.0000000e+00
   0.0000000e+00
   0.0000000e+00
   0.0000000e+00
   0.0000000e+00
   0.0000000e+00
   0.0000000e+00
   0.0000000e+00
   0.0000000e+00
   0.0000000e+00
   0.0000000e+00
   0.0000000e+00
   0.0000000e+00
   0.0000000e+00
   0.0000000e+00
   0.0000000e+00
   0.0000000e+00
   0.0000000e+00
   0.0000000e+00
   0.0000000e+00
   0.0000000e+00
   0.0000000e+00
   0.0000000e+00
   0.0000000e+00
   0.0000000e+00
   0.0000000e+00
   0.0000000e+00
   0.0000000e+00
   0.0000000e+00
   0.0000000e+00
   0.0000000e+00
   0.0000000e+00
   0.0000000e+00
   0.0000000e+00
   0.0000000e+00
   0.0000000e+00
   0.0000000e+00
   0.0000000e+00
   0.0000000e+00
   0.0000000e+00
   0.0000000e+00
   0.0000000e+00
   0.0000000e+00
   0.0000000e+00
   0.0000000e+00
   0.0000000e+00
   0.0000000e+00
   0.0000000e+00
   0.0000000e+00
   0.0000000e+00
   0.0000000e+00
   0.0000000e+00
   0.0000000e+00
   0.0000000e+00
   0.0000000e+00
   0.0000000e+00
   0.0000000e+00
   0.0000000e+00
   0.0000000e+00
   0.0000000e+00
   0.0000000e+00
