  -4.1153963e-04
  -2.3224085e-03
   1.7420240e-03
  -2.9567369e-03
   1.6169636e-03
   1.9142957e-04
  -1.2571791e-03
   2.2193322e-03
  -6.9342064e-04
  -7.6449807e-03
   1.8516548e-03
  -1.3070250e-02
   3.8280026e-04
  -5.1553300e-04
   2.9945144e-04
  -6.9854680e-04
   2.8578437e-03
   4.1800044e-03
  -9.1726550e-04
   3.7331476e-03
   3.4865508e-02
   2.0169669e-02
   1.9575411e-02
   2.0823025e-02
   1.8637955e-02
   2.7328463e-02
   1.8671611e-02
   1.9767270e-02
   1.9809483e-02
   2.1575453e-02
   2.7475905e-02
   2.8170983e-02
   2.4091095e-02
   1.6489336e-02
   2.2510976e-02
   1.8463899e-02
   1.6608818e-02
   1.2380773e-02
   1.3680162e-02
   1.0330860e-02
   5.8841209e-02
   5.5710914e-02
   5.8922238e-02
   5.7806267e-02
   5.8954262e-02
   4.7227742e-02
   6.0525699e-02
   5.7352505e-02
   6.0672234e-02
   5.2672052e-02
   5.0358120e-02
   4.8546151e-02
   4.7747002e-02
   6.6631243e-02
   4.9910205e-02
   6.2417049e-02
   6.2531020e-02
   7.6840204e-02
   1.0019395e-01
   1.0938145e-02
   7.8447682e-02
   1.2629213e-01
   1.1853073e-01
   1.1728639e-01
   1.2086969e-01
   1.3004533e-01
   1.1688040e-01
   1.1939255e-01
   1.1591361e-01
   1.2470998e-01
   1.3226875e-01
   1.2655297e-01
   1.3651488e-01
   1.0489452e-01
   1.3193574e-01
   1.1017538e-01
   1.2126021e-01
   6.1146947e-02
   3.6128900e-02
   2.0496519e-03
   7.1514660e-02
   2.1311595e-01
   1.3186456e-01
   2.0955591e-01
   1.2903129e-01
   1.7072310e-01
   1.6978370e-01
   1.7419084e-01
   1.7898610e-01
   1.6447523e-01
   1.7459249e-01
   1.3377542e-01
   1.3447514e-01
   2.0674707e-01
   1.3921445e-01
   1.6667801e-01
   2.1012344e-01
   2.6411687e-02
   3.6596707e-05
   9.6116112e-07
   2.5950682e-02
   3.0302316e-01
   2.2067649e-01
   1.5718686e-01
   3.6309948e-01
   2.7197802e-01
   2.2743190e-01
   3.2201534e-01
   1.8448304e-01
   3.2359567e-01
   1.1264043e-01
   3.3842163e-01
   2.7733653e-01
   2.0121193e-01
   3.7441781e-01
   2.4122442e-01
   2.3007161e-01
   1.9716988e-02
   0.0000000e+00
   0.0000000e+00
   1.6402954e-03
   2.0982655e-02
   1.5385293e-02
   5.5185885e-02
   2.0164034e-01
   1.5584588e-01
   1.3865440e-01
   1.1798493e-01
   3.2120812e-01
   2.9714817e-01
   2.6299628e-02
   1.9544125e-01
   1.8856757e-01
   7.3032167e-02
   2.2628877e-01
   5.2015227e-02
   3.0533348e-03
   2.2912507e-04
   0.0000000e+00
   0.0000000e+00
   0.0000000e+00
   0.0000000e+00
   5.6508190e-08
   5.6442756e-04
   1.9516134e-03
   4.2151388e-04
   0.0000000e+00
   9.8559880e-04
   1.8057388e-02
   1.5815499e-02
   6.1788307e-04
   2.0944437e-03
   2.2011351e-03
   1.2367318e-03
   4.0131108e-03
   8.8869689e-04
   0.0000000e+00
   0.0000000e+00
   0.0000000e+00
   0.0000000e+00
   0.0000000e+00
   0.0000000e+00
   0.0000000e+00
   0.0000000e+00
   0.0000000e+00
   0.0000000e+00
   0.0000000e+00
   0.0000000e+00
   0.0000000e+00
   0.0000000e+00
   0.0000000e+00
   0.0000000e+00
   0.0000000e+00
   0.0000000e+00
   0.0000000e+00
   0.0000000e+00
   0.0000000e+00
   0.0000000e+00
   0.0000000e+00
   0.0000000e+00
   0.0000000e+00
   0.0000000e+00
   0.0000000e+00
   0.0000000e+00
   0.0000000e+00
   0.0000000e+00
   0.0000000e+00
   0.0000000e+00
   0.0000000e+00
   0.0000000e+00
   0.0000000e+00
   0.0000000e+00
   0.0000000e+00
   0.0000000e+00
   0.0000000e+00
   0.0000000e+00
   0.0000000e+00
   0.0000000e+00
   0.0000000e+00
   0.0000000e+00
   0.0000000e+00
   0.0000000e+00
   0.0000000e+00
   0.0000000e+00
   0.0000000e+00
   0.0000000e+00
   0.0000000e+00
   0.0000000e+00
   0.0000000e+00
   0.0000000e+00
   0.0000000e+00
   0.0000000e+00
   0.0000000e+00
   0.0000000e+00
   0.0000000e+00
   0.0000000e+00
   0.0000000e+00
   0.0000000e+00
   0.0000000e+00
   0.0000000e+00
   0.0000000e+00
   0.0000000e+00
   0.0000000e+00
   0.0000000e+00
   0.0000000e+00
   0.0000000e+00
   0.0000000e+00
   0.0000000e+00
   0.0000000e+00
   0.0000000e+00
   0.0000000e+00
   0.0000000e+00
   0.0000000e+00
   0.0000000e+00
   0.0000000e+00
   0.0000000e+00
   0.0000000e+00
   0.0000000e+00
   0.0000000e+00
   0.0000000e+00
   0.0000000e+00
   0.0000000e+00
   0.0000000e+00
   0.0000000e+00
   0.0000000e+00
   0.0000000e+00
   0.0000000e+00
   0.0000000e+00
   0.0000000e+00
   0.0000000e+00
   0.0000000e+00
   0.0000000e+00
   0.0000000e+00
   0.0000000e+00
   0.0000000e+00
   0.0000000e+00
   0.0000000e+00
   0.0000000e+00
   0.0000000e+00
   0.0000000e+00
   0.0000000e+00
   0.0000000e+00
   0.0000000e+00
   0.0000000e+00
   0.0000000e+00
   0.0000000e+00
   0.0000000e+00
   0.0000000e+00
   0.0000000e+00
   0.0000000e+00
   0.0000000e+00
   0.0000000e+00
   0.0000000e+00
   0.0000000e+00
   0.0000000e+00
   0.0000000e+00
   0.0000000e+00
   0.0000000e+00
   0.0000000e+00
   0.0000000e+00
   0.0000000e+00
   0.0000000e+00
   0.0000000e+00
   0.0000000e+00
   0.0000000e+00
   0.0000000e+00
   0.0000000e+00
   0.0000000e+00
   0.0000000e+00
   0.0000000e+00
   0.0000000e+00
   0.0000000e+00
   0.0000000e+00
   0.0000000e+00
   0.0000000e+00
   0.0000000e+00
   0.0000000e+00
   0.0000000e+00
   0.0000000e+00
   0.0000000e+00
   0.0000000e+00
   0.0000000e+00
   0.0000000e+00
   0.0000000e+00
   0.0000000e+00
   0.0000000e+00
   0.0000000e+00
   0.0000000e+00
   0.0000000e+00
   0.0000000e+00
   0.0000000e+00
   0.0000000e+00
   0.0000000e+00
   0.0000000e+00
   0.0000000e+00
   0.0000000e+00
   0.0000000e+00
   0.0000000e+00
   0.0000000e+00
   0.0000000e+00
   0.0000000e+00
   0.0000000e+00
   0.0000000e+00
   0.0000000e+00
   0.0000000e+00
   0.0000000e+00
   0.0000000e+00
   0.0000000e+00
   0.0000000e+00
   0.0000000e+00
   0.0000000e+00
   0.0000000e+00
   0.0000000e+00
   0.0000000e+00
   0.0000000e+00
   0.0000000e+00
   0.0000000e+00
   0.0000000e+00
   0.0000000e+00
   0.0000000e+00
   0.0000000e+00
   0.0000000e+00
   0.0000000e+00
   0.0000000e+00
   0.0000000e+00
   0.0000000e+00
   0.0000000e+00
   0.0000000e+00
   0.0000000e+00
   0.0000000e+00
   0.0000000e+00
   0.0000000e+00
   0.0000000e+00
   0.0000000e+00
   0.0000000e+00
   0.0000000e+00
   0.0000000e+00
   0.0000000e+00
   0.0000000e+00
   0.0000000e+00
   0.0000000e+00
   0.0000000e+00
   0.0000000e+00
   0.0000000e+00
   0.0000000e+00
   0.0000000e+00
   0.0000000e+00
   0.0000000e+00
   0.0000000e+00
   0.0000000e+00
   0.0000000e+00
   0.0000000e+00
   0.0000000e+00
   0.0000000e+00
   0.0000000e+00
   0.0000000e+00
   0.0000000e+00
   0.0000000e+00
   0.0000000e+00
   0.0000000e+00
   0.0000000e+00
   0.0000000e+00
   0.0000000e+00
   0.0000000e+00
   0.0000000e+00
   0.0000000e+00
   0.0000000e+00
   0.0000000e+00
   0.0000000e+00
   0.0000000e+00
   0.0000000e+00
   0.0000000e+00
   0.0000000e+00
   0.0000000e+00
   0.0000000e+00
   0.0000000e+00
   0.0000000e+00
   0.0000000e+00
   0.0000000e+00
   0.0000000e+00
