   2.6203096e-03
   2.3710929e-04
  -4.8307915e-04
   4.1889930e-04
  -1.2704446e-03
   3.9331945e-03
   3.0712931e-03
  -3.3154172e-03
   6.5837188e-03
   1.6018818e-02
   7.1414693e-03
  -1.0554669e-04
  -6.3940891e-03
   6.1281121e-03
   7.4461446e-04
  -1.9743046e-03
   2.3953495e-04
  -6.2128366e-06
   1.1837230e-04
  -2.2735101e-02
   2.0348753e-02
   1.9834409e-02
   2.1159187e-02
   1.9770350e-02
   1.7595266e-02
   1.8457288e-02
   1.8366516e-02
   1.7150258e-02
   1.7665147e-02
   1.0120418e-02
   1.5439850e-02
   2.0521646e-02
   1.6689600e-02
   1.6900714e-02
   1.4735713e-02
   2.6500665e-02
   2.3041199e-02
   1.5681067e-02
   2.8106853e-02
   4.3414741e-02
   3.9328930e-02
   6.9250654e-02
   3.9916697e-02
   6.4751868e-02
   6.2582794e-02
   5.9771721e-02
   5.9981726e-02
   6.4959192e-02
   5.9761128e-02
   7.4141471e-02
   5.6651693e-02
   6.2915928e-02
   5.7764848e-02
   6.3462624e-02
   6.5419958e-02
   4.8875267e-02
   4.5264668e-02
   6.9783980e-02
   3.5351244e-02
   2.6933859e-02
   1.6846432e-01
   8.7164525e-02
   1.7360115e-01
   1.0090131e-01
   1.2023244e-01
   1.1195942e-01
   1.1934915e-01
   1.0386531e-01
   1.2169696e-01
   9.3689291e-02
   1.2816172e-01
   1.0596665e-01
   1.2301634e-01
   1.1146322e-01
   1.0718063e-01
   1.3143005e-01
   1.6496086e-01
   1.1093388e-01
   7.7072611e-03
   2.1205588e-03
   1.4976341e-01
   2.0750339e-02
   9.2928226e-02
   1.9525629e-01
   1.7281941e-01
   1.9522041e-01
   1.5669862e-01
   2.3558681e-01
   1.6150401e-01
   2.3474414e-01
   1.6076824e-01
   2.3140995e-01
   1.5027644e-01
   2.0005835e-01
   1.8292398e-01
   1.5897684e-01
   1.6398987e-01
   4.9864827e-02
   4.7664632e-04
   0.0000000e+00
   6.2404555e-03
   5.1481242e-04
   8.2621324e-03
   2.4896882e-01
   2.6584213e-01
   1.4979260e-01
   3.2904974e-01
   1.3322484e-01
   5.5278681e-02
   1.3621093e-01
   4.6058665e-02
   2.6662761e-02
   2.7544118e-02
   2.0293226e-01
   2.0776700e-01
   3.4055123e-01
   1.7881973e-01
   2.2279673e-03
   7.2122828e-06
   0.0000000e+00
   0.0000000e+00
   0.0000000e+00
   5.9996382e-04
   2.0027331e-02
   2.1640527e-02
   1.0387291e-02
   3.2465077e-02
   7.4640543e-03
   8.6418150e-05
   2.2796184e-07
   6.7321148e-08
   9.8989004e-12
   5.1950259e-05
   9.3257453e-04
   6.2360675e-03
   5.0281331e-02
   2.6516421e-02
   2.3588783e-04
   0.0000000e+00
   0.0000000e+00
   0.0000000e+00
   0.0000000e+00
   0.0000000e+00
   0.0000000e+00
   0.0000000e+00
   0.0000000e+00
   0.0000000e+00
   0.0000000e+00
   0.0000000e+00
   0.0000000e+00
   0.0000000e+00
   0.0000000e+00
   0.0000000e+00
   0.0000000e+00
   0.0000000e+00
   0.0000000e+00
   0.0000000e+00
   0.0000000e+00
   0.0000000e+00
   0.0000000e+00
   0.0000000e+00
   0.0000000e+00
   0.0000000e+00
   0.0000000e+00
   0.0000000e+00
   0.0000000e+00
   0.0000000e+00
   0.0000000e+00
   0.0000000e+00
   0.0000000e+00
   0.0000000e+00
   0.0000000e+00
   0.0000000e+00
   0.0000000e+00
   0.0000000e+00
   0.0000000e+00
   0.0000000e+00
   0.0000000e+00
   0.0000000e+00
   0.0000000e+00
   0.0000000e+00
   0.0000000e+00
   0.0000000e+00
   0.0000000e+00
   0.0000000e+00
   0.0000000e+00
   0.0000000e+00
   0.0000000e+00
   0.0000000e+00
   0.0000000e+00
   0.0000000e+00
   0.0000000e+00
   0.0000000e+00
   0.0000000e+00
   0.0000000e+00
   0.0000000e+00
   0.0000000e+00
   0.0000000e+00
   0.0000000e+00
   0.0000000e+00
   0.0000000e+00
   0.0000000e+00
   0.0000000e+00
   0.0000000e+00
   0.0000000e+00
   0.0000000e+00
   0.0000000e+00
   0.0000000e+00
   0.0000000e+00
   0.0000000e+00
   0.0000000e+00
   0.0000000e+00
   0.0000000e+00
   0.0000000e+00
   0.0000000e+00
   0.0000000e+00
   0.0000000e+00
   0.0000000e+00
   0.0000000e+00
   0.0000000e+00
   0.0000000e+00
   0.0000000e+00
   0.0000000e+00
   0.0000000e+00
   0.0000000e+00
   0.0000000e+00
   0.0000000e+00
   0.0000000e+00
   0.0000000e+00
   0.0000000e+00
   0.0000000e+00
   0.0000000e+00
   0.0000000e+00
   0.0000000e+00
   0.0000000e+00
   0.0000000e+00
   0.0000000e+00
   0.0000000e+00
   0.0000000e+00
   0.0000000e+00
   0.0000000e+00
   0.0000000e+00
   0.0000000e+00
   0.0000000e+00
   0.0000000e+00
   0.0000000e+00
   0.0000000e+00
   0.0000000e+00
   0.0000000e+00
   0.0000000e+00
   0.0000000e+00
   0.0000000e+00
   0.0000000e+00
   0.0000000e+00
   0.0000000e+00
   0.0000000e+00
   0.0000000e+00
   0.0000000e+00
   0.0000000e+00
   0.0000000e+00
   0.0000000e+00
   0.0000000e+00
   0.0000000e+00
   0.0000000e+00
   0.0000000e+00
   0.0000000e+00
   0.0000000e+00
   0.0000000e+00
   0.0000000e+00
   0.0000000e+00
   0.0000000e+00
   0.0000000e+00
   0.0000000e+00
   0.0000000e+00
   0.0000000e+00
   0.0000000e+00
   0.0000000e+00
   0.0000000e+00
   0.0000000e+00
   0.0000000e+00
   0.0000000e+00
   0.0000000e+00
   0.0000000e+00
   0.0000000e+00
   0.0000000e+00
   0.0000000e+00
   0.0000000e+00
   0.0000000e+00
   0.0000000e+00
   0.0000000e+00
   0.0000000e+00
   0.0000000e+00
   0.0000000e+00
   0.0000000e+00
   0.0000000e+00
   0.0000000e+00
   0.0000000e+00
   0.0000000e+00
   0.0000000e+00
   0.0000000e+00
   0.0000000e+00
   0.0000000e+00
   0.0000000e+00
   0.0000000e+00
   0.0000000e+00
   0.0000000e+00
   0.0000000e+00
   0.0000000e+00
   0.0000000e+00
   0.0000000e+00
   0.0000000e+00
   0.0000000e+00
   0.0000000e+00
   0.0000000e+00
   0.0000000e+00
   0.0000000e+00
   0.0000000e+00
   0.0000000e+00
   0.0000000e+00
   0.0000000e+00
   0.0000000e+00
   0.0000000e+00
   0.0000000e+00
   0.0000000e+00
   0.0000000e+00
   0.0000000e+00
   0.0000000e+00
   0.0000000e+00
   0.0000000e+00
   0.0000000e+00
   0.0000000e+00
   0.0000000e+00
   0.0000000e+00
   0.0000000e+00
   0.0000000e+00
   0.0000000e+00
   0.0000000e+00
   0.0000000e+00
   0.0000000e+00
   0.0000000e+00
   0.0000000e+00
   0.0000000e+00
   0.0000000e+00
   0.0000000e+00
   0.0000000e+00
   0.0000000e+00
   0.0000000e+00
   0.0000000e+00
   0.0000000e+00
   0.0000000e+00
   0.0000000e+00
   0.0000000e+00
   0.0000000e+00
   0.0000000e+00
   0.0000000e+00
   0.0000000e+00
   0.0000000e+00
   0.0000000e+00
   0.0000000e+00
   0.0000000e+00
   0.0000000e+00
   0.0000000e+00
   0.0000000e+00
   0.0000000e+00
   0.0000000e+00
   0.0000000e+00
   0.0000000e+00
   0.0000000e+00
   0.0000000e+00
   0.0000000e+00
   0.0000000e+00
   0.0000000e+00
   0.0000000e+00
   0.0000000e+00
   0.0000000e+00
   0.0000000e+00
   0.0000000e+00
   0.0000000e+00
   0.0000000e+00
   0.0000000e+00
   0.0000000e+00
   0.0000000e+00
   0.0000000e+00
   0.0000000e+00
   0.0000000e+00
   0.0000000e+00
   0.0000000e+00
   0.0000000e+00
   0.0000000e+00
   0.0000000e+00
   0.0000000e+00
   0.0000000e+00
   0.0000000e+00
   0.0000000e+00
   0.0000000e+00
   0.0000000e+00
   0.0000000e+00
   0.0000000e+00
   0.0000000e+00
   0.0000000e+00
