  -1.0773445e-03
   5.6964103e-04
   3.6801789e-04
   8.7072115e-04
   1.1979518e-03
  -2.4190474e-03
  -2.6393900e-03
   1.6518936e-03
  -1.0755422e-03
  -1.2761610e-03
   2.6749879e-03
   3.2506315e-05
   2.9391540e-04
   2.0631123e-03
  -2.4838322e-03
   1.1147177e-03
  -3.6469514e-04
  -1.6700177e-03
   1.5084755e-03
   6.3619406e-05
   2.5404589e-02
   1.5879813e-02
   2.1092076e-02
   1.7431910e-02
   1.6517615e-02
   2.3578790e-02
   2.2310002e-02
   1.5475244e-02
   2.3017729e-02
   1.8010602e-02
   1.9993471e-02
   1.7931828e-02
   1.7797027e-02
   1.4882563e-02
   2.5029443e-02
   1.7119929e-02
   2.0971938e-02
   2.4877950e-02
   1.4315607e-02
   2.0857286e-02
   5.4221709e-02
   6.2855176e-02
   5.7372741e-02
   6.1922245e-02
   6.5299521e-02
   5.1815995e-02
   5.4918442e-02
   6.5708847e-02
   5.4302169e-02
   6.1363328e-02
   5.7984976e-02
   6.1891313e-02
   6.2694304e-02
   6.5127035e-02
   5.0349857e-02
   6.0126594e-02
   6.2111963e-02
   3.9769517e-02
   8.3847328e-02
   1.3216557e-02
   1.2261529e-01
   1.1239406e-01
   1.2041000e-01
   1.1116161e-01
   1.0991844e-01
   1.2577512e-01
   1.2169775e-01
   1.0900735e-01
   1.2276801e-01
   1.1462355e-01
   1.1823500e-01
   1.1288485e-01
   1.1185360e-01
   1.1002832e-01
   1.2773905e-01
   1.1919176e-01
   1.0773453e-01
   1.4917020e-01
   8.5793069e-02
   4.1844721e-03
   1.6752437e-01
   1.8619204e-01
   1.6800792e-01
   2.1037619e-01
   1.9624748e-01
   1.5838367e-01
   1.6829591e-01
   1.9004726e-01
   1.7080387e-01
   1.8147026e-01
   1.7947966e-01
   1.9490612e-01
   1.9543735e-01
   1.9033846e-01
   1.5686423e-01
   1.6613123e-01
   2.0269533e-01
   9.9941973e-02
   8.5913139e-03
   2.8740859e-05
   9.4924548e-02
   3.4883067e-01
   1.3943057e-01
   4.1382542e-02
   5.5568631e-02
   3.4702579e-01
   2.1717589e-01
   2.3956624e-01
   1.7244307e-01
   3.0484935e-01
   6.8381566e-02
   2.5314992e-02
   6.6285291e-02
   2.0077775e-01
   3.0319397e-01
   2.8578506e-01
   2.7952407e-01
   5.3655616e-02
   1.2935807e-05
   0.0000000e+00
   9.0952482e-03
   4.2435229e-02
   1.7999643e-02
   1.3636992e-03
   3.8159341e-02
   2.3249208e-01
   8.7717580e-02
   4.8267537e-03
   1.2229275e-01
   3.7126964e-01
   1.0827939e-01
   2.2168925e-03
   1.0603071e-03
   2.5860889e-02
   1.6374538e-01
   8.3134256e-02
   2.3651314e-02
   4.3981602e-03
   0.0000000e+00
   0.0000000e+00
   0.0000000e+00
   0.0000000e+00
   0.0000000e+00
   0.0000000e+00
   1.3981440e-04
   8.3810732e-04
   3.1088359e-04
   1.2876590e-05
   3.0166144e-02
   4.9858999e-01
   4.5035276e-01
   1.6972682e-02
   0.0000000e+00
   1.6966446e-05
   1.2372315e-04
   5.4806479e-05
   2.4496272e-07
   0.0000000e+00
   0.0000000e+00
   0.0000000e+00
   0.0000000e+00
   0.0000000e+00
   0.0000000e+00
   0.0000000e+00
   0.0000000e+00
   0.0000000e+00
   0.0000000e+00
   0.0000000e+00
   1.1024226e-02
   2.2275864e-01
   2.0688338e-01
   7.8437331e-03
   0.0000000e+00
   0.0000000e+00
   0.0000000e+00
   0.0000000e+00
   0.0000000e+00
   0.0000000e+00
   0.0000000e+00
   0.0000000e+00
   0.0000000e+00
   0.0000000e+00
   0.0000000e+00
   0.0000000e+00
   0.0000000e+00
   0.0000000e+00
   0.0000000e+00
   0.0000000e+00
   5.9536053e-05
   1.2030024e-03
   1.1172684e-03
   4.2359881e-05
   0.0000000e+00
   0.0000000e+00
   0.0000000e+00
   0.0000000e+00
   0.0000000e+00
   0.0000000e+00
   0.0000000e+00
   0.0000000e+00
   0.0000000e+00
   0.0000000e+00
   0.0000000e+00
   0.0000000e+00
   0.0000000e+00
   0.0000000e+00
   0.0000000e+00
   0.0000000e+00
   0.0000000e+00
   0.0000000e+00
   0.0000000e+00
   0.0000000e+00
   0.0000000e+00
   0.0000000e+00
   0.0000000e+00
   0.0000000e+00
   0.0000000e+00
   0.0000000e+00
   0.0000000e+00
   0.0000000e+00
   0.0000000e+00
   0.0000000e+00
   0.0000000e+00
   0.0000000e+00
   0.0000000e+00
   0.0000000e+00
   0.0000000e+00
   0.0000000e+00
   0.0000000e+00
   0.0000000e+00
   0.0000000e+00
   0.0000000e+00
   0.0000000e+00
   0.0000000e+00
   0.0000000e+00
   0.0000000e+00
   0.0000000e+00
   0.0000000e+00
   0.0000000e+00
   0.0000000e+00
   0.0000000e+00
   0.0000000e+00
   0.0000000e+00
   0.0000000e+00
   0.0000000e+00
   0.0000000e+00
   0.0000000e+00
   0.0000000e+00
   0.0000000e+00
   0.0000000e+00
   0.0000000e+00
   0.0000000e+00
   0.0000000e+00
   0.0000000e+00
   0.0000000e+00
   0.0000000e+00
   0.0000000e+00
   0.0000000e+00
   0.0000000e+00
   0.0000000e+00
   0.0000000e+00
   0.0000000e+00
   0.0000000e+00
   0.0000000e+00
   0.0000000e+00
   0.0000000e+00
   0.0000000e+00
   0.0000000e+00
   0.0000000e+00
   0.0000000e+00
   0.0000000e+00
   0.0000000e+00
   0.0000000e+00
   0.0000000e+00
   0.0000000e+00
   0.0000000e+00
   0.0000000e+00
   0.0000000e+00
   0.0000000e+00
   0.0000000e+00
   0.0000000e+00
   0.0000000e+00
   0.0000000e+00
   0.0000000e+00
   0.0000000e+00
   0.0000000e+00
   0.0000000e+00
   0.0000000e+00
   0.0000000e+00
   0.0000000e+00
   0.0000000e+00
   0.0000000e+00
   0.0000000e+00
   0.0000000e+00
   0.0000000e+00
   0.0000000e+00
   0.0000000e+00
   0.0000000e+00
   0.0000000e+00
   0.0000000e+00
   0.0000000e+00
   0.0000000e+00
   0.0000000e+00
   0.0000000e+00
   0.0000000e+00
   0.0000000e+00
   0.0000000e+00
   0.0000000e+00
   0.0000000e+00
   0.0000000e+00
   0.0000000e+00
   0.0000000e+00
   0.0000000e+00
   0.0000000e+00
   0.0000000e+00
   0.0000000e+00
   0.0000000e+00
   0.0000000e+00
   0.0000000e+00
   0.0000000e+00
   0.0000000e+00
   0.0000000e+00
   0.0000000e+00
   0.0000000e+00
   0.0000000e+00
   0.0000000e+00
   0.0000000e+00
   0.0000000e+00
   0.0000000e+00
   0.0000000e+00
   0.0000000e+00
   0.0000000e+00
   0.0000000e+00
   0.0000000e+00
   0.0000000e+00
   0.0000000e+00
   0.0000000e+00
   0.0000000e+00
   0.0000000e+00
   0.0000000e+00
   0.0000000e+00
   0.0000000e+00
   0.0000000e+00
   0.0000000e+00
   0.0000000e+00
   0.0000000e+00
   0.0000000e+00
   0.0000000e+00
   0.0000000e+00
   0.0000000e+00
   0.0000000e+00
   0.0000000e+00
   0.0000000e+00
   0.0000000e+00
   0.0000000e+00
   0.0000000e+00
   0.0000000e+00
   0.0000000e+00
   0.0000000e+00
   0.0000000e+00
   0.0000000e+00
   0.0000000e+00
   0.0000000e+00
   0.0000000e+00
   0.0000000e+00
   0.0000000e+00
   0.0000000e+00
   0.0000000e+00
   0.0000000e+00
   0.0000000e+00
   0.0000000e+00
   0.0000000e+00
   0.0000000e+00
   0.0000000e+00
   0.0000000e+00
   0.0000000e+00
   0.0000000e+00
   0.0000000e+00
   0.0000000e+00
   0.0000000e+00
   0.0000000e+00
   0.0000000e+00
   0.0000000e+00
   0.0000000e+00
   0.0000000e+00
   0.0000000e+00
   0.0000000e+00
   0.0000000e+00
   0.0000000e+00
   0.0000000e+00
   0.0000000e+00
   0.0000000e+00
   0.0000000e+00
   0.0000000e+00
   0.0000000e+00
   0.0000000e+00
   0.0000000e+00
   0.0000000e+00
   0.0000000e+00
   0.0000000e+00
