   3.8621188e-03
   9.4317944e-03
  -1.0084645e-03
  -5.4769802e-04
  -7.0679206e-05
  -1.0981302e-03
   4.2803623e-03
   3.7914953e-03
  -1.5462752e-02
   4.5980973e-03
  -3.1330497e-03
  -1.2299093e-03
   2.0869706e-03
  -1.1439165e-02
  -2.9794610e-06
  -2.6985856e-03
   1.2615692e-02
  -8.5672044e-04
  -6.7373184e-03
   3.0839233e-04
   1.6427775e-02
   1.9300417e-02
   1.6886853e-02
   2.2957426e-02
   2.7943168e-02
   1.6463627e-02
   1.9082032e-02
   1.5457849e-02
   3.0082103e-02
   1.6897363e-02
   2.5760012e-02
   1.7901888e-02
   2.0669621e-02
   2.3855506e-02
   2.2661751e-02
   2.0521861e-02
   8.0798513e-03
   1.2598034e-02
   3.7235441e-02
   2.8462507e-04
   7.4503817e-02
   4.6649098e-02
   6.9729773e-02
   5.2242885e-02
   4.6657805e-02
   6.7766545e-02
   4.9602511e-02
   6.9784636e-02
   4.3622080e-02
   6.1228202e-02
   5.0596724e-02
   6.3653882e-02
   5.3853483e-02
   5.7309259e-02
   5.1937124e-02
   5.9775861e-02
   7.3517199e-02
   6.1908853e-02
   5.8424917e-02
   3.7163463e-05
   7.8153740e-02
   1.5192077e-01
   8.7256317e-02
   1.3727623e-01
   1.2526891e-01
   1.0807814e-01
   1.2542471e-01
   1.0852679e-01
   1.3974078e-01
   1.1481407e-01
   1.2567393e-01
   1.1242190e-01
   1.2245334e-01
   1.2142253e-01
   1.1756450e-01
   1.2337543e-01
   8.1244134e-02
   1.5082352e-01
   5.1455494e-02
   1.0077908e-06
   3.2141410e-03
   1.3497298e-01
   2.3403899e-01
   1.5118043e-01
   1.5906232e-01
   1.9155599e-01
   1.8542461e-01
   1.5139119e-01
   1.4629340e-01
   1.6564705e-01
   1.6885768e-01
   1.9280310e-01
   1.6185112e-01
   1.7641170e-01
   1.6290046e-01
   2.1094902e-01
   2.4180911e-01
   2.7344991e-02
   1.7926749e-03
   0.0000000e+00
   0.0000000e+00
   2.0800248e-02
   1.0084103e-01
   2.7910074e-01
   3.0647866e-01
   2.1014619e-01
   2.0805529e-01
   3.2401987e-01
   2.8253695e-01
   1.7284664e-01
   6.1121229e-03
   3.6724722e-02
   3.1949813e-01
   2.9377711e-01
   4.0926803e-02
   6.2573298e-02
   1.5649505e-01
   2.5307711e-02
   0.0000000e+00
   0.0000000e+00
   0.0000000e+00
   0.0000000e+00
   3.7292560e-02
   2.5481085e-01
   2.8503467e-01
   8.4600209e-02
   3.7839040e-02
   9.7769225e-02
   3.6950755e-01
   2.0630139e-01
   2.3364133e-03
   5.3177615e-02
   3.3138764e-01
   1.6702572e-01
   9.9735873e-03
   6.8795683e-06
   1.8936684e-05
   3.2300852e-06
   0.0000000e+00
   0.0000000e+00
   0.0000000e+00
   0.0000000e+00
   3.4363090e-04
   2.5465785e-03
   3.8731455e-03
   1.2517193e-03
   3.4748901e-06
   1.5760915e-03
   1.5352576e-02
   8.6558680e-03
   9.7268867e-05
   2.2775526e-03
   1.3428371e-02
   4.9080449e-03
   8.0909098e-06
   0.0000000e+00
   0.0000000e+00
   0.0000000e+00
   0.0000000e+00
   0.0000000e+00
   0.0000000e+00
   0.0000000e+00
   0.0000000e+00
   0.0000000e+00
   0.0000000e+00
   0.0000000e+00
   0.0000000e+00
   0.0000000e+00
   0.0000000e+00
   0.0000000e+00
   0.0000000e+00
   0.0000000e+00
   0.0000000e+00
   0.0000000e+00
   0.0000000e+00
   0.0000000e+00
   0.0000000e+00
   0.0000000e+00
   0.0000000e+00
   0.0000000e+00
   0.0000000e+00
   0.0000000e+00
   0.0000000e+00
   0.0000000e+00
   0.0000000e+00
   0.0000000e+00
   0.0000000e+00
   0.0000000e+00
   0.0000000e+00
   0.0000000e+00
   0.0000000e+00
   0.0000000e+00
   0.0000000e+00
   0.0000000e+00
   0.0000000e+00
   0.0000000e+00
   0.0000000e+00
   0.0000000e+00
   0.0000000e+00
   0.0000000e+00
   0.0000000e+00
   0.0000000e+00
   0.0000000e+00
   0.0000000e+00
   0.0000000e+00
   0.0000000e+00
   0.0000000e+00
   0.0000000e+00
   0.0000000e+00
   0.0000000e+00
   0.0000000e+00
   0.0000000e+00
   0.0000000e+00
   0.0000000e+00
   0.0000000e+00
   0.0000000e+00
   0.0000000e+00
   0.0000000e+00
   0.0000000e+00
   0.0000000e+00
   0.0000000e+00
   0.0000000e+00
   0.0000000e+00
   0.0000000e+00
   0.0000000e+00
   0.0000000e+00
   0.0000000e+00
   0.0000000e+00
   0.0000000e+00
   0.0000000e+00
   0.0000000e+00
   0.0000000e+00
   0.0000000e+00
   0.0000000e+00
   0.0000000e+00
   0.0000000e+00
   0.0000000e+00
   0.0000000e+00
   0.0000000e+00
   0.0000000e+00
   0.0000000e+00
   0.0000000e+00
   0.0000000e+00
   0.0000000e+00
   0.0000000e+00
   0.0000000e+00
   0.0000000e+00
   0.0000000e+00
   0.0000000e+00
   0.0000000e+00
   0.0000000e+00
   0.0000000e+00
   0.0000000e+00
   0.0000000e+00
   0.0000000e+00
   0.0000000e+00
   0.0000000e+00
   0.0000000e+00
   0.0000000e+00
   0.0000000e+00
   0.0000000e+00
   0.0000000e+00
   0.0000000e+00
   0.0000000e+00
   0.0000000e+00
   0.0000000e+00
   0.0000000e+00
   0.0000000e+00
   0.0000000e+00
   0.0000000e+00
   0.0000000e+00
   0.0000000e+00
   0.0000000e+00
   0.0000000e+00
   0.0000000e+00
   0.0000000e+00
   0.0000000e+00
   0.0000000e+00
   0.0000000e+00
   0.0000000e+00
   0.0000000e+00
   0.0000000e+00
   0.0000000e+00
   0.0000000e+00
   0.0000000e+00
   0.0000000e+00
   0.0000000e+00
   0.0000000e+00
   0.0000000e+00
   0.0000000e+00
   0.0000000e+00
   0.0000000e+00
   0.0000000e+00
   0.0000000e+00
   0.0000000e+00
   0.0000000e+00
   0.0000000e+00
   0.0000000e+00
   0.0000000e+00
   0.0000000e+00
   0.0000000e+00
   0.0000000e+00
   0.0000000e+00
   0.0000000e+00
   0.0000000e+00
   0.0000000e+00
   0.0000000e+00
   0.0000000e+00
   0.0000000e+00
   0.0000000e+00
   0.0000000e+00
   0.0000000e+00
   0.0000000e+00
   0.0000000e+00
   0.0000000e+00
   0.0000000e+00
   0.0000000e+00
   0.0000000e+00
   0.0000000e+00
   0.0000000e+00
   0.0000000e+00
   0.0000000e+00
   0.0000000e+00
   0.0000000e+00
   0.0000000e+00
   0.0000000e+00
   0.0000000e+00
   0.0000000e+00
   0.0000000e+00
   0.0000000e+00
   0.0000000e+00
   0.0000000e+00
   0.0000000e+00
   0.0000000e+00
   0.0000000e+00
   0.0000000e+00
   0.0000000e+00
   0.0000000e+00
   0.0000000e+00
   0.0000000e+00
   0.0000000e+00
   0.0000000e+00
   0.0000000e+00
   0.0000000e+00
   0.0000000e+00
   0.0000000e+00
   0.0000000e+00
   0.0000000e+00
   0.0000000e+00
   0.0000000e+00
   0.0000000e+00
   0.0000000e+00
   0.0000000e+00
   0.0000000e+00
   0.0000000e+00
   0.0000000e+00
   0.0000000e+00
   0.0000000e+00
   0.0000000e+00
   0.0000000e+00
   0.0000000e+00
   0.0000000e+00
   0.0000000e+00
   0.0000000e+00
   0.0000000e+00
   0.0000000e+00
   0.0000000e+00
   0.0000000e+00
   0.0000000e+00
   0.0000000e+00
   0.0000000e+00
   0.0000000e+00
   0.0000000e+00
   0.0000000e+00
   0.0000000e+00
   0.0000000e+00
   0.0000000e+00
   0.0000000e+00
   0.0000000e+00
   0.0000000e+00
   0.0000000e+00
   0.0000000e+00
   0.0000000e+00
   0.0000000e+00
   0.0000000e+00
   0.0000000e+00
   0.0000000e+00
   0.0000000e+00
   0.0000000e+00
   0.0000000e+00
   0.0000000e+00
   0.0000000e+00
   0.0000000e+00
   0.0000000e+00
   0.0000000e+00
   0.0000000e+00
   0.0000000e+00
   0.0000000e+00
   0.0000000e+00
   0.0000000e+00
