   2.6929221e-03
  -2.6799973e-03
  -8.4248246e-04
  -3.0020011e-05
   1.8853601e-03
   5.9535133e-04
  -5.9152124e-04
  -1.0760358e-03
   2.1149069e-03
  -2.7348249e-03
   8.9794851e-03
   6.9242315e-03
  -7.5994651e-04
  -1.3999363e-04
  -1.1172899e-03
   2.8252501e-03
  -8.8384927e-03
   3.5305068e-03
   1.5164782e-03
  -1.2097122e-04
   2.9755815e-02
   1.9945128e-02
   2.2858037e-02
   2.1445600e-02
   1.5709380e-02
   1.8228297e-02
   2.1111187e-02
   2.0588193e-02
   1.6822892e-02
   2.2807650e-02
   8.4937619e-03
   2.2318071e-02
   1.7854323e-02
   2.1032659e-02
   2.1141094e-02
   1.5527350e-02
   3.2660309e-02
   1.1220334e-02
   1.7353930e-02
   2.3283298e-03
   2.4997883e-02
   6.6856195e-02
   4.7411475e-02
   5.7078336e-02
   6.4376547e-02
   6.1327964e-02
   5.6715373e-02
   5.7190439e-02
   6.2660624e-02
   5.4799006e-02
   7.4892253e-02
   5.2624642e-02
   6.2128986e-02
   5.6002996e-02
   5.6585937e-02
   6.5353016e-02
   3.7459747e-02
   6.4715842e-02
   8.9393861e-02
   7.7757713e-03
   1.7278000e-01
   1.0053825e-01
   1.3621203e-01
   1.2003766e-01
   1.0786509e-01
   1.1395099e-01
   1.2112870e-01
   1.1905051e-01
   1.1500638e-01
   1.1885330e-01
   1.0228697e-01
   1.2345560e-01
   1.1472727e-01
   1.2302793e-01
   1.2053205e-01
   1.0819016e-01
   1.4598848e-01
   1.3410772e-01
   3.5539211e-02
   2.7869322e-03
   1.1985392e-01
   9.9000843e-02
   2.0313060e-01
   1.5568321e-01
   2.1090815e-01
   1.8649098e-01
   1.6658998e-01
   1.7325789e-01
   1.7887290e-01
   1.8353927e-01
   1.9474837e-01
   1.7126321e-01
   1.7730670e-01
   1.6065823e-01
   1.7259309e-01
   1.9672247e-01
   9.8413040e-02
   3.8717176e-02
   1.9981968e-04
   1.3192149e-06
   1.8042598e-03
   1.6058216e-01
   3.2184468e-01
   8.9015411e-02
   6.4067155e-02
   2.4331788e-01
   2.5224849e-01
   3.0246258e-01
   2.6468669e-01
   6.1995908e-02
   2.6253474e-01
   2.0031757e-01
   3.1627509e-01
   2.0007420e-01
   3.5476054e-01
   2.3788089e-01
   2.4129972e-02
   6.7934473e-08
   2.5121929e-10
   0.0000000e+00
   1.5224886e-06
   1.8286281e-01
   4.0738449e-01
   1.1233891e-01
   4.8584385e-04
   8.8500738e-03
   1.4441314e-02
   5.1006538e-02
   4.4665979e-02
   2.2719991e-03
   6.6064931e-03
   1.1410857e-02
   4.9182888e-02
   9.4897746e-02
   3.1676908e-01
   9.7425083e-02
   2.6580176e-03
   0.0000000e+00
   0.0000000e+00
   0.0000000e+00
   6.7617417e-08
   8.1411354e-03
   1.8170784e-02
   5.0225718e-03
   0.0000000e+00
   0.0000000e+00
   0.0000000e+00
   0.0000000e+00
   0.0000000e+00
   0.0000000e+00
   0.0000000e+00
   0.0000000e+00
   0.0000000e+00
   3.8155168e-03
   1.5618711e-02
   3.9959124e-03
   1.7823877e-09
   0.0000000e+00
   0.0000000e+00
   0.0000000e+00
   0.0000000e+00
   0.0000000e+00
   0.0000000e+00
   0.0000000e+00
   0.0000000e+00
   0.0000000e+00
   0.0000000e+00
   0.0000000e+00
   0.0000000e+00
   0.0000000e+00
   0.0000000e+00
   0.0000000e+00
   0.0000000e+00
   0.0000000e+00
   0.0000000e+00
   0.0000000e+00
   0.0000000e+00
   0.0000000e+00
   0.0000000e+00
   0.0000000e+00
   0.0000000e+00
   0.0000000e+00
   0.0000000e+00
   0.0000000e+00
   0.0000000e+00
   0.0000000e+00
   0.0000000e+00
   0.0000000e+00
   0.0000000e+00
   0.0000000e+00
   0.0000000e+00
   0.0000000e+00
   0.0000000e+00
   0.0000000e+00
   0.0000000e+00
   0.0000000e+00
   0.0000000e+00
   0.0000000e+00
   0.0000000e+00
   0.0000000e+00
   0.0000000e+00
   0.0000000e+00
   0.0000000e+00
   0.0000000e+00
   0.0000000e+00
   0.0000000e+00
   0.0000000e+00
   0.0000000e+00
   0.0000000e+00
   0.0000000e+00
   0.0000000e+00
   0.0000000e+00
   0.0000000e+00
   0.0000000e+00
   0.0000000e+00
   0.0000000e+00
   0.0000000e+00
   0.0000000e+00
   0.0000000e+00
   0.0000000e+00
   0.0000000e+00
   0.0000000e+00
   0.0000000e+00
   0.0000000e+00
   0.0000000e+00
   0.0000000e+00
   0.0000000e+00
   0.0000000e+00
   0.0000000e+00
   0.0000000e+00
   0.0000000e+00
   0.0000000e+00
   0.0000000e+00
   0.0000000e+00
   0.0000000e+00
   0.0000000e+00
   0.0000000e+00
   0.0000000e+00
   0.0000000e+00
   0.0000000e+00
   0.0000000e+00
   0.0000000e+00
   0.0000000e+00
   0.0000000e+00
   0.0000000e+00
   0.0000000e+00
   0.0000000e+00
   0.0000000e+00
   0.0000000e+00
   0.0000000e+00
   0.0000000e+00
   0.0000000e+00
   0.0000000e+00
   0.0000000e+00
   0.0000000e+00
   0.0000000e+00
   0.0000000e+00
   0.0000000e+00
   0.0000000e+00
   0.0000000e+00
   0.0000000e+00
   0.0000000e+00
   0.0000000e+00
   0.0000000e+00
   0.0000000e+00
   0.0000000e+00
   0.0000000e+00
   0.0000000e+00
   0.0000000e+00
   0.0000000e+00
   0.0000000e+00
   0.0000000e+00
   0.0000000e+00
   0.0000000e+00
   0.0000000e+00
   0.0000000e+00
   0.0000000e+00
   0.0000000e+00
   0.0000000e+00
   0.0000000e+00
   0.0000000e+00
   0.0000000e+00
   0.0000000e+00
   0.0000000e+00
   0.0000000e+00
   0.0000000e+00
   0.0000000e+00
   0.0000000e+00
   0.0000000e+00
   0.0000000e+00
   0.0000000e+00
   0.0000000e+00
   0.0000000e+00
   0.0000000e+00
   0.0000000e+00
   0.0000000e+00
   0.0000000e+00
   0.0000000e+00
   0.0000000e+00
   0.0000000e+00
   0.0000000e+00
   0.0000000e+00
   0.0000000e+00
   0.0000000e+00
   0.0000000e+00
   0.0000000e+00
   0.0000000e+00
   0.0000000e+00
   0.0000000e+00
   0.0000000e+00
   0.0000000e+00
   0.0000000e+00
   0.0000000e+00
   0.0000000e+00
   0.0000000e+00
   0.0000000e+00
   0.0000000e+00
   0.0000000e+00
   0.0000000e+00
   0.0000000e+00
   0.0000000e+00
   0.0000000e+00
   0.0000000e+00
   0.0000000e+00
   0.0000000e+00
   0.0000000e+00
   0.0000000e+00
   0.0000000e+00
   0.0000000e+00
   0.0000000e+00
   0.0000000e+00
   0.0000000e+00
   0.0000000e+00
   0.0000000e+00
   0.0000000e+00
   0.0000000e+00
   0.0000000e+00
   0.0000000e+00
   0.0000000e+00
   0.0000000e+00
   0.0000000e+00
   0.0000000e+00
   0.0000000e+00
   0.0000000e+00
   0.0000000e+00
   0.0000000e+00
   0.0000000e+00
   0.0000000e+00
   0.0000000e+00
   0.0000000e+00
   0.0000000e+00
   0.0000000e+00
   0.0000000e+00
   0.0000000e+00
   0.0000000e+00
   0.0000000e+00
   0.0000000e+00
   0.0000000e+00
   0.0000000e+00
   0.0000000e+00
   0.0000000e+00
   0.0000000e+00
   0.0000000e+00
   0.0000000e+00
   0.0000000e+00
   0.0000000e+00
   0.0000000e+00
   0.0000000e+00
   0.0000000e+00
   0.0000000e+00
   0.0000000e+00
   0.0000000e+00
   0.0000000e+00
   0.0000000e+00
   0.0000000e+00
   0.0000000e+00
   0.0000000e+00
   0.0000000e+00
   0.0000000e+00
   0.0000000e+00
   0.0000000e+00
   0.0000000e+00
   0.0000000e+00
   0.0000000e+00
   0.0000000e+00
   0.0000000e+00
   0.0000000e+00
   0.0000000e+00
   0.0000000e+00
   0.0000000e+00
   0.0000000e+00
   0.0000000e+00
   0.0000000e+00
   0.0000000e+00
   0.0000000e+00
   0.0000000e+00
   0.0000000e+00
   0.0000000e+00
   0.0000000e+00
   0.0000000e+00
