   5.5314192e-04
   8.0447418e-04
  -3.1070398e-03
   2.1053086e-03
  -1.1307048e-03
   2.1530892e-03
  -2.8319676e-04
   5.1482400e-04
  -2.6747046e-03
   1.2978552e-03
  -1.0642292e-03
   1.2289157e-03
  -1.1523814e-03
   8.7552763e-03
  -7.4253755e-03
   3.4726859e-03
  -8.9523598e-05
   9.3219003e-04
  -6.4481935e-03
   7.4377695e-03
   1.8807236e-02
   2.8075438e-02
   1.8349626e-02
   1.9901835e-02
   1.9515441e-02
   1.7858206e-02
   1.7932505e-02
   2.0004857e-02
   2.3950201e-02
   1.6304637e-02
   2.3041782e-02
   1.6838848e-02
   2.0414098e-02
   1.0300975e-02
   2.6321241e-02
   1.6887383e-02
   1.7274952e-02
   2.3464057e-02
   2.5290330e-02
   1.5719534e-02
   5.3912016e-02
   4.1125659e-02
   6.5461402e-02
   5.5265324e-02
   6.0272726e-02
   6.1246439e-02
   6.4782655e-02
   5.6309649e-02
   5.4260485e-02
   6.2668343e-02
   5.4055302e-02
   6.2966589e-02
   6.0617454e-02
   6.6223362e-02
   5.5623803e-02
   5.7958797e-02
   7.0653148e-02
   3.7234775e-02
   7.7616747e-02
   1.0573152e-02
   1.4221292e-01
   1.3626184e-01
   1.1065421e-01
   1.2165714e-01
   1.1707630e-01
   1.0969794e-01
   1.0906053e-01
   1.2112154e-01
   1.2495904e-01
   1.1204899e-01
   1.2457197e-01
   1.1134543e-01
   1.1272546e-01
   1.1223116e-01
   1.1518207e-01
   1.2407524e-01
   8.8076980e-02
   1.6284012e-01
   7.7967854e-02
   1.9077652e-03
   1.7072479e-01
   1.8790691e-01
   1.4868689e-01
   1.7249774e-01
   1.8019215e-01
   2.0102627e-01
   1.8735763e-01
   1.7374364e-01
   1.4704032e-01
   1.9671001e-01
   1.6186825e-01
   1.8134506e-01
   1.9746030e-01
   1.8649307e-01
   1.8318972e-01
   1.6446614e-01
   2.3477018e-01
   1.0132343e-01
   1.7452845e-02
   7.9626625e-06
   1.2252498e-02
   1.7100216e-02
   1.9448230e-01
   3.2329149e-01
   1.4727292e-01
   2.3322273e-01
   1.2480374e-01
   2.7856398e-01
   3.5989986e-01
   2.0624505e-01
   2.9631363e-01
   2.3472857e-01
   1.2219715e-01
   1.7899860e-01
   2.4977400e-01
   2.1311590e-01
   1.6215024e-01
   6.1181673e-03
   1.2616687e-05
   0.0000000e+00
   0.0000000e+00
   3.5689358e-04
   1.8443334e-02
   3.2697630e-02
   2.2019005e-01
   4.7235429e-01
   6.4293667e-02
   9.2602058e-02
   1.8046924e-01
   1.4157252e-01
   3.9239023e-01
   1.0569397e-01
   4.1514768e-04
   3.0582443e-02
   2.7680062e-01
   4.0083497e-01
   9.0701918e-02
   1.2422149e-05
   0.0000000e+00
   0.0000000e+00
   0.0000000e+00
   0.0000000e+00
   0.0000000e+00
   2.5888665e-04
   4.9099723e-02
   1.0683508e-01
   1.4057460e-02
   9.9023213e-04
   1.6714006e-03
   8.6656593e-03
   3.6082492e-02
   9.5831171e-03
   7.4196936e-08
   2.5502017e-04
   5.5366216e-03
   1.3340695e-02
   2.8451981e-03
   0.0000000e+00
   0.0000000e+00
   0.0000000e+00
   0.0000000e+00
   0.0000000e+00
   0.0000000e+00
   0.0000000e+00
   0.0000000e+00
   0.0000000e+00
   0.0000000e+00
   0.0000000e+00
   0.0000000e+00
   0.0000000e+00
   0.0000000e+00
   0.0000000e+00
   0.0000000e+00
   0.0000000e+00
   0.0000000e+00
   0.0000000e+00
   0.0000000e+00
   0.0000000e+00
   0.0000000e+00
   0.0000000e+00
   0.0000000e+00
   0.0000000e+00
   0.0000000e+00
   0.0000000e+00
   0.0000000e+00
   0.0000000e+00
   0.0000000e+00
   0.0000000e+00
   0.0000000e+00
   0.0000000e+00
   0.0000000e+00
   0.0000000e+00
   0.0000000e+00
   0.0000000e+00
   0.0000000e+00
   0.0000000e+00
   0.0000000e+00
   0.0000000e+00
   0.0000000e+00
   0.0000000e+00
   0.0000000e+00
   0.0000000e+00
   0.0000000e+00
   0.0000000e+00
   0.0000000e+00
   0.0000000e+00
   0.0000000e+00
   0.0000000e+00
   0.0000000e+00
   0.0000000e+00
   0.0000000e+00
   0.0000000e+00
   0.0000000e+00
   0.0000000e+00
   0.0000000e+00
   0.0000000e+00
   0.0000000e+00
   0.0000000e+00
   0.0000000e+00
   0.0000000e+00
   0.0000000e+00
   0.0000000e+00
   0.0000000e+00
   0.0000000e+00
   0.0000000e+00
   0.0000000e+00
   0.0000000e+00
   0.0000000e+00
   0.0000000e+00
   0.0000000e+00
   0.0000000e+00
   0.0000000e+00
   0.0000000e+00
   0.0000000e+00
   0.0000000e+00
   0.0000000e+00
   0.0000000e+00
   0.0000000e+00
   0.0000000e+00
   0.0000000e+00
   0.0000000e+00
   0.0000000e+00
   0.0000000e+00
   0.0000000e+00
   0.0000000e+00
   0.0000000e+00
   0.0000000e+00
   0.0000000e+00
   0.0000000e+00
   0.0000000e+00
   0.0000000e+00
   0.0000000e+00
   0.0000000e+00
   0.0000000e+00
   0.0000000e+00
   0.0000000e+00
   0.0000000e+00
   0.0000000e+00
   0.0000000e+00
   0.0000000e+00
   0.0000000e+00
   0.0000000e+00
   0.0000000e+00
   0.0000000e+00
   0.0000000e+00
   0.0000000e+00
   0.0000000e+00
   0.0000000e+00
   0.0000000e+00
   0.0000000e+00
   0.0000000e+00
   0.0000000e+00
   0.0000000e+00
   0.0000000e+00
   0.0000000e+00
   0.0000000e+00
   0.0000000e+00
   0.0000000e+00
   0.0000000e+00
   0.0000000e+00
   0.0000000e+00
   0.0000000e+00
   0.0000000e+00
   0.0000000e+00
   0.0000000e+00
   0.0000000e+00
   0.0000000e+00
   0.0000000e+00
   0.0000000e+00
   0.0000000e+00
   0.0000000e+00
   0.0000000e+00
   0.0000000e+00
   0.0000000e+00
   0.0000000e+00
   0.0000000e+00
   0.0000000e+00
   0.0000000e+00
   0.0000000e+00
   0.0000000e+00
   0.0000000e+00
   0.0000000e+00
   0.0000000e+00
   0.0000000e+00
   0.0000000e+00
   0.0000000e+00
   0.0000000e+00
   0.0000000e+00
   0.0000000e+00
   0.0000000e+00
   0.0000000e+00
   0.0000000e+00
   0.0000000e+00
   0.0000000e+00
   0.0000000e+00
   0.0000000e+00
   0.0000000e+00
   0.0000000e+00
   0.0000000e+00
   0.0000000e+00
   0.0000000e+00
   0.0000000e+00
   0.0000000e+00
   0.0000000e+00
   0.0000000e+00
   0.0000000e+00
   0.0000000e+00
   0.0000000e+00
   0.0000000e+00
   0.0000000e+00
   0.0000000e+00
   0.0000000e+00
   0.0000000e+00
   0.0000000e+00
   0.0000000e+00
   0.0000000e+00
   0.0000000e+00
   0.0000000e+00
   0.0000000e+00
   0.0000000e+00
   0.0000000e+00
   0.0000000e+00
   0.0000000e+00
   0.0000000e+00
   0.0000000e+00
   0.0000000e+00
   0.0000000e+00
   0.0000000e+00
   0.0000000e+00
   0.0000000e+00
   0.0000000e+00
   0.0000000e+00
   0.0000000e+00
   0.0000000e+00
   0.0000000e+00
   0.0000000e+00
   0.0000000e+00
   0.0000000e+00
   0.0000000e+00
   0.0000000e+00
   0.0000000e+00
   0.0000000e+00
   0.0000000e+00
   0.0000000e+00
   0.0000000e+00
   0.0000000e+00
   0.0000000e+00
   0.0000000e+00
   0.0000000e+00
   0.0000000e+00
   0.0000000e+00
   0.0000000e+00
   0.0000000e+00
   0.0000000e+00
   0.0000000e+00
   0.0000000e+00
   0.0000000e+00
   0.0000000e+00
   0.0000000e+00
   0.0000000e+00
   0.0000000e+00
   0.0000000e+00
   0.0000000e+00
   0.0000000e+00
   0.0000000e+00
   0.0000000e+00
   0.0000000e+00
   0.0000000e+00
   0.0000000e+00
   0.0000000e+00
   0.0000000e+00
   0.0000000e+00
   0.0000000e+00
   0.0000000e+00
   0.0000000e+00
   0.0000000e+00
   0.0000000e+00
   0.0000000e+00
   0.0000000e+00
   0.0000000e+00
