   4.3786727e-03
   1.2198563e-02
  -3.3765741e-03
   6.0864310e-04
  -2.8041332e-03
   1.1203106e-02
  -3.8752610e-03
   5.1174873e-03
   6.5910396e-03
  -1.0650973e-02
  -7.4187959e-03
   1.3847057e-03
   5.7887425e-04
  -2.3019669e-03
  -3.5852919e-04
   9.2413953e-03
  -3.7390588e-03
   2.6114842e-03
   4.5057942e-03
   2.3436457e-03
  -2.1343506e-03
   1.2310378e-02
   2.0510682e-02
   2.0783028e-02
   2.1124700e-02
   1.2638137e-02
   2.1271002e-02
   1.4473268e-02
   1.0934194e-02
   3.3792406e-02
   2.4035483e-02
   2.2132796e-02
   1.6566876e-02
   2.3623756e-02
   2.1547029e-02
   7.2702690e-03
   2.3606474e-02
   1.8095335e-02
   2.5094335e-02
   1.1505688e-02
   7.3902761e-02
   7.6551938e-02
   5.5146256e-02
   5.8927565e-02
   5.5127088e-02
   6.9186548e-02
   5.6607045e-02
   6.7931562e-02
   6.6819862e-02
   4.3354339e-02
   4.9413847e-02
   5.2828267e-02
   6.8278768e-02
   4.4178256e-02
   6.0154931e-02
   7.2619505e-02
   5.5573254e-02
   4.9899837e-02
   6.8937329e-02
   5.0830562e-03
   6.0121643e-02
   1.2590820e-01
   1.0855761e-01
   1.2171541e-01
   1.1962226e-01
   1.0957119e-01
   1.1586155e-01
   1.0604242e-01
   1.0913310e-01
   1.3103316e-01
   1.4230907e-01
   1.1910141e-01
   1.1487224e-01
   1.6441874e-01
   1.0952102e-01
   9.1267538e-02
   1.2982613e-01
   1.4058187e-01
   1.0470128e-01
   9.4507697e-04
   2.4888574e-03
   1.5340321e-01
   2.2141715e-01
   1.5142649e-01
   1.8144654e-01
   1.7960064e-01
   1.9774417e-01
   1.8043402e-01
   2.0552893e-01
   1.3038441e-01
   1.5794060e-01
   1.9554239e-01
   3.0863480e-02
   7.4335775e-02
   2.1763855e-01
   1.7699704e-01
   2.3295998e-01
   2.9268768e-02
   6.8486597e-03
   4.3175942e-05
   3.0256331e-04
   3.4904381e-02
   2.5391460e-01
   3.4960182e-01
   1.6816181e-01
   3.0287920e-01
   1.4095272e-01
   1.6011805e-01
   2.6392392e-01
   7.6704634e-02
   6.6129173e-03
   2.2189519e-02
   1.5150466e-01
   1.3460068e-01
   2.3035797e-01
   2.5775876e-01
   1.9106998e-01
   1.5068630e-02
   0.0000000e+00
   0.0000000e+00
   0.0000000e+00
   1.7789467e-03
   7.2007453e-02
   1.1346621e-01
   1.4353218e-02
   1.6456738e-02
   5.2999266e-03
   1.3034886e-03
   1.5638564e-03
   1.4572695e-04
   1.9435215e-07
   3.8675628e-02
   4.6095046e-01
   3.0404402e-01
   1.3915254e-02
   1.0500340e-02
   5.2461785e-03
   3.6170059e-04
   0.0000000e+00
   0.0000000e+00
   0.0000000e+00
   1.3301693e-06
   5.3842028e-05
   8.4768551e-05
   7.3655956e-06
   0.0000000e+00
   0.0000000e+00
   0.0000000e+00
   0.0000000e+00
   0.0000000e+00
   0.0000000e+00
   7.3671132e-03
   8.7803983e-02
   5.7691176e-02
   1.0095049e-03
   0.0000000e+00
   0.0000000e+00
   0.0000000e+00
   0.0000000e+00
   0.0000000e+00
   0.0000000e+00
   0.0000000e+00
   0.0000000e+00
   0.0000000e+00
   0.0000000e+00
   0.0000000e+00
   0.0000000e+00
   0.0000000e+00
   0.0000000e+00
   0.0000000e+00
   0.0000000e+00
   0.0000000e+00
   0.0000000e+00
   0.0000000e+00
   0.0000000e+00
   0.0000000e+00
   0.0000000e+00
   0.0000000e+00
   0.0000000e+00
   0.0000000e+00
   0.0000000e+00
   0.0000000e+00
   0.0000000e+00
   0.0000000e+00
   0.0000000e+00
   0.0000000e+00
   0.0000000e+00
   0.0000000e+00
   0.0000000e+00
   0.0000000e+00
   0.0000000e+00
   0.0000000e+00
   0.0000000e+00
   0.0000000e+00
   0.0000000e+00
   0.0000000e+00
   0.0000000e+00
   0.0000000e+00
   0.0000000e+00
   0.0000000e+00
   0.0000000e+00
   0.0000000e+00
   0.0000000e+00
   0.0000000e+00
   0.0000000e+00
   0.0000000e+00
   0.0000000e+00
   0.0000000e+00
   0.0000000e+00
   0.0000000e+00
   0.0000000e+00
   0.0000000e+00
   0.0000000e+00
   0.0000000e+00
   0.0000000e+00
   0.0000000e+00
   0.0000000e+00
   0.0000000e+00
   0.0000000e+00
   0.0000000e+00
   0.0000000e+00
   0.0000000e+00
   0.0000000e+00
   0.0000000e+00
   0.0000000e+00
   0.0000000e+00
   0.0000000e+00
   0.0000000e+00
   0.0000000e+00
   0.0000000e+00
   0.0000000e+00
   0.0000000e+00
   0.0000000e+00
   0.0000000e+00
   0.0000000e+00
   0.0000000e+00
   0.0000000e+00
   0.0000000e+00
   0.0000000e+00
   0.0000000e+00
   0.0000000e+00
   0.0000000e+00
   0.0000000e+00
   0.0000000e+00
   0.0000000e+00
   0.0000000e+00
   0.0000000e+00
   0.0000000e+00
   0.0000000e+00
   0.0000000e+00
   0.0000000e+00
   0.0000000e+00
   0.0000000e+00
   0.0000000e+00
   0.0000000e+00
   0.0000000e+00
   0.0000000e+00
   0.0000000e+00
   0.0000000e+00
   0.0000000e+00
   0.0000000e+00
   0.0000000e+00
   0.0000000e+00
   0.0000000e+00
   0.0000000e+00
   0.0000000e+00
   0.0000000e+00
   0.0000000e+00
   0.0000000e+00
   0.0000000e+00
   0.0000000e+00
   0.0000000e+00
   0.0000000e+00
   0.0000000e+00
   0.0000000e+00
   0.0000000e+00
   0.0000000e+00
   0.0000000e+00
   0.0000000e+00
   0.0000000e+00
   0.0000000e+00
   0.0000000e+00
   0.0000000e+00
   0.0000000e+00
   0.0000000e+00
   0.0000000e+00
   0.0000000e+00
   0.0000000e+00
   0.0000000e+00
   0.0000000e+00
   0.0000000e+00
   0.0000000e+00
   0.0000000e+00
   0.0000000e+00
   0.0000000e+00
   0.0000000e+00
   0.0000000e+00
   0.0000000e+00
   0.0000000e+00
   0.0000000e+00
   0.0000000e+00
   0.0000000e+00
   0.0000000e+00
   0.0000000e+00
   0.0000000e+00
   0.0000000e+00
   0.0000000e+00
   0.0000000e+00
   0.0000000e+00
   0.0000000e+00
   0.0000000e+00
   0.0000000e+00
   0.0000000e+00
   0.0000000e+00
   0.0000000e+00
   0.0000000e+00
   0.0000000e+00
   0.0000000e+00
   0.0000000e+00
   0.0000000e+00
   0.0000000e+00
   0.0000000e+00
   0.0000000e+00
   0.0000000e+00
   0.0000000e+00
   0.0000000e+00
   0.0000000e+00
   0.0000000e+00
   0.0000000e+00
   0.0000000e+00
   0.0000000e+00
   0.0000000e+00
   0.0000000e+00
   0.0000000e+00
   0.0000000e+00
   0.0000000e+00
   0.0000000e+00
   0.0000000e+00
   0.0000000e+00
   0.0000000e+00
   0.0000000e+00
   0.0000000e+00
   0.0000000e+00
   0.0000000e+00
   0.0000000e+00
   0.0000000e+00
   0.0000000e+00
   0.0000000e+00
   0.0000000e+00
   0.0000000e+00
   0.0000000e+00
   0.0000000e+00
   0.0000000e+00
   0.0000000e+00
   0.0000000e+00
   0.0000000e+00
   0.0000000e+00
   0.0000000e+00
   0.0000000e+00
   0.0000000e+00
   0.0000000e+00
   0.0000000e+00
   0.0000000e+00
   0.0000000e+00
   0.0000000e+00
   0.0000000e+00
   0.0000000e+00
   0.0000000e+00
   0.0000000e+00
   0.0000000e+00
   0.0000000e+00
   0.0000000e+00
   0.0000000e+00
   0.0000000e+00
   0.0000000e+00
   0.0000000e+00
   0.0000000e+00
   0.0000000e+00
   0.0000000e+00
   0.0000000e+00
   0.0000000e+00
   0.0000000e+00
   0.0000000e+00
   0.0000000e+00
   0.0000000e+00
   0.0000000e+00
   0.0000000e+00
   0.0000000e+00
   0.0000000e+00
   0.0000000e+00
   0.0000000e+00
   0.0000000e+00
   0.0000000e+00
   0.0000000e+00
   0.0000000e+00
   0.0000000e+00
   0.0000000e+00
   0.0000000e+00
   0.0000000e+00
   0.0000000e+00
