   1.2527314e-03
  -1.7283256e-03
  -5.4994892e-04
  -3.9191127e-04
   5.1326159e-04
  -1.5071527e-03
   9.8275902e-03
  -2.2727881e-03
   7.2846402e-04
  -2.2432851e-03
   1.4454086e-03
   1.3039483e-03
   3.7212163e-04
   1.3606077e-03
  -4.1552687e-03
   3.8329659e-03
   2.1550442e-04
   3.4172108e-03
   1.0167040e-03
   2.0624192e-04
   3.7256959e-02
   2.3709960e-02
   1.9153884e-02
   2.1299728e-02
   1.7538361e-02
   2.3567449e-02
   5.5613035e-03
   2.3597033e-02
   1.8599371e-02
   2.2367802e-02
   1.8343564e-02
   1.6225844e-02
   1.6127759e-02
   1.8303570e-02
   2.5740139e-02
   1.5201044e-02
   1.9053645e-02
   1.5735337e-02
   2.0524554e-02
   1.1695907e-02
   1.8414863e-02
   5.3256110e-02
   5.7317374e-02
   5.6528118e-02
   6.1400910e-02
   5.3774264e-02
   7.1926490e-02
   5.3744795e-02
   6.0327104e-02
   5.5521312e-02
   5.9758419e-02
   6.8615846e-02
   5.9418605e-02
   6.3886695e-02
   4.8491112e-02
   6.1995347e-02
   6.5673736e-02
   5.3110284e-02
   7.9137075e-02
   1.6646521e-02
   1.6344565e-01
   1.6578439e-01
   1.1113144e-01
   1.2695051e-01
   1.1259093e-01
   1.2426146e-01
   1.0153395e-01
   1.2451766e-01
   1.1628561e-01
   1.2135328e-01
   1.1519531e-01
   1.0264256e-01
   1.2081192e-01
   1.0859723e-01
   1.3475043e-01
   1.1515036e-01
   1.0315229e-01
   1.2479202e-01
   9.8930778e-02
   5.8448249e-03
   1.3830588e-01
   1.1155666e-01
   3.9205089e-02
   1.7543147e-01
   1.8541673e-01
   1.6360971e-01
   2.0119350e-01
   1.7012780e-01
   1.7461306e-01
   1.6126515e-01
   2.2677275e-01
   2.1480698e-01
   1.6576850e-01
   1.9920004e-01
   1.2329797e-01
   1.9406943e-01
   2.2231482e-01
   2.0947588e-01
   1.7333465e-02
   1.4210012e-04
   3.2408437e-03
   5.3137022e-02
   3.2089521e-01
   2.6072056e-01
   2.0231958e-01
   2.9106652e-01
   1.5831565e-01
   1.3044710e-01
   3.8424481e-01
   2.9513640e-01
   1.0777676e-01
   1.3341256e-01
   2.0852548e-01
   2.5208981e-01
   2.9571284e-01
   2.3627525e-01
   4.1096084e-02
   3.5594925e-02
   2.2997241e-03
   0.0000000e+00
   0.0000000e+00
   5.4870979e-02
   3.5126936e-01
   2.1274238e-01
   5.0581290e-03
   7.8176613e-03
   3.9918584e-03
   6.1487343e-02
   2.2197390e-01
   1.9101412e-01
   1.9607744e-02
   3.1047438e-04
   6.5127090e-03
   7.7615781e-02
   3.3063185e-01
   1.1174251e-01
   4.5948608e-04
   0.0000000e+00
   0.0000000e+00
   0.0000000e+00
   0.0000000e+00
   2.7382125e-03
   1.7557879e-02
   1.0728444e-02
   1.3228175e-04
   0.0000000e+00
   3.1952940e-06
   5.9242764e-04
   2.9133478e-03
   3.3395419e-03
   3.5608201e-04
   0.0000000e+00
   1.5300811e-07
   1.7485470e-03
   8.8673677e-03
   2.8075630e-03
   1.1746149e-06
   0.0000000e+00
   0.0000000e+00
   0.0000000e+00
   0.0000000e+00
   0.0000000e+00
   0.0000000e+00
   0.0000000e+00
   0.0000000e+00
   0.0000000e+00
   0.0000000e+00
   0.0000000e+00
   0.0000000e+00
   0.0000000e+00
   0.0000000e+00
   0.0000000e+00
   0.0000000e+00
   0.0000000e+00
   0.0000000e+00
   0.0000000e+00
   0.0000000e+00
   0.0000000e+00
   0.0000000e+00
   0.0000000e+00
   0.0000000e+00
   0.0000000e+00
   0.0000000e+00
   0.0000000e+00
   0.0000000e+00
   0.0000000e+00
   0.0000000e+00
   0.0000000e+00
   0.0000000e+00
   0.0000000e+00
   0.0000000e+00
   0.0000000e+00
   0.0000000e+00
   0.0000000e+00
   0.0000000e+00
   0.0000000e+00
   0.0000000e+00
   0.0000000e+00
   0.0000000e+00
   0.0000000e+00
   0.0000000e+00
   0.0000000e+00
   0.0000000e+00
   0.0000000e+00
   0.0000000e+00
   0.0000000e+00
   0.0000000e+00
   0.0000000e+00
   0.0000000e+00
   0.0000000e+00
   0.0000000e+00
   0.0000000e+00
   0.0000000e+00
   0.0000000e+00
   0.0000000e+00
   0.0000000e+00
   0.0000000e+00
   0.0000000e+00
   0.0000000e+00
   0.0000000e+00
   0.0000000e+00
   0.0000000e+00
   0.0000000e+00
   0.0000000e+00
   0.0000000e+00
   0.0000000e+00
   0.0000000e+00
   0.0000000e+00
   0.0000000e+00
   0.0000000e+00
   0.0000000e+00
   0.0000000e+00
   0.0000000e+00
   0.0000000e+00
   0.0000000e+00
   0.0000000e+00
   0.0000000e+00
   0.0000000e+00
   0.0000000e+00
   0.0000000e+00
   0.0000000e+00
   0.0000000e+00
   0.0000000e+00
   0.0000000e+00
   0.0000000e+00
   0.0000000e+00
   0.0000000e+00
   0.0000000e+00
   0.0000000e+00
   0.0000000e+00
   0.0000000e+00
   0.0000000e+00
   0.0000000e+00
   0.0000000e+00
   0.0000000e+00
   0.0000000e+00
   0.0000000e+00
   0.0000000e+00
   0.0000000e+00
   0.0000000e+00
   0.0000000e+00
   0.0000000e+00
   0.0000000e+00
   0.0000000e+00
   0.0000000e+00
   0.0000000e+00
   0.0000000e+00
   0.0000000e+00
   0.0000000e+00
   0.0000000e+00
   0.0000000e+00
   0.0000000e+00
   0.0000000e+00
   0.0000000e+00
   0.0000000e+00
   0.0000000e+00
   0.0000000e+00
   0.0000000e+00
   0.0000000e+00
   0.0000000e+00
   0.0000000e+00
   0.0000000e+00
   0.0000000e+00
   0.0000000e+00
   0.0000000e+00
   0.0000000e+00
   0.0000000e+00
   0.0000000e+00
   0.0000000e+00
   0.0000000e+00
   0.0000000e+00
   0.0000000e+00
   0.0000000e+00
   0.0000000e+00
   0.0000000e+00
   0.0000000e+00
   0.0000000e+00
   0.0000000e+00
   0.0000000e+00
   0.0000000e+00
   0.0000000e+00
   0.0000000e+00
   0.0000000e+00
   0.0000000e+00
   0.0000000e+00
   0.0000000e+00
   0.0000000e+00
   0.0000000e+00
   0.0000000e+00
   0.0000000e+00
   0.0000000e+00
   0.0000000e+00
   0.0000000e+00
   0.0000000e+00
   0.0000000e+00
   0.0000000e+00
   0.0000000e+00
   0.0000000e+00
   0.0000000e+00
   0.0000000e+00
   0.0000000e+00
   0.0000000e+00
   0.0000000e+00
   0.0000000e+00
   0.0000000e+00
   0.0000000e+00
   0.0000000e+00
   0.0000000e+00
   0.0000000e+00
   0.0000000e+00
   0.0000000e+00
   0.0000000e+00
   0.0000000e+00
   0.0000000e+00
   0.0000000e+00
   0.0000000e+00
   0.0000000e+00
   0.0000000e+00
   0.0000000e+00
   0.0000000e+00
   0.0000000e+00
   0.0000000e+00
   0.0000000e+00
   0.0000000e+00
   0.0000000e+00
   0.0000000e+00
   0.0000000e+00
   0.0000000e+00
   0.0000000e+00
   0.0000000e+00
   0.0000000e+00
   0.0000000e+00
   0.0000000e+00
   0.0000000e+00
   0.0000000e+00
   0.0000000e+00
   0.0000000e+00
   0.0000000e+00
   0.0000000e+00
   0.0000000e+00
   0.0000000e+00
   0.0000000e+00
   0.0000000e+00
   0.0000000e+00
   0.0000000e+00
   0.0000000e+00
   0.0000000e+00
   0.0000000e+00
   0.0000000e+00
   0.0000000e+00
   0.0000000e+00
   0.0000000e+00
   0.0000000e+00
   0.0000000e+00
   0.0000000e+00
   0.0000000e+00
   0.0000000e+00
   0.0000000e+00
   0.0000000e+00
   0.0000000e+00
   0.0000000e+00
   0.0000000e+00
   0.0000000e+00
   0.0000000e+00
   0.0000000e+00
   0.0000000e+00
   0.0000000e+00
   0.0000000e+00
   0.0000000e+00
   0.0000000e+00
   0.0000000e+00
   0.0000000e+00
   0.0000000e+00
   0.0000000e+00
   0.0000000e+00
   0.0000000e+00
   0.0000000e+00
   0.0000000e+00
   0.0000000e+00
   0.0000000e+00
