   5.3212271e-03
   1.0466792e-02
   8.0105310e-03
  -2.1644887e-04
  -4.5026609e-04
   4.2849537e-04
  -7.7808239e-04
   3.5021126e-04
   5.4503509e-03
  -2.9424232e-03
   2.6837747e-04
   1.3224450e-03
  -1.4405011e-03
   7.0277173e-04
  -2.7062827e-03
   9.9234626e-04
  -1.4455356e-04
  -8.8552290e-04
  -2.3960835e-03
   6.8288960e-03
   5.1539757e-03
   1.7401254e-02
   7.7091962e-03
   2.1167003e-02
   1.9261342e-02
   1.8752713e-02
   2.2134325e-02
   1.7361093e-02
   5.8530713e-03
   2.4473460e-02
   1.9214397e-02
   1.6884407e-02
   2.2083981e-02
   1.9381247e-02
   2.1659218e-02
   1.9615075e-02
   1.9385624e-02
   2.1406829e-02
   2.4387308e-02
   5.0595667e-03
   6.5025442e-03
   7.6042810e-02
   7.6412005e-02
   5.6467299e-02
   5.9588634e-02
   5.9934241e-02
   5.5414804e-02
   6.1755038e-02
   7.4978912e-02
   5.2679394e-02
   5.7802828e-02
   6.4032119e-02
   5.5689517e-02
   5.7427286e-02
   5.8527977e-02
   5.5708485e-02
   6.3038769e-02
   4.3821714e-02
   8.0906985e-02
   4.3207203e-03
   1.4546158e-01
   1.0854757e-01
   9.8978038e-02
   1.1585823e-01
   1.1932349e-01
   1.1565104e-01
   1.2204951e-01
   1.1531189e-01
   9.7112856e-02
   1.2537571e-01
   1.2071358e-01
   1.0841298e-01
   1.2118261e-01
   1.2254918e-01
   1.1384413e-01
   1.2725330e-01
   1.0667357e-01
   1.5111959e-01
   7.2422544e-02
   1.1283801e-03
   1.5941843e-01
   1.8476901e-01
   2.3754220e-01
   1.7976201e-01
   1.7289005e-01
   1.8006242e-01
   1.6767011e-01
   1.8472757e-01
   2.0725359e-01
   1.6512892e-01
   1.5849642e-01
   2.0524658e-01
   1.6542496e-01
   1.6260517e-01
   1.8766989e-01
   1.4839437e-01
   2.0822940e-01
   6.4258886e-02
   5.5181298e-03
   2.3916383e-09
   8.7845013e-03
   5.0426670e-02
   1.7239587e-01
   1.9808759e-01
   2.4778661e-01
   2.3047693e-01
   2.5176207e-01
   2.3374325e-01
   1.3159158e-01
   2.7843244e-01
   2.5619534e-01
   1.9724899e-01
   1.1669839e-01
   3.6918336e-01
   2.4321406e-01
   3.0683775e-01
   2.2547928e-01
   2.9403302e-02
   0.0000000e+00
   0.0000000e+00
   0.0000000e+00
   2.9397922e-04
   1.6394451e-03
   2.5583887e-02
   4.0325414e-01
   3.3952274e-01
   1.6734361e-02
   2.6466553e-03
   5.8132584e-03
   9.9909431e-02
   3.3693147e-01
   3.7986425e-01
   6.1286605e-02
   1.5216383e-01
   6.6902102e-02
   3.9767984e-02
   6.1844247e-03
   3.0646379e-04
   0.0000000e+00
   0.0000000e+00
   0.0000000e+00
   0.0000000e+00
   0.0000000e+00
   5.7786830e-03
   9.8678703e-02
   8.2737728e-02
   2.5594293e-03
   0.0000000e+00
   1.6237657e-06
   8.9151527e-04
   4.0761002e-02
   5.7510755e-02
   4.4552057e-03
   5.3078862e-04
   1.5662642e-04
   2.2716737e-08
   0.0000000e+00
   0.0000000e+00
   0.0000000e+00
   0.0000000e+00
   0.0000000e+00
   0.0000000e+00
   0.0000000e+00
   0.0000000e+00
   0.0000000e+00
   0.0000000e+00
   0.0000000e+00
   0.0000000e+00
   0.0000000e+00
   0.0000000e+00
   0.0000000e+00
   0.0000000e+00
   0.0000000e+00
   0.0000000e+00
   0.0000000e+00
   0.0000000e+00
   0.0000000e+00
   0.0000000e+00
   0.0000000e+00
   0.0000000e+00
   0.0000000e+00
   0.0000000e+00
   0.0000000e+00
   0.0000000e+00
   0.0000000e+00
   0.0000000e+00
   0.0000000e+00
   0.0000000e+00
   0.0000000e+00
   0.0000000e+00
   0.0000000e+00
   0.0000000e+00
   0.0000000e+00
   0.0000000e+00
   0.0000000e+00
   0.0000000e+00
   0.0000000e+00
   0.0000000e+00
   0.0000000e+00
   0.0000000e+00
   0.0000000e+00
   0.0000000e+00
   0.0000000e+00
   0.0000000e+00
   0.0000000e+00
   0.0000000e+00
   0.0000000e+00
   0.0000000e+00
   0.0000000e+00
   0.0000000e+00
   0.0000000e+00
   0.0000000e+00
   0.0000000e+00
   0.0000000e+00
   0.0000000e+00
   0.0000000e+00
   0.0000000e+00
   0.0000000e+00
   0.0000000e+00
   0.0000000e+00
   0.0000000e+00
   0.0000000e+00
   0.0000000e+00
   0.0000000e+00
   0.0000000e+00
   0.0000000e+00
   0.0000000e+00
   0.0000000e+00
   0.0000000e+00
   0.0000000e+00
   0.0000000e+00
   0.0000000e+00
   0.0000000e+00
   0.0000000e+00
   0.0000000e+00
   0.0000000e+00
   0.0000000e+00
   0.0000000e+00
   0.0000000e+00
   0.0000000e+00
   0.0000000e+00
   0.0000000e+00
   0.0000000e+00
   0.0000000e+00
   0.0000000e+00
   0.0000000e+00
   0.0000000e+00
   0.0000000e+00
   0.0000000e+00
   0.0000000e+00
   0.0000000e+00
   0.0000000e+00
   0.0000000e+00
   0.0000000e+00
   0.0000000e+00
   0.0000000e+00
   0.0000000e+00
   0.0000000e+00
   0.0000000e+00
   0.0000000e+00
   0.0000000e+00
   0.0000000e+00
   0.0000000e+00
   0.0000000e+00
   0.0000000e+00
   0.0000000e+00
   0.0000000e+00
   0.0000000e+00
   0.0000000e+00
   0.0000000e+00
   0.0000000e+00
   0.0000000e+00
   0.0000000e+00
   0.0000000e+00
   0.0000000e+00
   0.0000000e+00
   0.0000000e+00
   0.0000000e+00
   0.0000000e+00
   0.0000000e+00
   0.0000000e+00
   0.0000000e+00
   0.0000000e+00
   0.0000000e+00
   0.0000000e+00
   0.0000000e+00
   0.0000000e+00
   0.0000000e+00
   0.0000000e+00
   0.0000000e+00
   0.0000000e+00
   0.0000000e+00
   0.0000000e+00
   0.0000000e+00
   0.0000000e+00
   0.0000000e+00
   0.0000000e+00
   0.0000000e+00
   0.0000000e+00
   0.0000000e+00
   0.0000000e+00
   0.0000000e+00
   0.0000000e+00
   0.0000000e+00
   0.0000000e+00
   0.0000000e+00
   0.0000000e+00
   0.0000000e+00
   0.0000000e+00
   0.0000000e+00
   0.0000000e+00
   0.0000000e+00
   0.0000000e+00
   0.0000000e+00
   0.0000000e+00
   0.0000000e+00
   0.0000000e+00
   0.0000000e+00
   0.0000000e+00
   0.0000000e+00
   0.0000000e+00
   0.0000000e+00
   0.0000000e+00
   0.0000000e+00
   0.0000000e+00
   0.0000000e+00
   0.0000000e+00
   0.0000000e+00
   0.0000000e+00
   0.0000000e+00
   0.0000000e+00
   0.0000000e+00
   0.0000000e+00
   0.0000000e+00
   0.0000000e+00
   0.0000000e+00
   0.0000000e+00
   0.0000000e+00
   0.0000000e+00
   0.0000000e+00
   0.0000000e+00
   0.0000000e+00
   0.0000000e+00
   0.0000000e+00
   0.0000000e+00
   0.0000000e+00
   0.0000000e+00
   0.0000000e+00
   0.0000000e+00
   0.0000000e+00
   0.0000000e+00
   0.0000000e+00
   0.0000000e+00
   0.0000000e+00
   0.0000000e+00
   0.0000000e+00
   0.0000000e+00
   0.0000000e+00
   0.0000000e+00
   0.0000000e+00
   0.0000000e+00
   0.0000000e+00
   0.0000000e+00
   0.0000000e+00
   0.0000000e+00
   0.0000000e+00
   0.0000000e+00
   0.0000000e+00
   0.0000000e+00
   0.0000000e+00
   0.0000000e+00
   0.0000000e+00
   0.0000000e+00
   0.0000000e+00
   0.0000000e+00
   0.0000000e+00
   0.0000000e+00
   0.0000000e+00
   0.0000000e+00
   0.0000000e+00
   0.0000000e+00
   0.0000000e+00
   0.0000000e+00
   0.0000000e+00
   0.0000000e+00
   0.0000000e+00
   0.0000000e+00
   0.0000000e+00
   0.0000000e+00
   0.0000000e+00
   0.0000000e+00
   0.0000000e+00
   0.0000000e+00
   0.0000000e+00
   0.0000000e+00
   0.0000000e+00
   0.0000000e+00
   0.0000000e+00
   0.0000000e+00
   0.0000000e+00
