  -4.9789448e-03
  -1.0928638e-03
   5.2523071e-03
   1.8851811e-03
  -8.7546122e-04
   1.6688439e-04
   1.9187873e-04
   1.0856019e-03
   2.6759194e-03
   1.6432684e-02
  -1.1136639e-03
  -8.0135266e-03
   4.7984800e-03
   2.7976367e-03
  -6.5543097e-04
   1.5345654e-03
   3.6699667e-04
  -2.5733515e-03
  -3.8667933e-03
   8.7526040e-03
   2.9403722e-02
   1.3573136e-02
   1.8677433e-02
   1.6692430e-02
   2.2553829e-02
   1.7742983e-02
   2.1458102e-02
   1.2121419e-02
   3.4312684e-02
  -1.8219101e-02
   2.5512521e-02
   2.2739178e-02
   1.2010405e-02
   2.1449949e-02
   2.2861186e-03
   1.7326048e-02
   1.8379873e-02
   2.5260820e-02
   1.7179202e-02
   2.4850953e-02
   6.8910347e-02
   6.9083390e-02
   6.2736356e-02
   6.1529563e-02
   5.8237874e-02
   5.6509113e-02
   5.9549600e-02
   6.4039058e-02
   5.1014524e-02
   7.5996781e-02
   5.5849815e-02
   5.1974894e-02
   7.2428072e-02
   5.5000889e-02
   7.3425121e-02
   7.4359826e-02
   5.8148101e-02
   4.6704646e-02
   7.4195338e-02
   4.7599445e-03
   3.7201302e-02
   1.1136085e-01
   9.8592193e-02
   1.1369990e-01
   1.1750555e-01
   1.2006948e-01
   1.1788962e-01
   1.0779153e-01
   1.2685199e-01
   1.0138107e-01
   1.2270013e-01
   1.2882135e-01
   9.8400974e-02
   1.1835474e-01
   1.1427522e-01
   4.3131570e-02
   1.2580813e-01
   1.3634277e-01
   1.1359617e-01
   5.6265028e-04
   1.0073073e-01
   3.1389134e-01
   1.7553850e-01
   2.1445522e-01
   1.9043074e-01
   1.7132242e-01
   1.7242614e-01
   2.2599248e-01
   1.3803456e-01
   2.3073555e-01
   8.0113876e-02
   1.5409938e-01
   2.5086394e-01
   1.5788489e-01
   2.3189656e-01
   1.1289967e-01
   2.4866859e-01
   1.4686748e-02
   7.6177534e-03
   3.2298230e-05
   6.3089704e-02
   1.8964585e-01
   7.3701537e-02
   3.3622119e-02
   5.1130080e-02
   2.6081107e-01
   2.8277389e-01
   1.0645380e-01
   6.5714416e-02
   2.8766826e-01
   9.1630453e-02
   1.4467005e-02
   1.0680898e-01
   1.8479256e-01
   1.6096721e-01
   1.6760711e-01
   2.7716315e-01
   2.6185753e-02
  -3.2052339e-06
   0.0000000e+00
   1.0683712e-03
   3.1954513e-03
   1.0398741e-03
   6.4481850e-05
   1.3721388e-03
   1.1735874e-02
   1.0694016e-02
   2.4665514e-03
   4.1222967e-04
   2.1074667e-03
   6.9081381e-04
   9.5719410e-06
   7.4362900e-05
   7.3700088e-05
   8.3988986e-05
   3.2337645e-03
   5.3353248e-03
   4.9922747e-04
   0.0000000e+00
   0.0000000e+00
   0.0000000e+00
   0.0000000e+00
   0.0000000e+00
   0.0000000e+00
   0.0000000e+00
   0.0000000e+00
   0.0000000e+00
   0.0000000e+00
   0.0000000e+00
   0.0000000e+00
   0.0000000e+00
   0.0000000e+00
   0.0000000e+00
   0.0000000e+00
   0.0000000e+00
   0.0000000e+00
   0.0000000e+00
   0.0000000e+00
   0.0000000e+00
   0.0000000e+00
   0.0000000e+00
   0.0000000e+00
   0.0000000e+00
   0.0000000e+00
   0.0000000e+00
   0.0000000e+00
   0.0000000e+00
   0.0000000e+00
   0.0000000e+00
   0.0000000e+00
   0.0000000e+00
   0.0000000e+00
   0.0000000e+00
   0.0000000e+00
   0.0000000e+00
   0.0000000e+00
   0.0000000e+00
   0.0000000e+00
   0.0000000e+00
   0.0000000e+00
   0.0000000e+00
   0.0000000e+00
   0.0000000e+00
   0.0000000e+00
   0.0000000e+00
   0.0000000e+00
   0.0000000e+00
   0.0000000e+00
   0.0000000e+00
   0.0000000e+00
   0.0000000e+00
   0.0000000e+00
   0.0000000e+00
   0.0000000e+00
   0.0000000e+00
   0.0000000e+00
   0.0000000e+00
   0.0000000e+00
   0.0000000e+00
   0.0000000e+00
   0.0000000e+00
   0.0000000e+00
   0.0000000e+00
   0.0000000e+00
   0.0000000e+00
   0.0000000e+00
   0.0000000e+00
   0.0000000e+00
   0.0000000e+00
   0.0000000e+00
   0.0000000e+00
   0.0000000e+00
   0.0000000e+00
   0.0000000e+00
   0.0000000e+00
   0.0000000e+00
   0.0000000e+00
   0.0000000e+00
   0.0000000e+00
   0.0000000e+00
   0.0000000e+00
   0.0000000e+00
   0.0000000e+00
   0.0000000e+00
   0.0000000e+00
   0.0000000e+00
   0.0000000e+00
   0.0000000e+00
   0.0000000e+00
   0.0000000e+00
   0.0000000e+00
   0.0000000e+00
   0.0000000e+00
   0.0000000e+00
   0.0000000e+00
   0.0000000e+00
   0.0000000e+00
   0.0000000e+00
   0.0000000e+00
   0.0000000e+00
   0.0000000e+00
   0.0000000e+00
   0.0000000e+00
   0.0000000e+00
   0.0000000e+00
   0.0000000e+00
   0.0000000e+00
   0.0000000e+00
   0.0000000e+00
   0.0000000e+00
   0.0000000e+00
   0.0000000e+00
   0.0000000e+00
   0.0000000e+00
   0.0000000e+00
   0.0000000e+00
   0.0000000e+00
   0.0000000e+00
   0.0000000e+00
   0.0000000e+00
   0.0000000e+00
   0.0000000e+00
   0.0000000e+00
   0.0000000e+00
   0.0000000e+00
   0.0000000e+00
   0.0000000e+00
   0.0000000e+00
   0.0000000e+00
   0.0000000e+00
   0.0000000e+00
   0.0000000e+00
   0.0000000e+00
   0.0000000e+00
   0.0000000e+00
   0.0000000e+00
   0.0000000e+00
   0.0000000e+00
   0.0000000e+00
   0.0000000e+00
   0.0000000e+00
   0.0000000e+00
   0.0000000e+00
   0.0000000e+00
   0.0000000e+00
   0.0000000e+00
   0.0000000e+00
   0.0000000e+00
   0.0000000e+00
   0.0000000e+00
   0.0000000e+00
   0.0000000e+00
   0.0000000e+00
   0.0000000e+00
   0.0000000e+00
   0.0000000e+00
   0.0000000e+00
   0.0000000e+00
   0.0000000e+00
   0.0000000e+00
   0.0000000e+00
   0.0000000e+00
   0.0000000e+00
   0.0000000e+00
   0.0000000e+00
   0.0000000e+00
   0.0000000e+00
   0.0000000e+00
   0.0000000e+00
   0.0000000e+00
   0.0000000e+00
   0.0000000e+00
   0.0000000e+00
   0.0000000e+00
   0.0000000e+00
   0.0000000e+00
   0.0000000e+00
   0.0000000e+00
   0.0000000e+00
   0.0000000e+00
   0.0000000e+00
   0.0000000e+00
   0.0000000e+00
   0.0000000e+00
   0.0000000e+00
   0.0000000e+00
   0.0000000e+00
   0.0000000e+00
   0.0000000e+00
   0.0000000e+00
   0.0000000e+00
   0.0000000e+00
   0.0000000e+00
   0.0000000e+00
   0.0000000e+00
   0.0000000e+00
   0.0000000e+00
   0.0000000e+00
   0.0000000e+00
   0.0000000e+00
   0.0000000e+00
   0.0000000e+00
   0.0000000e+00
   0.0000000e+00
   0.0000000e+00
   0.0000000e+00
   0.0000000e+00
   0.0000000e+00
   0.0000000e+00
   0.0000000e+00
   0.0000000e+00
   0.0000000e+00
   0.0000000e+00
   0.0000000e+00
   0.0000000e+00
   0.0000000e+00
   0.0000000e+00
   0.0000000e+00
   0.0000000e+00
   0.0000000e+00
   0.0000000e+00
   0.0000000e+00
   0.0000000e+00
   0.0000000e+00
   0.0000000e+00
   0.0000000e+00
   0.0000000e+00
   0.0000000e+00
   0.0000000e+00
   0.0000000e+00
   0.0000000e+00
   0.0000000e+00
   0.0000000e+00
   0.0000000e+00
   0.0000000e+00
   0.0000000e+00
   0.0000000e+00
   0.0000000e+00
   0.0000000e+00
   0.0000000e+00
   0.0000000e+00
   0.0000000e+00
   0.0000000e+00
   0.0000000e+00
   0.0000000e+00
   0.0000000e+00
   0.0000000e+00
   0.0000000e+00
   0.0000000e+00
   0.0000000e+00
   0.0000000e+00
   0.0000000e+00
   0.0000000e+00
   0.0000000e+00
   0.0000000e+00
   0.0000000e+00
   0.0000000e+00
   0.0000000e+00
   0.0000000e+00
   0.0000000e+00
