  -2.4457209e-03
  -9.8857390e-03
  -6.1338582e-04
  -1.7197959e-03
   4.0419927e-03
   7.3551980e-04
  -1.5870486e-03
   1.1339050e-03
  -1.5227348e-03
   1.0221999e-03
   1.3791696e-04
   4.5592500e-04
  -1.2957861e-03
   1.0549984e-03
  -2.1416453e-03
   6.2309389e-03
   1.2148455e-02
  -3.9835101e-03
  -4.1191469e-04
   3.7405108e-06
   3.1232247e-02
   1.5004181e-02
   4.4854124e-02
   1.4695768e-02
   1.6622983e-02
   1.7952418e-02
   2.3041713e-02
   1.7879559e-02
   2.1446622e-02
   1.8999518e-02
   1.7231260e-02
   1.9863042e-02
   2.0359973e-02
   1.9284823e-02
   2.1937507e-02
   1.1983477e-02
   1.5030446e-02
   1.4790140e-02
   3.5762578e-02
   2.9074120e-03
   4.8329532e-02
   6.6967075e-02
   3.0408839e-02
   6.5673269e-02
   6.1416563e-02
   6.1732920e-02
   5.2261915e-02
   6.1344303e-02
   5.6489858e-02
   5.8532451e-02
   6.2727040e-02
   5.7730060e-02
   5.9232846e-02
   5.6494235e-02
   5.9772173e-02
   6.0507304e-02
   7.5225436e-02
   4.7413451e-02
   7.9293311e-02
   5.2486888e-03
   1.1133944e-02
   1.3040163e-01
   1.4330586e-01
   1.0967981e-01
   1.1191837e-01
   1.1696860e-01
   1.2806739e-01
   1.1327904e-01
   1.2265703e-01
   1.1814779e-01
   1.1274898e-01
   1.1964817e-01
   1.1604322e-01
   1.2240641e-01
   1.1342145e-01
   1.2004366e-01
   8.9815457e-02
   1.4658283e-01
   3.2552702e-02
   1.2426655e-03
   4.0855416e-04
   3.8831044e-02
   1.2344944e-01
   2.1823599e-01
   1.9291060e-01
   1.7427344e-01
   1.6157955e-01
   1.7992392e-01
   1.6869817e-01
   1.7147630e-01
   1.9039695e-01
   1.7324081e-01
   1.7373434e-01
   1.6637185e-01
   1.9014832e-01
   1.7454043e-01
   2.0903570e-01
   1.6207210e-01
   6.8746023e-03
   0.0000000e+00
   5.0473634e-03
   7.4349428e-02
   6.5039221e-02
   3.1605795e-02
   1.5238283e-01
   2.7834139e-01
   2.5464421e-01
   2.5503005e-01
   2.8444928e-01
   2.6180208e-01
   1.8287831e-01
   2.2196759e-01
   3.0298704e-01
   1.5429908e-01
   2.7981268e-01
   1.6849345e-01
   2.4614340e-01
   1.1686769e-01
   3.0181715e-03
   0.0000000e+00
   3.2458595e-02
   4.7803781e-01
   3.7201549e-01
   4.7308295e-02
   1.7475756e-03
   2.0613508e-02
   3.6680147e-02
   3.4541486e-02
   3.3476591e-02
   1.0433816e-02
   3.1796909e-03
   2.2063597e-02
   3.3348782e-02
   1.0034697e-01
   4.9669541e-01
   1.6203883e-01
   1.7810609e-03
   7.8410991e-04
   1.5049111e-05
   0.0000000e+00
   1.2847358e-02
   1.8921099e-01
   1.4724655e-01
   1.8711073e-02
   0.0000000e+00
   0.0000000e+00
   0.0000000e+00
   0.0000000e+00
   0.0000000e+00
   0.0000000e+00
   0.0000000e+00
   0.0000000e+00
   0.0000000e+00
   3.5167549e-02
   1.8582052e-01
   6.1147610e-02
   3.7020915e-05
   0.0000000e+00
   0.0000000e+00
   0.0000000e+00
   3.1926199e-05
   4.7019689e-04
   3.6591358e-04
   4.6497767e-05
   0.0000000e+00
   0.0000000e+00
   0.0000000e+00
   0.0000000e+00
   0.0000000e+00
   0.0000000e+00
   0.0000000e+00
   0.0000000e+00
   0.0000000e+00
   6.8503300e-05
   3.6196207e-04
   1.1911018e-04
   7.2113496e-08
   0.0000000e+00
   0.0000000e+00
   0.0000000e+00
   0.0000000e+00
   0.0000000e+00
   0.0000000e+00
   0.0000000e+00
   0.0000000e+00
   0.0000000e+00
   0.0000000e+00
   0.0000000e+00
   0.0000000e+00
   0.0000000e+00
   0.0000000e+00
   0.0000000e+00
   0.0000000e+00
   0.0000000e+00
   0.0000000e+00
   0.0000000e+00
   0.0000000e+00
   0.0000000e+00
   0.0000000e+00
   0.0000000e+00
   0.0000000e+00
   0.0000000e+00
   0.0000000e+00
   0.0000000e+00
   0.0000000e+00
   0.0000000e+00
   0.0000000e+00
   0.0000000e+00
   0.0000000e+00
   0.0000000e+00
   0.0000000e+00
   0.0000000e+00
   0.0000000e+00
   0.0000000e+00
   0.0000000e+00
   0.0000000e+00
   0.0000000e+00
   0.0000000e+00
   0.0000000e+00
   0.0000000e+00
   0.0000000e+00
   0.0000000e+00
   0.0000000e+00
   0.0000000e+00
   0.0000000e+00
   0.0000000e+00
   0.0000000e+00
   0.0000000e+00
   0.0000000e+00
   0.0000000e+00
   0.0000000e+00
   0.0000000e+00
   0.0000000e+00
   0.0000000e+00
   0.0000000e+00
   0.0000000e+00
   0.0000000e+00
   0.0000000e+00
   0.0000000e+00
   0.0000000e+00
   0.0000000e+00
   0.0000000e+00
   0.0000000e+00
   0.0000000e+00
   0.0000000e+00
   0.0000000e+00
   0.0000000e+00
   0.0000000e+00
   0.0000000e+00
   0.0000000e+00
   0.0000000e+00
   0.0000000e+00
   0.0000000e+00
   0.0000000e+00
   0.0000000e+00
   0.0000000e+00
   0.0000000e+00
   0.0000000e+00
   0.0000000e+00
   0.0000000e+00
   0.0000000e+00
   0.0000000e+00
   0.0000000e+00
   0.0000000e+00
   0.0000000e+00
   0.0000000e+00
   0.0000000e+00
   0.0000000e+00
   0.0000000e+00
   0.0000000e+00
   0.0000000e+00
   0.0000000e+00
   0.0000000e+00
   0.0000000e+00
   0.0000000e+00
   0.0000000e+00
   0.0000000e+00
   0.0000000e+00
   0.0000000e+00
   0.0000000e+00
   0.0000000e+00
   0.0000000e+00
   0.0000000e+00
   0.0000000e+00
   0.0000000e+00
   0.0000000e+00
   0.0000000e+00
   0.0000000e+00
   0.0000000e+00
   0.0000000e+00
   0.0000000e+00
   0.0000000e+00
   0.0000000e+00
   0.0000000e+00
   0.0000000e+00
   0.0000000e+00
   0.0000000e+00
   0.0000000e+00
   0.0000000e+00
   0.0000000e+00
   0.0000000e+00
   0.0000000e+00
   0.0000000e+00
   0.0000000e+00
   0.0000000e+00
   0.0000000e+00
   0.0000000e+00
   0.0000000e+00
   0.0000000e+00
   0.0000000e+00
   0.0000000e+00
   0.0000000e+00
   0.0000000e+00
   0.0000000e+00
   0.0000000e+00
   0.0000000e+00
   0.0000000e+00
   0.0000000e+00
   0.0000000e+00
   0.0000000e+00
   0.0000000e+00
   0.0000000e+00
   0.0000000e+00
   0.0000000e+00
   0.0000000e+00
   0.0000000e+00
   0.0000000e+00
   0.0000000e+00
   0.0000000e+00
   0.0000000e+00
   0.0000000e+00
   0.0000000e+00
   0.0000000e+00
   0.0000000e+00
   0.0000000e+00
   0.0000000e+00
   0.0000000e+00
   0.0000000e+00
   0.0000000e+00
   0.0000000e+00
   0.0000000e+00
   0.0000000e+00
   0.0000000e+00
   0.0000000e+00
   0.0000000e+00
   0.0000000e+00
   0.0000000e+00
   0.0000000e+00
   0.0000000e+00
   0.0000000e+00
   0.0000000e+00
   0.0000000e+00
   0.0000000e+00
   0.0000000e+00
   0.0000000e+00
   0.0000000e+00
   0.0000000e+00
   0.0000000e+00
   0.0000000e+00
   0.0000000e+00
   0.0000000e+00
   0.0000000e+00
   0.0000000e+00
   0.0000000e+00
   0.0000000e+00
   0.0000000e+00
   0.0000000e+00
   0.0000000e+00
   0.0000000e+00
   0.0000000e+00
   0.0000000e+00
   0.0000000e+00
   0.0000000e+00
   0.0000000e+00
   0.0000000e+00
   0.0000000e+00
   0.0000000e+00
   0.0000000e+00
   0.0000000e+00
   0.0000000e+00
   0.0000000e+00
   0.0000000e+00
   0.0000000e+00
   0.0000000e+00
   0.0000000e+00
   0.0000000e+00
   0.0000000e+00
   0.0000000e+00
   0.0000000e+00
   0.0000000e+00
   0.0000000e+00
   0.0000000e+00
   0.0000000e+00
   0.0000000e+00
   0.0000000e+00
   0.0000000e+00
   0.0000000e+00
   0.0000000e+00
   0.0000000e+00
   0.0000000e+00
