   2.7742355e-03
  -1.9243315e-02
  -3.9464620e-02
   2.7939930e-02
  -6.5637658e-02
   4.8266785e-02
  -5.4019980e-02
   2.5220378e-02
  -1.9341257e-01
  -9.1477911e-02
   7.4315101e-02
   7.4931009e-02
  -4.0161994e-02
  -1.6167035e-01
   2.5963992e-02
  -1.7385157e-02
   2.7389479e-01
   1.3385801e-01
  -5.1061855e-02
  -3.2991578e-03
  -7.9081443e-02
   1.8207725e-02
   2.8951601e-01
  -3.2793237e-03
   2.8050512e-02
   3.9668026e-02
   1.1807851e-01
   1.0048262e-01
   2.5588741e-01
   3.0795629e-01
   2.6454477e-01
  -2.3372849e-01
   5.1755853e-01
   1.4749523e-01
   4.5680599e-01
   3.0256656e-02
  -4.0356587e-01
   1.4736537e-01
   1.6651966e-01
   1.0440477e-01
   1.1167796e-01
   6.7522457e-01
   6.6414939e-01
   2.7156783e-02
   7.0880672e-01
   1.2500722e+00
   1.2386159e+00
   3.9382304e-01
   1.1218597e+00
   7.2276361e-01
   2.8208693e-01
   1.0949011e+00
   4.6065161e-01
   1.2259653e+00
   1.0497245e+00
   1.2471776e+00
   1.9071255e+00
   1.0905125e+00
  -1.7145917e-01
   4.3247909e-02
   1.0712683e+00
   1.6352382e+00
   1.8961702e+00
   9.1360081e-01
   9.4415281e-02
   2.4479160e+00
   3.2484683e-01
   7.0405305e-01
   5.1408531e-01
  -3.3129649e-01
   1.3451954e+00
   2.2186267e+00
   5.0301877e-01
   6.4554426e-02
   3.6261594e-01
   1.9066313e+00
   6.0468136e-01
   8.3485997e-01
  -6.8692130e-02
   3.5043577e-03
   8.9263694e-01
   1.3181147e+00
   1.4034781e+00
   5.7612255e-01
   7.5979175e-01
  -3.1138299e-01
   6.2148013e-01
  -7.6652561e-02
   5.8976267e-04
   4.8343368e-01
   1.3918054e+00
   8.1911666e-02
  -1.1926257e-02
   1.1677805e-02
   1.6314244e+00
   1.9952529e+00
  -4.3161811e-01
  -1.2725257e-01
   1.1835789e-03
  -1.9272367e-06
  -3.5019184e-01
  -3.5667849e-01
  -1.5067445e-01
  -2.7906597e-01
   8.9452703e-02
   1.5244176e-01
   5.7498502e-01
   8.1425762e-02
   1.9340076e-01
   3.0683817e-01
  -6.8256549e-02
  -3.9877537e-01
  -1.2231102e-01
   1.3625449e-02
   1.8898900e-01
  -8.3057576e-02
  -6.4091011e-02
  -1.4968469e-02
   0.0000000e+00
   0.0000000e+00
  -5.3097244e-03
  -5.7107834e-03
  -1.2532765e-03
  -4.1168373e-04
  -2.6187294e-05
   1.6333962e-04
   4.3819395e-04
   5.6049921e-04
   4.4514170e-02
   7.9581522e-02
   7.6891306e-03
  -2.6061100e-03
  -7.5347961e-04
   7.8332278e-02
   4.5747214e-01
   1.5243990e-01
  -1.8002218e-03
   0.0000000e+00
   0.0000000e+00
   0.0000000e+00
   0.0000000e+00
   0.0000000e+00
   0.0000000e+00
   0.0000000e+00
   0.0000000e+00
   0.0000000e+00
   0.0000000e+00
   5.2478621e-09
   4.7898592e-07
   8.5632123e-07
   8.8795972e-08
   0.0000000e+00
   0.0000000e+00
   7.0584734e-02
   4.2184325e-01
   1.5603740e-01
   2.5151405e-04
   0.0000000e+00
   0.0000000e+00
   0.0000000e+00
   0.0000000e+00
   0.0000000e+00
   0.0000000e+00
   0.0000000e+00
   0.0000000e+00
   0.0000000e+00
   0.0000000e+00
   0.0000000e+00
   0.0000000e+00
   0.0000000e+00
   0.0000000e+00
   0.0000000e+00
   0.0000000e+00
   2.5370579e-03
   1.5162496e-02
   5.6085203e-03
   9.0402793e-06
   0.0000000e+00
   0.0000000e+00
   0.0000000e+00
   0.0000000e+00
   0.0000000e+00
   0.0000000e+00
   0.0000000e+00
   0.0000000e+00
   0.0000000e+00
   0.0000000e+00
   0.0000000e+00
   0.0000000e+00
   0.0000000e+00
   0.0000000e+00
   0.0000000e+00
   0.0000000e+00
   0.0000000e+00
   0.0000000e+00
   0.0000000e+00
   0.0000000e+00
   0.0000000e+00
   0.0000000e+00
   0.0000000e+00
   0.0000000e+00
   0.0000000e+00
   0.0000000e+00
   0.0000000e+00
   0.0000000e+00
   0.0000000e+00
   0.0000000e+00
   0.0000000e+00
   0.0000000e+00
   0.0000000e+00
   0.0000000e+00
   0.0000000e+00
   0.0000000e+00
   0.0000000e+00
   0.0000000e+00
   0.0000000e+00
   0.0000000e+00
   0.0000000e+00
   0.0000000e+00
   0.0000000e+00
   0.0000000e+00
   0.0000000e+00
   0.0000000e+00
   0.0000000e+00
   0.0000000e+00
   0.0000000e+00
   0.0000000e+00
   0.0000000e+00
   0.0000000e+00
   0.0000000e+00
   0.0000000e+00
   0.0000000e+00
   0.0000000e+00
   0.0000000e+00
   0.0000000e+00
   0.0000000e+00
   0.0000000e+00
   0.0000000e+00
   0.0000000e+00
   0.0000000e+00
   0.0000000e+00
   0.0000000e+00
   0.0000000e+00
   0.0000000e+00
   0.0000000e+00
   0.0000000e+00
   0.0000000e+00
   0.0000000e+00
   0.0000000e+00
   0.0000000e+00
   0.0000000e+00
   0.0000000e+00
   0.0000000e+00
   0.0000000e+00
   0.0000000e+00
   0.0000000e+00
   0.0000000e+00
   0.0000000e+00
   0.0000000e+00
   0.0000000e+00
   0.0000000e+00
   0.0000000e+00
   0.0000000e+00
   0.0000000e+00
   0.0000000e+00
   0.0000000e+00
   0.0000000e+00
   0.0000000e+00
   0.0000000e+00
   0.0000000e+00
   0.0000000e+00
   0.0000000e+00
   0.0000000e+00
   0.0000000e+00
   0.0000000e+00
   0.0000000e+00
   0.0000000e+00
   0.0000000e+00
   0.0000000e+00
   0.0000000e+00
   0.0000000e+00
   0.0000000e+00
   0.0000000e+00
   0.0000000e+00
   0.0000000e+00
   0.0000000e+00
   0.0000000e+00
   0.0000000e+00
   0.0000000e+00
   0.0000000e+00
   0.0000000e+00
   0.0000000e+00
   0.0000000e+00
   0.0000000e+00
   0.0000000e+00
   0.0000000e+00
   0.0000000e+00
   0.0000000e+00
   0.0000000e+00
   0.0000000e+00
   0.0000000e+00
   0.0000000e+00
   0.0000000e+00
   0.0000000e+00
   0.0000000e+00
   0.0000000e+00
   0.0000000e+00
   0.0000000e+00
   0.0000000e+00
   0.0000000e+00
   0.0000000e+00
   0.0000000e+00
   0.0000000e+00
   0.0000000e+00
   0.0000000e+00
   0.0000000e+00
   0.0000000e+00
   0.0000000e+00
   0.0000000e+00
   0.0000000e+00
   0.0000000e+00
   0.0000000e+00
   0.0000000e+00
   0.0000000e+00
   0.0000000e+00
   0.0000000e+00
   0.0000000e+00
   0.0000000e+00
   0.0000000e+00
   0.0000000e+00
   0.0000000e+00
   0.0000000e+00
   0.0000000e+00
   0.0000000e+00
   0.0000000e+00
   0.0000000e+00
   0.0000000e+00
   0.0000000e+00
   0.0000000e+00
   0.0000000e+00
   0.0000000e+00
   0.0000000e+00
   0.0000000e+00
   0.0000000e+00
   0.0000000e+00
   0.0000000e+00
   0.0000000e+00
   0.0000000e+00
   0.0000000e+00
   0.0000000e+00
   0.0000000e+00
   0.0000000e+00
   0.0000000e+00
   0.0000000e+00
   0.0000000e+00
   0.0000000e+00
   0.0000000e+00
   0.0000000e+00
   0.0000000e+00
   0.0000000e+00
   0.0000000e+00
   0.0000000e+00
   0.0000000e+00
   0.0000000e+00
   0.0000000e+00
   0.0000000e+00
   0.0000000e+00
   0.0000000e+00
   0.0000000e+00
   0.0000000e+00
   0.0000000e+00
   0.0000000e+00
   0.0000000e+00
   0.0000000e+00
   0.0000000e+00
   0.0000000e+00
   0.0000000e+00
   0.0000000e+00
   0.0000000e+00
   0.0000000e+00
   0.0000000e+00
   0.0000000e+00
   0.0000000e+00
   0.0000000e+00
   0.0000000e+00
   0.0000000e+00
   0.0000000e+00
   0.0000000e+00
   0.0000000e+00
   0.0000000e+00
   0.0000000e+00
   0.0000000e+00
   0.0000000e+00
   0.0000000e+00
   0.0000000e+00
   0.0000000e+00
   0.0000000e+00
   0.0000000e+00
   0.0000000e+00
   0.0000000e+00
