  -6.2724285e-02
  -2.4413357e-01
  -4.6766922e-02
   7.3298440e-02
  -1.8658924e-01
   2.2010679e-01
   7.0965737e-02
  -2.5777319e-02
   2.5746869e-03
   2.8780643e-02
   1.6541887e-02
  -1.7069224e-01
  -3.5205627e-01
   4.3670964e-02
  -2.2883926e-03
  -4.9968481e-02
   5.0969281e-03
  -4.8955177e-02
  -2.2324179e-02
  -5.4080050e-02
   7.4644372e-02
   5.9230549e-02
   7.3075447e-02
   1.9102965e-01
   4.1853400e-01
   1.1878055e-01
  -8.9983294e-02
   2.9621128e-01
   7.4581420e-02
   1.0504784e-01
   1.6806874e-01
   1.6269348e-01
   4.6215535e-01
   1.4031268e-01
   9.0320280e-02
   2.3253590e-01
   3.2902279e-01
   2.5561578e-01
   3.1189307e-01
   7.0366930e-04
   3.9366084e-01
   1.5154111e+00
   1.3441296e+00
   5.5518787e-01
   7.0022602e-01
   1.9159884e-02
   9.8016262e-01
   1.1017570e+00
   4.6275164e-01
   7.8587502e-01
   1.0737989e+00
   3.6735583e-01
   6.3927895e-01
   9.9689560e-01
   7.4679823e-01
   4.5994044e-01
   5.3059972e-01
   7.9379856e-01
   4.6972026e-01
   1.2183489e-01
   1.7639791e-01
   5.1506711e-01
   5.8872462e-01
   1.7909874e+00
   1.0195282e+00
   1.3328864e+00
   1.2844127e+00
   6.3062395e-01
   6.8273837e-01
   3.1252487e-01
  -3.4855955e-01
   2.0774508e+00
   6.1000265e-01
   2.6737898e-01
   1.3415473e+00
   9.9355164e-01
   1.3906971e+00
   7.3320209e-01
  -1.6290819e-01
   2.2844499e-02
   4.0425883e-01
   3.5232149e-01
   1.5773550e-01
   1.3562361e+00
  -3.4653171e-01
   8.0495898e-01
   1.0294445e+00
  -8.4552866e-01
   2.0645612e-01
   7.2218873e-01
   1.2331408e-01
   3.2283294e-01
   1.0314348e+00
   9.1755570e-01
   1.4480890e-01
   5.8778445e-01
   1.2625420e+00
   9.3443500e-02
  -9.6756855e-02
   0.0000000e+00
   5.0980754e-02
   3.6112425e-02
   3.2134143e-02
   2.4975220e-01
   2.4382922e-02
   7.5322593e-01
   1.1071306e+00
   7.4303916e-01
   9.5318980e-01
   8.4523283e-01
   7.8166029e-01
  -4.2208029e-01
  -3.2816722e-01
   7.9448644e-01
   7.9292782e-01
   8.6187052e-02
   1.8176343e-02
   8.5814564e-03
   3.1897178e-04
   0.0000000e+00
   0.0000000e+00
  -1.8296822e-05
  -4.9864891e-04
   1.1149055e-01
   4.6200092e-01
   7.1444822e-02
  -9.6061605e-02
  -1.7396648e-01
   3.1557966e-01
   1.6359379e-01
   1.0861838e-01
   7.7583341e-03
  -2.0020271e-02
   7.5886227e-02
   1.2483046e-01
   2.3676881e-02
   3.7532563e-05
   0.0000000e+00
   0.0000000e+00
   0.0000000e+00
   0.0000000e+00
   0.0000000e+00
   0.0000000e+00
   7.8161588e-03
   3.2999886e-02
   8.7030861e-03
  -5.6036484e-03
   9.6963583e-02
   5.7447000e-01
   1.6687425e-01
   1.2406861e-05
   0.0000000e+00
   0.0000000e+00
   2.6413836e-07
   1.6008617e-06
   5.9992991e-07
   1.0574417e-09
   0.0000000e+00
   0.0000000e+00
   0.0000000e+00
   0.0000000e+00
   0.0000000e+00
   0.0000000e+00
   0.0000000e+00
   0.0000000e+00
   0.0000000e+00
   0.0000000e+00
   1.2842218e-02
   5.8606603e-02
   1.6708980e-02
   1.2422076e-06
   0.0000000e+00
   0.0000000e+00
   0.0000000e+00
   0.0000000e+00
   0.0000000e+00
   0.0000000e+00
   0.0000000e+00
   0.0000000e+00
   0.0000000e+00
   0.0000000e+00
   0.0000000e+00
   0.0000000e+00
   0.0000000e+00
   0.0000000e+00
   0.0000000e+00
   0.0000000e+00
   0.0000000e+00
   0.0000000e+00
   0.0000000e+00
   0.0000000e+00
   0.0000000e+00
   0.0000000e+00
   0.0000000e+00
   0.0000000e+00
   0.0000000e+00
   0.0000000e+00
   0.0000000e+00
   0.0000000e+00
   0.0000000e+00
   0.0000000e+00
   0.0000000e+00
   0.0000000e+00
   0.0000000e+00
   0.0000000e+00
   0.0000000e+00
   0.0000000e+00
   0.0000000e+00
   0.0000000e+00
   0.0000000e+00
   0.0000000e+00
   0.0000000e+00
   0.0000000e+00
   0.0000000e+00
   0.0000000e+00
   0.0000000e+00
   0.0000000e+00
   0.0000000e+00
   0.0000000e+00
   0.0000000e+00
   0.0000000e+00
   0.0000000e+00
   0.0000000e+00
   0.0000000e+00
   0.0000000e+00
   0.0000000e+00
   0.0000000e+00
   0.0000000e+00
   0.0000000e+00
   0.0000000e+00
   0.0000000e+00
   0.0000000e+00
   0.0000000e+00
   0.0000000e+00
   0.0000000e+00
   0.0000000e+00
   0.0000000e+00
   0.0000000e+00
   0.0000000e+00
   0.0000000e+00
   0.0000000e+00
   0.0000000e+00
   0.0000000e+00
   0.0000000e+00
   0.0000000e+00
   0.0000000e+00
   0.0000000e+00
   0.0000000e+00
   0.0000000e+00
   0.0000000e+00
   0.0000000e+00
   0.0000000e+00
   0.0000000e+00
   0.0000000e+00
   0.0000000e+00
   0.0000000e+00
   0.0000000e+00
   0.0000000e+00
   0.0000000e+00
   0.0000000e+00
   0.0000000e+00
   0.0000000e+00
   0.0000000e+00
   0.0000000e+00
   0.0000000e+00
   0.0000000e+00
   0.0000000e+00
   0.0000000e+00
   0.0000000e+00
   0.0000000e+00
   0.0000000e+00
   0.0000000e+00
   0.0000000e+00
   0.0000000e+00
   0.0000000e+00
   0.0000000e+00
   0.0000000e+00
   0.0000000e+00
   0.0000000e+00
   0.0000000e+00
   0.0000000e+00
   0.0000000e+00
   0.0000000e+00
   0.0000000e+00
   0.0000000e+00
   0.0000000e+00
   0.0000000e+00
   0.0000000e+00
   0.0000000e+00
   0.0000000e+00
   0.0000000e+00
   0.0000000e+00
   0.0000000e+00
   0.0000000e+00
   0.0000000e+00
   0.0000000e+00
   0.0000000e+00
   0.0000000e+00
   0.0000000e+00
   0.0000000e+00
   0.0000000e+00
   0.0000000e+00
   0.0000000e+00
   0.0000000e+00
   0.0000000e+00
   0.0000000e+00
   0.0000000e+00
   0.0000000e+00
   0.0000000e+00
   0.0000000e+00
   0.0000000e+00
   0.0000000e+00
   0.0000000e+00
   0.0000000e+00
   0.0000000e+00
   0.0000000e+00
   0.0000000e+00
   0.0000000e+00
   0.0000000e+00
   0.0000000e+00
   0.0000000e+00
   0.0000000e+00
   0.0000000e+00
   0.0000000e+00
   0.0000000e+00
   0.0000000e+00
   0.0000000e+00
   0.0000000e+00
   0.0000000e+00
   0.0000000e+00
   0.0000000e+00
   0.0000000e+00
   0.0000000e+00
   0.0000000e+00
   0.0000000e+00
   0.0000000e+00
   0.0000000e+00
   0.0000000e+00
   0.0000000e+00
   0.0000000e+00
   0.0000000e+00
   0.0000000e+00
   0.0000000e+00
   0.0000000e+00
   0.0000000e+00
   0.0000000e+00
   0.0000000e+00
   0.0000000e+00
   0.0000000e+00
   0.0000000e+00
   0.0000000e+00
   0.0000000e+00
   0.0000000e+00
   0.0000000e+00
   0.0000000e+00
   0.0000000e+00
   0.0000000e+00
   0.0000000e+00
   0.0000000e+00
   0.0000000e+00
   0.0000000e+00
   0.0000000e+00
   0.0000000e+00
   0.0000000e+00
   0.0000000e+00
   0.0000000e+00
   0.0000000e+00
   0.0000000e+00
   0.0000000e+00
   0.0000000e+00
   0.0000000e+00
   0.0000000e+00
   0.0000000e+00
   0.0000000e+00
   0.0000000e+00
   0.0000000e+00
   0.0000000e+00
   0.0000000e+00
   0.0000000e+00
   0.0000000e+00
   0.0000000e+00
   0.0000000e+00
   0.0000000e+00
   0.0000000e+00
   0.0000000e+00
   0.0000000e+00
   0.0000000e+00
   0.0000000e+00
   0.0000000e+00
   0.0000000e+00
   0.0000000e+00
   0.0000000e+00
   0.0000000e+00
   0.0000000e+00
   0.0000000e+00
   0.0000000e+00
   0.0000000e+00
   0.0000000e+00
   0.0000000e+00
   0.0000000e+00
