0.68180936448188844690 0.91275862815990838062
0.46526189345859297886 0.47754879951101042446
0.67849781918783147461 0.71463512341388168991
0.25972634073088962658 0.27524153026161468638
0.79980530684429607113 0.82001012210210699749
0.93787245040046562927 0.97667218382323506276
0.35937865744941360768 0.38643936141876128465
0.46437918874915501410 0.47400842432513973224
0.33448987236784666344 0.34750936761182127377
0.21643749280943669344 0.22792673308007105337
0.35389202140819853160 0.35975448941583054729
0.32159700946999719706 0.35108382601220949892
0.88166980324612431730 0.88992848949633351907
0.65523158675079229418 0.67137791604068364215
0.79913052656630678694 0.80646792500195807474
0.13686355386061019312 0.20232241977055245852
0.32562662778837159205 0.33904882928830082367
0.35077038151758582751 0.35818602440986263558
0.13063455215507269180 0.16342426313336555488
0.36798784982967491786 0.39644515278794245638
0.35579492203928625438 0.37061892633985044077
0.69258495019988586261 0.70034972529617733894
0.00518963122464741709 0.01939999481914225082
0.17138826632423359575 0.17342225978881492532
0.78212251430335666402 0.78815275621670088935
0.44702462756380617614 0.45101602853117878089
0.74958014660396632411 0.76201531842906888858
0.89515316437845171560 0.89748064104820868270
0.19699129939343079654 0.20581241263621780080
0.17029553295662688828 0.19038055117363364421
0.21448374953647153518 0.25415461573718411969
0.95995209199331688055 0.97991006019244308867
0.96201735600571902651 0.98221955446487885233
0.36502490998148690027 0.37140604652031433686
0.76055758623764346815 0.77475721114235973630
0.10084762317692425038 0.10499229779404933849
0.81137198602808890957 0.83454610232471171383
0.87779892857560415376 0.88301944081963468225
0.07172204919054164796 0.09554714742998232646
0.60604955590914133534 0.63228418969163946439
0.92069275842641151719 0.92723339269240145910
0.95495927989153928106 0.97494550830307324940
0.51115285058811599228 0.52300601201012320018
0.40388589572368444047 0.42434271104638682237
0.89905665132784218230 0.93163898976304237998
0.04078200224197438967 0.05262317675146364199
0.97227169597152851566 0.98037082993628321681
0.04552915059018139421 0.05093233922870041286
0.78775215865532732806 0.79135125710373022123
0.18666324217541729880 0.21607625824661158553
0.81196370915471705043 0.83827282207639208789
