0.29551742956724097455 0.68160658329412582290
0.68011906098657848307 0.88579183433699204553
0.72760885503650152284 0.73433574650314314969
0.54136503189345352993 0.56174212086398589427
0.01223432671050258408 0.02703633174418876989
0.70760547919219285440 0.71060409851042294349
0.14234034717947974258 0.15097230680124806845
0.73292048924357056094 0.73866401555617078323
0.59856820575592173395 0.62167332229651905973
0.87349218710062637161 0.88182460513669747026
0.05934442455497690450 0.06523702623157812130
0.03231040786257041719 0.08956990536097067523
0.18521350027897282020 0.19028887709340763790
0.23682249159320539755 0.25572880436744210852
0.29957711116522733885 0.32007574697517260365
0.70035613022678955275 0.72361902495635255228
0.01663575392744820122 0.05710837467178020432
0.89425774928110202122 0.89777261384500250951
0.42056950915117252698 0.44869475339760866994
0.49177942669813251575 0.49363216926462244460
0.23155413369636665410 0.24095287215356567256
0.69638044803267240557 0.71050916051858326039
0.34090907235355910609 0.34632304410542208428
0.10306177393210701199 0.10637772261666124385
0.09727997209076694185 0.10483212832352467592
0.31952478791300964467 0.36291805056547765673
0.87580223710894422595 0.89560706107493093242
0.23017488913051539767 0.23102293686232991399
0.23386876963201994051 0.25894496311972392544
0.21058764142961208798 0.21092926473209402949
0.11459156864874603388 0.11620315516193152616
0.93033336877611816362 0.94486716436975393130
0.33808340758163435424 0.33830067861573676069
0.78135957705537639750 0.80788118209726922370
0.60785302709789679199 0.63137592375459550276
0.23231181972574049821 0.25286703432834461980
0.43708094619561149718 0.43724618388823049964
0.43284190316753395900 0.45615389618175056219
0.85035129976680801089 0.87494277491310457062
0.38491672973222901266 0.39241981339382492333
0.38076034794811930428 0.39388581786213727742
0.91453128549822959581 0.92178799524837329304
0.25975173108549931555 0.28705912831275148811
0.78699669615415812629 0.82563005560413005313
0.50987138044592816843 0.51548993195957748537
0.29450691562879105501 0.30777903307969844970
0.71009436431675454493 0.72418350744702397748
0.09327082618341699105 0.10733425654162796758
0.75102414884589685506 0.79096379138785155583
0.33321539768360136646 0.35300618075807826957
0.90617253376651163421 0.91855429322622672572
0.76783684638936366973 0.77366770535083806415
