   4.8305723e-03
   5.4450142e-03
   6.0667528e-03
   6.6890980e-03
   7.3059796e-03
   7.9114472e-03
   8.4988987e-03
   9.0601805e-03
   9.5847513e-03
   1.0059128e-02
   1.0466812e-02
   1.0788850e-02
   1.1005072e-02
   1.1095943e-02
   1.1044827e-02
   1.0840348e-02
   1.0478485e-02
   9.9640172e-03
   9.3110276e-03
   8.5423156e-03
   8.2624315e-03
   9.3068456e-03
   1.0359666e-02
   1.1407944e-02
   1.2439624e-02
   1.3442847e-02
   1.4404842e-02
   1.5310651e-02
   1.6141978e-02
   1.6876486e-02
   1.7487848e-02
   1.7946750e-02
   1.8222905e-02
   1.8287944e-02
   1.8118857e-02
   1.7701506e-02
   1.7033635e-02
   1.6126826e-02
   1.5006967e-02
   1.3713045e-02
   1.3421081e-02
   1.5111890e-02
   1.6811610e-02
   1.8497026e-02
   2.0146064e-02
   2.1736882e-02
   2.3246389e-02
   2.4648571e-02
   2.5913025e-02
   2.7004207e-02
   2.7881768e-02
   2.8502272e-02
   2.8822320e-02
   2.8802855e-02
   2.8414151e-02
   2.7640759e-02
   2.6485583e-02
   2.4972325e-02
   2.3145687e-02
   2.1069126e-02
   2.0704129e-02
   2.3311350e-02
   2.5927772e-02
   2.8514552e-02
   3.1034054e-02
   3.3448743e-02
   3.5719369e-02
   3.7802935e-02
   3.9651052e-02
   4.1209313e-02
   4.2418219e-02
   4.3215971e-02
   4.3543112e-02
   4.3348658e-02
   4.2596975e-02
   4.1274378e-02
   3.9394333e-02
   3.7000201e-02
   3.4164805e-02
   3.0986555e-02
   3.0334786e-02
   3.4164407e-02
   3.8004794e-02
   4.1795003e-02
   4.5474905e-02
   4.8983975e-02
   5.2259245e-02
   5.5233108e-02
   5.7831750e-02
   5.9975014e-02
   6.1578340e-02
   6.2557098e-02
   6.2833214e-02
   6.2343525e-02
   6.1048804e-02
   5.8942116e-02
   5.6054997e-02
   5.2460166e-02
   4.8269861e-02
   4.3629622e-02
   4.2215218e-02
   4.7573952e-02
   5.2949274e-02
   5.8251226e-02
   6.3389451e-02
   6.8272011e-02
   7.2803348e-02
   7.6882257e-02
   8.0400838e-02
   8.3245395e-02
   8.5299951e-02
   8.6452688e-02
   8.6605039e-02
   8.5682589e-02
   8.3646396e-02
   8.0502991e-02
   7.6311203e-02
   7.1184263e-02
   6.5286189e-02
   5.8822364e-02
   5.5805354e-02
   6.2949143e-02
   7.0124028e-02
   7.7204809e-02
   8.4063432e-02
   9.0568021e-02
   9.6581182e-02
   1.0195864e-01
   1.0654934e-01
   1.1019804e-01
   1.1275114e-01
   1.1406577e-01
   1.1402185e-01
   1.1253573e-01
   1.0957376e-01
   1.0516363e-01
   9.9401281e-02
   9.2451679e-02
   8.4542386e-02
   7.5950116e-02
   7.0081110e-02
   7.9154777e-02
   8.8287837e-02
   9.7315743e-02
   1.0606703e-01
   1.1436278e-01
   1.2201565e-01
   1.2882979e-01
   1.3460281e-01
   1.3913085e-01
   1.4221740e-01
   1.4368569e-01
   1.4339397e-01
   1.4125202e-01
   1.3723672e-01
   1.3140419e-01
   1.2389617e-01
   1.1493854e-01
   1.0483140e-01
   9.3930773e-02
   8.3615895e-02
   9.4597034e-02
   1.0568390e-01
   1.1667205e-01
   1.2734429e-01
   1.3747074e-01
   1.4680906e-01
   1.5510614e-01
   1.6210271e-01
   1.6754155e-01
   1.7118000e-01
   1.7280600e-01
   1.7225685e-01
   1.6943840e-01
   1.6434222e-01
   1.5705803e-01
   1.4777868e-01
   1.3679585e-01
   1.2448588e-01
   1.1128632e-01
   9.4795754e-02
   1.0745882e-01
   1.2029341e-01
   1.3305920e-01
   1.4549574e-01
   1.5732318e-01
   1.6824393e-01
   1.7794675e-01
   1.8611436e-01
   1.9243542e-01
   1.9662096e-01
   1.9842439e-01
   1.9766353e-01
   1.9424224e-01
   1.8816872e-01
   1.7956753e-01
   1.6868270e-01
   1.5587008e-01
   1.4157870e-01
   1.2632222e-01
   1.0213047e-01
   1.1604494e-01
   1.3021317e-01
   1.4436774e-01
   1.5821281e-01
   1.7142539e-01
   1.8365870e-01
   1.9454863e-01
   2.0372472e-01
   2.1082591e-01
   2.1552094e-01
   2.1753203e-01
   2.1665987e-01
   2.1280720e-01
   2.0599767e-01
   1.9638704e-01
   1.8426403e-01
   1.7003936e-01
   1.5422291e-01
   1.3739062e-01
   1.0457961e-01
   1.1914876e-01
   1.3406223e-01
   1.4903835e-01
   1.6375865e-01
   1.7786974e-01
   1.9098802e-01
   2.0270853e-01
   2.1261891e-01
   2.2031862e-01
   2.2544267e-01
   2.2768844e-01
   2.2684293e-01
   2.2280757e-01
   2.1561718e-01
   2.0545012e-01
   1.9262691e-01
   1.7759642e-01
   1.6090966e-01
   1.4318333e-01
   1.0179517e-01
   1.1633093e-01
   1.3129789e-01
   1.4641513e-01
   1.6135783e-01
   1.7575933e-01
   1.8921697e-01
   2.0130269e-01
   2.1157936e-01
   2.1962239e-01
   2.2504607e-01
   2.2753218e-01
   2.2685871e-01
   2.2292510e-01
   2.1577087e-01
   2.0558458e-01
   1.9270083e-01
   1.7758435e-01
   1.6080183e-01
   1.4298373e-01
   9.4202648e-02
   1.0802133e-01
   1.2234105e-01
   1.3689662e-01
   1.5137406e-01
   1.6541272e-01
   1.7861154e-01
   1.9054072e-01
   2.0075916e-01
   2.0883747e-01
   2.1438519e-01
   2.1708020e-01
   2.1669746e-01
   2.1313402e-01
   2.0642687e-01
   1.9676090e-01
   1.8446489e-01
   1.6999482e-01
   1.5390527e-01
   1.3681143e-01
   8.2894461e-02
   9.5411627e-02
   1.0847129e-01
   1.2183656e-01
   1.3521995e-01
   1.4828515e-01
   1.6065324e-01
   1.7191437e-01
   1.8164524e-01
   1.8943187e-01
   1.9489632e-01
   1.9772528e-01
   1.9769785e-01
   1.9470925e-01
   1.8878769e-01
   1.8010153e-01
   1.6895506e-01
   1.5577224e-01
   1.4106947e-01
   1.2541950e-01
   6.9372598e-02
   8.0175388e-02
   9.1527414e-02
   1.0322857e-01
   1.1502956e-01
   1.2663318e-01
   1.3769989e-01
   1.4785869e-01
   1.5672340e-01
   1.6391386e-01
   1.6908071e-01
   1.7193184e-01
   1.7225798e-01
   1.6995450e-01
   1.6503690e-01
   1.5764741e-01
   1.4805125e-01
   1.3662200e-01
   1.2381697e-01
   1.1014484e-01
   5.5223779e-02
   6.4106244e-02
   7.3510100e-02
   8.3275634e-02
   9.3198241e-02
   1.0302906e-01
   1.1247963e-01
   1.2123123e-01
   1.2894908e-01
   1.3530087e-01
   1.3997855e-01
   1.4272150e-01
   1.4333908e-01
   1.4172997e-01
   1.3789598e-01
   1.3194820e-01
   1.2410421e-01
   1.1467586e-01
   1.0404826e-01
   9.2652181e-02
   4.1823166e-02
   4.8781003e-02
   5.6203989e-02
   6.3971832e-02
   7.1925678e-02
   7.9868197e-02
   8.7567088e-02
   9.4762564e-02
   1.0117893e-01
   1.0653984e-01
   1.1058637e-01
   1.1309636e-01
   1.1390335e-01
   1.1291306e-01
   1.1011528e-01
   1.0558968e-01
   9.9504082e-02
   9.2104961e-02
   8.3700651e-02
   7.4638841e-02
   3.0139605e-02
   3.5331589e-02
   4.0914285e-02
   4.6802336e-02
   5.2879180e-02
   5.8996706e-02
   6.4977649e-02
   7.0621143e-02
   7.5711565e-02
   8.0030378e-02
   8.3370272e-02
   8.5550523e-02
   8.6432161e-02
   8.5931373e-02
   8.4029513e-02
   8.0778301e-02
   7.6299197e-02
   7.0776560e-02
   6.4444961e-02
   5.7571822e-02
   2.0671154e-02
   2.4361672e-02
   2.8361672e-02
   3.2614226e-02
   3.7038588e-02
   4.1529596e-02
   4.5959113e-02
   5.0179847e-02
   5.4031674e-02
   5.7350281e-02
   5.9977646e-02
   6.1773597e-02
   6.2627397e-02
   6.2468197e-02
   6.1273084e-02
   5.9071621e-02
   5.5946046e-02
   5.2026747e-02
   4.7483234e-02
   4.2511428e-02
