   1.1754268e-03
   8.0437258e-04
   3.7661713e-04
   1.2060587e-04
   2.6402321e-05
   3.9487366e-06
   4.0545990e-07
   7.4253256e-08
   6.4296278e-07
   6.1974041e-06
   4.2007825e-05
   2.0274161e-04
   7.1198912e-04
   1.8777860e-03
   3.8824190e-03
   6.6209163e-03
   9.7408038e-03
   1.2551927e-02
   1.3774542e-02
   1.2187162e-02
   2.0985194e-03
   1.4360669e-03
   6.7238418e-04
   2.1532074e-04
   4.7136738e-05
   7.0497737e-06
   7.2368871e-07
   1.2885515e-07
   1.0981492e-06
   1.0608110e-05
   7.2130984e-05
   3.4959175e-04
   1.2341794e-03
   3.2733304e-03
   6.7936713e-03
   1.1565037e-02
   1.6832358e-02
   2.1286572e-02
   2.2869816e-02
   1.9862532e-02
   3.5198756e-03
   2.4087349e-03
   1.1277993e-03
   3.6116045e-04
   7.9063102e-05
   1.1824672e-05
   1.2135520e-06
   2.1022850e-07
   1.7629041e-06
   1.7069590e-05
   1.1645614e-04
   5.6696113e-04
   2.0129119e-03
   5.3716880e-03
   1.1201194e-02
   1.9063611e-02
   2.7513736e-02
   3.4234557e-02
   3.6075060e-02
   3.0783491e-02
   5.5467553e-03
   3.7957770e-03
   1.7772295e-03
   5.6913052e-04
   1.2459068e-04
   1.8633758e-05
   1.9119119e-06
   3.2247002e-07
   2.6601358e-06
   2.5821809e-05
   1.7679930e-04
   8.6487952e-04
   3.0892610e-03
   8.2994121e-03
   1.7401825e-02
   2.9651342e-02
   4.2528907e-02
   5.2196939e-02
   5.4055236e-02
   4.5371156e-02
   8.2119910e-03
   5.6196614e-03
   2.6311946e-03
   8.4259977e-04
   1.8445694e-04
   2.7587323e-05
   2.8299604e-06
   4.6504968e-07
   3.7731511e-06
   3.6724208e-05
   2.5241065e-04
   1.2411031e-03
   4.4618365e-03
   1.2073777e-02
   2.5475227e-02
   4.3514428e-02
   6.2150657e-02
   7.5424846e-02
   7.6926313e-02
   6.3596589e-02
   1.1422365e-02
   7.8165970e-03
   3.6598268e-03
   1.1720035e-03
   2.5656805e-04
   3.8372209e-05
   3.9354643e-06
   6.3055904e-07
   5.0309381e-06
   4.9107336e-05
   3.3890518e-04
   1.6755346e-03
   6.0652949e-03
   1.6540442e-02
   3.5145086e-02
   6.0249866e-02
   8.5852322e-02
   1.0326541e-01
   1.0395302e-01
   8.4777888e-02
   1.4926638e-02
   1.0214655e-02
   4.7826270e-03
   1.5315630e-03
   3.3528069e-04
   5.0144402e-05
   5.1417951e-06
   8.0384558e-07
   6.3060747e-06
   6.1744314e-05
   4.2798620e-04
   2.1283325e-03
   7.7611095e-03
   2.1340919e-02
   4.5695426e-02
   7.8706614e-02
   1.1208365e-01
   1.3392639e-01
   1.3336677e-01
   1.0747901e-01
   1.8325955e-02
   1.2540889e-02
   5.8717982e-03
   1.8803535e-03
   4.1163581e-04
   6.1563992e-05
   6.3115604e-06
   9.6348275e-07
   7.4311780e-06
   7.3002135e-05
   5.0839776e-04
   2.5440030e-03
   9.3494995e-03
   2.5935841e-02
   5.6000013e-02
   9.7008681e-02
   1.3828544e-01
   1.6450131e-01
   1.6242058e-01
   1.2958537e-01
   2.1138300e-02
   1.4465443e-02
   6.7728984e-03
   2.1689170e-03
   4.7480643e-04
   7.1011704e-05
   7.2788352e-06
   1.0857845e-06
   8.2332249e-06
   8.1170201e-05
   5.6812652e-04
   2.8618314e-03
   1.0604972e-02
   2.9694299e-02
   6.4693955e-02
   1.1281816e-01
   1.6122631e-01
   1.9134192e-01
   1.8774592e-01
   1.4858959e-01
   2.2907223e-02
   1.5675959e-02
   7.3396770e-03
   2.3504191e-03
   5.1453980e-04
   7.6954151e-05
   7.8866057e-06
   1.1504711e-06
   8.5767752e-06
   8.4882502e-05
   5.9731550e-04
   3.0302604e-03
   1.1328083e-02
   3.2033250e-02
   7.0462742e-02
   1.2380955e-01
   1.7763315e-01
   2.1074762e-01
   2.0597559e-01
   1.6205036e-01
   2.3322433e-02
   1.5960098e-02
   7.4727139e-03
   2.3930222e-03
   5.2386621e-04
   7.8348955e-05
   8.0282586e-06
   1.1461571e-06
   8.4013815e-06
   8.3491483e-05
   5.9092775e-04
   3.0205919e-03
   1.1397345e-02
   3.2565623e-02
   7.2367419e-02
   1.2822919e-01
   1.8495566e-01
   2.1980346e-01
   2.1448278e-01
   1.6811343e-01
   2.2308702e-02
   1.5266377e-02
   7.1479055e-03
   2.2890073e-03
   5.0109588e-04
   7.4943405e-05
   7.6781290e-06
   1.0736265e-06
   7.7389891e-06
   7.7252941e-05
   5.5016999e-04
   2.8349994e-03
   1.0802688e-02
   3.1205365e-02
   7.0095421e-02
   1.2535528e-01
   1.8202034e-01
   2.1710636e-01
   2.1201330e-01
   1.6594139e-01
   2.0048124e-02
   1.3719410e-02
   6.4235964e-03
   2.0570584e-03
   4.5031900e-04
   6.7349231e-05
   6.8990943e-06
   9.4559989e-07
   6.7044406e-06
   6.7249345e-05
   4.8212240e-04
   2.5057730e-03
   9.6477795e-03
   2.8190182e-02
   6.4044698e-02
   1.1569192e-01
   1.6934201e-01
   2.0312875e-01
   1.9899887e-01
   1.5591232e-01
   1.6926692e-02
   1.1583339e-02
   5.4234619e-03
   1.7367806e-03
   3.8020570e-04
   5.6863132e-05
   5.8241310e-06
   7.8308970e-07
   5.4629575e-06
   5.5083076e-05
   3.9772985e-04
   2.0861439e-03
   8.1205134e-03
   2.4013703e-02
   5.5209983e-02
   1.0082524e-01
   1.4897819e-01
   1.8008789e-01
   1.7744103e-01
   1.3952021e-01
   1.3426697e-02
   9.1882094e-03
   4.3020326e-03
   1.3776601e-03
   3.0158916e-04
   4.5105310e-05
   4.6192586e-06
   6.0977674e-07
   4.1872317e-06
   4.2458874e-05
   3.0893653e-04
   1.6362657e-03
   6.4431782e-03
   1.9293647e-02
   4.4915770e-02
   8.2997870e-02
   1.2398265e-01
   1.5136959e-01
   1.5040696e-01
   1.1901106e-01
   1.0006100e-02
   6.8474132e-03
   3.2060430e-03
   1.0266862e-03
   2.2475604e-04
   3.3614227e-05
   3.4420341e-06
   4.4646913e-07
   3.0193426e-06
   3.0804129e-05
   2.2598945e-04
   1.2094042e-03
   4.8204164e-03
   1.4624232e-02
   3.4494331e-02
   6.4558426e-02
   9.7657487e-02
   1.2071262e-01
   1.2131206e-01
   9.6876738e-02
   7.0058169e-03
   4.7942477e-03
   2.2447257e-03
   7.1883903e-04
   1.5736397e-04
   2.3535145e-05
   2.4096803e-06
   3.0738314e-07
   2.0485306e-06
   2.1038618e-05
   1.5571877e-04
   8.4257096e-04
   3.4013523e-03
   1.0460556e-02
   2.5015224e-02
   4.7470682e-02
   7.2855023e-02
   9.1424139e-02
   9.3221101e-02
   7.5364277e-02
   4.6084055e-03
   3.1536419e-03
   1.4765739e-03
   4.7285018e-04
   1.0351355e-04
   1.5481342e-05
   1.5849102e-06
   1.9899610e-07
   1.3079239e-06
   1.3529428e-05
   1.0109575e-04
   5.5344793e-04
   2.2642507e-03
   7.0630276e-03
   1.7136998e-02
   3.3017048e-02
   5.1525875e-02
   6.5847556e-02
   6.8361604e-02
   5.6131822e-02
   2.8480014e-03
   1.9489553e-03
   9.1252484e-04
   2.9222211e-04
   6.3971527e-05
   9.5674889e-06
   9.7937802e-07
   1.2114183e-07
   7.8596910e-07
   8.1939072e-06
   6.1855581e-05
   3.4285388e-04
   1.4224447e-03
   4.5032708e-03
   1.1095318e-02
   2.1738008e-02
   3.4588723e-02
   4.5178932e-02
   4.7938729e-02
   4.0112340e-02
   1.6535864e-03
   1.1315886e-03
   5.2982370e-04
   1.6966793e-04
   3.7142694e-05
   5.5550056e-06
   5.6858584e-07
   6.9348896e-08
   4.4462422e-07
   4.6747416e-06
   3.5678286e-05
   2.0037307e-04
   8.4358094e-04
   2.7122709e-03
   6.7931098e-03
   1.3561236e-02
   2.2074010e-02
   2.9593170e-02
   3.2225299e-02
   2.7568340e-02
