   2.1018856e-03
   4.0201517e-03
   6.4738830e-03
   8.6065178e-03
   9.3650946e-03
   8.3122330e-03
   6.0126528e-03
   3.5542771e-03
   1.7510857e-03
   8.0776962e-04
   5.4990748e-04
   8.0354905e-04
   1.6220520e-03
   3.3257156e-03
   6.3511668e-03
   1.0856609e-02
   1.6201077e-02
   2.0772735e-02
   2.2652344e-02
   2.0865262e-02
   3.0152736e-03
   5.5289578e-03
   8.7363845e-03
   1.1522085e-02
   1.2497095e-02
   1.1078952e-02
   8.0153444e-03
   4.7552869e-03
   2.3916385e-03
   1.2138305e-03
   1.0114053e-03
   1.5788151e-03
   3.0191985e-03
   5.7882220e-03
   1.0459786e-02
   1.7155823e-02
   2.4842393e-02
   3.1161175e-02
   3.3429221e-02
   3.0402893e-02
   4.1390938e-03
   7.1037723e-03
   1.0868957e-02
   1.4134600e-02
   1.5242067e-02
   1.3483585e-02
   9.7581726e-03
   5.8270050e-03
   3.0368828e-03
   1.7738272e-03
   1.8229452e-03
   2.9785712e-03
   5.4207557e-03
   9.7617227e-03
   1.6702830e-02
   2.6245078e-02
   3.6787746e-02
   4.5023939e-02
   4.7396000e-02
   4.2462181e-02
   5.5423369e-03
   8.6499137e-03
   1.2560015e-02
   1.5942063e-02
   1.7015209e-02
   1.4994654e-02
   1.0858353e-02
   6.5602005e-03
   3.6306378e-03
   2.5625075e-03
   3.1874575e-03
   5.3411146e-03
   9.2973187e-03
   1.5823216e-02
   2.5711627e-02
   3.8733217e-02
   5.2533903e-02
   6.2673880e-02
   6.4663754e-02
   5.6999352e-02
   7.3513443e-03
   1.0167713e-02
   1.3640677e-02
   1.6626499e-02
   1.7429503e-02
   1.5255561e-02
   1.1060203e-02
   6.8233144e-03
   4.1611953e-03
   3.6861848e-03
   5.3385001e-03
   9.0294914e-03
   1.5111623e-02
   2.4463723e-02
   3.7905321e-02
   5.4866689e-02
   7.2087997e-02
   8.3878413e-02
   8.4835688e-02
   7.3574664e-02
   9.6980851e-03
   1.1752451e-02
   1.4154061e-02
   1.6184394e-02
   1.6454479e-02
   1.4231026e-02
   1.0340742e-02
   6.6187161e-03
   4.6719687e-03
   5.2511066e-03
   8.4635387e-03
   1.4303560e-02
   2.3134992e-02
   3.5848980e-02
   5.3201698e-02
   7.4206372e-02
   9.4639089e-02
   1.0756232e-01
   1.0677205e-01
   9.1192123e-02
   1.2603443e-02
   1.3504539e-02
   1.4304326e-02
   1.4910602e-02
   1.4421405e-02
   1.2219032e-02
   8.9174872e-03
   6.0778403e-03
   5.2334347e-03
   7.2970712e-03
   1.2583054e-02
   2.1136553e-02
   3.3209655e-02
   4.9552020e-02
   7.0752046e-02
   9.5393530e-02
   1.1837358e-01
   1.3167780e-01
   1.2850824e-01
   1.0825247e-01
   1.5847825e-02
   1.5389542e-02
   1.4306716e-02
   1.3240633e-02
   1.1869929e-02
   9.7204468e-03
   7.1528217e-03
   5.3950441e-03
   5.8850610e-03
   9.7186878e-03
   1.7427329e-02
   2.9041909e-02
   4.4548130e-02
   6.4373084e-02
   8.8836805e-02
   1.1615751e-01
   1.4059359e-01
   1.5339452e-01
   1.4745932e-01
   1.2272371e-01
   1.8922957e-02
   1.7144049e-02
   1.4234623e-02
   1.1546562e-02
   9.3255853e-03
   7.2410772e-03
   5.4094409e-03
   4.7380569e-03
   6.5809843e-03
   1.2220689e-02
   2.2384341e-02
   3.7016157e-02
   5.5700059e-02
   7.8383149e-02
   1.0504268e-01
   1.3365573e-01
   1.5819633e-01
   1.6964361e-01
   1.6093276e-01
   1.3254706e-01
   2.1138417e-02
   1.8315591e-02
   1.3968844e-02
   1.0006109e-02
   7.1293751e-03
   5.1309725e-03
   3.9335736e-03
   4.1856651e-03
   7.1783205e-03
   1.4353289e-02
   2.6586662e-02
   4.3690218e-02
   6.4788580e-02
   8.9273101e-02
   1.1675074e-01
   1.4510459e-01
   1.6840910e-01
   1.7787468e-01
   1.6680922e-01
   1.3616642e-01
   2.1867873e-02
   1.8443217e-02
   1.3284498e-02
   8.6057021e-03
   5.3916514e-03
   3.5273383e-03
   2.8147988e-03
   3.7222842e-03
   7.4843433e-03
   1.5637974e-02
   2.9146277e-02
   4.7693993e-02
   7.0004251e-02
   9.4957500e-02
   1.2182195e-01
   1.4851455e-01
   1.6953258e-01
   1.7675329e-01
   1.6413648e-01
   1.3297729e-01
   2.0818177e-02
   1.7284245e-02
   1.2014028e-02
   7.2456837e-03
   4.0576699e-03
   2.3971515e-03
   2.0197315e-03
   3.2815606e-03
   7.3416010e-03
   1.5738953e-02
   2.9457530e-02
   4.8112099e-02
   7.0191168e-02
   9.4227791e-02
   1.1923986e-01
   1.4326152e-01
   1.6141046e-01
   1.6652362e-01
   1.5339265e-01
   1.2350333e-01
   1.8170046e-02
   1.4951347e-02
   1.0175306e-02
   5.8595102e-03
   3.0149883e-03
   1.6259297e-03
   1.4597787e-03
   2.8043889e-03
   6.7042446e-03
   1.4597874e-02
   2.7428260e-02
   4.4824863e-02
   6.5266494e-02
   8.7174713e-02
   1.0944482e-01
   1.3026754e-01
   1.4544528e-01
   1.4889905e-01
   1.3631682e-01
   1.0922800e-01
   1.4508211e-02
   1.1878351e-02
   7.9863467e-03
   4.4718523e-03
   2.1737685e-03
   1.0952622e-03
   1.0496543e-03
   2.2762515e-03
   5.6632012e-03
   1.2460495e-02
   2.3519318e-02
   3.8560734e-02
   5.6263945e-02
   7.5175634e-02
   9.4206651e-02
   1.1171993e-01
   1.2417159e-01
   1.2654886e-01
   1.1539782e-01
   9.2165827e-02
   1.0584964e-02
   8.6420096e-03
   5.7706655e-03
   3.1789094e-03
   1.4920625e-03
   7.2074456e-04
   7.3474216e-04
   1.7293400e-03
   4.4091078e-03
   9.7814879e-03
   1.8570406e-02
   3.0629694e-02
   4.4973237e-02
   6.0444343e-02
   7.6087122e-02
   9.0450264e-02
   1.0057336e-01
   1.0240536e-01
   9.3243726e-02
   7.4360264e-02
   7.0515982e-03
   5.7482681e-03
   3.8236781e-03
   2.0869593e-03
   9.5993714e-04
   4.5420393e-04
   4.9012641e-04
   1.2185887e-03
   3.1576092e-03
   7.0593620e-03
   1.3503067e-02
   2.2472474e-02
   3.3350397e-02
   4.5349281e-02
   5.7720948e-02
   6.9220242e-02
   7.7403129e-02
   7.9045004e-02
   7.2060194e-02
   5.7489490e-02
   4.2878894e-03
   3.4923565e-03
   2.3181251e-03
   1.2587275e-03
   5.7266403e-04
   2.6950879e-04
   3.0667023e-04
   7.9226587e-04
   2.0780077e-03
   4.6838943e-03
   9.0449434e-03
   1.5239267e-02
   2.2968492e-02
   3.1793453e-02
   4.1196821e-02
   5.0160292e-02
   5.6706590e-02
   5.8307341e-02
   5.3364507e-02
   4.2671537e-02
   2.3793881e-03
   1.9370158e-03
   1.2842205e-03
   6.9536203e-04
   3.1464555e-04
   1.4879474e-04
   1.7816607e-04
   4.7389400e-04
   1.2561154e-03
   2.8577604e-03
   5.5849226e-03
   9.5626234e-03
   1.4716311e-02
   2.0874839e-02
   2.7730762e-02
   3.4500345e-02
   3.9633117e-02
   4.1184228e-02
   3.7937151e-02
   3.0455605e-02
   1.2047608e-03
   9.8051508e-04
   6.4964982e-04
   3.5123616e-04
   1.5858729e-04
   7.5870190e-05
   9.5545457e-05
   2.6040738e-04
   6.9740127e-04
   1.6041065e-03
   3.1821244e-03
   5.5624505e-03
   8.7952290e-03
   1.2878260e-02
   1.7665949e-02
   2.2595267e-02
   2.6498442e-02
   2.7916819e-02
   2.5935272e-02
   2.0928190e-02
   5.5657085e-04
   4.5290889e-04
   2.9997326e-04
   1.6205898e-04
   7.3155177e-05
   3.5575941e-05
   4.7144698e-05
   1.3137311e-04
   3.5572831e-04
   8.2907617e-04
   1.6757785e-03
   3.0076037e-03
   4.9224080e-03
   7.5002320e-03
   1.0701320e-02
   1.4149440e-02
   1.7004244e-02
   1.8205636e-02
   1.7079850e-02
   1.3861119e-02
