   3.7562707e-04
   2.9555256e-04
   1.8288364e-04
   9.1932736e-05
   3.9007795e-05
   1.4330310e-05
   4.7354620e-06
   3.0357888e-06
   1.1527568e-05
   5.3653339e-05
   2.0265264e-04
   6.1833187e-04
   1.5513945e-03
   3.2800130e-03
   6.0215054e-03
   9.8549012e-03
   1.4473738e-02
   1.8701494e-02
   2.0538269e-02
   1.8545702e-02
   8.2977263e-04
   6.5912001e-04
   4.1505068e-04
   2.1463676e-04
   9.4563787e-05
   3.6096624e-05
   1.2148551e-05
   6.7351108e-06
   2.2539103e-05
   1.0348501e-04
   3.8793718e-04
   1.1732754e-03
   2.9115570e-03
   6.0677501e-03
   1.0927712e-02
   1.7459658e-02
   2.4971574e-02
   3.1452857e-02
   3.3779523e-02
   2.9936651e-02
   1.6931518e-03
   1.3603445e-03
   8.7423419e-04
   4.6652435e-04
   2.1370523e-04
   8.4634181e-05
   2.9000027e-05
   1.4135280e-05
   4.0812333e-05
   1.8443394e-04
   6.8668024e-04
   2.0609106e-03
   5.0670000e-03
   1.0435150e-02
   1.8499265e-02
   2.8966233e-02
   4.0481971e-02
   4.9821300e-02
   5.2395291e-02
   4.5602855e-02
   3.1926898e-03
   2.6001671e-03
   1.7106196e-03
   9.4462976e-04
   4.5014517e-04
   1.8455820e-04
   6.4322492e-05
   2.8070055e-05
   6.8508568e-05
   3.0374391e-04
   1.1239041e-03
   3.3509954e-03
   8.1755452e-03
   1.6676305e-02
   2.9191219e-02
   4.4956260e-02
   6.1603722e-02
   7.4274832e-02
   7.6622504e-02
   6.5564615e-02
   5.5662606e-03
   4.6064742e-03
   3.1122256e-03
   1.7826386e-03
   8.8341529e-04
   3.7397105e-04
   1.3239038e-04
   5.2688865e-05
   1.0675419e-04
   4.6230569e-04
   1.7010632e-03
   5.0440005e-03
   1.2229922e-02
   2.4760299e-02
   4.2916627e-02
   6.5224701e-02
   8.7925393e-02
   1.0414088e-01
   1.0559531e-01
   8.8957472e-02
   8.9778679e-03
   7.5705318e-03
   5.2692313e-03
   3.1360063e-03
   1.6143282e-03
   7.0349130e-04
   2.5257211e-04
   9.3288755e-05
   1.5469205e-04
   6.5042147e-04
   2.3812539e-03
   7.0300073e-03
   1.6965242e-02
   3.4159255e-02
   5.8778236e-02
   8.8424880e-02
   1.1762785e-01
   1.3723561e-01
   1.3706538e-01
   1.1386849e-01
   1.3405371e-02
   1.1552294e-02
   8.3080515e-03
   5.1427098e-03
   2.7447671e-03
   1.2274471e-03
   4.4619519e-04
   1.5536807e-04
   2.0889742e-04
   8.4613620e-04
   3.0839921e-03
   9.0756773e-03
   2.1832798e-02
   4.3804793e-02
   7.5008838e-02
   1.1200642e-01
   1.4744976e-01
   1.6988932e-01
   1.6749308e-01
   1.3746046e-01
   1.8544238e-02
   1.6382949e-02
   1.2205956e-02
   7.8594300e-03
   4.3384398e-03
   1.9847181e-03
   7.2931535e-04
   2.4264090e-04
   2.6356990e-04
   1.0182638e-03
   3.6968644e-03
   1.0859039e-02
   2.6083321e-02
   5.2250663e-02
   8.9238442e-02
   1.3259912e-01
   1.7318419e-01
   1.9752160e-01
   1.9262239e-01
   1.5644796e-01
   2.3786136e-02
   2.1611313e-02
   1.6715465e-02
   1.1188185e-02
   6.3691581e-03
   2.9717071e-03
   1.1021903e-03
   3.5423727e-04
   3.1160777e-04
   1.1342914e-03
   4.1042535e-03
   1.2051448e-02
   2.8955750e-02
   5.8030771e-02
   9.9067513e-02
   1.4680919e-01
   1.9065518e-01
   2.1569461e-01
   2.0845514e-01
   1.6784581e-01
   2.8314457e-02
   2.6538852e-02
   2.1339685e-02
   1.4825318e-02
   8.6767106e-03
   4.1173564e-03
   1.5392189e-03
   4.8208645e-04
   3.4623641e-04
   1.1705705e-03
   4.2235648e-03
   1.2419070e-02
   2.9907520e-02
   6.0091802e-02
   1.0275608e-01
   1.5216993e-01
   1.9686560e-01
   2.2131715e-01
   2.1232462e-01
   1.6976160e-01
   3.1308276e-02
   3.0358597e-02
   2.5393379e-02
   1.8271456e-02
   1.0959009e-02
   5.2755426e-03
   1.9853781e-03
   6.1009469e-04
   3.6258233e-04
   1.1203672e-03
   4.0332135e-03
   1.1900070e-02
   2.8788050e-02
   5.8119015e-02
   9.9746396e-02
   1.4786748e-01
   1.9086875e-01
   2.1353874e-01
   2.0366419e-01
   1.6193837e-01
   3.2186221e-02
   3.2365701e-02
   2.8154802e-02
   2.0925795e-02
   1.2822550e-02
   6.2476814e-03
   2.3643902e-03
   7.1653401e-04
   3.5865357e-04
   9.9594569e-04
   3.5791193e-03
   1.0621634e-02
   2.5876796e-02
   5.2611650e-02
   9.0795296e-02
   1.3493770e-01
   1.7400417e-01
   1.9396772e-01
   1.8415719e-01
   1.4582632e-01
   3.0790011e-02
   3.2166129e-02
   2.9069050e-02
   2.2250159e-02
   1.3888036e-02
   6.8355625e-03
   2.5989231e-03
   7.7972991e-04
   3.3552920e-04
   8.2377579e-04
   2.9569633e-03
   8.8503437e-03
   2.1772994e-02
   4.4684661e-02
   7.7675910e-02
   1.1587183e-01
   1.4941831e-01
   1.6613513e-01
   1.5720984e-01
   1.2415146e-01
   2.7428412e-02
   2.9800408e-02
   2.7927542e-02
   2.1944980e-02
   1.3914978e-02
   6.9066014e-03
   2.6360703e-03
   7.8518660e-04
   2.9689731e-04
   6.3539231e-04
   2.2794661e-03
   6.9019465e-03
   1.7195395e-02
   3.5701852e-02
   6.2605747e-02
   9.3832867e-02
   1.2110353e-01
   1.3444932e-01
   1.2697361e-01
   1.0015667e-01
   2.2766395e-02
   2.5730419e-02
   2.4945283e-02
   2.0059338e-02
   1.2889844e-02
   6.4423969e-03
   2.4667305e-03
   7.3097571e-04
   2.4820413e-04
   4.5821091e-04
   1.6439488e-03
   5.0521742e-03
   1.2783232e-02
   2.6905153e-02
   4.7653192e-02
   7.1820203e-02
   9.2858405e-02
   1.0306761e-01
   9.7304508e-02
   7.6807655e-02
   1.7613778e-02
   2.0695035e-02
   2.0696859e-02
   1.6979887e-02
   1.1033649e-02
   5.5463234e-03
   2.1291999e-03
   6.2865969e-04
   1.9561601e-04
   3.0984338e-04
   1.1125158e-03
   3.4817509e-03
   8.9706377e-03
   1.9171696e-02
   3.4330361e-02
   5.2073301e-02
   6.7529571e-02
   7.5072846e-02
   7.1013113e-02
   5.6229830e-02
   1.2703801e-02
   1.5495025e-02
   1.5936157e-02
   1.3300913e-02
   8.7239285e-03
   4.4059474e-03
   1.6950549e-03
   4.9919573e-04
   1.4493456e-04
   1.9705477e-04
   7.0868024e-04
   2.2656735e-03
   5.9569451e-03
   1.2942954e-02
   2.3451178e-02
   3.5838888e-02
   4.6703035e-02
   5.2143177e-02
   4.9577941e-02
   3.9505122e-02
   8.5405767e-03
   1.0791400e-02
   1.1377363e-02
   9.6357271e-03
   6.3689850e-03
   3.2290045e-03
   1.2444496e-03
   3.6583812e-04
   1.0064095e-04
   1.1820661e-04
   4.2621726e-04
   1.3955653e-03
   3.7498840e-03
   8.2894773e-03
   1.5209608e-02
   2.3456210e-02
   3.0802888e-02
   3.4674221e-02
   3.3282386e-02
   2.6795003e-02
   5.3500535e-03
   6.9845602e-03
   7.5252091e-03
   6.4521949e-03
   4.2920291e-03
   2.1828618e-03
   8.4247993e-04
   2.4736356e-04
   6.5298452e-05
   6.7038146e-05
   2.4263293e-04
   8.1505974e-04
   2.2397371e-03
   5.0393391e-03
   9.3727447e-03
   1.4622024e-02
   1.9429376e-02
   2.2167988e-02
   2.1597619e-02
   1.7649371e-02
   3.1210461e-03
   4.1973783e-03
   4.6077244e-03
   3.9916058e-03
   2.6691951e-03
   1.3609964e-03
   5.2589629e-04
   1.5428053e-04
   3.9479352e-05
   3.5997025e-05
   1.3096118e-04
   4.5165365e-04
   1.2692131e-03
   2.9072437e-03
   5.4895331e-03
   8.6933880e-03
   1.1752300e-02
   1.3679025e-02
   1.3609875e-02
   1.1342642e-02
