   1.0261071e+00   9.5467827e-01   4.3059652e-01
   9.1759735e-01   2.0133365e-01   1.6443246e+00
   1.5307363e+00   1.7913872e-02   1.3242315e+00
   2.1446306e+00   6.8969555e-03   9.4888455e-02
   2.4300654e+00   1.3388603e-02   2.6177658e-03
   2.5104292e+00   3.2231599e-02   1.4019291e-04
   2.5013911e+00   7.9613151e-02   1.8074567e-05
   2.4230190e+00   1.9141864e-01   5.7558928e-06
   2.2292381e+00   4.2211852e-01   4.4071408e-06
   1.8518448e+00   7.6761779e-01   7.4413430e-06
   1.3386227e+00   9.9235273e-01   2.2848429e-05
   9.5844624e-01   8.4233316e-01   9.0694804e-05
   8.9463893e-01   5.4550635e-01   3.0558096e-04
   1.0959328e+00   3.7591223e-01   6.6678542e-04
   1.4046149e+00   3.4299588e-01   1.0026112e-03
   1.6264722e+00   4.0715358e-01   1.3755660e-03
   1.6553751e+00   5.4263087e-01   2.2402665e-03
   1.5094818e+00   6.9001245e-01   4.8625511e-03
   1.2950170e+00   7.4371986e-01   1.3420883e-02
   1.1524306e+00   6.5717636e-01   3.9925510e-02
   1.1668318e+00   5.0634863e-01   1.0495240e-01
   1.3435365e+00   3.7602216e-01   2.1257003e-01
   1.6398162e+00   2.9138644e-01   3.1972416e-01
   1.9662832e+00   2.5133970e-01   3.7265314e-01
   2.1591428e+00   2.5108080e-01   3.7465011e-01
   2.2384009e+00   2.7469963e-01   3.7626979e-01
   2.2487687e+00   3.0227961e-01   4.1344469e-01
   2.2295957e+00   3.0533036e-01   4.9990360e-01
   2.2198553e+00   2.6633092e-01   6.1054298e-01
   2.2488095e+00   2.0721969e-01   6.5042588e-01
   2.3082365e+00   1.6977136e-01   5.3912419e-01
   2.3595977e+00   1.7602925e-01   3.6611139e-01
   2.3721722e+00   2.3280025e-01   2.5778525e-01
   2.3308542e+00   3.3846935e-01   2.4004988e-01
   2.1514162e+00   4.4946172e-01   3.2499811e-01
   1.9767573e+00   4.2619104e-01   5.8429684e-01
   2.0121599e+00   2.4212900e-01   9.9608832e-01
   2.1865989e+00   1.0252300e-01   9.6472747e-01
   2.3700709e+00   6.7059692e-02   3.9562701e-01
   2.4607341e+00   9.8193643e-02   1.0612250e-01
   2.4656291e+00   2.0271780e-01   4.1682220e-02
   2.2565513e+00   4.2669974e-01   3.3798912e-02
   1.8741620e+00   7.3630104e-01   5.7687947e-02
   1.4002241e+00   8.4784789e-01   1.6990278e-01
   1.1463964e+00   5.1335816e-01   5.7620686e-01
   1.4530924e+00   1.5167395e-01   1.1832020e+00
   1.9828982e+00   4.4692426e-02   7.1784366e-01
   2.3380173e+00   3.9677275e-02   1.2832870e-01
   2.4712384e+00   7.9187143e-02   2.0366932e-02
   2.4323367e+00   1.8375627e-01   6.4511968e-03
   2.2483131e+00   4.0470965e-01   4.7417914e-03
   1.8830417e+00   7.4191386e-01   7.6761950e-03
   1.3776473e+00   9.6772742e-01   2.2780302e-02
   9.9810248e-01   7.9922134e-01   8.8180490e-02
   9.6677712e-01   4.3824563e-01   2.8190292e-01
   1.3241400e+00   2.0418478e-01   4.9417089e-01
   1.8538320e+00   1.2276056e-01   4.0360869e-01
   2.2181788e+00   1.2975799e-01   1.9818891e-01
   2.3597706e+00   2.1039754e-01   1.0286638e-01
   2.2591908e+00   3.8697822e-01   8.6571331e-02
   1.9604795e+00   6.2221909e-01   1.3400488e-01
   1.5882049e+00   6.7540768e-01   3.3352157e-01
   1.4564477e+00   3.6823007e-01   9.0105213e-01
   1.7924369e+00   1.0088075e-01   1.3271779e+00
   2.2082498e+00   3.5320712e-02   5.3554683e-01
   2.4306935e+00   4.3203491e-02   7.5663581e-02
   2.4979558e+00   9.4668338e-02   1.3075723e-02
   2.4093965e+00   2.2214741e-01   4.9514280e-03
   2.1837047e+00   4.7653855e-01   4.3997875e-03
   1.7715207e+00   8.2069883e-01   8.3866735e-03
   1.2635849e+00   9.7013257e-01   2.7531733e-02
   9.5134296e-01   7.2397444e-01   1.0683772e-01
   1.0030410e+00   3.7882893e-01   3.0939112e-01
   1.4273524e+00   1.8530755e-01   4.6882523e-01
   1.9373584e+00   1.2762069e-01   3.4750742e-01
   2.2509683e+00   1.5025912e-01   1.7739655e-01
   2.3551022e+00   2.4946009e-01   1.0662180e-01
   2.2012714e+00   4.4336733e-01   1.0639153e-01
   1.8779497e+00   6.4592128e-01   1.8868212e-01
   1.5549138e+00   5.8562192e-01   4.8749518e-01
   1.6005862e+00   2.5235044e-01   1.1419514e+00
   1.9793696e+00   6.7635416e-02   1.1526878e+00
   2.3179829e+00   3.5118183e-02   3.1185008e-01
   2.4681561e+00   5.7296260e-02   4.3806433e-02
   2.4867016e+00   1.3089209e-01   1.0039779e-02
   2.3471366e+00   3.0124721e-01   5.2565105e-03
   2.0526236e+00   6.0538237e-01   6.3340366e-03
   1.5784056e+00   9.1921365e-01   1.5338056e-02
   1.1104573e+00   9.0858213e-01   5.6395802e-02
   9.3512839e-01   5.6645793e-01   2.0496087e-01
   1.1517229e+00   2.6354987e-01   4.6440684e-01
   1.6764607e+00   1.3260710e-01   4.8957746e-01
   2.1242316e+00   1.1238072e-01   2.5968578e-01
   2.3389554e+00   1.6437541e-01   1.1673470e-01
   2.3343435e+00   3.0366628e-01   7.6753258e-02
   2.0942899e+00   5.4058953e-01   9.3229505e-02
   1.7116663e+00   7.2154345e-01   2.0159558e-01
   1.4117048e+00   5.4524663e-01   5.8183987e-01
   1.6012662e+00   1.8785231e-01   1.2689849e+00
   2.0364250e+00   4.9692156e-02   9.5352700e-01
   2.3554248e+00   3.4657128e-02   1.8953125e-01
   2.4806819e+00   6.5516779e-02   2.6274435e-02
   2.4620169e+00   1.5271064e-01   6.8856654e-03
   2.3040667e+00   3.4555577e-01   4.2060576e-03
   1.9781941e+00   6.6841601e-01   5.8137098e-03
   1.4847121e+00   9.5132762e-01   1.5543907e-02
   1.0498606e+00   8.7120012e-01   5.9149392e-02
   9.3353070e-01   5.2004449e-01   2.0612383e-01
   1.1954559e+00   2.5050820e-01   4.2877424e-01
   1.7212671e+00   1.4025485e-01   4.2964586e-01
   2.1403203e+00   1.3025159e-01   2.4103966e-01
   2.3306098e+00   1.9302702e-01   1.2558319e-01
   2.2934945e+00   3.4389116e-01   9.6963795e-02
   2.0377704e+00   5.6706069e-01   1.3337997e-01
   1.6804802e+00   6.6601792e-01   3.0253814e-01
   1.4975646e+00   4.1455020e-01   8.0598329e-01
   1.7759387e+00   1.2521497e-01   1.3364821e+00
   2.1798405e+00   4.0038061e-02   6.6939028e-01
   2.4169381e+00   4.1538319e-02   1.0720435e-01
   2.4949435e+00   8.7559912e-02   1.7812355e-02
   2.4237752e+00   2.0483378e-01   6.2385929e-03
   2.2143046e+00   4.4499480e-01   5.1114982e-03
   1.8209732e+00   7.8767348e-01   9.0983605e-03
   1.3121034e+00   9.6965434e-01   2.8666149e-02
   9.7194640e-01   7.4910125e-01   1.1118502e-01
   9.9610649e-01   3.8994262e-01   3.3315536e-01
   1.4154937e+00   1.7977438e-01   5.1964591e-01
   1.9348678e+00   1.1558052e-01   3.7367608e-01
   2.2599037e+00   1.3348119e-01   1.7275871e-01
   2.3716777e+00   2.2695691e-01   9.2240154e-02
   2.2298921e+00   4.2124202e-01   8.3738160e-02
   1.9031912e+00   6.5751363e-01   1.4109613e-01
   1.5304969e+00   6.6532768e-01   3.7109051e-01
   1.4530010e+00   3.2603809e-01   9.8758715e-01
   1.8279806e+00   8.4662270e-02   1.2879641e+00
   2.2383333e+00   3.3172313e-02   4.3616786e-01
   2.4428291e+00   4.5875955e-02   5.7874788e-02
   2.4996873e+00   1.0282901e-01   1.0620245e-02
   2.3949947e+00   2.4115878e-01   4.3682767e-03
   2.1514262e+00   5.0989499e-01   4.2137931e-03
   1.7204389e+00   8.5208818e-01   8.5943679e-03
   1.2171402e+00   9.6400042e-01   2.9292637e-02
   9.3660608e-01   6.9144484e-01   1.1295246e-01
   1.0218494e+00   3.5864042e-01   3.1240158e-01
   1.4672245e+00   1.8160631e-01   4.4815933e-01
   1.9650182e+00   1.3285524e-01   3.2555424e-01
   2.2583996e+00   1.6210734e-01   1.7300634e-01
   2.3482348e+00   2.6891167e-01   1.1218239e-01
   2.1740038e+00   4.6623613e-01   1.2066862e-01
   1.8470688e+00   6.4297522e-01   2.2504028e-01
   1.5619791e+00   5.3105915e-01   5.7878130e-01
   1.7081098e+00   2.0762087e-01   1.2294684e+00
   2.0755218e+00   5.8683544e-02   1.0210532e+00
   2.3634501e+00   3.7889528e-02   2.3967608e-01
   2.4808099e+00   6.7906296e-02   3.6324855e-02
   2.4668677e+00   1.5628771e-01   9.8667455e-03
   2.3023812e+00   3.5233142e-01   6.1682044e-03
   1.9697605e+00   6.7654972e-01   8.6930087e-03
   1.4744795e+00   9.4881136e-01   2.3525011e-02
   1.0502590e+00   8.4429975e-01   8.9283189e-02
   9.6049363e-01   4.7279432e-01   3.0152710e-01
   1.2872097e+00   2.0399934e-01   5.7024120e-01
   1.8287698e+00   1.0738643e-01   4.6531531e-01
   2.2196598e+00   1.0598273e-01   1.9987420e-01
   2.3792569e+00   1.7524153e-01   8.4732854e-02
   2.3057340e+00   3.4115216e-01   5.9394861e-02
   2.0208522e+00   6.0326088e-01   8.1050741e-02
   1.6063112e+00   7.6671063e-01   1.9557897e-01
   1.3198294e+00   5.3194019e-01   5.9980989e-01
   1.5595683e+00   1.6882442e-01   1.2762519e+00
   2.0299828e+00   4.5314473e-02   8.6185000e-01
   2.3563941e+00   3.5168126e-02   1.5621711e-01
   2.4806065e+00   6.8893060e-02   2.1975453e-02
   2.4528826e+00   1.6106498e-01   6.0558247e-03
   2.2880932e+00   3.6198908e-01   3.9015252e-03
   1.9510550e+00   6.9025936e-01   5.6492381e-03
   1.4525441e+00   9.5972250e-01   1.5597758e-02
   1.0311648e+00   8.5645311e-01   5.9878076e-02
   9.3504629e-01   5.0519750e-01   2.0513106e-01
   1.2110145e+00   2.4728915e-01   4.1452680e-01
   1.7356701e+00   1.4379254e-01   4.1003191e-01
   2.1444302e+00   1.3742738e-01   2.3583812e-01
   2.3263503e+00   2.0399255e-01   1.2964247e-01
   2.2781014e+00   3.5782809e-01   1.0578439e-01
   2.0189831e+00   5.7207823e-01   1.5141050e-01
   1.6766632e+00   6.3891989e-01   3.4647461e-01
   1.5438675e+00   3.7141556e-01   8.8547806e-01
   1.8416133e+00   1.0989253e-01   1.3155213e+00
   2.2234311e+00   3.9053901e-02   5.7826388e-01
   2.4331124e+00   4.5669931e-02   9.0333842e-02
   2.4968508e+00   9.8424496e-02   1.6502161e-02
   2.4060535e+00   2.2946775e-01   6.4968676e-03
   2.1731818e+00   4.8869200e-01   5.9632863e-03
   1.7540774e+00   8.3024751e-01   1.1656841e-02
   1.2498548e+00   9.5924899e-01   3.8712254e-02
   9.5632523e-01   6.8920673e-01   1.4853876e-01
   1.0438972e+00   3.3686608e-01   4.0949566e-01
   1.5249888e+00   1.5235374e-01   5.5178079e-01
   2.0247673e+00   1.0540148e-01   3.3626347e-01
   2.3056822e+00   1.3492001e-01   1.4177067e-01
   2.3864600e+00   2.4312479e-01   7.6510799e-02
   2.1986484e+00   4.5980468e-01   7.4406688e-02
   1.8370806e+00   7.0308966e-01   1.3685017e-01
   1.4543508e+00   6.7149639e-01   3.8487176e-01
   1.4120782e+00   3.0169711e-01   1.0337600e+00
   1.8242084e+00   7.4733516e-02   1.2475296e+00
   2.2448950e+00   3.1492036e-02   3.7292910e-01
   2.4463819e+00   4.6822460e-02   4.6977187e-02
   2.4998819e+00   1.0630158e-01   8.7983499e-03
   2.3880837e+00   2.4942925e-01   3.7411140e-03
   2.1370237e+00   5.2423290e-01   3.7325730e-03
   1.6983825e+00   8.6524690e-01   7.8269503e-03
   1.1973742e+00   9.6268712e-01   2.7088978e-02
   9.2850937e-01   6.8405969e-01   1.0431284e-01
   1.0209896e+00   3.6054954e-01   2.8542484e-01
   1.4563079e+00   1.9044121e-01   4.1163917e-01
   1.9505993e+00   1.4362509e-01   3.1357225e-01
   2.2433097e+00   1.7452984e-01   1.8014737e-01
   2.3328097e+00   2.8193637e-01   1.2576437e-01
   2.1592728e+00   4.7118698e-01   1.4183020e-01
   1.8475633e+00   6.1779395e-01   2.6731417e-01
   1.6099270e+00   4.7698745e-01   6.6058031e-01
   1.7847870e+00   1.7932905e-01   1.2603541e+00
   2.1378879e+00   5.4687404e-02   9.0407239e-01
   2.3901574e+00   4.1800432e-02   1.9776549e-01
   2.4863503e+00   7.8979253e-02   3.3066732e-02
   2.4479300e+00   1.8172344e-01   1.0446343e-02
   2.2589341e+00   4.0101628e-01   7.5933818e-03
   1.8927712e+00   7.3612596e-01   1.2180279e-02
   1.3884834e+00   9.5699527e-01   3.5864877e-02
   1.0140382e+00   7.7097897e-01   1.3729007e-01
   1.0087284e+00   3.8731181e-01   4.2339103e-01
   1.4514667e+00   1.5555681e-01   6.5593739e-01
   1.9784858e+00   8.9098099e-02   4.0814211e-01
   2.3001053e+00   1.0436157e-01   1.4545875e-01
   2.4086270e+00   1.9121981e-01   6.0721210e-02
   2.2718041e+00   3.8549959e-01   4.6444393e-02
   1.9413747e+00   6.6948568e-01   7.1617178e-02
   1.5003279e+00   8.0254753e-01   1.9178670e-01
   1.2385770e+00   5.1030921e-01   6.1567177e-01
   1.5228564e+00   1.5225810e-01   1.2567319e+00
   2.0236242e+00   4.2771227e-02   7.6539044e-01
   2.3559180e+00   3.6940070e-02   1.3094675e-01
   2.4791107e+00   7.4232986e-02   1.9348729e-02
   2.4416636e+00   1.7346947e-01   5.7452556e-03
   2.2658898e+00   3.8585520e-01   3.9865058e-03
   1.9126534e+00   7.2027751e-01   6.1528560e-03
   1.4088749e+00   9.6730123e-01   1.7727055e-02
   1.0092023e+00   8.2924176e-01   6.8589608e-02
   9.4570624e-01   4.7501756e-01   2.2750947e-01
   1.2550810e+00   2.3125627e-01   4.3228398e-01
   1.7818789e+00   1.3862309e-01   3.9987353e-01
   2.1712805e+00   1.3868798e-01   2.2172681e-01
   2.3354021e+00   2.1196113e-01   1.2300338e-01
   2.2638672e+00   3.7457183e-01   1.0428774e-01
   1.9901340e+00   5.8993608e-01   1.5625300e-01
   1.6471946e+00   6.3444719e-01   3.6871714e-01
   1.5439480e+00   3.4756781e-01   9.3572621e-01
   1.8629198e+00   9.9475488e-02   1.3009132e+00
   2.2417730e+00   3.7492438e-02   5.1763592e-01
   2.4406790e+00   4.7300411e-02   7.7629730e-02
   2.4979579e+00   1.0357269e-01   1.4687673e-02
   2.3967491e+00   2.4145407e-01   6.0849672e-03
   2.1527573e+00   5.0952120e-01   5.8769603e-03
   1.7221915e+00   8.4928458e-01   1.1977743e-02
   1.2214508e+00   9.5429303e-01   4.0690051e-02
   9.4828288e-01   6.6792709e-01   1.5532093e-01
   1.0583341e+00   3.2375621e-01   4.1497223e-01
   1.5484891e+00   1.4953118e-01   5.3739935e-01
   2.0406295e+00   1.0746191e-01   3.2143184e-01
   2.3103703e+00   1.4081191e-01   1.3816672e-01
   2.3787211e+00   2.5427784e-01   7.7822080e-02
   2.1806715e+00   4.7504345e-01   7.9153721e-02
   1.8144073e+00   7.0732365e-01   1.5040583e-01
   1.4468604e+00   6.4464652e-01   4.2554239e-01
   1.4512460e+00   2.7273884e-01   1.0972977e+00
   1.8744189e+00   6.7412439e-02   1.1971028e+00
   2.2735042e+00   3.1546013e-02   3.2279848e-01
   2.4560742e+00   5.0096076e-02   4.0732020e-02
   2.4920832e+00   1.1474969e-01   8.1620575e-03
   2.3721530e+00   2.6747102e-01   3.7463743e-03
   2.1065521e+00   5.5352283e-01   4.0081861e-03
   1.6541792e+00   8.8792359e-01   8.8744902e-03
   1.1622397e+00   9.4982063e-01   3.1519477e-02
   9.2337564e-01   6.5081496e-01   1.1975140e-01
   1.0489846e+00   3.3667156e-01   3.1174400e-01
   1.5154825e+00   1.7928763e-01   4.1982137e-01
   1.9956094e+00   1.4115176e-01   3.0107511e-01
   2.2643306e+00   1.7878309e-01   1.6998912e-01
   2.3263203e+00   2.9448750e-01   1.2156472e-01
   2.1357754e+00   4.8959688e-01   1.4319716e-01
   1.8163715e+00   6.2480605e-01   2.8043553e-01
   1.5944565e+00   4.5833743e-01   7.0087126e-01
   1.7928165e+00   1.6373310e-01   1.2849421e+00
   2.1550855e+00   5.0647755e-02   8.4155023e-01
   2.3996631e+00   4.2179049e-02   1.7049052e-01
   2.4890599e+00   8.2384580e-02   2.8764512e-02
   2.4396126e+00   1.9035554e-01   9.4790088e-03
   2.2428643e+00   4.1737238e-01   7.2175275e-03
   1.8663587e+00   7.5525687e-01   1.2049586e-02
   1.3603549e+00   9.5994749e-01   3.6402132e-02
   1.0007358e+00   7.5542398e-01   1.3977654e-01
   1.0141647e+00   3.7631729e-01   4.2236220e-01
   1.4655903e+00   1.5428041e-01   6.3576880e-01
   1.9881501e+00   9.1775456e-02   3.9234668e-01
   2.3019019e+00   1.0967426e-01   1.4403118e-01
   2.4050712e+00   2.0062882e-01   6.3186051e-02
   2.2583002e+00   4.0020039e-01   5.0707770e-02
   1.9201354e+00   6.8002006e-01   8.1173078e-02
   1.4856805e+00   7.8380545e-01   2.2079728e-01
   1.2591694e+00   4.6711036e-01   6.9224846e-01
   1.5752041e+00   1.3193847e-01   1.2934257e+00
   2.0708955e+00   3.8709523e-02   6.8261046e-01
   2.3775892e+00   3.7704610e-02   1.0569410e-01
   2.4854617e+00   7.8525428e-02   1.5940619e-02
   2.4337709e+00   1.8427553e-01   5.0069759e-03
   2.2468305e+00   4.0679075e-01   3.6906525e-03
   1.8792335e+00   7.4591957e-01   6.0052931e-03
   1.3716644e+00   9.7325655e-01   1.7917863e-02
   9.9024715e-01   8.0965868e-01   6.9754708e-02
   9.5046536e-01   4.5877750e-01   2.2591002e-01
   1.2751900e+00   2.2839661e-01   4.1456974e-01
   1.7986219e+00   1.4319117e-01   3.7874528e-01
   2.1753502e+00   1.4770377e-01   2.1693192e-01
   2.3296236e+00   2.2568144e-01   1.2816665e-01
   2.2447170e+00   3.9097871e-01   1.1569934e-01
   1.9684100e+00   5.9187591e-01   1.8094391e-01
   1.6486663e+00   5.9683309e-01   4.2838536e-01
   1.6127243e+00   3.0231134e-01   1.0226982e+00
   1.9418773e+00   8.6827146e-02   1.2366931e+00
   2.2866442e+00   3.8118505e-02   4.2951412e-01
   2.4554533e+00   5.3877134e-02   6.5489745e-02
   2.4975513e+00   1.1978059e-01   1.4113599e-02
   2.3708119e+00   2.7704699e-01   6.7621411e-03
   2.0946588e+00   5.6769569e-01   7.4937235e-03
   1.6355649e+00   8.9295018e-01   1.7016618e-02
   1.1538598e+00   9.2131005e-01   6.0779969e-02
   9.4711025e-01   5.8563096e-01   2.2398879e-01
   1.1466224e+00   2.6109669e-01   5.2469907e-01
   1.6746950e+00   1.2003572e-01   5.4798876e-01
   2.1341329e+00   9.6287697e-02   2.6311291e-01
   2.3556405e+00   1.4320674e-01   1.0133814e-01
   2.3612420e+00   2.7592542e-01   5.8049220e-02
   2.1295680e+00   5.2040805e-01   6.4069021e-02
   1.7327322e+00   7.5867634e-01   1.3336814e-01
   1.3559770e+00   6.6307419e-01   4.0473301e-01
   1.3745053e+00   2.6886712e-01   1.0734720e+00
   1.8294383e+00   6.5700325e-02   1.1544853e+00
   2.2547968e+00   3.1629481e-02   3.0340025e-01
   2.4496643e+00   5.0848205e-02   3.8385570e-02
   2.4868828e+00   1.1641865e-01   7.8073493e-03
   2.3677811e+00   2.7068437e-01   3.6356842e-03
   2.1006299e+00   5.5836470e-01   3.9364915e-03
   1.6466095e+00   8.9131228e-01   8.7919915e-03
   1.1566132e+00   9.4787093e-01   3.1345640e-02
   9.2224085e-01   6.4726643e-01   1.1884648e-01
   1.0510927e+00   3.3590102e-01   3.0770135e-01
   1.5168727e+00   1.8056468e-01   4.1342879e-01
   1.9952924e+00   1.4327960e-01   2.9860255e-01
   2.2624354e+00   1.8160865e-01   1.7113461e-01
   2.3220194e+00   2.9773853e-01   1.2431810e-01
   2.1315142e+00   4.9080217e-01   1.4805716e-01
   1.8160154e+00   6.1869762e-01   2.9066710e-01
   1.6059319e+00   4.4672470e-01   7.1934016e-01
   1.8095845e+00   1.5861349e-01   1.2853881e+00
   2.1673965e+00   5.0185213e-02   8.1551955e-01
   2.4045057e+00   4.3293489e-02   1.6370809e-01
   2.4897397e+00   8.5279011e-02   2.8349977e-02
   2.4348448e+00   1.9687886e-01   9.6706321e-03
   2.2319097e+00   4.2930630e-01   7.6157722e-03
   1.8478524e+00   7.6808085e-01   1.3077996e-02
   1.3418135e+00   9.5837531e-01   4.0179832e-02
   9.9546826e-01   7.3645571e-01   1.5402944e-01
   1.0297374e+00   3.5753712e-01   4.5374344e-01
   1.4950725e+00   1.4465854e-01   6.4892050e-01
   2.0141355e+00   8.7732877e-02   3.7548755e-01
   2.3157975e+00   1.0888493e-01   1.3177041e-01
   2.4104106e+00   2.0352084e-01   5.7391248e-02
   2.2511323e+00   4.0947238e-01   4.6721261e-02
   1.9031377e+00   6.9492479e-01   7.6524264e-02
   1.4617162e+00   7.9543536e-01   2.1271443e-01
   1.2347778e+00   4.7102291e-01   6.7680232e-01
   1.5545681e+00   1.3321822e-01   1.2751576e+00
   2.0582959e+00   3.9313782e-02   6.7949689e-01
   2.3722540e+00   3.8145685e-02   1.0685437e-01
   2.4834301e+00   7.9142154e-02   1.6304132e-02
   2.4325107e+00   1.8543279e-01   5.1613767e-03
   2.2448570e+00   4.0881284e-01   3.8283540e-03
   1.8760863e+00   7.4806507e-01   6.2603211e-03
   1.3685665e+00   9.7286204e-01   1.8732510e-02
   9.8954995e-01   8.0572709e-01   7.2896592e-02
   9.5374638e-01   4.5359929e-01   2.3493904e-01
   1.2854537e+00   2.2387767e-01   4.2627272e-01
   1.8098117e+00   1.3995009e-01   3.8173176e-01
   2.1833704e+00   1.4528146e-01   2.1369357e-01
   2.3345609e+00   2.2422247e-01   1.2418286e-01
   2.2456532e+00   3.9193266e-01   1.1137835e-01
   1.9647342e+00   5.9770571e-01   1.7461125e-01
   1.6373645e+00   6.0689241e-01   4.1746458e-01
   1.5906813e+00   3.0844662e-01   1.0134243e+00
   1.9242351e+00   8.7458317e-02   1.2503492e+00
   2.2786082e+00   3.7381790e-02   4.3741375e-01
   2.4533169e+00   5.2257201e-02   6.5405237e-02
   2.4981139e+00   1.1620671e-01   1.3671578e-02
   2.3761749e+00   2.6948655e-01   6.3549166e-03
   2.1066880e+00   5.5585823e-01   6.8502582e-03
   1.6528895e+00   8.8544132e-01   1.5231090e-02
   1.1659770e+00   9.3100469e-01   5.3944944e-02
   9.4392697e-01   6.0635731e-01   2.0089198e-01
   1.1200125e+00   2.7788663e-01   4.8724929e-01
   1.6389315e+00   1.2889115e-01   5.4160025e-01
   2.1079161e+00   1.0061392e-01   2.7922991e-01
   2.3422269e+00   1.4434592e-01   1.1237767e-01
   2.3636926e+00   2.7242547e-01   6.4885032e-02
   2.1402166e+00   5.1001411e-01   7.0705340e-02
   1.7525877e+00   7.4188411e-01   1.4424288e-01
   1.3847732e+00   6.4647200e-01   4.2804601e-01
   1.4159253e+00   2.5988416e-01   1.1068790e+00
   1.8639214e+00   6.3641099e-02   1.1506413e+00
   2.2719799e+00   3.1524502e-02   2.9291232e-01
   2.4555763e+00   5.1643925e-02   3.6935660e-02
   2.4861271e+00   1.1866151e-01   7.6300098e-03
   2.3639343e+00   2.7556312e-01   3.6215539e-03
   2.0925694e+00   5.6617748e-01   3.9918668e-03
   1.6349698e+00   8.9697133e-01   9.0404204e-03
   1.1476811e+00   9.4411623e-01   3.2435991e-02
   9.2117202e-01   6.3889799e-01   1.2249338e-01
   1.0583697e+00   3.3036651e-01   3.1304311e-01
   1.5311904e+00   1.7831146e-01   4.1367584e-01
   2.0055403e+00   1.4318944e-01   2.9505257e-01
   2.2667543e+00   1.8327390e-01   1.6899365e-01
   2.3193249e+00   3.0150737e-01   1.2388850e-01
   2.1248347e+00   4.9543530e-01   1.4941319e-01
   1.8084780e+00   6.1881584e-01   2.9609828e-01
   1.6049494e+00   4.3988544e-01   7.3292122e-01
   1.8151426e+00   1.5421515e-01   1.2896055e+00
   2.1737510e+00   4.9267632e-02   7.9550682e-01
   2.4075239e+00   4.3655113e-02   1.5677095e-01
   2.4904126e+00   8.6725123e-02   2.7375414e-02
   2.4319107e+00   2.0034140e-01   9.4965446e-03
   2.2257822e+00   4.3567739e-01   7.6102041e-03
   1.8378050e+00   7.7497762e-01   1.3262375e-02
   1.3317159e+00   9.5821269e-01   4.1112176e-02
   9.9173596e-01   7.2889824e-01   1.5757684e-01
   1.0345418e+00   3.5153675e-01   4.5942991e-01
   1.5043412e+00   1.4267009e-01   6.4602598e-01
   2.0213048e+00   8.7680252e-02   3.6867433e-01
   2.3187310e+00   1.1008925e-01   1.2930183e-01
   2.4104589e+00   2.0646596e-01   5.6938968e-02
   2.2463545e+00   4.1494107e-01   4.7023834e-02
   1.8946053e+00   7.0018467e-01   7.8048481e-02
   1.4537699e+00   7.9254708e-01   2.1859340e-01
   1.2357374e+00   4.6128697e-01   6.9298224e-01
   1.5638025e+00   1.2886998e-01   1.2786547e+00
   2.0672440e+00   3.8551797e-02   6.5912082e-01
   2.3763119e+00   3.8455206e-02   1.0164117e-01
   2.4844883e+00   8.0353008e-02   1.5634528e-02
   2.4303246e+00   1.8837652e-01   5.0251254e-03
   2.2397257e+00   4.1440331e-01   3.7864626e-03
   1.8672409e+00   7.5461942e-01   6.2764904e-03
   1.3590674e+00   9.7383998e-01   1.8945446e-02
   9.8513085e-01   8.0008265e-01   7.3799332e-02
   9.5579623e-01   4.4883572e-01   2.3618226e-01
   1.2923949e+00   2.2244782e-01   4.2402814e-01
   1.8158945e+00   1.4050942e-01   3.7729654e-01
   2.1857418e+00   1.4707894e-01   2.1205487e-01
   2.3339854e+00   2.2735266e-01   1.2475523e-01
   2.2411004e+00   3.9607765e-01   1.1345373e-01
   1.9588487e+00   5.9889458e-01   1.7974595e-01
   1.6361807e+00   5.9918206e-01   4.3059551e-01
   1.6045270e+00   2.9905827e-01   1.0320204e+00
   1.9402446e+00   8.4867310e-02   1.2345370e+00
   2.2875641e+00   3.7524582e-02   4.1908733e-01
   2.4562173e+00   5.3699600e-02   6.2904307e-02
   2.4979181e+00   1.1977869e-01   1.3511744e-02
   2.3704206e+00   2.7729030e-01   6.4736762e-03
   2.0939969e+00   5.6828737e-01   7.1803505e-03
   1.6345101e+00   8.9394850e-01   1.6322010e-02
   1.1523970e+00   9.2309632e-01   5.8364146e-02
   9.4455264e-01   5.8939935e-01   2.1550291e-01
   1.1393661e+00   2.6586496e-01   5.0806911e-01
   1.6648123e+00   1.2364091e-01   5.4031108e-01
   2.1259471e+00   9.8984528e-02   2.6721821e-01
   2.3503919e+00   1.4553901e-01   1.0580187e-01
   2.3593399e+00   2.7774369e-01   6.1593197e-02
   2.1288469e+00   5.1998948e-01   6.8428488e-02
   1.7353321e+00   7.5136117e-01   1.4232837e-01
   1.3677465e+00   6.4691943e-01   4.2776006e-01
   1.4057699e+00   2.5688576e-01   1.1069052e+00
   1.8601790e+00   6.2881586e-02   1.1373927e+00
   2.2709464e+00   3.1614728e-02   2.8608423e-01
   2.4551581e+00   5.2140154e-02   3.6177900e-02
   2.4845397e+00   1.1984767e-01   7.5452851e-03
   2.3615706e+00   2.7800253e-01   3.6171394e-03
   2.0884208e+00   5.6994871e-01   4.0222955e-03
   1.6292922e+00   8.9953235e-01   9.1700087e-03
   1.1435091e+00   9.4211083e-01   3.2994878e-02
   9.2085863e-01   6.3483254e-01   1.2433933e-01
   1.0620815e+00   3.2772475e-01   3.1573860e-01
   1.5382907e+00   1.7723068e-01   4.1390142e-01
   2.0105563e+00   1.4313504e-01   2.9342412e-01
   2.2688666e+00   1.8405579e-01   1.6799709e-01
   2.3180948e+00   3.0329354e-01   1.2368335e-01
   2.1216880e+00   4.9763144e-01   1.5004944e-01
   1.8049107e+00   6.1886007e-01   2.9867728e-01
   1.6044908e+00   4.3667339e-01   7.3935775e-01
   1.8177543e+00   1.5218012e-01   1.2914314e+00
   2.1767036e+00   4.8845762e-02   7.8612076e-01
   2.4089191e+00   4.3825703e-02   1.5359467e-01
   2.4907207e+00   8.7403780e-02   2.6925577e-02
   2.4305390e+00   2.0196579e-01   9.4135889e-03
   2.2229116e+00   4.3865528e-01   7.6048918e-03
   1.8331163e+00   7.7816562e-01   1.3343704e-02
   1.3270435e+00   9.5808808e-01   4.1534446e-02
   9.9003537e-01   7.2541343e-01   1.5917463e-01
   1.0367659e+00   3.4884035e-01   4.6186966e-01
   1.5085600e+00   1.4181241e-01   6.4447509e-01
   2.0245129e+00   8.7697249e-02   3.6557826e-01
   2.3200064e+00   1.1068385e-01   1.2824083e-01
   2.4104239e+00   2.0787179e-01   5.6776756e-02
   2.2440999e+00   4.1750627e-01   4.7209143e-02
   1.8906327e+00   7.0256153e-01   7.8840452e-02
   1.4501847e+00   7.9097767e-01   2.2156108e-01
   1.2365088e+00   4.5656762e-01   7.0099945e-01
   1.5685008e+00   1.2680990e-01   1.2802146e+00
   2.0716471e+00   3.8194100e-02   6.4937555e-01
   2.3782870e+00   3.8606423e-02   9.9209259e-02
   2.4850020e+00   8.0939204e-02   1.5320458e-02
   2.4292758e+00   1.8980090e-01   4.9601029e-03
   2.2372488e+00   4.1710023e-01   3.7657280e-03
   1.8629820e+00   7.5775206e-01   6.2827440e-03
   1.3545278e+00   9.7426228e-01   1.9043049e-02
   9.8304676e-01   7.9737424e-01   7.4211696e-02
   9.5679394e-01   4.4660029e-01   2.3669798e-01
   1.2956737e+00   2.2180867e-01   4.2283755e-01
   1.8187262e+00   1.4081296e-01   3.7515614e-01
   2.1868055e+00   1.4797426e-01   2.1130739e-01
   2.3336548e+00   2.2888356e-01   1.2507222e-01
   2.2388868e+00   3.9806258e-01   1.1450790e-01
   1.9560570e+00   5.9936124e-01   1.8232524e-01
   1.6357947e+00   5.9532297e-01   4.3711473e-01
   1.6115766e+00   2.9455778e-01   1.0408977e+00
   1.9481135e+00   8.3664822e-02   1.2264181e+00
   2.2918772e+00   3.7619186e-02   4.1043222e-01
   2.4575886e+00   5.4433579e-02   6.1760504e-02
   2.4977862e+00   1.2158236e-01   1.3447381e-02
   2.3675232e+00   2.8121115e-01   6.5398571e-03
   2.0876412e+00   5.7445492e-01   7.3563230e-03
   1.6254212e+00   8.9797763e-01   1.6903504e-02
   1.1458594e+00   9.1891263e-01   6.0715872e-02
   9.4515325e-01   5.8091357e-01   2.2317033e-01
   1.1494586e+00   2.5994828e-01   5.1857069e-01
   1.6779138e+00   1.2108888e-01   5.3920622e-01
   2.1348774e+00   9.8218334e-02   2.6116752e-01
   2.3543720e+00   1.4618356e-01   1.0260575e-01
   2.3571163e+00   2.8047406e-01   5.9997097e-02
   2.1230981e+00   5.2505087e-01   6.7310517e-02
   1.7266450e+00   7.5607878e-01   1.4136578e-01
   1.3592624e+00   6.4707637e-01   4.2753467e-01
   1.4007220e+00   2.5542683e-01   1.1065903e+00
   1.8582733e+00   6.2535661e-02   1.1306115e+00
   2.2703849e+00   3.1677026e-02   2.8281414e-01
   2.4549205e+00   5.2408370e-02   3.5834844e-02
   2.4837362e+00   1.2047983e-01   7.5121830e-03
   2.3603334e+00   2.7930081e-01   3.6202662e-03
   2.0862246e+00   5.7194810e-01   4.0445732e-03
   1.6262906e+00   9.0086543e-01   9.2531437e-03
   1.1413272e+00   9.4099285e-01   3.3343349e-02
   9.2075424e-01   6.3258722e-01   1.2550341e-01
   1.0642145e+00   3.2619395e-01   3.1756742e-01
   1.5424836e+00   1.7652467e-01   4.1435428e-01
   2.0135673e+00   1.4299541e-01   2.9257501e-01
   2.2702199e+00   1.8437882e-01   1.6734753e-01
   2.3175793e+00   3.0419599e-01   1.2342136e-01
   2.1200258e+00   4.9888705e-01   1.5017714e-01
   1.8027914e+00   6.1920273e-01   2.9968572e-01
   1.6036153e+00   4.3533955e-01   7.4226485e-01
   1.8184576e+00   1.5121908e-01   1.2925490e+00
   2.1778490e+00   4.8615237e-02   7.8183227e-01
   2.4095121e+00   4.3867700e-02   1.5203584e-01
   2.4908745e+00   8.7654573e-02   2.6677851e-02
   2.4299747e+00   2.0258902e-01   9.3537425e-03
   2.2217786e+00   4.3980610e-01   7.5798620e-03
   1.8312857e+00   7.7941666e-01   1.3334678e-02
   1.3251997e+00   9.5813788e-01   4.1573081e-02
   9.8925459e-01   7.2434488e-01   1.5933098e-01
   1.0372173e+00   3.4819763e-01   4.6164230e-01
   1.5094993e+00   1.4178306e-01   6.4297101e-01
   2.0250843e+00   8.7905341e-02   3.6464960e-01
   2.3200667e+00   1.1107073e-01   1.2821859e-01
   2.4101412e+00   2.0854935e-01   5.6965329e-02
   2.2431357e+00   4.1853749e-01   4.7520329e-02
   1.8891618e+00   7.0318924e-01   7.9556157e-02
   1.4493027e+00   7.8944242e-01   2.2377213e-01
   1.2382444e+00   4.5357400e-01   7.0662086e-01
   1.5723687e+00   1.2553202e-01   1.2820194e+00
   2.0748999e+00   3.7953190e-02   6.4373795e-01
   2.3797242e+00   3.8673169e-02   9.7727635e-02
   2.4854080e+00   8.1253947e-02   1.5117749e-02
   2.4287216e+00   1.9058358e-01   4.9135072e-03
   2.2358865e+00   4.1858972e-01   3.7457352e-03
   1.8606289e+00   7.5948784e-01   6.2717050e-03
   1.3520120e+00   9.7452634e-01   1.9053135e-02
   9.8185609e-01   7.9598932e-01   7.4271127e-02
   9.5720130e-01   4.4557354e-01   2.3647610e-01
   1.2970244e+00   2.2168827e-01   4.2146997e-01
   1.8197635e+00   1.4117794e-01   3.7373978e-01
   2.1869794e+00   1.4864440e-01   2.1105525e-01
   2.3331772e+00   2.2987437e-01   1.2548873e-01
   2.2375228e+00   3.9917510e-01   1.1538657e-01
   1.9546283e+00   5.9927514e-01   1.8423778e-01
   1.6362588e+00   5.9244623e-01   4.4163648e-01
   1.6170942e+00   2.9158540e-01   1.0465835e+00
   1.9537694e+00   8.2940438e-02   1.2206738e+00
   2.2948503e+00   3.7726529e-02   4.0497289e-01
   2.4584995e+00   5.4973622e-02   6.1112887e-02
   2.4976589e+00   1.2288135e-01   1.3438387e-02
   2.3654598e+00   2.8401365e-01   6.6053084e-03
   2.0831207e+00   5.7882008e-01   7.5039909e-03
   1.6190102e+00   9.0071720e-01   1.7373842e-02
   1.1413584e+00   9.1572622e-01   6.2595674e-02
   9.4584178e-01   5.7462927e-01   2.2928200e-01
   1.1572628e+00   2.5549697e-01   5.2700859e-01
   1.6878954e+00   1.1910306e-01   5.3859639e-01
   2.1416694e+00   9.7549461e-02   2.5659391e-01
   2.3574545e+00   1.4654454e-01   1.0012239e-01
   2.3556019e+00   2.8236782e-01   5.8689560e-02
   2.1189866e+00   5.2873761e-01   6.6288173e-02
   1.7202502e+00   7.5984576e-01   1.4019620e-01
   1.3525630e+00   6.4801078e-01   4.2610996e-01
   1.3954510e+00   2.5501031e-01   1.1044954e+00
   1.8552840e+00   6.2442913e-02   1.1266308e+00
   2.2691301e+00   3.1727942e-02   2.8140045e-01
   2.4544573e+00   5.2539666e-02   3.5713028e-02
   2.4832781e+00   1.2076613e-01   7.5054022e-03
   2.3597531e+00   2.7987477e-01   3.6255935e-03
   2.0852473e+00   5.7281864e-01   4.0588487e-03
   1.6249805e+00   9.0142477e-01   9.2999367e-03
   1.1403982e+00   9.4046191e-01   3.3532773e-02
   9.2075847e-01   6.3153935e-01   1.2614518e-01
   1.0652688e+00   3.2543007e-01   3.1866259e-01
   1.5446284e+00   1.7611908e-01   4.1480955e-01
   2.0151436e+00   1.4285220e-01   2.9222351e-01
   2.2709853e+00   1.8444908e-01   1.6697908e-01
   2.3174644e+00   3.0454986e-01   1.2319656e-01
   2.1193193e+00   4.9949516e-01   1.5007798e-01
   1.8017123e+00   6.1959033e-01   2.9985289e-01
   1.6027679e+00   4.3503507e-01   7.4314381e-01
   1.8182576e+00   1.5088478e-01   1.2931745e+00
   2.1780396e+00   4.8508532e-02   7.8048140e-01
   2.4096643e+00   4.3849471e-02   1.5144003e-01
   2.4909358e+00   8.7681745e-02   2.6562260e-02
   2.4298512e+00   2.0268133e-01   9.3161014e-03
   2.2215775e+00   4.3998703e-01   7.5527992e-03
   1.8309776e+00   7.7963883e-01   1.3292535e-02
   1.3248629e+00   9.5825430e-01   4.1453504e-02
   9.8899777e-01   7.2445461e-01   1.5889199e-01
   1.0368727e+00   3.4848939e-01   4.6044015e-01
   1.5089556e+00   1.4207801e-01   6.4183403e-01
   2.0245099e+00   8.8139309e-02   3.6476201e-01
   2.3196459e+00   1.1128868e-01   1.2859949e-01
   2.4098283e+00   2.0878968e-01   5.7246666e-02
   2.2428919e+00   4.1873881e-01   4.7810053e-02
   1.8889956e+00   7.0299978e-01   8.0079698e-02
   1.4496652e+00   7.8827739e-01   2.2518404e-01
   1.2399526e+00   4.5192737e-01   7.1002995e-01
   1.5750314e+00   1.2484308e-01   1.2835279e+00
   2.0769693e+00   3.7811495e-02   6.4095827e-01
   2.3806279e+00   3.8692231e-02   9.6942361e-02
   2.4856805e+00   8.1392615e-02   1.5003665e-02
   2.4284834e+00   1.9094123e-01   4.8847501e-03
   2.2352628e+00   4.1927670e-01   3.7308007e-03
   1.8595421e+00   7.6029605e-01   6.2569513e-03
   1.3508406e+00   9.7467538e-01   1.9028542e-02
   9.8127395e-01   7.9542421e-01   7.4186604e-02
   9.5729012e-01   4.4523349e-01   2.3603928e-01
   1.2973426e+00   2.2178470e-01   4.2037038e-01
   1.8198964e+00   1.4147679e-01   3.7292688e-01
   2.1867880e+00   1.4907029e-01   2.1104200e-01
   2.3327619e+00   2.3042833e-01   1.2584037e-01
   2.2367982e+00   3.9970062e-01   1.1598874e-01
   1.9540415e+00   5.9901165e-01   1.8544309e-01
   1.6369168e+00   5.9062760e-01   4.4433027e-01
   1.6207099e+00   2.8988422e-01   1.0497349e+00
   1.9572502e+00   8.2562273e-02   1.2172063e+00
   2.2966197e+00   3.7811872e-02   4.0198128e-01
   2.4590244e+00   5.5311924e-02   6.0798658e-02
   2.4975652e+00   1.2368126e-01   1.3451563e-02
   2.3642010e+00   2.8572896e-01   6.6548252e-03
   2.0803646e+00   5.8147231e-01   7.6059053e-03
   1.6151249e+00   9.0233032e-01   1.7690493e-02
   1.1386821e+00   9.1367923e-01   6.3850674e-02
   9.4639122e-01   5.7066114e-01   2.3335614e-01
   1.1623489e+00   2.5264918e-01   5.3266911e-01
   1.6943347e+00   1.1780111e-01   5.3831366e-01
   2.1460473e+00   9.7076889e-02   2.5365579e-01
   2.3594682e+00   1.4671404e-01   9.8496459e-02
   2.3547123e+00   2.8349726e-01   5.7803253e-02
   2.1164675e+00   5.3103108e-01   6.5548257e-02
   1.7162380e+00   7.6235986e-01   1.3923265e-01
   1.3481315e+00   6.4901133e-01   4.2458153e-01
   1.3913651e+00   2.5507925e-01   1.1022329e+00
   1.8526086e+00   6.2466981e-02   1.1246270e+00
   2.2679161e+00   3.1763534e-02   2.8100820e-01
   2.4540192e+00   5.2590415e-02   3.5703255e-02
   2.4830551e+00   1.2085904e-01   7.5105960e-03
   2.3595497e+00   2.8004998e-01   3.6308936e-03
   2.0849439e+00   5.7307449e-01   4.0673267e-03
   1.6245929e+00   9.0157357e-01   9.3235247e-03
   1.1401410e+00   9.4026863e-01   3.3623374e-02
   9.2080197e-01   6.3116429e-01   1.2646001e-01
   1.0656933e+00   3.2511116e-01   3.1926818e-01
   1.5455592e+00   1.7590537e-01   4.1519060e-01
   2.0158601e+00   1.4273112e-01   2.9213702e-01
   2.2713793e+00   1.8440223e-01   1.6678818e-01
   2.3175354e+00   3.0461605e-01   1.2302445e-01
   2.1191285e+00   4.9973246e-01   1.4990089e-01
   1.8012458e+00   6.1993348e-01   2.9964136e-01
   1.6020719e+00   4.3520992e-01   7.4303084e-01
   1.8177139e+00   1.5086543e-01   1.2934976e+00
   2.1778019e+00   4.8470600e-02   7.8057626e-01
   2.4096085e+00   4.3809205e-02   1.5134000e-01
   2.4909487e+00   8.7611544e-02   2.6520340e-02
   2.4299310e+00   2.0253784e-01   9.2939518e-03
   2.2217966e+00   4.3973530e-01   7.5295076e-03
   1.8313525e+00   7.7939757e-01   1.3243961e-02
   1.3252067e+00   9.5837935e-01   4.1289245e-02
   9.8900097e-01   7.2503296e-01   1.5828304e-01
   1.0362582e+00   3.4911776e-01   4.5904168e-01
   1.5078915e+00   1.4245739e-01   6.4103840e-01
   2.0235587e+00   8.8344665e-02   3.6528264e-01
   2.3190970e+00   1.1139989e-01   1.2908309e-01
   2.4095556e+00   2.0880825e-01   5.7519370e-02
   2.2429880e+00   4.1856258e-01   4.8042077e-02
   1.8893977e+00   7.0250564e-01   8.0434462e-02
   1.4504801e+00   7.8746567e-01   2.2602265e-01
   1.2413566e+00   4.5111610e-01   7.1194032e-01
   1.5767420e+00   1.2451234e-01   1.2846710e+00
   2.0781998e+00   3.7734293e-02   6.3982956e-01
   2.3811591e+00   3.8688234e-02   9.6574063e-02
   2.4858521e+00   8.1434891e-02   1.4945120e-02
   2.4284163e+00   1.9106237e-01   4.8682168e-03
   2.2350502e+00   4.1951560e-01   3.7205322e-03
   1.8591625e+00   7.6058538e-01   6.2432851e-03
   1.3504211e+00   9.7475394e-01   1.8994205e-02
   9.8103976e-01   7.9529260e-01   7.4058705e-02
   9.5723235e-01   4.4523132e-01   2.3559336e-01
   1.2971852e+00   2.2195155e-01   4.1957418e-01
   1.8196392e+00   1.4169576e-01   3.7250056e-01
   2.1864826e+00   1.4932148e-01   2.1112700e-01
   2.3324458e+00   2.3070681e-01   1.2610318e-01
   2.2364615e+00   3.9989569e-01   1.1637145e-01
   1.9538989e+00   5.9872606e-01   1.8614577e-01
   1.6375321e+00   5.8956244e-01   4.4580130e-01
   1.6229049e+00   2.8899498e-01   1.0513108e+00
   1.9592336e+00   8.2388689e-02   1.2152942e+00
   2.2975919e+00   3.7872205e-02   4.0050598e-01
   2.4593023e+00   5.5507270e-02   6.0672178e-02
   2.4975034e+00   1.2413458e-01   1.3470988e-02
   2.3634952e+00   2.8669503e-01   6.6888619e-03
   2.0788185e+00   5.8295718e-01   7.6706539e-03
   1.6129548e+00   9.0320927e-01   1.7886651e-02
   1.1372124e+00   9.1247159e-01   6.4621556e-02
   9.4677234e-01   5.6834016e-01   2.3586133e-01
   1.1654050e+00   2.5095329e-01   5.3619787e-01
   1.6981832e+00   1.1700357e-01   5.3824247e-01
   2.1486723e+00   9.6764440e-02   2.5190517e-01
   2.3606966e+00   1.4677159e-01   9.7501850e-02
   2.3542388e+00   2.8410947e-01   5.7242007e-02
   2.1150493e+00   5.3234494e-01   6.5051986e-02
   1.7139127e+00   7.6392124e-01   1.3852038e-01
   1.3454054e+00   6.4987346e-01   4.2327465e-01
   1.3884719e+00   2.5533907e-01   1.1002998e+00
   1.8505212e+00   6.2534699e-02   1.1237982e+00
   2.2669269e+00   3.1785936e-02   2.8110552e-01
   2.4536671e+00   5.2597864e-02   3.5740809e-02
   2.4829691e+00   1.2085329e-01   7.5195607e-03
   2.3595414e+00   2.8002466e-01   3.6350545e-03
   2.0849804e+00   5.7302398e-01   4.0716196e-03
   1.6246653e+00   9.0152252e-01   9.3325425e-03
   1.1402137e+00   9.4025495e-01   3.3653989e-02
   9.2085221e-01   6.3114466e-01   1.2657332e-01
   1.0657691e+00   3.2504232e-01   3.1954430e-01
   1.5457938e+00   1.7581561e-01   4.1546168e-01
   2.0160721e+00   1.4264467e-01   2.9217860e-01
   2.2715377e+00   1.8431696e-01   1.6671088e-01
   2.3176685e+00   3.0454954e-01   1.2291057e-01
   2.1191908e+00   4.9976650e-01   1.4972943e-01
   1.8011309e+00   6.2018556e-01   2.9931901e-01
   1.6015864e+00   4.3554526e-01   7.4253331e-01
   1.8171441e+00   1.5097979e-01   1.2936275e+00
   2.1774383e+00   4.8468985e-02   7.8124644e-01
   2.4094790e+00   4.3768459e-02   1.5146489e-01
   2.4909389e+00   8.7516312e-02   2.6517539e-02
   2.4300771e+00   2.0232807e-01   9.2828689e-03
   2.2221415e+00   4.3935936e-01   7.5127396e-03
   1.8319284e+00   7.7901679e-01   1.3203170e-02
   1.3257577e+00   9.5848050e-01   4.1141964e-02
   9.8911119e-01   7.2568044e-01   1.5773508e-01
   1.0356648e+00   3.4975109e-01   4.5786105e-01
   1.5068409e+00   1.4279121e-01   6.4054960e-01
   2.0226548e+00   8.8494848e-02   3.6585941e-01
   2.3186115e+00   1.1144376e-01   1.2950669e-01
   2.4093572e+00   2.0873195e-01   5.7730850e-02
   2.2432032e+00   4.1826912e-01   4.8201093e-02
   1.8899473e+00   7.0199206e-01   8.0644114e-02
   1.4513069e+00   7.8697216e-01   2.2644611e-01
   1.2423357e+00   4.5081982e-01   7.1282714e-01
   1.5776972e+00   1.2439818e-01   1.2854264e+00
   2.0788251e+00   3.7699706e-02   6.3961882e-01
   2.3814252e+00   3.8675505e-02   9.6453765e-02
   2.4859461e+00   8.1428461e-02   1.4921592e-02
   2.4284337e+00   1.9106038e-01   4.8601692e-03
   2.2350520e+00   4.1951931e-01   3.7143430e-03
   1.8591545e+00   7.6060004e-01   6.2329545e-03
   1.3503997e+00   9.7478744e-01   1.8963142e-02
   9.8099789e-01   7.9536743e-01   7.3940130e-02
   9.5712615e-01   4.4536850e-01   2.3523828e-01
   1.2968655e+00   2.2211203e-01   4.1907088e-01
   1.8192760e+00   1.4183549e-01   3.7232274e-01
   2.1861949e+00   1.4944754e-01   2.1123432e-01
   2.3322373e+00   2.3081296e-01   1.2627379e-01
   2.2363557e+00   3.9991388e-01   1.1658251e-01
   1.9539685e+00   5.9849316e-01   1.8649186e-01
   1.6379973e+00   5.8903332e-01   4.4645640e-01
   1.6240471e+00   2.8862573e-01   1.0519108e+00
   1.9601823e+00   8.2334810e-02   1.2144341e+00
   2.2980326e+00   3.7908998e-02   3.9996079e-01
   2.4594210e+00   5.5601795e-02   6.0648452e-02
   2.4974687e+00   1.2434801e-01   1.3488651e-02
   2.3631684e+00   2.8714596e-01   6.7091476e-03
   2.0781009e+00   5.8364587e-01   7.7060185e-03
   1.6119512e+00   9.0360436e-01   1.7990344e-02
   1.1365467e+00   9.1187296e-01   6.5024611e-02
   9.4699531e-01   5.6719197e-01   2.3717674e-01
   1.1669621e+00   2.5008948e-01   5.3809897e-01
   1.7001418e+00   1.1658051e-01   5.3829157e-01
   2.1500207e+00   9.6582116e-02   2.5101722e-01
   2.3613443e+00   1.4676838e-01   9.6975097e-02
   2.3540400e+00   2.8437510e-01   5.6931510e-02
   2.1143895e+00   5.3297274e-01   6.4759616e-02
   1.7127792e+00   7.6476011e-01   1.3806044e-01
   1.3439583e+00   6.5050245e-01   4.2233247e-01
   1.3866749e+00   2.5562558e-01   1.0989132e+00
   1.8491111e+00   6.2606024e-02   1.1236413e+00
   2.2662367e+00   3.1797543e-02   2.8138686e-01
   2.4534244e+00   5.2584674e-02   3.5789643e-02
   2.4829594e+00   1.2080541e-01   7.5279468e-03
   2.3596198e+00   2.7991649e-01   3.6376669e-03
   2.0851581e+00   5.7284931e-01   4.0729718e-03
   1.6249246e+00   9.0139445e-01   9.3327962e-03
   1.1404158e+00   9.4032431e-01   3.3650123e-02
   9.2089349e-01   6.3128866e-01   1.2656811e-01
   1.0656705e+00   3.2510258e-01   3.1960406e-01
   1.5456587e+00   1.7580376e-01   4.1561642e-01
   2.0160058e+00   1.4259530e-01   2.9226772e-01
   2.2715513e+00   1.8423574e-01   1.6670401e-01
   2.3177965e+00   3.0444006e-01   1.2285135e-01
   2.1193515e+00   4.9970069e-01   1.4960349e-01
   1.8012027e+00   6.2033352e-01   2.9902787e-01
   1.6013171e+00   4.3586874e-01   7.4198803e-01
   1.8167054e+00   1.5112565e-01   1.2936376e+00
   2.1771092e+00   4.8484088e-02   7.8200725e-01
   2.4093486e+00   4.3737708e-02   1.5165963e-01
   2.4909213e+00   8.7433729e-02   2.6532979e-02
   2.4302164e+00   2.0214116e-01   9.2795092e-03
   2.2224565e+00   4.3902188e-01   7.5030829e-03
   1.8324501e+00   7.7866859e-01   1.3176070e-02
   1.3262638e+00   9.5854524e-01   4.1039168e-02
   9.8924212e-01   7.2619691e-01   1.5735160e-01
   1.0352296e+00   3.5022852e-01   4.5707297e-01
   1.5060590e+00   1.4302125e-01   6.4031997e-01
   2.0219978e+00   8.8582766e-02   3.6631745e-01
   2.3182759e+00   1.1144648e-01   1.2979765e-01
   2.4092416e+00   2.0863230e-01   5.7861968e-02
   2.2434178e+00   4.1799674e-01   4.8287501e-02
   1.8904253e+00   7.0159850e-01   8.0736071e-02
   1.4519318e+00   7.8674474e-01   2.2657722e-01
   1.2428788e+00   4.5082800e-01   7.1303376e-01
   1.5780750e+00   1.2440915e-01   1.2858223e+00
   2.0790235e+00   3.7692656e-02   6.3987224e-01
   2.3815065e+00   3.8661916e-02   9.6473936e-02
   2.4859821e+00   8.1401623e-02   1.4919469e-02
   2.4284849e+00   1.9100333e-01   4.8578759e-03
   2.2351500e+00   4.1941603e-01   3.7114819e-03
   1.8593160e+00   7.6048725e-01   6.2266200e-03
   1.3505631e+00   9.7479253e-01   1.8941060e-02
   9.8105287e-01   7.9551733e-01   7.3854417e-02
   9.5702376e-01   4.4553546e-01   2.3500987e-01
   1.2965496e+00   2.2223094e-01   4.1882093e-01
   1.8189525e+00   1.4190573e-01   3.7229988e-01
   2.1859846e+00   1.4948664e-01   2.1132595e-01
   2.3321279e+00   2.3081567e-01   1.2636162e-01
   2.2363797e+00   3.9984800e-01   1.1666497e-01
   1.9541169e+00   5.9834072e-01   1.8659302e-01
   1.6382817e+00   5.8887386e-01   4.4658480e-01
   1.6244370e+00   2.8857929e-01   1.0519285e+00
   1.9604356e+00   8.2347473e-02   1.2142591e+00
   2.2981281e+00   3.7926059e-02   3.9996467e-01
   2.4594397e+00   5.5627675e-02   6.0676335e-02
   2.4974549e+00   1.2440099e-01   1.3501134e-02
   2.3630925e+00   2.8725440e-01   6.7182178e-03
   2.0779321e+00   5.8380821e-01   7.7193505e-03
   1.6117173e+00   9.0368767e-01   1.8026481e-02
   1.1364027e+00   9.1169779e-01   6.5161234e-02
   9.4708882e-01   5.6685270e-01   2.3762941e-01
   1.1674574e+00   2.4980970e-01   5.3880350e-01
   1.7007690e+00   1.1642767e-01   5.3839335e-01
   2.1504669e+00   9.6501505e-02   2.5073553e-01
   2.3615748e+00   1.4673715e-01   9.6785424e-02
   2.3540148e+00   2.8441800e-01   5.6808069e-02
   2.1142340e+00   5.3313683e-01   6.4628950e-02
   1.7124602e+00   7.6507028e-01   1.3782429e-01
   1.3434376e+00   6.5087738e-01   4.2178108e-01
   1.3858026e+00   2.5585624e-01   1.0981111e+00
   1.8483444e+00   6.2661494e-02   1.1238343e+00
   2.2658474e+00   3.1800998e-02   2.8168453e-01
   2.4532898e+00   5.2564521e-02   3.5831397e-02
   2.4829874e+00   1.2074830e-01   7.5338409e-03
   2.3597212e+00   2.7979334e-01   3.6387939e-03
   2.0853627e+00   5.7265502e-01   4.0724412e-03
   1.6252142e+00   9.0125884e-01   9.3284156e-03
   1.1406336e+00   9.4041857e-01   3.3629268e-02
   9.2091993e-01   6.3148083e-01   1.2650235e-01
   1.0655068e+00   3.2521489e-01   3.1953524e-01
   1.5453656e+00   1.7583581e-01   4.1567047e-01
   2.0158111e+00   1.4257813e-01   2.9235902e-01
   2.2714857e+00   1.8417763e-01   1.6673601e-01
   2.3178890e+00   3.0433634e-01   1.2283617e-01
   2.1195223e+00   4.9959948e-01   1.4953404e-01
   1.8013541e+00   6.2038847e-01   2.9882852e-01
   1.6012312e+00   4.3610222e-01   7.4155907e-01
   1.8164491e+00   1.5125028e-01   1.2935822e+00
   2.1768834e+00   4.8504049e-02   7.8261871e-01
   2.4092517e+00   4.3720142e-02   1.5184071e-01
   2.4909042e+00   8.7379120e-02   2.6553989e-02
   2.4303161e+00   2.0201456e-01   9.2810566e-03
   2.2226743e+00   4.3879183e-01   7.4996341e-03
   1.8328085e+00   7.7842756e-01   1.3163113e-02
   1.3266155e+00   9.5857432e-01   4.0986119e-02
   9.8934987e-01   7.2651139e-01   1.5715296e-01
   1.0349893e+00   3.5050090e-01   4.5669367e-01
   1.5056197e+00   1.4313735e-01   6.4028617e-01
   2.0216401e+00   8.8615222e-02   3.6659547e-01
   2.3181056e+00   1.1142686e-01   1.2994376e-01
   2.4091994e+00   2.0854610e-01   5.7916901e-02
   2.2435766e+00   4.1780580e-01   4.8313375e-02
   1.8907420e+00   7.0136961e-01   8.0742433e-02
   1.4522891e+00   7.8671567e-01   2.2652116e-01
   1.2430526e+00   4.5099360e-01   7.1283098e-01
   1.5780523e+00   1.2448271e-01   1.2859288e+00
   2.0789471e+00   3.7701755e-02   6.4030364e-01
   2.3814701e+00   3.8651295e-02   9.6562284e-02
   2.4859786e+00   8.1370872e-02   1.4929029e-02
   2.4285408e+00   1.9093185e-01   4.8591525e-03
   2.2352736e+00   4.1928279e-01   3.7110680e-03
   1.8595255e+00   7.6033614e-01   6.2239477e-03
   1.3507820e+00   9.7478144e-01   1.8929170e-02
   9.8114468e-01   7.9566894e-01   7.3807213e-02
   9.5694896e-01   4.4567634e-01   2.3490443e-01
   1.2963147e+00   2.2229852e-01   4.1876538e-01
   1.8187304e+00   1.4192218e-01   3.7236370e-01
   2.1858671e+00   1.4947060e-01   2.1138667e-01
   2.3320974e+00   2.3076372e-01   1.2638436e-01
   2.2364655e+00   3.9975470e-01   1.1665970e-01
   1.9542694e+00   5.9826832e-01   1.8654106e-01
   1.6384007e+00   5.8894698e-01   4.4640642e-01
   1.6243370e+00   2.8871265e-01   1.0516388e+00
   1.9602632e+00   8.2391596e-02   1.2144858e+00
   2.2980199e+00   3.7928502e-02   4.0025368e-01
   2.4594018e+00   5.5611183e-02   6.0724091e-02
   2.4974558e+00   1.2435686e-01   1.3507754e-02
   2.3631667e+00   2.8715676e-01   6.7191277e-03
   2.0780921e+00   5.8365517e-01   7.7177718e-03
   1.6119435e+00   9.0358803e-01   1.8018070e-02
   1.1365666e+00   9.1178850e-01   6.5123649e-02
   9.4709012e-01   5.6702117e-01   2.3751598e-01
   1.1672717e+00   2.4990461e-01   5.3870635e-01
   1.7005427e+00   1.1645370e-01   5.3850081e-01
   2.1503309e+00   9.6493733e-02   2.5084164e-01
   2.3615304e+00   1.4669865e-01   9.6818583e-02
   2.3540872e+00   2.8433330e-01   5.6812621e-02
   2.1143812e+00   5.3301723e-01   6.4614880e-02
   1.7126465e+00   7.6502714e-01   1.3776338e-01
   1.3435301e+00   6.5102704e-01   4.2157089e-01
   1.3856289e+00   2.5600036e-01   1.0978162e+00
   1.8481041e+00   6.2694620e-02   1.1241654e+00
   2.2657123e+00   3.1799104e-02   2.8191648e-01
   2.4532455e+00   5.2545402e-02   3.5858767e-02
   2.4830287e+00   1.2069986e-01   7.5368533e-03
   2.3598106e+00   2.7969154e-01   3.6387885e-03
   2.0855328e+00   5.7249656e-01   4.0709534e-03
   1.6254508e+00   9.0115158e-01   9.3224272e-03
   1.1408077e+00   9.4050413e-01   3.3603680e-02
   9.2093161e-01   6.3165418e-01   1.2641760e-01
   1.0653454e+00   3.2533008e-01   3.1940882e-01
   1.5450523e+00   1.7588551e-01   4.1565319e-01
   2.0155895e+00   1.4258376e-01   2.9242950e-01
   2.2713902e+00   1.8414698e-01   1.6678279e-01
   2.3179386e+00   3.0426110e-01   1.2285019e-01
   2.1196576e+00   4.9950231e-01   1.4951413e-01
   1.8015148e+00   6.2037626e-01   2.9873062e-01
   1.6012722e+00   4.3622692e-01   7.4130154e-01
   1.8163606e+00   1.5133237e-01   1.2935028e+00
   2.1767722e+00   4.8521967e-02   7.8299535e-01
   2.4091976e+00   4.3714449e-02   1.5196990e-01
   2.4908916e+00   8.7353911e-02   2.6573122e-02
   2.4303688e+00   2.0195349e-01   9.2850646e-03
   2.2227831e+00   4.3867968e-01   7.5006049e-03
   1.8329856e+00   7.7830705e-01   1.3161452e-02
   1.3267924e+00   9.5857595e-01   4.0974603e-02
   9.8941785e-01   7.2663293e-01   1.5710907e-01
   1.0349197e+00   3.5058855e-01   4.5664251e-01
   1.5054848e+00   1.4315928e-01   6.4037454e-01
   2.0215423e+00   8.8607636e-02   3.6670224e-01
   2.3180724e+00   1.1139900e-01   1.2997047e-01
   2.4092100e+00   2.0848851e-01   5.7914322e-02
   2.2436648e+00   4.1770816e-01   4.8297884e-02
   1.8908888e+00   7.0129145e-01   8.0697681e-02
   1.4524049e+00   7.8680854e-01   2.2637038e-01
   1.2429705e+00   4.5121030e-01   7.1244058e-01
   1.5778032e+00   1.2457471e-01   1.2858421e+00
   2.0787301e+00   3.7717986e-02   6.4073363e-01
   2.3813744e+00   3.8644941e-02   9.6668727e-02
   2.4859531e+00   8.1345254e-02   1.4943029e-02
   2.4285860e+00   1.9086923e-01   4.8621779e-03
   2.2353822e+00   4.1916428e-01   3.7121606e-03
   1.8597124e+00   7.6019922e-01   6.2240206e-03
   1.3509803e+00   9.7476368e-01   1.8925982e-02
   9.8123569e-01   7.9578517e-01   7.3793440e-02
   9.5690796e-01   4.4576846e-01   2.3489490e-01
   1.2961825e+00   2.2232038e-01   4.1883496e-01
   1.8186199e+00   1.4190374e-01   3.7246219e-01
   2.1858312e+00   1.4942667e-01   2.1141511e-01
   2.3321196e+00   2.3069276e-01   1.2636422e-01
   2.2365663e+00   3.9966796e-01   1.1660525e-01
   1.9543876e+00   5.9825923e-01   1.8641352e-01
   1.6383961e+00   5.8913629e-01   4.4609443e-01
   1.6239794e+00   2.8891759e-01   1.0512417e+00
   1.9598873e+00   8.2443295e-02   1.2148888e+00
   2.2978205e+00   3.7921967e-02   4.0063775e-01
   2.4593403e+00   5.5574292e-02   6.0771887e-02
   2.4974647e+00   1.2426749e-01   1.3509418e-02
   2.3633095e+00   2.8696407e-01   6.7151261e-03
   2.0784029e+00   5.8335745e-01   7.7079998e-03
   1.6123802e+00   9.0340686e-01   1.7986076e-02
   1.1368683e+00   9.1201018e-01   6.4994979e-02
   9.4703832e-01   5.6744131e-01   2.3710433e-01
   1.1667391e+00   2.5019242e-01   5.3817116e-01
   1.6998799e+00   1.1657644e-01   5.3858539e-01
   2.1498924e+00   9.6529761e-02   2.5114547e-01
   2.3613385e+00   1.4666525e-01   9.6972048e-02
   2.3541983e+00   2.8419562e-01   5.6889718e-02
   2.1146671e+00   5.3276329e-01   6.4671235e-02
   1.7130787e+00   7.6479113e-01   1.3781784e-01
   1.3439530e+00   6.5101102e-01   4.2160744e-01
   1.3858987e+00   2.5605995e-01   1.0978844e+00
   1.8482246e+00   6.2706872e-02   1.1244969e+00
   2.2657561e+00   3.1794563e-02   2.8205472e-01
   2.4532638e+00   5.2531444e-02   3.5871226e-02
   2.4830676e+00   1.2066799e-01   7.5374694e-03
   2.3598717e+00   2.7962637e-01   3.6381252e-03
   2.0856423e+00   5.7239661e-01   4.0692629e-03
   1.6256004e+00   9.0108633e-01   9.3169293e-03
   1.1409150e+00   9.4056428e-01   3.3581431e-02
   9.2093192e-01   6.3177535e-01   1.2634198e-01
   1.0652237e+00   3.2541955e-01   3.1927899e-01
   1.5448019e+00   1.7593367e-01   4.1559850e-01
   2.0154050e+00   1.4260132e-01   2.9247108e-01
   2.2712999e+00   1.8413961e-01   1.6682705e-01
   2.3179513e+00   3.0422033e-01   1.2287787e-01
   2.1197400e+00   4.9943065e-01   1.4952778e-01
   1.8016427e+00   6.2032789e-01   2.9871502e-01
   1.6013772e+00   4.3625862e-01   7.4120504e-01
   1.8163909e+00   1.5137012e-01   1.2934284e+00
   2.1767543e+00   4.8534422e-02   7.8314565e-01
   2.4091814e+00   4.3717016e-02   1.5203809e-01
   2.4908846e+00   8.7351797e-02   2.6586606e-02
   2.4303815e+00   2.0194507e-01   9.2895511e-03
   2.2228027e+00   4.3866278e-01   7.5039162e-03
   1.8330151e+00   7.7828539e-01   1.3166755e-02
   1.3268255e+00   9.5856134e-01   4.0989972e-02
   9.8944643e-01   7.2661330e-01   1.5716561e-01
   1.0349659e+00   3.5054779e-01   4.5679449e-01
   1.5055591e+00   1.4312114e-01   6.4051320e-01
   2.0216190e+00   8.8578528e-02   3.6668392e-01
   2.3181270e+00   1.1137295e-01   1.2992129e-01
   2.4092489e+00   2.0846124e-01   5.7878867e-02
   2.2436908e+00   4.1768800e-01   4.8262002e-02
   1.8909018e+00   7.0131957e-01   8.0633837e-02
   1.4523527e+00   7.8695033e-01   2.2620035e-01
   1.2427589e+00   4.5140530e-01   7.1203376e-01
   1.5774816e+00   1.2465561e-01   1.2856632e+00
   2.0784827e+00   3.7734528e-02   6.4106057e-01
   2.3812669e+00   3.8642591e-02   9.6760472e-02
   2.4859207e+00   8.1328729e-02   1.4956301e-02
   2.4286141e+00   1.9082668e-01   4.8655079e-03
   2.2354563e+00   4.1908257e-01   3.7138749e-03
   1.8598416e+00   7.6010317e-01   6.2256808e-03
   1.3511195e+00   9.7474625e-01   1.8928639e-02
   9.8130458e-01   7.9585307e-01   7.3802479e-02
   9.5689646e-01   4.4581016e-01   2.3494372e-01
   1.2961418e+00   2.2231031e-01   4.1896119e-01
   1.8186009e+00   1.4186928e-01   3.7255756e-01
   2.1858516e+00   1.4937689e-01   2.1141790e-01
   2.3321674e+00   2.3062758e-01   1.2632379e-01
   2.2366519e+00   3.9960565e-01   1.1653500e-01
   1.9544579e+00   5.9828925e-01   1.8627218e-01
   1.6383204e+00   5.8934851e-01   4.4577858e-01
   1.6235563e+00   2.8911573e-01   1.0508758e+00
   1.9594817e+00   8.2487180e-02   1.2152989e+00
   2.2976149e+00   3.7911762e-02   4.0098630e-01
   2.4592797e+00   5.5534286e-02   6.0808389e-02
   2.4974762e+00   1.2417300e-01   1.3507802e-02
   2.3634582e+00   2.8676177e-01   6.7092171e-03
   2.0787277e+00   5.8304603e-01   7.6957879e-03
   1.6128359e+00   9.0322090e-01   1.7947994e-02
   1.1371791e+00   9.1225523e-01   6.4844014e-02
   9.4696827e-01   5.6790839e-01   2.3661716e-01
   1.1661316e+00   2.5052456e-01   5.3750749e-01
   1.6991202e+00   1.1672664e-01   5.3863531e-01
   2.1493813e+00   9.6582944e-02   2.5149236e-01
   2.3611058e+00   1.4664293e-01   9.7159491e-02
   2.3543054e+00   2.8405996e-01   5.6991010e-02
   2.1149657e+00   5.3249149e-01   6.4755456e-02
   1.7135514e+00   7.6449851e-01   1.3792692e-01
   1.3444685e+00   6.5090160e-01   4.2177970e-01
   1.3863641e+00   2.5605577e-01   1.0981483e+00
   1.8485276e+00   6.2704022e-02   1.1247488e+00
   2.2658943e+00   3.1789601e-02   2.8210510e-01
   2.4533145e+00   5.2523912e-02   3.5872035e-02
   2.4830959e+00   1.2065359e-01   7.5365584e-03
   2.3599013e+00   2.7959851e-01   3.6372512e-03
   2.0856897e+00   5.7235528e-01   4.0678801e-03
   1.6256626e+00   9.0106158e-01   9.3130905e-03
   1.1409570e+00   9.4059484e-01   3.3566672e-02
   9.2092558e-01   6.3183621e-01   1.2629055e-01
   1.0651553e+00   3.2547182e-01   3.1917978e-01
   1.5446503e+00   1.7596884e-01   4.1553610e-01
   2.0152879e+00   1.4262131e-01   2.9248561e-01
   2.2712354e+00   1.8414742e-01   1.6685873e-01
   2.3179398e+00   3.0420954e-01   1.2290642e-01
   2.1197715e+00   4.9939159e-01   1.4955722e-01
   1.8017197e+00   6.2027099e-01   2.9875047e-01
   1.6014925e+00   4.3622910e-01   7.4122499e-01
   1.8164815e+00   1.5137299e-01   1.2933756e+00
   2.1767943e+00   4.8540615e-02   7.8312852e-01
   2.4091909e+00   4.3723668e-02   1.5205416e-01
   2.4908826e+00   8.7363445e-02   2.6593463e-02
   2.4303683e+00   2.0196893e-01   9.2931861e-03
   2.2227663e+00   4.3870471e-01   7.5077392e-03
   1.8329526e+00   7.7832581e-01   1.3174722e-02
   1.3267679e+00   9.5854109e-01   4.1016905e-02
   9.8944525e-01   7.2651768e-01   1.5726556e-01
   1.0350668e+00   3.5044366e-01   4.5702483e-01
   1.5057347e+00   1.4305815e-01   6.4064581e-01
   2.0217766e+00   8.8544406e-02   3.6659843e-01
   2.3182181e+00   1.1135449e-01   1.2984096e-01
   2.4092941e+00   2.0845820e-01   5.7833493e-02
   2.2436747e+00   4.1771729e-01   4.8223463e-02
   1.8908349e+00   7.0140153e-01   8.0575097e-02
   1.4522174e+00   7.8708457e-01   2.2606198e-01
   1.2425263e+00   4.5153890e-01   7.1171960e-01
   1.5771991e+00   1.2470986e-01   1.2854763e+00
   2.0782800e+00   3.7747109e-02   6.4124632e-01
   2.3811795e+00   3.8643137e-02   9.6820779e-02
   2.4858926e+00   8.1321583e-02   1.4965835e-02
   2.4286254e+00   1.9080635e-01   4.8681815e-03
   2.2354919e+00   4.1904253e-01   3.7155198e-03
   1.8599052e+00   7.6005475e-01   6.2278433e-03
   1.3511897e+00   9.7473339e-01   1.8934008e-02
   9.8134344e-01   7.9587609e-01   7.3822438e-02
   9.5690486e-01   4.4581229e-01   2.3501405e-01
   1.2961642e+00   2.2228429e-01   4.1908861e-01
   1.8186395e+00   1.4183419e-01   3.7262726e-01
   2.1858993e+00   1.4933618e-01   2.1140515e-01
   2.3322180e+00   2.3058203e-01   1.2628175e-01
   2.2367073e+00   3.9957305e-01   1.1647321e-01
   1.9544828e+00   5.9833437e-01   1.8615822e-01
   1.6382227e+00   5.8952092e-01   4.4553945e-01
   1.6232012e+00   2.8926043e-01   1.0506193e+00
   1.9591604e+00   8.2515583e-02   1.2156103e+00
   2.2974573e+00   3.7901996e-02   4.0122719e-01
   2.4592346e+00   5.5502495e-02   6.0829244e-02
   2.4974863e+00   1.2409920e-01   1.3504699e-02
   2.3635731e+00   2.8660454e-01   6.7036895e-03
   2.0789793e+00   5.8280461e-01   7.6852312e-03
   1.6131887e+00   9.0307861e-01   1.7915953e-02
   1.1374175e+00   9.1245237e-01   6.4718055e-02
   9.4690535e-01   5.6828565e-01   2.3620857e-01
   1.1656330e+00   2.5079922e-01   5.3693576e-01
   1.6984947e+00   1.1685517e-01   5.3865229e-01
   2.1489563e+00   9.6632780e-02   2.5177722e-01
   2.3609077e+00   1.4663265e-01   9.7319732e-02
   2.3543833e+00   2.8395948e-01   5.7081000e-02
   2.1151970e+00   5.3227744e-01   6.4834764e-02
   1.7139293e+00   7.6424639e-01   1.3804033e-01
   1.3449085e+00   6.5076550e-01   4.2198728e-01
   1.3868261e+00   2.5601577e-01   1.0984591e+00
   1.8488604e+00   6.2693191e-02   1.1248914e+00
   2.2660523e+00   3.1785668e-02   2.8209212e-01
   2.4533710e+00   5.2522020e-02   3.5865946e-02
   2.4831108e+00   1.2065296e-01   7.5350077e-03
   2.3599052e+00   2.7959937e-01   3.6364841e-03
   2.0856891e+00   5.7235844e-01   4.0670346e-03
   1.6256583e+00   9.0106661e-01   9.3112064e-03
   1.1409505e+00   9.4060044e-01   3.3560069e-02
   9.2091703e-01   6.3184650e-01   1.2626646e-01
   1.0651353e+00   3.2548902e-01   3.1912409e-01
   1.5445951e+00   1.7598735e-01   4.1548555e-01
   2.0152403e+00   1.4263748e-01   2.9248080e-01
   2.2712025e+00   1.8416192e-01   1.6687489e-01
   2.3179173e+00   3.0421882e-01   1.2292800e-01
   2.1197654e+00   4.9938149e-01   1.4958805e-01
   1.8017473e+00   6.2022405e-01   2.9880601e-01
   1.6015836e+00   4.3617207e-01   7.4130669e-01
   1.8165831e+00   1.5135503e-01   1.2933491e+00
   2.1768571e+00   4.8541588e-02   7.8301958e-01
   2.4092128e+00   4.3730936e-02   1.5203606e-01
   2.4908839e+00   8.7379971e-02   2.6594716e-02
   2.4303434e+00   2.0200512e-01   9.2953821e-03
   2.2227071e+00   4.3876953e-01   7.5108592e-03
   1.8328535e+00   7.7839138e-01   1.3182145e-02
   1.3266732e+00   9.5852286e-01   4.1043471e-02
   9.8942729e-01   7.2640329e-01   1.5736442e-01
   1.0351729e+00   3.5033026e-01   4.5724014e-01
   1.5059228e+00   1.4299734e-01   6.4074023e-01
   2.0219394e+00   8.8516318e-02   3.6649659e-01
   2.3183064e+00   1.1134522e-01   1.2976371e-01
   2.4093313e+00   2.0846989e-01   5.7794275e-02
   2.2436386e+00   4.1776740e-01   4.8193464e-02
   1.8907395e+00   7.0149306e-01   8.0534632e-02
   1.4520695e+00   7.8717940e-01   2.2597794e-01
   1.2423424e+00   4.5160228e-01   7.1154073e-01
   1.5770129e+00   1.2473460e-01   1.2853337e+00
   2.0781560e+00   3.7754123e-02   6.4130232e-01
   2.3811266e+00   3.8645209e-02   9.6847227e-02
   2.4858743e+00   8.1321702e-02   1.4970725e-02
   2.4286241e+00   1.9080413e-01   4.8697794e-03
   2.2354960e+00   4.1903695e-01   3.7166960e-03
   1.8599144e+00   7.6004640e-01   6.2297318e-03
   1.3512018e+00   9.7472654e-01   1.8939541e-02
   9.8135486e-01   7.9586725e-01   7.3843493e-02
   9.5692255e-01   4.4579105e-01   2.3507847e-01
   1.2962170e+00   2.2225587e-01   4.1918351e-01
   1.8187013e+00   1.4180788e-01   3.7266398e-01
   2.1859504e+00   1.4931131e-01   2.1138675e-01
   2.3322571e+00   2.3055966e-01   1.2624973e-01
   2.2367309e+00   3.9956607e-01   1.1643238e-01
   1.9544750e+00   5.9837646e-01   1.8608972e-01
   1.6381376e+00   5.8962547e-01   4.4540682e-01
   1.6229778e+00   2.8933657e-01   1.0504928e+00
   1.9589713e+00   8.2527643e-02   1.2157840e+00
   2.2973683e+00   3.7895020e-02   4.0134315e-01
   2.4592103e+00   5.5483713e-02   6.0835627e-02
   2.4974930e+00   1.2405654e-01   1.3501546e-02
   2.3636387e+00   2.8651422e-01   6.6998202e-03
   2.0791232e+00   5.8266642e-01   7.6783749e-03
   1.6133902e+00   9.0299864e-01   1.7895725e-02
   1.1375519e+00   9.1257063e-01   6.4639261e-02
   9.4686282e-01   5.6851287e-01   2.3595156e-01
   1.1653270e+00   2.5096916e-01   5.3656601e-01
   1.6981094e+00   1.1693769e-01   5.3864609e-01
   2.1486915e+00   9.6667675e-02   2.5195212e-01
   2.3607812e+00   1.4663195e-01   9.7422502e-02
   2.3544242e+00   2.8390539e-01   5.7141006e-02
   2.1153293e+00   5.3215238e-01   6.4890558e-02
   1.7141541e+00   7.6408330e-01   1.3812666e-01
   1.3451905e+00   6.5064959e-01   4.2216109e-01
   1.3871659e+00   2.5596562e-01   1.0987158e+00
   1.8491235e+00   6.2680592e-02   1.1249338e+00
   2.2661806e+00   3.1783349e-02   2.8204608e-01
   2.4534163e+00   5.2523860e-02   3.5857475e-02
   2.4831141e+00   1.2066042e-01   7.5334921e-03
   2.3598934e+00   2.7961650e-01   3.6359773e-03
   2.0856610e+00   5.7238634e-01   4.0667170e-03
   1.6256169e+00   9.0108744e-01   9.3109330e-03
   1.1409178e+00   9.4059025e-01   3.3559859e-02
   9.2090943e-01   6.3182508e-01   1.2626431e-01
   1.0651483e+00   3.2548163e-01   3.1910782e-01
   1.5446096e+00   1.7599149e-01   4.1545493e-01
   2.0152449e+00   1.4264725e-01   2.9246613e-01
   2.2711963e+00   1.8417650e-01   1.6687795e-01
   2.3178943e+00   3.0423721e-01   1.2293999e-01
   2.1197393e+00   4.9939063e-01   1.4961168e-01
   1.8017393e+00   6.2019499e-01   2.9885869e-01
   1.6016372e+00   4.3611406e-01   7.4140266e-01
   1.8166648e+00   1.5132979e-01   1.2933445e+00
   2.1769167e+00   4.8539314e-02   7.8288619e-01
   2.4092361e+00   4.3736672e-02   1.5200303e-01
   2.4908869e+00   8.7395012e-02   2.6592427e-02
   2.4303184e+00   2.0203902e-01   9.2961819e-03
   2.2226501e+00   4.3883068e-01   7.5127658e-03
   1.8327591e+00   7.7845437e-01   1.3187329e-02
   1.3265817e+00   9.5851051e-01   4.1062934e-02
   9.8940436e-01   7.2630781e-01   1.5743702e-01
   1.0352545e+00   3.5024098e-01   4.5739094e-01
   1.5060691e+00   1.4295355e-01   6.4078821e-01
   2.0220631e+00   8.8498983e-02   3.6641179e-01
   2.3183703e+00   1.1134363e-01   1.2970828e-01
   2.4093541e+00   2.0848701e-01   5.7768764e-02
   2.2436004e+00   4.1781646e-01   4.8176147e-02
   1.8906525e+00   7.0156637e-01   8.0515150e-02
   1.4519528e+00   7.8722701e-01   2.2594689e-01
   1.2422341e+00   4.5160889e-01   7.1148597e-01
   1.5769304e+00   1.2473595e-01   1.2852535e+00
   2.0781093e+00   3.7756113e-02   6.4126931e-01
   2.3811072e+00   3.8647614e-02   9.6847346e-02
   2.4858663e+00   8.1325954e-02   1.4971675e-02
   2.4286158e+00   1.9081286e-01   4.8703431e-03
   2.2354811e+00   4.1905257e-01   3.7172963e-03
   1.8598900e+00   7.6006319e-01   6.2309702e-03
   1.3511775e+00   9.7472491e-01   1.8943724e-02
   9.8134757e-01   7.9584245e-01   7.3859680e-02
   9.5694093e-01   4.4576197e-01   2.3512267e-01
   1.2962736e+00   2.2223348e-01   4.1923499e-01
   1.8187602e+00   1.4179347e-01   3.7267221e-01
   2.1859901e+00   1.4930200e-01   2.1136994e-01
   2.3322793e+00   2.3055642e-01   1.2623182e-01
   2.2367301e+00   3.9957560e-01   1.1641423e-01
   1.9544506e+00   5.9840584e-01   1.8606514e-01
   1.6380820e+00   5.8966384e-01   4.4536986e-01
   1.6228881e+00   2.8935352e-01   1.0504740e+00
   1.9589075e+00   8.2527171e-02   1.2158334e+00
   2.2973420e+00   3.7891457e-02   4.0135716e-01
   2.4592043e+00   5.5477281e-02   6.0832031e-02
   2.4974960e+00   1.2404284e-01   1.3499183e-02
   2.3636589e+00   2.8648579e-01   6.6979078e-03
   2.0791679e+00   5.8262345e-01   7.6754217e-03
   1.6134524e+00   9.0297533e-01   1.7887523e-02
   1.1375916e+00   9.1261295e-01   6.4607967e-02
   9.4684294e-01   5.6859486e-01   2.3584827e-01
   1.1652108e+00   2.5103471e-01   5.3640845e-01
   1.6979623e+00   1.1697226e-01   5.3862857e-01
   2.1485878e+00   9.6684863e-02   2.5201841e-01
   2.3607288e+00   1.4663688e-01   9.7465462e-02
   2.3544332e+00   2.8389194e-01   5.7168125e-02
   2.1153703e+00   5.3211089e-01   6.4918280e-02
   1.7142326e+00   7.6401381e-01   1.3817489e-01
   1.3453082e+00   6.5057561e-01   4.2227011e-01
   1.3873466e+00   2.5592279e-01   1.0988745e+00
   1.8492779e+00   6.2670261e-02   1.1249081e+00
   2.2662582e+00   3.1782545e-02   2.8199314e-01
   2.4534432e+00   5.2527332e-02   3.5849838e-02
   2.4831100e+00   1.2067050e-01   7.5323855e-03
   2.3598757e+00   2.7963837e-01   3.6357470e-03
   2.0856248e+00   5.7242095e-01   4.0667774e-03
   1.6255653e+00   9.0111177e-01   9.3116341e-03
   1.1408788e+00   9.4057380e-01   3.3563293e-02
   9.2090433e-01   6.3179137e-01   1.2627502e-01
   1.0651765e+00   3.2546234e-01   3.1911786e-01
   1.5446594e+00   1.7598651e-01   4.1544338e-01
   2.0152776e+00   1.4265092e-01   2.9244972e-01
   2.2712067e+00   1.8418738e-01   1.6687288e-01
   2.3178771e+00   3.0425598e-01   1.2294352e-01
   2.1197088e+00   4.9940821e-01   1.4962520e-01
   1.8017135e+00   6.2018344e-01   2.9889622e-01
   1.6016559e+00   4.3607042e-01   7.4148194e-01
   1.8167142e+00   1.5130695e-01   1.2933534e+00
   2.1769593e+00   4.8535803e-02   7.8277342e-01
   2.4092541e+00   4.3740071e-02   1.5197014e-01
   2.4908900e+00   8.7405349e-02   2.6588740e-02
   2.4302998e+00   2.0206290e-01   9.2959923e-03
   2.2226092e+00   4.3887404e-01   7.5135006e-03
   1.8326916e+00   7.7849971e-01   1.3189921e-02
   1.3265156e+00   9.5850463e-01   4.1073400e-02
   9.8938455e-01   7.2624751e-01   1.5747618e-01
   1.0353013e+00   3.5018821e-01   4.5746673e-01
   1.5061545e+00   1.4293058e-01   6.4079781e-01
   2.0221329e+00   8.8492137e-02   3.6635840e-01
   2.3184039e+00   1.1134676e-01   1.2967935e-01
   2.4093630e+00   2.0850277e-01   5.7757502e-02
   2.2435708e+00   4.1785232e-01   4.8170396e-02
   1.8905925e+00   7.0161058e-01   8.0512446e-02
   1.4518837e+00   7.8723589e-01   2.2595354e-01
   1.2421960e+00   4.5158194e-01   7.1151493e-01
   1.5769271e+00   1.2472384e-01   1.2852292e+00
   2.0781181e+00   3.7754769e-02   6.4119485e-01
   2.3811116e+00   3.8649583e-02   9.6832653e-02
   2.4858662e+00   8.1331425e-02   1.4970167e-02
   2.4286058e+00   1.9082547e-01   4.8701800e-03
   2.2354593e+00   4.1907604e-01   3.7174176e-03
   1.8598531e+00   7.6008975e-01   6.2315225e-03
   1.3511390e+00   9.7472663e-01   1.8946066e-02
   9.8133167e-01   7.9581512e-01   7.3868938e-02
   9.5695494e-01   4.4573603e-01   2.3514407e-01
   1.2963175e+00   2.2222029e-01   4.1924874e-01
   1.8188022e+00   1.4178947e-01   3.7266231e-01
   2.1860131e+00   1.4930385e-01   2.1135836e-01
   2.3322863e+00   2.3056476e-01   1.2622647e-01
   2.2367158e+00   3.9959192e-01   1.1641350e-01
   1.9544232e+00   5.9842047e-01   1.8607158e-01
   1.6380573e+00   5.8965511e-01   4.4539616e-01
   1.6228968e+00   2.8933284e-01   1.0505205e+00
   1.9589304e+00   8.2519783e-02   1.2158003e+00
   2.2973577e+00   3.7890731e-02   4.0131030e-01
   2.4592100e+00   5.5479442e-02   6.0823763e-02
   2.4974961e+00   1.2404894e-01   1.3497874e-02
   2.3636484e+00   2.8649946e-01   6.6975875e-03
   2.0791453e+00   5.8264504e-01   7.6754208e-03
   1.6134204e+00   9.0298989e-01   1.7888183e-02
   1.1375678e+00   9.1260173e-01   6.4611395e-02
   9.4684087e-01   5.6857414e-01   2.3585788e-01
   1.1652313e+00   2.5102469e-01   5.3641077e-01
   1.6979868e+00   1.1697096e-01   5.3860938e-01
   2.1486013e+00   9.6687643e-02   2.5200662e-01
   2.3607316e+00   1.4664367e-01   9.7463703e-02
   2.3544220e+00   2.8390476e-01   5.7169741e-02
   2.1153496e+00   5.3212702e-01   6.4923046e-02
   1.7142087e+00   7.6401487e-01   1.3818923e-01
   1.3453032e+00   6.5054437e-01   4.2231450e-01
   1.3873913e+00   2.5589517e-01   1.0989373e+00
   1.8493312e+00   6.2663872e-02   1.1248510e+00
   2.2662874e+00   3.1782790e-02   2.8195007e-01
   2.4534529e+00   5.2530805e-02   3.5844639e-02
   2.4831028e+00   1.2067941e-01   7.5317911e-03
   2.3598593e+00   2.7965715e-01   3.6357285e-03
   2.0855934e+00   5.7245024e-01   4.0670299e-03
   1.6255216e+00   9.0113169e-01   9.3126890e-03
   1.1408466e+00   9.4055819e-01   3.3567837e-02
   9.2090194e-01   6.3175967e-01   1.2629002e-01
   1.0652058e+00   3.2544153e-01   3.1913975e-01
   1.5447158e+00   1.7597781e-01   4.1544532e-01
   2.0153173e+00   1.4265028e-01   2.9243662e-01
   2.2712235e+00   1.8419339e-01   1.6686467e-01
   2.3178674e+00   3.0427008e-01   1.2294147e-01
   2.1196837e+00   4.9942586e-01   1.4962964e-01
   1.8016846e+00   6.2018452e-01   2.9891566e-01
   1.6016507e+00   4.3604601e-01   7.4153145e-01
   1.8167330e+00   1.5129137e-01   1.2933673e+00
   2.1769813e+00   4.8532524e-02   7.8270128e-01
   2.4092646e+00   4.3741304e-02   1.5194587e-01
   2.4908923e+00   8.7410412e-02   2.6585243e-02
   2.4302894e+00   2.0207507e-01   9.2953081e-03
   2.2225876e+00   4.3889635e-01   7.5134000e-03
   1.8326565e+00   7.7852356e-01   1.3190415e-02
   1.3264806e+00   9.5850385e-01   4.1076197e-02
   9.8937158e-01   7.2622223e-01   1.5748677e-01
   1.0353168e+00   3.5016921e-01   4.5748157e-01
   1.5061841e+00   1.4292501e-01   6.4078384e-01
   2.0221551e+00   8.8492833e-02   3.6633616e-01
   2.3184123e+00   1.1135166e-01   1.2967250e-01
   2.4093620e+00   2.0851368e-01   5.7756994e-02
   2.2435536e+00   4.1787159e-01   4.8172494e-02
   1.8905631e+00   7.0162731e-01   8.0519665e-02
   1.4518586e+00   7.8722116e-01   2.2597918e-01
   1.2422065e+00   4.5154356e-01   7.1158239e-01
   1.5769683e+00   1.2470747e-01   1.2852418e+00
   2.0781550e+00   3.7751941e-02   6.4111699e-01
   2.3811280e+00   3.8650800e-02   9.6813642e-02
   2.4858705e+00   8.1336142e-02   1.4967699e-02
   2.4285975e+00   1.9083694e-01   4.8696595e-03
   2.2354394e+00   4.1909771e-01   3.7172437e-03
   1.8598189e+00   7.6011475e-01   6.2315534e-03
   1.3511028e+00   9.7472975e-01   1.8946783e-02
   9.8131518e-01   7.9579353e-01   7.3871971e-02
   9.5696289e-01   4.4571857e-01   2.3514734e-01
   1.2963431e+00   2.2221560e-01   4.1923815e-01
   1.8188240e+00   1.4179224e-01   3.7264503e-01
   2.1860209e+00   1.4931134e-01   2.1135270e-01
   2.3322831e+00   2.3057729e-01   1.2622942e-01
   2.2366978e+00   3.9960773e-01   1.1642255e-01
   1.9544012e+00   5.9842317e-01   1.8609341e-01
   1.6380561e+00   5.8962274e-01   4.4545042e-01
   1.6229572e+00   2.8929685e-01   1.0505908e+00
   1.9589952e+00   8.2510517e-02   1.2157304e+00
   2.2973924e+00   3.7891754e-02   4.0124217e-01
   2.4592208e+00   5.5485769e-02   6.0815080e-02
   2.4974947e+00   1.2406434e-01   1.3497486e-02
   2.3636237e+00   2.8653272e-01   6.6982267e-03
   2.0790916e+00   5.8269654e-01   7.6770445e-03
   1.6133448e+00   9.0302148e-01   1.7893549e-02
   1.1375154e+00   9.1256397e-01   6.4633036e-02
   9.4684913e-01   5.6850229e-01   2.3592712e-01
   1.1653215e+00   2.5097570e-01   5.3650043e-01
   1.6980994e+00   1.1695025e-01   5.3859428e-01
   2.1486758e+00   9.6681770e-02   2.5195494e-01
   2.3607640e+00   1.4664972e-01   9.7437798e-02
   2.3544026e+00   2.8392869e-01   5.7156902e-02
   2.1153002e+00   5.3217065e-01   6.4913938e-02
   1.7141346e+00   7.6405447e-01   1.3818117e-01
   1.3452320e+00   6.5054480e-01   4.2231176e-01
   1.3873494e+00   2.5588312e-01   1.0989309e+00
   1.8493150e+00   6.2661314e-02   1.1247914e+00
   2.2662823e+00   3.1783547e-02   2.8192364e-01
   2.4534506e+00   5.2533372e-02   3.5842133e-02
   2.4830958e+00   1.2068535e-01   7.5316325e-03
   2.3598480e+00   2.7966934e-01   3.6358309e-03
   2.0855729e+00   5.7246898e-01   4.0673218e-03
   1.6254935e+00   9.0114399e-01   9.3136622e-03
   1.1408264e+00   9.4054711e-01   3.3571803e-02
   9.2090166e-01   6.3173735e-01   1.2630345e-01
   1.0652279e+00   3.2542532e-01   3.1916242e-01
   1.5447610e+00   1.7596934e-01   4.1545414e-01
   2.0153504e+00   1.4264745e-01   2.9242876e-01
   2.2712394e+00   1.8419516e-01   1.6685687e-01
   2.3178644e+00   3.0427793e-01   1.2293691e-01
   2.1196682e+00   4.9943893e-01   1.4962796e-01
   1.8016615e+00   6.2019223e-01   2.9892011e-01
   1.6016336e+00   4.3603852e-01   7.4155171e-01
   1.8167302e+00   1.5128384e-01   1.2933804e+00
   2.1769864e+00   4.8530229e-02   7.8267026e-01
   2.4092683e+00   4.3741026e-02   1.5193267e-01
   2.4908937e+00   8.7411263e-02   2.6582763e-02
   2.4302864e+00   2.0207764e-01   9.2945316e-03
   2.2225823e+00   4.3890129e-01   7.5128680e-03
   1.8326482e+00   7.7852941e-01   1.3189630e-02
   1.3264718e+00   9.5850607e-01   4.1074059e-02
   9.8936575e-01   7.2622274e-01   1.5747894e-01
   1.0353111e+00   3.5017368e-01   4.5745915e-01
   1.5061754e+00   1.4293044e-01   6.4076062e-01
   2.0221452e+00   8.8497479e-02   3.6633680e-01
   2.3184045e+00   1.1135626e-01   1.2967953e-01
   2.4093558e+00   2.0851909e-01   5.7762511e-02
   2.2435478e+00   4.1787673e-01   4.8178344e-02
   1.8905580e+00   7.0162461e-01   8.0530435e-02
   1.4518642e+00   7.8719736e-01   2.2600854e-01
   1.2422408e+00   4.5150895e-01   7.1165331e-01
   1.5770231e+00   1.2469305e-01   1.2852713e+00
   2.0781977e+00   3.7749039e-02   6.4105760e-01
   2.3811466e+00   3.8651287e-02   9.6797234e-02
   2.4858760e+00   8.1339212e-02   1.4965351e-02
   2.4285922e+00   1.9084479e-01   4.8690793e-03
   2.2354257e+00   4.1911274e-01   3.7169537e-03
   1.8597952e+00   7.6013238e-01   6.2312906e-03
   1.3510773e+00   9.7473282e-01   1.8946423e-02
   9.8130267e-01   7.9578071e-01   7.3870801e-02
   9.5696545e-01   4.4571032e-01   2.3513983e-01
   1.2963519e+00   2.2221679e-01   4.1921700e-01
   1.8188290e+00   1.4179800e-01   3.7262822e-01
   2.1860184e+00   1.4931998e-01   2.1135175e-01
   2.3322752e+00   2.3058884e-01   1.2623615e-01
   2.2366824e+00   3.9961913e-01   1.1643459e-01
   1.9543880e+00   5.9841863e-01   1.8611796e-01
   1.6380680e+00   5.8958588e-01   4.4550582e-01
   1.6230303e+00   2.8926188e-01   1.0506558e+00
   1.9590659e+00   8.2502645e-02   1.2156586e+00
   2.2974284e+00   3.7893470e-02   4.0118021e-01
   2.4592315e+00   5.5492725e-02   6.0808440e-02
   2.4974927e+00   1.2408081e-01   1.3497704e-02
   2.3635977e+00   2.8656803e-01   6.6992245e-03
   2.0790349e+00   5.8275095e-01   7.6791343e-03
   1.6132651e+00   9.0305414e-01   1.7900091e-02
   1.1374609e+00   9.1252153e-01   6.4659007e-02
   9.4686092e-01   5.6842122e-01   2.3601094e-01
   1.1654264e+00   2.5091817e-01   5.3661451e-01
   1.6982309e+00   1.1692433e-01   5.3858533e-01
   2.1487642e+00   9.6672698e-02   2.5189491e-01
   2.3608042e+00   1.4665378e-01   9.7405443e-02
   2.3543838e+00   2.8395246e-01   5.7139506e-02
   2.1152481e+00   5.3221796e-01   6.4899613e-02
   1.7140524e+00   7.6410483e-01   1.3816296e-01
   1.3451432e+00   6.5056243e-01   4.2228394e-01
   1.3872710e+00   2.5588274e-01   1.0988883e+00
   1.8492650e+00   6.2661523e-02   1.1247461e+00
   2.2662597e+00   3.1784388e-02   2.8191322e-01
   2.4534423e+00   5.2534774e-02   3.5841757e-02
   2.4830907e+00   1.2068812e-01   7.5317546e-03
   2.3598423e+00   2.7967475e-01   3.6359733e-03
   2.0855637e+00   5.7247705e-01   4.0675597e-03
   1.6254814e+00   9.0114891e-01   9.3143382e-03
   1.1408181e+00   9.4054139e-01   3.3574423e-02
   9.2090262e-01   6.3172597e-01   1.2631254e-01
   1.0652404e+00   3.2541584e-01   3.1917964e-01
   1.5447883e+00   1.7596320e-01   4.1546445e-01
   2.0153713e+00   1.4264415e-01   2.9242581e-01
   2.2712507e+00   1.8419415e-01   1.6685132e-01
   2.3178658e+00   3.0428032e-01   1.2293215e-01
   2.1196619e+00   4.9944611e-01   1.4962333e-01
   1.8016476e+00   6.2020159e-01   2.9891516e-01
   1.6016145e+00   4.3604228e-01   7.4155064e-01
   1.8167162e+00   1.5128268e-01   1.2933897e+00
   2.1769808e+00   4.8529070e-02   7.8266987e-01
   2.4092672e+00   4.3739990e-02   1.5192896e-01
   2.4908941e+00   8.7409578e-02   2.6581485e-02
   2.4302881e+00   2.0207427e-01   9.2939056e-03
   2.2225874e+00   4.3889540e-01   7.5122367e-03
   1.8326569e+00   7.7852385e-01   1.3188345e-02
   1.3264797e+00   9.5850937e-01   4.1069763e-02
   9.8936536e-01   7.2623730e-01   1.5746301e-01
   1.0352953e+00   3.5018990e-01   4.5742205e-01
   1.5061479e+00   1.4294051e-01   6.4073833e-01
   2.0221204e+00   8.8503092e-02   3.6634985e-01
   2.3183900e+00   1.1135949e-01   1.2969238e-01
   2.4093483e+00   2.0852006e-01   5.7769910e-02
   2.2435496e+00   4.1787278e-01   4.8184741e-02
   1.8905676e+00   7.0161192e-01   8.0540367e-02
   1.4518852e+00   7.8717474e-01   2.2603233e-01
   1.2422794e+00   4.5148538e-01   7.1170775e-01
   1.5770712e+00   1.2468343e-01   1.2853026e+00
   2.0782325e+00   3.7746850e-02   6.4102376e-01
   2.3811616e+00   3.8651247e-02   9.6786510e-02
   2.4858808e+00   8.1340583e-02   1.4963677e-02
   2.4285900e+00   1.9084861e-01   4.8686169e-03
   2.2354191e+00   4.1912023e-01   3.7166750e-03
   1.8597833e+00   7.6014138e-01   6.2309347e-03
   1.3510642e+00   9.7473507e-01   1.8945565e-02
   9.8129559e-01   7.9577604e-01   7.3867627e-02
   9.5696439e-01   4.4570927e-01   2.3512835e-01
   1.2963493e+00   2.2222089e-01   4.1919554e-01
   1.8188235e+00   1.4180390e-01   3.7261603e-01
   2.1860108e+00   1.4932700e-01   2.1135363e-01
   2.3322667e+00   2.3059686e-01   1.2624321e-01
   2.2366726e+00   3.9962515e-01   1.1644515e-01
   1.9543830e+00   5.9841129e-01   1.8613765e-01
   1.6380841e+00   5.8955612e-01   4.4554747e-01
   1.6230913e+00   2.8923654e-01   1.0507010e+00
   1.9591216e+00   8.2497580e-02   1.2156044e+00
   2.2974558e+00   3.7895120e-02   4.0113769e-01
   2.4592394e+00   5.5498223e-02   6.0804644e-02
   2.4974910e+00   1.2409361e-01   1.3498199e-02
   2.3635778e+00   2.8659531e-01   6.7001608e-03
   2.0789912e+00   5.8279286e-01   7.6809386e-03
   1.6132039e+00   9.0307892e-01   1.7905585e-02
   1.1374194e+00   9.1248752e-01   6.4680625e-02
   9.4687158e-01   5.6835610e-01   2.3608105e-01
   1.1655122e+00   2.5087087e-01   5.3671242e-01
   1.6983386e+00   1.1690227e-01   5.3858206e-01
   2.1488373e+00   9.6664222e-02   2.5184586e-01
   2.3608382e+00   1.4665570e-01   9.7377938e-02
   2.3543702e+00   2.8396998e-01   5.7124120e-02
   2.1152080e+00   5.3225502e-01   6.4886142e-02
   1.7139871e+00   7.6414804e-01   1.3814390e-01
   1.3450676e+00   6.5058495e-01   4.2224955e-01
   1.3871930e+00   2.5588885e-01   1.0988368e+00
   1.8492094e+00   6.2663197e-02   1.1247204e+00
   2.2662334e+00   3.1785058e-02   2.8191430e-01
   2.4534329e+00   5.2535176e-02   3.5842649e-02
   2.4830880e+00   1.2068843e-01   7.5319995e-03
   2.3598413e+00   2.7967504e-01   3.6361009e-03
   2.0855631e+00   5.7247719e-01   4.0677066e-03
   1.6254811e+00   9.0114852e-01   9.3146769e-03
   1.1408184e+00   9.4054009e-01   3.3575629e-02
   9.2090400e-01   6.3172353e-01   1.2631690e-01
   1.0652444e+00   3.2541250e-01   3.1918944e-01
   1.5447988e+00   1.7595991e-01   4.1547294e-01
   2.0153802e+00   1.4264144e-01   2.9242632e-01
   2.2712566e+00   1.8419186e-01   1.6684844e-01
   2.3178694e+00   3.0427909e-01   1.2292850e-01
   2.1196624e+00   4.9944819e-01   1.4961829e-01
   1.8016424e+00   6.2020945e-01   2.9890633e-01
   1.6015992e+00   4.3605124e-01   7.4153812e-01
   1.8166997e+00   1.5128533e-01   1.2933945e+00
   2.1769708e+00   4.8528832e-02   7.8268643e-01
   2.4092638e+00   4.3738804e-02   1.5193143e-01
   2.4908939e+00   8.7406932e-02   2.6581197e-02
   2.4302920e+00   2.0206850e-01   9.2935234e-03
   2.2225968e+00   4.3888508e-01   7.5117132e-03
   1.8326727e+00   7.7851345e-01   1.3187116e-02
   1.3264947e+00   9.5851240e-01   4.1065387e-02
   9.8936806e-01   7.2625583e-01   1.5744673e-01
   1.0352779e+00   3.5020840e-01   4.5738642e-01
   1.5061172e+00   1.4295053e-01   6.4072228e-01
   2.0220937e+00   8.8507793e-02   3.6636636e-01
   2.3183754e+00   1.1136115e-01   1.2970511e-01
   2.4093421e+00   2.0851835e-01   5.7776442e-02
   2.2435553e+00   4.1786484e-01   4.8189794e-02
   1.8905829e+00   7.0159702e-01   8.0547283e-02
   1.4519093e+00   7.8715858e-01   2.2604693e-01
   1.2423103e+00   4.5147394e-01   7.1173913e-01
   1.5771032e+00   1.2467894e-01   1.2853267e+00
   2.0782541e+00   3.7745615e-02   6.4101266e-01
   2.3811708e+00   3.8650927e-02   9.6781667e-02
   2.4858840e+00   8.1340668e-02   1.4962805e-02
   2.4285900e+00   1.9084923e-01   4.8683381e-03
   2.2354179e+00   4.1912164e-01   3.7164744e-03
   1.8597810e+00   7.6014333e-01   6.2306193e-03
   1.3510614e+00   9.7473628e-01   1.8944655e-02
   9.8129332e-01   7.9577704e-01   7.3864170e-02
   9.5696160e-01   4.4571244e-01   2.3511764e-01
   1.2963410e+00   2.2222555e-01   4.1917943e-01
   1.8188137e+00   1.4180837e-01   3.7260951e-01
   2.1860024e+00   1.4933132e-01   2.1135658e-01
   2.3322601e+00   2.3060088e-01   1.2624863e-01
   2.2366682e+00   3.9962666e-01   1.1645218e-01
   1.9543838e+00   5.9840430e-01   1.8614959e-01
   1.6380983e+00   5.8953791e-01   4.4557086e-01
   1.6231300e+00   2.8922301e-01   1.0507237e+00
   1.9591547e+00   8.2495359e-02   1.2155738e+00
   2.2974715e+00   3.7896310e-02   4.0111680e-01
   2.4592437e+00   5.5501505e-02   6.0803386e-02
   2.4974898e+00   1.2410109e-01   1.3498718e-02
   2.3635663e+00   2.8661116e-01   6.7008222e-03
   2.0789660e+00   5.8281712e-01   7.6821216e-03
   1.6131685e+00   9.0309299e-01   1.7909088e-02
   1.1373958e+00   9.1246690e-01   6.4694287e-02
   9.4687889e-01   5.6831650e-01   2.3612558e-01
   1.1655654e+00   2.5084136e-01   5.3677625e-01
   1.6984055e+00   1.1688801e-01   5.3858275e-01
   2.1488832e+00   9.6658256e-02   2.5181547e-01
   2.3608601e+00   1.4665596e-01   9.7360175e-02
   2.3543629e+00   2.8397956e-01   5.7113798e-02
   2.1151848e+00   5.3227690e-01   6.4876605e-02
   1.7139479e+00   7.6417620e-01   1.3812927e-01
   1.3450189e+00   6.5060435e-01   4.2222041e-01
   1.3871353e+00   2.5589697e-01   1.0987937e+00
   1.8491651e+00   6.2665246e-02   1.1247120e+00
   2.2662119e+00   3.1785462e-02   2.8192141e-01
   2.4534253e+00   5.2534923e-02   3.5844009e-02
   2.4830873e+00   1.2068731e-01   7.5322490e-03
   2.3598430e+00   2.7967244e-01   3.6361876e-03
   2.0855674e+00   5.7247292e-01   4.0677658e-03
   1.6254874e+00   9.0114530e-01   9.3147431e-03
   1.1408235e+00   9.4054156e-01   3.3575748e-02
   9.2090526e-01   6.3172664e-01   1.2631755e-01
   1.0652427e+00   3.2541339e-01   3.1919263e-01
   1.5447973e+00   1.7595904e-01   4.1547823e-01
   2.0153801e+00   1.4263975e-01   2.9242860e-01
   2.2712580e+00   1.8418946e-01   1.6684777e-01
   2.3178732e+00   3.0427618e-01   1.2292640e-01
   2.1196664e+00   4.9944694e-01   1.4961431e-01
   1.8016432e+00   6.2021446e-01   2.9889763e-01
   1.6015899e+00   4.3606077e-01   7.4152253e-01
   1.8166860e+00   1.5128938e-01   1.2933955e+00
   2.1769610e+00   4.8529163e-02   7.8270803e-01
   2.4092600e+00   4.3737841e-02   1.5193666e-01
   2.4908935e+00   8.7404439e-02   2.6581526e-02
   2.4302961e+00   2.0206289e-01   9.2933735e-03
   2.2226061e+00   4.3887498e-01   7.5113838e-03
   1.8326883e+00   7.7850306e-01   1.3186234e-02
   1.3265098e+00   9.5851452e-01   4.1062093e-02
   9.8937176e-01   7.2627177e-01   1.5743445e-01
   1.0352641e+00   3.5022339e-01   4.5736079e-01
   1.5060926e+00   1.4295795e-01   6.4071379e-01
   2.0220729e+00   8.8510783e-02   3.6638052e-01
   2.3183646e+00   1.1136151e-01   1.2971451e-01
   2.4093382e+00   2.0851561e-01   5.7780814e-02
   2.2435615e+00   4.1785676e-01   4.8192807e-02
   1.8905973e+00   7.0158473e-01   8.0550761e-02
   1.4519289e+00   7.8715014e-01   2.2605273e-01
   1.2423291e+00   4.5147211e-01   7.1174976e-01
   1.5771181e+00   1.2467841e-01   1.2853407e+00
   2.0782628e+00   3.7745222e-02   6.4101692e-01
   2.3811744e+00   3.8650536e-02   9.6781303e-02
   2.4858854e+00   8.1340023e-02   1.4962597e-02
   2.4285913e+00   1.9084794e-01   4.8682320e-03
   2.2354201e+00   4.1911935e-01   3.7163682e-03
   1.8597846e+00   7.6014090e-01   6.2304073e-03
   1.3510649e+00   9.7473662e-01   1.8943950e-02
   9.8129427e-01   7.9578091e-01   7.3861446e-02
   9.5695859e-01   4.4571711e-01   2.3511011e-01
   1.2963317e+00   2.2222930e-01   4.1917040e-01
   1.8188040e+00   1.4181089e-01   3.7260778e-01
   2.1859957e+00   1.4933306e-01   2.1135937e-01
   2.3322563e+00   2.3060166e-01   1.2625176e-01
   2.2366681e+00   3.9962531e-01   1.1645546e-01
   1.9543876e+00   5.9839931e-01   1.8615420e-01
   1.6381079e+00   5.8953074e-01   4.4557819e-01
   1.6231465e+00   2.8921945e-01   1.0507282e+00
   1.9591668e+00   8.2495274e-02   1.2155641e+00
   2.2974766e+00   3.7896941e-02   4.0111316e-01
   2.4592449e+00   5.5502724e-02   6.0803847e-02
   2.4974893e+00   1.2410372e-01   1.3499117e-02
   2.3635623e+00   2.8661664e-01   6.7011623e-03
   2.0789573e+00   5.8282543e-01   7.6826584e-03
   1.6131565e+00   9.0309756e-01   1.7910595e-02
   1.1373880e+00   9.1245894e-01   6.4700057e-02
   9.4688246e-01   5.6830112e-01   2.3614458e-01
   1.1655870e+00   2.5082923e-01   5.3680493e-01
   1.6984328e+00   1.1688170e-01   5.3858546e-01
   2.1489024e+00   9.6655202e-02   2.5180315e-01
   2.3608697e+00   1.4665522e-01   9.7352336e-02
   2.3543610e+00   2.8398231e-01   5.7108913e-02
   2.1151768e+00   5.3228482e-01   6.4871684e-02
   1.7139331e+00   7.6418884e-01   1.3812085e-01
   1.3449974e+00   6.5061704e-01   4.2220165e-01
   1.3871035e+00   2.5590410e-01   1.0987664e+00
   1.8491383e+00   6.2666974e-02   1.1247153e+00
   2.2661984e+00   3.1785615e-02   2.8193001e-01
   2.4534206e+00   5.2534375e-02   3.5845275e-02
   2.4830878e+00   1.2068570e-01   7.5324365e-03
   2.3598458e+00   2.7966891e-01   3.6362294e-03
   2.0855732e+00   5.7246734e-01   4.0677613e-03
   1.6254958e+00   9.0114136e-01   9.3146418e-03
   1.1408298e+00   9.4054417e-01   3.3575236e-02
   9.2090613e-01   6.3173200e-01   1.2631597e-01
   1.0652383e+00   3.2541639e-01   3.1919136e-01
   1.5447896e+00   1.7595973e-01   4.1548040e-01
   2.0153751e+00   1.4263906e-01   2.9243127e-01
   2.2712565e+00   1.8418762e-01   1.6684848e-01
   2.3178761e+00   3.0427311e-01   1.2292570e-01
   2.1196713e+00   4.9944417e-01   1.4961194e-01
   1.8016472e+00   6.2021661e-01   2.9889125e-01
   1.6015863e+00   4.3606814e-01   7.4150927e-01
   1.8166774e+00   1.5129316e-01   1.2933943e+00
   2.1769538e+00   4.8529722e-02   7.8272684e-01
   2.4092569e+00   4.3737249e-02   1.5194206e-01
   2.4908930e+00   8.7402674e-02   2.6582111e-02
   2.4302993e+00   2.0205883e-01   9.2933905e-03
   2.2226131e+00   4.3886761e-01   7.5112463e-03
   1.8326997e+00   7.7849536e-01   1.3185771e-02
   1.3265210e+00   9.5851558e-01   4.1060246e-02
   9.8937506e-01   7.2628218e-01   1.5742754e-01
   1.0352560e+00   3.5023258e-01   4.5734727e-01
   1.5060777e+00   1.4296202e-01   6.4071166e-01
   2.0220606e+00   8.8512058e-02   3.6638974e-01
   2.3183586e+00   1.1136106e-01   1.2971964e-01
   2.4093365e+00   2.0851300e-01   5.7782868e-02
   2.2435665e+00   4.1785069e-01   4.8193917e-02
   1.8906076e+00   7.0157705e-01   8.0551445e-02
   1.4519410e+00   7.8714813e-01   2.2605218e-01
   1.2423363e+00   4.5147605e-01   7.1174620e-01
   1.5771198e+00   1.2468021e-01   1.2853455e+00
   2.0782621e+00   3.7745395e-02   6.4102855e-01
   2.3811740e+00   3.8650207e-02   9.6783503e-02
   2.4858855e+00   8.1339142e-02   1.4962810e-02
   2.4285929e+00   1.9084593e-01   4.8682484e-03
   2.2354236e+00   4.1911561e-01   3.7163415e-03
   1.8597904e+00   7.6013668e-01   6.2303069e-03
   1.3510710e+00   9.7473638e-01   1.8943539e-02
   9.8129676e-01   7.9578536e-01   7.3859828e-02
   9.5695623e-01   4.4572141e-01   2.3510628e-01
   1.2963244e+00   2.2223160e-01   4.1916761e-01
   1.8187968e+00   1.4181169e-01   3.7260915e-01
   2.1859917e+00   1.4933291e-01   2.1136134e-01
   2.3322549e+00   2.3060046e-01   1.2625282e-01
   2.2366702e+00   3.9962273e-01   1.1645583e-01
   1.9543920e+00   5.9839670e-01   1.8615359e-01
   1.6381124e+00   5.8953151e-01   4.4557477e-01
   1.6231465e+00   2.8922231e-01   1.0507215e+00
   1.9591643e+00   8.2496388e-02   1.2155683e+00
   2.2974746e+00   3.7897100e-02   4.0111999e-01
   2.4592441e+00   5.5502492e-02   6.0805138e-02
   2.4974892e+00   1.2410300e-01   1.3499347e-02
   2.3635636e+00   2.8661499e-01   6.7012375e-03
   2.0789601e+00   5.8282280e-01   7.6827005e-03
   1.6131604e+00   9.0309571e-01   1.7910612e-02
   1.1373910e+00   9.1246002e-01   6.4699988e-02
   9.4688305e-01   5.6830307e-01   2.3614461e-01
   1.1655856e+00   2.5082980e-01   5.3680682e-01
   1.6984312e+00   1.1688141e-01   5.3858859e-01
   2.1489018e+00   9.6654541e-02   2.5180397e-01
   2.3608700e+00   1.4665413e-01   9.7351989e-02
   2.3543626e+00   2.8398058e-01   5.7108286e-02
   2.1151794e+00   5.3228299e-01   6.4870576e-02
   1.7139355e+00   7.6418967e-01   1.3811802e-01
   1.3449965e+00   6.5062278e-01   4.2219345e-01
   1.3870942e+00   2.5590885e-01   1.0987547e+00
   1.8491281e+00   6.2668079e-02   1.1247242e+00
   2.2661930e+00   3.1785590e-02   2.8193722e-01
   2.4534188e+00   5.2533806e-02   3.5846163e-02
   2.4830890e+00   1.2068422e-01   7.5325415e-03
   2.3598485e+00   2.7966579e-01   3.6362355e-03
   2.0855784e+00   5.7246245e-01   4.0677227e-03
   1.6255031e+00   9.0113803e-01   9.3144740e-03
   1.1408352e+00   9.4054675e-01   3.3574507e-02
   9.2090656e-01   6.3173723e-01   1.2631357e-01
   1.0652335e+00   3.2541978e-01   3.1918794e-01
   1.5447805e+00   1.7596110e-01   4.1548028e-01
   2.0153687e+00   1.4263910e-01   2.9243347e-01
   2.2712539e+00   1.8418657e-01   1.6684978e-01
   2.3178778e+00   3.0427073e-01   1.2292596e-01
   2.1196755e+00   4.9944128e-01   1.4961108e-01
   1.8016519e+00   6.2021662e-01   2.9888780e-01
   1.6015868e+00   4.3607242e-01   7.4150071e-01
   1.8166739e+00   1.5129582e-01   1.2933921e+00
   2.1769499e+00   4.8530263e-02   7.8273927e-01
   2.4092551e+00   4.3737015e-02   1.5194617e-01
   2.4908926e+00   8.7401767e-02   2.6582688e-02
   2.4303011e+00   2.0205666e-01   9.2934954e-03
   2.2226169e+00   4.3886364e-01   7.5112506e-03
   1.8327060e+00   7.7849113e-01   1.3185659e-02
   1.3265272e+00   9.5851578e-01   4.1059675e-02
   9.8937728e-01   7.2628684e-01   1.5742538e-01
   1.0352530e+00   3.5023619e-01   4.5734394e-01
   1.5060720e+00   1.4296319e-01   6.4071360e-01
   2.0220563e+00   8.8512055e-02   3.6639384e-01
   2.3183569e+00   1.1136029e-01   1.2972109e-01
   2.4093365e+00   2.0851114e-01   5.7783110e-02
   2.2435695e+00   4.1784728e-01   4.8193688e-02
   1.8906128e+00   7.0157390e-01   8.0550407e-02
   1.4519457e+00   7.8715019e-01   2.2604825e-01
   1.2423353e+00   4.5148218e-01   7.1173571e-01
   1.5771137e+00   1.2468283e-01   1.2853440e+00
   2.0782565e+00   3.7745837e-02   6.4104127e-01
   2.3811715e+00   3.8649996e-02   9.6786556e-02
   2.4858849e+00   8.1338357e-02   1.4963200e-02
   2.4285943e+00   1.9084403e-01   4.8683285e-03
   2.2354269e+00   4.1911203e-01   3.7163656e-03
   1.8597961e+00   7.6013255e-01   6.2302942e-03
   1.3510770e+00   9.7473589e-01   1.8943398e-02
   9.8129945e-01   7.9578899e-01   7.3859238e-02
   9.5695483e-01   4.4572440e-01   2.3510547e-01
   1.2963199e+00   2.2223249e-01   4.1916899e-01
   1.8187929e+00   1.4181134e-01   3.7261187e-01
   2.1859902e+00   1.4933177e-01   2.1136236e-01
   2.3322553e+00   2.3059847e-01   1.2625245e-01
   2.2366731e+00   3.9962013e-01   1.1645449e-01
   1.9543957e+00   5.9839608e-01   1.8615023e-01
   1.6381129e+00   5.8953647e-01   4.4556628e-01
   1.6231373e+00   2.8922798e-01   1.0507103e+00
   1.9591542e+00   8.2497879e-02   1.2155793e+00
   2.2974692e+00   3.7896958e-02   4.0113084e-01
   2.4592425e+00   5.5501515e-02   6.0806554e-02
   2.4974895e+00   1.2410061e-01   1.3499424e-02
   2.3635675e+00   2.8660983e-01   6.7011467e-03
   2.0789684e+00   5.8281480e-01   7.6824580e-03
   1.6131721e+00   9.0309078e-01   1.7909801e-02
   1.1373992e+00   9.1246583e-01   6.4696703e-02
   9.4688184e-01   5.6831410e-01   2.3613412e-01
   1.1655718e+00   2.5083726e-01   5.3679340e-01
   1.6984140e+00   1.1688452e-01   5.3859114e-01
   2.1488905e+00   9.6655374e-02   2.5181186e-01
   2.3608651e+00   1.4665313e-01   9.7355878e-02
   2.3543656e+00   2.8397681e-01   5.7110177e-02
   2.1151870e+00   5.3227624e-01   6.4871864e-02
   1.7139469e+00   7.6418374e-01   1.3811901e-01
   1.3450072e+00   6.5062318e-01   4.2219320e-01
   1.3870998e+00   2.5591106e-01   1.0987547e+00
   1.8491297e+00   6.2668555e-02   1.1247340e+00
   2.2661933e+00   3.1785472e-02   2.8194181e-01
   2.4534190e+00   5.2533370e-02   3.5846614e-02
   2.4830901e+00   1.2068320e-01   7.5325738e-03
   2.3598505e+00   2.7966368e-01   3.6362203e-03
   2.0855820e+00   5.7245922e-01   4.0676751e-03
   1.6255079e+00   9.0113589e-01   9.3143124e-03
   1.1408387e+00   9.4054864e-01   3.3573845e-02
   9.2090664e-01   6.3174104e-01   1.2631134e-01
   1.0652298e+00   3.2542252e-01   3.1918422e-01
   1.5447729e+00   1.7596250e-01   4.1547893e-01
   2.0153632e+00   1.4263953e-01   2.9243484e-01
   2.2712512e+00   1.8418621e-01   1.6685108e-01
   2.3178784e+00   3.0426934e-01   1.2292667e-01
   2.1196782e+00   4.9943906e-01   1.4961127e-01
   1.8016558e+00   6.2021544e-01   2.9888685e-01
   1.6015895e+00   4.3607390e-01   7.4149696e-01
   1.8166740e+00   1.5129718e-01   1.2933899e+00
   2.1769488e+00   4.8530655e-02   7.8274496e-01
   2.4092544e+00   4.3737039e-02   1.5194850e-01
   2.4908923e+00   8.7401567e-02   2.6583110e-02
   2.4303017e+00   2.0205610e-01   9.2936221e-03
   2.2226180e+00   4.3886258e-01   7.5113322e-03
   1.8327077e+00   7.7848992e-01   1.3185770e-02
   1.3265290e+00   9.5851545e-01   4.1059957e-02
   9.8937834e-01   7.2628712e-01   1.5742641e-01
   1.0352536e+00   3.5023579e-01   4.5734711e-01
   1.5060729e+00   1.4296245e-01   6.4071730e-01
   2.0220575e+00   8.8511344e-02   3.6639406e-01
   2.3183580e+00   1.1135952e-01   1.2972012e-01
   2.4093375e+00   2.0851017e-01   5.7782285e-02
   2.2435706e+00   4.1784624e-01   4.8192777e-02
   1.8906140e+00   7.0157407e-01   8.0548682e-02
   1.4519453e+00   7.8715399e-01   2.2604347e-01
   1.2423300e+00   4.5148794e-01   7.1172407e-01
   1.5771049e+00   1.2468523e-01   1.2853393e+00
   2.0782495e+00   3.7746314e-02   6.4105132e-01
   2.3811685e+00   3.8649905e-02   9.6789296e-02
   2.4858840e+00   8.1337828e-02   1.4963589e-02
   2.4285952e+00   1.9084268e-01   4.8684231e-03
   2.2354292e+00   4.1910946e-01   3.7164117e-03
   1.8598002e+00   7.6012954e-01   6.2303332e-03
   1.3510814e+00   9.7473539e-01   1.8943441e-02
   9.8130157e-01   7.9579122e-01   7.3859371e-02
   9.5695433e-01   4.4572589e-01   2.3510656e-01
   1.2963182e+00   2.2223238e-01   4.1917232e-01
   1.8187919e+00   1.4181043e-01   3.7261465e-01
   2.1859905e+00   1.4933036e-01   2.1136258e-01
   2.3322565e+00   2.3059655e-01   1.2625140e-01
   2.2366757e+00   3.9961819e-01   1.1645255e-01
   1.9543980e+00   5.9839673e-01   1.8614623e-01
   1.6381111e+00   5.8954247e-01   4.4555717e-01
   1.6231255e+00   2.8923376e-01   1.0506995e+00
   1.9591427e+00   8.2499195e-02   1.2155911e+00
   2.2974633e+00   3.7896685e-02   4.0114114e-01
   2.4592407e+00   5.5500378e-02   6.0807677e-02
   2.4974898e+00   1.2409791e-01   1.3499396e-02
   2.3635717e+00   2.8660404e-01   6.7009874e-03
   2.0789777e+00   5.8280587e-01   7.6821201e-03
   1.6131852e+00   9.0308542e-01   1.7908739e-02
   1.1374081e+00   9.1247276e-01   6.4692483e-02
   9.4687995e-01   5.6832732e-01   2.3612051e-01
   1.1655547e+00   2.5084661e-01   5.3677496e-01
   1.6983926e+00   1.1688871e-01   5.3859272e-01
   2.1488762e+00   9.6656822e-02   2.5182163e-01
   2.3608586e+00   1.4665243e-01   9.7361114e-02
   2.3543687e+00   2.8397289e-01   5.7112975e-02
   2.1151956e+00   5.3226849e-01   6.4874147e-02
   1.7139604e+00   7.6417560e-01   1.3812186e-01
   1.3450216e+00   6.5062053e-01   4.2219742e-01
   1.3871122e+00   2.5591130e-01   1.0987612e+00
   1.8491375e+00   6.2668560e-02   1.1247416e+00
   2.2661968e+00   3.1785334e-02   2.8194376e-01
   2.4534202e+00   5.2533121e-02   3.5846706e-02
   2.4830910e+00   1.2068269e-01   7.5325575e-03
   2.3598515e+00   2.7966269e-01   3.6361973e-03
   2.0855836e+00   5.7245773e-01   4.0676348e-03
   1.6255101e+00   9.0113497e-01   9.3141960e-03
   1.1408402e+00   9.4054966e-01   3.3573391e-02
   9.2090650e-01   6.3174308e-01   1.2630977e-01
   1.0652276e+00   3.2542419e-01   3.1918128e-01
   1.5447681e+00   1.7596355e-01   4.1547723e-01
   2.0153595e+00   1.4264008e-01   2.9243540e-01
   2.2712493e+00   1.8418634e-01   1.6685203e-01
   2.3178782e+00   3.0426887e-01   1.2292746e-01
   2.1196794e+00   4.9943779e-01   1.4961200e-01
   1.8016582e+00   6.2021391e-01   2.9888754e-01
   1.6015926e+00   4.3607343e-01   7.4149684e-01
   1.8166762e+00   1.5129746e-01   1.2933883e+00
   2.1769496e+00   4.8530863e-02   7.8274546e-01
   2.4092545e+00   4.3737201e-02   1.5194925e-01
