  -4.9677628e-02
   4.5396784e-02
  -2.4547066e-02
  -8.4814295e-02
   7.2076534e-02
  -5.3525875e-03
  -1.0395845e-01
   9.0085557e-03
  -4.4451867e-02
   1.6524681e-02
   7.2944672e-02
   3.0024925e-02
   1.8478029e-03
  -1.2303190e-01
   1.3631076e-02
   2.3158979e-02
   1.2134081e-02
   5.1233523e-03
  -5.0533668e-02
  -1.6078358e-03
   4.1501958e-02
   1.7460897e-02
   7.8967396e-02
   7.9987234e-02
   1.0212077e-02
  -2.4786627e-02
   1.3801398e-01
   5.5107254e-02
   1.2724440e-01
  -9.1425700e-03
  -5.2107884e-02
   2.7139288e-02
   3.1607690e-02
   2.0601890e-01
  -5.1471223e-02
   2.1889709e-02
  -1.8027623e-02
   8.0634958e-02
  -2.4596981e-02
   8.4978838e-03
   9.8501183e-02
  -3.5610668e-02
   1.1694106e-01
   1.1065917e-01
   1.7274967e-04
   2.6187412e-01
  -1.3858626e-02
   7.3555327e-02
   1.1647785e-01
   1.2775695e-01
   1.8075826e-01
   1.1856858e-01
   7.0794215e-02
   1.6372828e-02
   1.6615155e-01
   1.0244425e-01
  -1.8795662e-02
   1.8927375e-01
   6.8690043e-02
   8.9234496e-03
   1.6915623e-01
   1.5984969e-01
   1.3361793e-01
   4.9966725e-03
   3.1422497e-01
  -8.7123647e-02
   2.0822045e-01
  -2.6612100e-02
   2.6345252e-01
  -2.6563030e-01
   3.9154222e-01
   8.8322075e-02
   1.0302409e-01
   1.4653910e-01
   2.8850244e-02
   1.2812970e-01
   1.2623621e-01
   1.0791690e-01
   1.5759561e-02
   3.9228291e-04
   1.3363626e-01
   1.3713943e-01
   1.6248655e-01
   2.0288953e-01
   1.8229860e-01
  -7.5359999e-04
   1.1943220e+00
   3.2675649e-01
   5.8519276e-01
   1.5886267e-01
   1.1764800e-01
   1.6810473e-01
   1.7974901e-01
   1.9818346e-01
   1.7301879e-01
   1.1284101e-01
   2.1042193e-01
   1.3197009e-01
   8.2648643e-03
  -2.6464387e-05
   5.2722596e-03
   9.6423152e-03
   1.1378399e-01
   1.3781325e-01
   3.2379863e-02
   5.4487687e-02
   7.8606003e-02
   9.4519431e-02
   1.8865016e-01
   1.6108669e-01
   2.8198544e-01
   3.1852302e-01
   1.9097286e-01
   3.4471547e-01
   2.4494500e-01
   3.0477981e-01
   2.6155539e-01
   8.3974746e-02
   1.4933784e-05
   0.0000000e+00
   0.0000000e+00
   2.0455394e-02
   3.7755446e-01
   4.2832628e-01
   2.2470497e-02
   3.0348260e-04
   6.9132008e-03
   1.0698288e-01
   5.0864860e-01
   1.6506458e-01
   8.1450376e-02
   3.6887905e-01
   1.7544871e-01
   1.6146464e-01
   5.3970945e-02
   4.5518485e-02
   1.8880391e-02
   4.2144701e-03
   5.0187745e-07
   0.0000000e+00
   0.0000000e+00
   4.3500108e-03
   8.0290117e-02
   9.1087168e-02
   4.7762892e-03
   0.0000000e+00
   0.0000000e+00
   4.9078221e-02
   2.5047836e-01
   7.9701764e-02
   6.1550659e-03
   3.2160938e-02
   1.0831257e-02
   8.7561093e-04
   1.5309343e-04
   0.0000000e+00
   0.0000000e+00
   0.0000000e+00
   0.0000000e+00
   0.0000000e+00
   0.0000000e+00
   0.0000000e+00
   0.0000000e+00
   0.0000000e+00
   0.0000000e+00
   0.0000000e+00
   0.0000000e+00
   3.4490671e-04
   1.7602852e-03
   5.6011960e-04
   2.3535720e-07
   0.0000000e+00
   0.0000000e+00
   0.0000000e+00
   0.0000000e+00
   0.0000000e+00
   0.0000000e+00
   0.0000000e+00
   0.0000000e+00
   0.0000000e+00
   0.0000000e+00
   0.0000000e+00
   0.0000000e+00
   0.0000000e+00
   0.0000000e+00
   0.0000000e+00
   0.0000000e+00
   0.0000000e+00
   0.0000000e+00
   0.0000000e+00
   0.0000000e+00
   0.0000000e+00
   0.0000000e+00
   0.0000000e+00
   0.0000000e+00
   0.0000000e+00
   0.0000000e+00
   0.0000000e+00
   0.0000000e+00
   0.0000000e+00
   0.0000000e+00
   0.0000000e+00
   0.0000000e+00
   0.0000000e+00
   0.0000000e+00
   0.0000000e+00
   0.0000000e+00
   0.0000000e+00
   0.0000000e+00
   0.0000000e+00
   0.0000000e+00
   0.0000000e+00
   0.0000000e+00
   0.0000000e+00
   0.0000000e+00
   0.0000000e+00
   0.0000000e+00
   0.0000000e+00
   0.0000000e+00
   0.0000000e+00
   0.0000000e+00
   0.0000000e+00
   0.0000000e+00
   0.0000000e+00
   0.0000000e+00
   0.0000000e+00
   0.0000000e+00
   0.0000000e+00
   0.0000000e+00
   0.0000000e+00
   0.0000000e+00
   0.0000000e+00
   0.0000000e+00
   0.0000000e+00
   0.0000000e+00
   0.0000000e+00
   0.0000000e+00
   0.0000000e+00
   0.0000000e+00
   0.0000000e+00
   0.0000000e+00
   0.0000000e+00
   0.0000000e+00
   0.0000000e+00
   0.0000000e+00
   0.0000000e+00
   0.0000000e+00
   0.0000000e+00
   0.0000000e+00
   0.0000000e+00
   0.0000000e+00
   0.0000000e+00
   0.0000000e+00
   0.0000000e+00
   0.0000000e+00
   0.0000000e+00
   0.0000000e+00
   0.0000000e+00
   0.0000000e+00
   0.0000000e+00
   0.0000000e+00
   0.0000000e+00
   0.0000000e+00
   0.0000000e+00
   0.0000000e+00
   0.0000000e+00
   0.0000000e+00
   0.0000000e+00
   0.0000000e+00
   0.0000000e+00
   0.0000000e+00
   0.0000000e+00
   0.0000000e+00
   0.0000000e+00
   0.0000000e+00
   0.0000000e+00
   0.0000000e+00
   0.0000000e+00
   0.0000000e+00
   0.0000000e+00
   0.0000000e+00
   0.0000000e+00
   0.0000000e+00
   0.0000000e+00
   0.0000000e+00
   0.0000000e+00
   0.0000000e+00
   0.0000000e+00
   0.0000000e+00
   0.0000000e+00
   0.0000000e+00
   0.0000000e+00
   0.0000000e+00
   0.0000000e+00
   0.0000000e+00
   0.0000000e+00
   0.0000000e+00
   0.0000000e+00
   0.0000000e+00
   0.0000000e+00
   0.0000000e+00
   0.0000000e+00
   0.0000000e+00
   0.0000000e+00
   0.0000000e+00
   0.0000000e+00
   0.0000000e+00
   0.0000000e+00
   0.0000000e+00
   0.0000000e+00
   0.0000000e+00
   0.0000000e+00
   0.0000000e+00
   0.0000000e+00
   0.0000000e+00
   0.0000000e+00
   0.0000000e+00
   0.0000000e+00
   0.0000000e+00
   0.0000000e+00
   0.0000000e+00
   0.0000000e+00
   0.0000000e+00
   0.0000000e+00
   0.0000000e+00
   0.0000000e+00
   0.0000000e+00
   0.0000000e+00
   0.0000000e+00
   0.0000000e+00
   0.0000000e+00
   0.0000000e+00
   0.0000000e+00
   0.0000000e+00
   0.0000000e+00
   0.0000000e+00
   0.0000000e+00
   0.0000000e+00
   0.0000000e+00
   0.0000000e+00
   0.0000000e+00
   0.0000000e+00
   0.0000000e+00
   0.0000000e+00
   0.0000000e+00
   0.0000000e+00
   0.0000000e+00
   0.0000000e+00
   0.0000000e+00
   0.0000000e+00
   0.0000000e+00
   0.0000000e+00
   0.0000000e+00
   0.0000000e+00
   0.0000000e+00
   0.0000000e+00
   0.0000000e+00
   0.0000000e+00
   0.0000000e+00
   0.0000000e+00
   0.0000000e+00
   0.0000000e+00
   0.0000000e+00
   0.0000000e+00
   0.0000000e+00
   0.0000000e+00
   0.0000000e+00
   0.0000000e+00
   0.0000000e+00
   0.0000000e+00
   0.0000000e+00
   0.0000000e+00
   0.0000000e+00
   0.0000000e+00
   0.0000000e+00
   0.0000000e+00
   0.0000000e+00
   0.0000000e+00
   0.0000000e+00
   0.0000000e+00
   0.0000000e+00
   0.0000000e+00
   0.0000000e+00
   0.0000000e+00
   0.0000000e+00
   0.0000000e+00
   0.0000000e+00
   0.0000000e+00
   0.0000000e+00
   0.0000000e+00
   0.0000000e+00
   0.0000000e+00
   0.0000000e+00
   0.0000000e+00
   0.0000000e+00
   0.0000000e+00
   0.0000000e+00
   0.0000000e+00
   0.0000000e+00
   0.0000000e+00
