   2.6110183e-02
  -7.8148261e-02
   1.1128195e-02
   3.3838744e-02
  -3.6716680e-01
   1.7940441e-04
   5.2261221e-02
  -8.8411345e-02
  -6.4254127e-02
  -3.3926840e-02
   3.3450899e-02
   1.8266804e-02
   1.9846537e-03
  -8.0725580e-02
  -5.3476419e-02
  -1.8268857e-02
  -5.3949784e-02
  -3.1048944e-03
  -2.3960140e-02
  -3.0527968e-02
   5.3213767e-04
   1.1155425e-01
   7.5521883e-02
   5.7391592e-03
   3.2860057e-01
  -3.2072776e-02
  -1.5942975e-02
   1.2408701e-01
   1.2194549e-01
   3.2424022e-02
   1.0200491e-01
  -1.2177320e-02
   1.3065372e-01
   9.5055694e-02
   1.1103256e-01
   3.6107041e-02
   1.2760947e-02
   1.1936677e-01
   1.1791315e-01
  -3.0873991e-02
   6.5272525e-02
   5.7330107e-02
   4.4030874e-02
   2.3054833e-04
   5.4469535e-02
  -4.0552912e-02
   1.4630651e-02
   1.3037826e-01
  -2.0050603e-01
   1.5322766e-01
  -1.2208980e-02
   1.0996916e-01
   5.6744978e-02
  -1.2444796e-01
   4.7652892e-02
   1.0851027e-01
   1.2120068e-01
   1.0281082e-01
   5.9445511e-02
  -2.1634324e-02
   1.0653495e-01
   1.4948914e-01
   4.1583601e-02
   2.5206844e-01
   1.3039112e-01
   2.4650169e-01
   2.6599047e-01
  -2.4760305e-02
   4.9977913e-01
  -3.4553792e-02
   1.8207539e-01
   2.4244111e-02
   3.4070736e-02
   4.3627402e-01
   6.4236167e-02
   6.1378032e-02
   2.7359253e-01
  -1.2377434e-01
  -1.2231140e-02
  -4.1800379e-03
   4.1622368e-02
   2.5145118e-01
   1.7061309e-01
   2.9521303e-01
   1.8617823e-01
   5.5497176e-02
   2.5352858e-01
   1.4707915e-01
   1.1954595e-01
   1.8416997e-01
   2.7916987e-01
   5.2299990e-01
   4.3459952e-02
   2.3213474e-01
   5.4423537e-02
   2.3900544e-01
   4.1684053e-01
  -7.7321938e-03
  -1.8798779e-03
   0.0000000e+00
   7.6373729e-03
   6.9277100e-02
   6.6833593e-02
   2.5201002e-01
   1.8381561e-01
   3.2133539e-01
   1.6945807e-01
   2.4558011e-01
   2.0165095e-01
   2.6267214e-01
  -2.0611356e-02
   7.4145763e-01
   2.9461682e-01
   3.8769228e-02
  -1.1860179e-02
  -1.7837417e-03
  -1.9776699e-02
  -1.1532773e-02
  -2.1015987e-04
   0.0000000e+00
   5.2529854e-11
   4.7496697e-10
   2.5876746e-03
   2.7611182e-02
   5.6459580e-02
   3.6786516e-01
   2.0523219e-01
   2.7379664e-01
   4.6209348e-01
   7.9779033e-02
   2.9536467e-02
   8.7227141e-02
   1.7116854e-02
   1.0184216e-03
   7.8156111e-06
   0.0000000e+00
   0.0000000e+00
   0.0000000e+00
   0.0000000e+00
   0.0000000e+00
   0.0000000e+00
   0.0000000e+00
   0.0000000e+00
   0.0000000e+00
   2.5141287e-03
   2.3148342e-02
   1.4104084e-02
   1.5359602e-01
   2.9393300e-01
   3.3697306e-02
   0.0000000e+00
   0.0000000e+00
   0.0000000e+00
   0.0000000e+00
   0.0000000e+00
   0.0000000e+00
   0.0000000e+00
   0.0000000e+00
   0.0000000e+00
   0.0000000e+00
   0.0000000e+00
   0.0000000e+00
   0.0000000e+00
   0.0000000e+00
   0.0000000e+00
   0.0000000e+00
   2.2961463e-05
   2.8079329e-03
   5.4694146e-03
   6.3063835e-04
   0.0000000e+00
   0.0000000e+00
   0.0000000e+00
   0.0000000e+00
   0.0000000e+00
   0.0000000e+00
   0.0000000e+00
   0.0000000e+00
   0.0000000e+00
   0.0000000e+00
   0.0000000e+00
   0.0000000e+00
   0.0000000e+00
   0.0000000e+00
   0.0000000e+00
   0.0000000e+00
   0.0000000e+00
   0.0000000e+00
   0.0000000e+00
   0.0000000e+00
   0.0000000e+00
   0.0000000e+00
   0.0000000e+00
   0.0000000e+00
   0.0000000e+00
   0.0000000e+00
   0.0000000e+00
   0.0000000e+00
   0.0000000e+00
   0.0000000e+00
   0.0000000e+00
   0.0000000e+00
   0.0000000e+00
   0.0000000e+00
   0.0000000e+00
   0.0000000e+00
   0.0000000e+00
   0.0000000e+00
   0.0000000e+00
   0.0000000e+00
   0.0000000e+00
   0.0000000e+00
   0.0000000e+00
   0.0000000e+00
   0.0000000e+00
   0.0000000e+00
   0.0000000e+00
   0.0000000e+00
   0.0000000e+00
   0.0000000e+00
   0.0000000e+00
   0.0000000e+00
   0.0000000e+00
   0.0000000e+00
   0.0000000e+00
   0.0000000e+00
   0.0000000e+00
   0.0000000e+00
   0.0000000e+00
   0.0000000e+00
   0.0000000e+00
   0.0000000e+00
   0.0000000e+00
   0.0000000e+00
   0.0000000e+00
   0.0000000e+00
   0.0000000e+00
   0.0000000e+00
   0.0000000e+00
   0.0000000e+00
   0.0000000e+00
   0.0000000e+00
   0.0000000e+00
   0.0000000e+00
   0.0000000e+00
   0.0000000e+00
   0.0000000e+00
   0.0000000e+00
   0.0000000e+00
   0.0000000e+00
   0.0000000e+00
   0.0000000e+00
   0.0000000e+00
   0.0000000e+00
   0.0000000e+00
   0.0000000e+00
   0.0000000e+00
   0.0000000e+00
   0.0000000e+00
   0.0000000e+00
   0.0000000e+00
   0.0000000e+00
   0.0000000e+00
   0.0000000e+00
   0.0000000e+00
   0.0000000e+00
   0.0000000e+00
   0.0000000e+00
   0.0000000e+00
   0.0000000e+00
   0.0000000e+00
   0.0000000e+00
   0.0000000e+00
   0.0000000e+00
   0.0000000e+00
   0.0000000e+00
   0.0000000e+00
   0.0000000e+00
   0.0000000e+00
   0.0000000e+00
   0.0000000e+00
   0.0000000e+00
   0.0000000e+00
   0.0000000e+00
   0.0000000e+00
   0.0000000e+00
   0.0000000e+00
   0.0000000e+00
   0.0000000e+00
   0.0000000e+00
   0.0000000e+00
   0.0000000e+00
   0.0000000e+00
   0.0000000e+00
   0.0000000e+00
   0.0000000e+00
   0.0000000e+00
   0.0000000e+00
   0.0000000e+00
   0.0000000e+00
   0.0000000e+00
   0.0000000e+00
   0.0000000e+00
   0.0000000e+00
   0.0000000e+00
   0.0000000e+00
   0.0000000e+00
   0.0000000e+00
   0.0000000e+00
   0.0000000e+00
   0.0000000e+00
   0.0000000e+00
   0.0000000e+00
   0.0000000e+00
   0.0000000e+00
   0.0000000e+00
   0.0000000e+00
   0.0000000e+00
   0.0000000e+00
   0.0000000e+00
   0.0000000e+00
   0.0000000e+00
   0.0000000e+00
   0.0000000e+00
   0.0000000e+00
   0.0000000e+00
   0.0000000e+00
   0.0000000e+00
   0.0000000e+00
   0.0000000e+00
   0.0000000e+00
   0.0000000e+00
   0.0000000e+00
   0.0000000e+00
   0.0000000e+00
   0.0000000e+00
   0.0000000e+00
   0.0000000e+00
   0.0000000e+00
   0.0000000e+00
   0.0000000e+00
   0.0000000e+00
   0.0000000e+00
   0.0000000e+00
   0.0000000e+00
   0.0000000e+00
   0.0000000e+00
   0.0000000e+00
   0.0000000e+00
   0.0000000e+00
   0.0000000e+00
   0.0000000e+00
   0.0000000e+00
   0.0000000e+00
   0.0000000e+00
   0.0000000e+00
   0.0000000e+00
   0.0000000e+00
   0.0000000e+00
   0.0000000e+00
   0.0000000e+00
   0.0000000e+00
   0.0000000e+00
   0.0000000e+00
   0.0000000e+00
   0.0000000e+00
   0.0000000e+00
   0.0000000e+00
   0.0000000e+00
   0.0000000e+00
   0.0000000e+00
   0.0000000e+00
   0.0000000e+00
   0.0000000e+00
   0.0000000e+00
   0.0000000e+00
   0.0000000e+00
   0.0000000e+00
   0.0000000e+00
   0.0000000e+00
   0.0000000e+00
   0.0000000e+00
   0.0000000e+00
   0.0000000e+00
   0.0000000e+00
   0.0000000e+00
   0.0000000e+00
   0.0000000e+00
   0.0000000e+00
   0.0000000e+00
   0.0000000e+00
   0.0000000e+00
   0.0000000e+00
   0.0000000e+00
   0.0000000e+00
   0.0000000e+00
   0.0000000e+00
   0.0000000e+00
   0.0000000e+00
   0.0000000e+00
