   4.1028368e-03
  -7.8089273e-04
  -1.7785462e-04
   9.2190210e-04
  -2.0972200e-03
   4.1504500e-03
   5.4023605e-03
  -3.0217364e-03
   2.2650768e-03
  -3.2476268e-03
   1.6370050e-03
   4.7173097e-03
  -1.1189167e-03
   1.6950393e-03
   2.3689735e-02
  -2.8627154e-03
  -3.1209392e-03
   3.4436396e-03
  -4.3226448e-04
   0.0000000e+00
   1.8178596e-02
   1.9720989e-02
   2.1772254e-02
   1.7279763e-02
   2.3932251e-02
   1.0653917e-02
   1.9048933e-02
   1.9791073e-02
   1.7763161e-02
   2.2873992e-02
   1.6790095e-02
   1.6912793e-02
   1.7955672e-02
   1.9844155e-02
   1.6245246e-03
   1.9428862e-02
   2.9835120e-02
   1.1594055e-02
   7.4862984e-03
   0.0000000e+00
   5.6461910e-02
   5.1101716e-02
   5.8642825e-02
   5.9932840e-02
   5.4926571e-02
   6.8644826e-02
   5.5455099e-02
   6.1713568e-02
   5.8909159e-02
   5.7139121e-02
   5.9680987e-02
   6.2668909e-02
   6.1879103e-02
   5.8202385e-02
   7.8023348e-02
   6.4930626e-02
   3.2792256e-02
   9.2135226e-02
   4.1236700e-02
   0.0000000e+00
   1.3992840e-01
   1.2823161e-01
   1.2159720e-01
   1.1649700e-01
   1.2171398e-01
   1.0461983e-01
   1.2518765e-01
   1.1025410e-01
   1.2139349e-01
   1.1641609e-01
   1.2065113e-01
   1.0980639e-01
   1.1399081e-01
   1.1640889e-01
   9.2218691e-02
   1.1015758e-01
   1.4676018e-01
   9.3874083e-02
   2.1050601e-02
   0.0000000e+00
   1.8667002e-02
   4.7957027e-02
   1.2806406e-01
   1.8130999e-01
   1.7580206e-01
   1.9618476e-01
   1.5542783e-01
   2.0198568e-01
   1.6161731e-01
   1.8828845e-01
   1.5289632e-01
   2.3770553e-01
   1.6792577e-01
   1.9555544e-01
   2.1344644e-01
   2.0764456e-01
   1.3875992e-01
   2.1113654e-02
   1.1136791e-04
   0.0000000e+00
   0.0000000e+00
   7.8420015e-02
   3.5407082e-01
   2.6187543e-01
   7.6163243e-02
   2.2887664e-01
   2.8826391e-01
   1.3602378e-01
   1.3023877e-01
   2.4328763e-01
   2.8480681e-01
   7.1378363e-02
   2.6736774e-02
   8.3689504e-02
   2.0270882e-01
   6.5814384e-02
   9.1924369e-03
   2.3856521e-05
   0.0000000e+00
   0.0000000e+00
   0.0000000e+00
   8.8082364e-03
   4.7595505e-02
   3.9963252e-02
   3.2155407e-03
   5.5186246e-03
   1.3127923e-02
   8.7977100e-02
   5.0343539e-01
   2.1967710e-01
   3.7514209e-02
   2.9636966e-03
   4.1440246e-07
   2.8532027e-04
   7.8273833e-04
   1.3303699e-04
   0.0000000e+00
   0.0000000e+00
   0.0000000e+00
   0.0000000e+00
   0.0000000e+00
   0.0000000e+00
   0.0000000e+00
   0.0000000e+00
   0.0000000e+00
   0.0000000e+00
   5.1264399e-07
   2.5240087e-02
   1.6476944e-01
   6.6821215e-02
   2.0098054e-04
   0.0000000e+00
   0.0000000e+00
   0.0000000e+00
   0.0000000e+00
   0.0000000e+00
   0.0000000e+00
   0.0000000e+00
   0.0000000e+00
   0.0000000e+00
   0.0000000e+00
   0.0000000e+00
   0.0000000e+00
   0.0000000e+00
   0.0000000e+00
   0.0000000e+00
   0.0000000e+00
   3.1336239e-05
   2.0958680e-04
   8.5967668e-05
   2.6126408e-07
   0.0000000e+00
   0.0000000e+00
   0.0000000e+00
   0.0000000e+00
   0.0000000e+00
   0.0000000e+00
   0.0000000e+00
   0.0000000e+00
   0.0000000e+00
   0.0000000e+00
   0.0000000e+00
   0.0000000e+00
   0.0000000e+00
   0.0000000e+00
   0.0000000e+00
   0.0000000e+00
   0.0000000e+00
   0.0000000e+00
   0.0000000e+00
   0.0000000e+00
   0.0000000e+00
   0.0000000e+00
   0.0000000e+00
   0.0000000e+00
   0.0000000e+00
   0.0000000e+00
   0.0000000e+00
   0.0000000e+00
   0.0000000e+00
   0.0000000e+00
   0.0000000e+00
   0.0000000e+00
   0.0000000e+00
   0.0000000e+00
   0.0000000e+00
   0.0000000e+00
   0.0000000e+00
   0.0000000e+00
   0.0000000e+00
   0.0000000e+00
   0.0000000e+00
   0.0000000e+00
   0.0000000e+00
   0.0000000e+00
   0.0000000e+00
   0.0000000e+00
   0.0000000e+00
   0.0000000e+00
   0.0000000e+00
   0.0000000e+00
   0.0000000e+00
   0.0000000e+00
   0.0000000e+00
   0.0000000e+00
   0.0000000e+00
   0.0000000e+00
   0.0000000e+00
   0.0000000e+00
   0.0000000e+00
   0.0000000e+00
   0.0000000e+00
   0.0000000e+00
   0.0000000e+00
   0.0000000e+00
   0.0000000e+00
   0.0000000e+00
   0.0000000e+00
   0.0000000e+00
   0.0000000e+00
   0.0000000e+00
   0.0000000e+00
   0.0000000e+00
   0.0000000e+00
   0.0000000e+00
   0.0000000e+00
   0.0000000e+00
   0.0000000e+00
   0.0000000e+00
   0.0000000e+00
   0.0000000e+00
   0.0000000e+00
   0.0000000e+00
   0.0000000e+00
   0.0000000e+00
   0.0000000e+00
   0.0000000e+00
   0.0000000e+00
   0.0000000e+00
   0.0000000e+00
   0.0000000e+00
   0.0000000e+00
   0.0000000e+00
   0.0000000e+00
   0.0000000e+00
   0.0000000e+00
   0.0000000e+00
   0.0000000e+00
   0.0000000e+00
   0.0000000e+00
   0.0000000e+00
   0.0000000e+00
   0.0000000e+00
   0.0000000e+00
   0.0000000e+00
   0.0000000e+00
   0.0000000e+00
   0.0000000e+00
   0.0000000e+00
   0.0000000e+00
   0.0000000e+00
   0.0000000e+00
   0.0000000e+00
   0.0000000e+00
   0.0000000e+00
   0.0000000e+00
   0.0000000e+00
   0.0000000e+00
   0.0000000e+00
   0.0000000e+00
   0.0000000e+00
   0.0000000e+00
   0.0000000e+00
   0.0000000e+00
   0.0000000e+00
   0.0000000e+00
   0.0000000e+00
   0.0000000e+00
   0.0000000e+00
   0.0000000e+00
   0.0000000e+00
   0.0000000e+00
   0.0000000e+00
   0.0000000e+00
   0.0000000e+00
   0.0000000e+00
   0.0000000e+00
   0.0000000e+00
   0.0000000e+00
   0.0000000e+00
   0.0000000e+00
   0.0000000e+00
   0.0000000e+00
   0.0000000e+00
   0.0000000e+00
   0.0000000e+00
   0.0000000e+00
   0.0000000e+00
   0.0000000e+00
   0.0000000e+00
   0.0000000e+00
   0.0000000e+00
   0.0000000e+00
   0.0000000e+00
   0.0000000e+00
   0.0000000e+00
   0.0000000e+00
   0.0000000e+00
   0.0000000e+00
   0.0000000e+00
   0.0000000e+00
   0.0000000e+00
   0.0000000e+00
   0.0000000e+00
   0.0000000e+00
   0.0000000e+00
   0.0000000e+00
   0.0000000e+00
   0.0000000e+00
   0.0000000e+00
   0.0000000e+00
   0.0000000e+00
   0.0000000e+00
   0.0000000e+00
   0.0000000e+00
   0.0000000e+00
   0.0000000e+00
   0.0000000e+00
   0.0000000e+00
   0.0000000e+00
   0.0000000e+00
   0.0000000e+00
   0.0000000e+00
   0.0000000e+00
   0.0000000e+00
   0.0000000e+00
   0.0000000e+00
   0.0000000e+00
   0.0000000e+00
   0.0000000e+00
   0.0000000e+00
   0.0000000e+00
   0.0000000e+00
   0.0000000e+00
   0.0000000e+00
   0.0000000e+00
   0.0000000e+00
   0.0000000e+00
   0.0000000e+00
   0.0000000e+00
   0.0000000e+00
   0.0000000e+00
   0.0000000e+00
   0.0000000e+00
   0.0000000e+00
   0.0000000e+00
   0.0000000e+00
   0.0000000e+00
   0.0000000e+00
   0.0000000e+00
   0.0000000e+00
   0.0000000e+00
   0.0000000e+00
   0.0000000e+00
   0.0000000e+00
   0.0000000e+00
   0.0000000e+00
   0.0000000e+00
   0.0000000e+00
   0.0000000e+00
   0.0000000e+00
   0.0000000e+00
   0.0000000e+00
   0.0000000e+00
   0.0000000e+00
   0.0000000e+00
   0.0000000e+00
   0.0000000e+00
   0.0000000e+00
   0.0000000e+00
