   3.2154269e-04
   1.6558816e-03
   2.1762886e-03
  -4.8174193e-03
   8.3456928e-04
  -2.7989732e-03
  -4.7491234e-03
  -1.2133034e-03
  -1.4074446e-03
   4.0009379e-04
   9.7533716e-04
  -4.9143184e-04
   3.1239901e-03
  -4.0077163e-04
  -1.9977299e-03
   3.9506454e-03
  -8.2048981e-04
  -2.3142723e-02
  -8.6898592e-03
   1.6475742e-02
   1.1517357e-02
   3.3980756e-02
   2.7327844e-02
   2.5679917e-02
   1.9282235e-02
   2.5075796e-02
   1.8008651e-02
   2.8945046e-02
   2.1531114e-02
   1.9207606e-02
   1.5323113e-02
   2.0458562e-02
   1.5134488e-02
   2.2054363e-02
   2.1287936e-02
   1.1642304e-02
   2.0673592e-02
   3.4609021e-02
   1.7032840e-02
   2.2788254e-02
   6.8063916e-02
   5.1871567e-02
   2.1526025e-02
   5.3267316e-02
   5.6294292e-02
   5.3327662e-02
   5.9161354e-02
   4.9803607e-02
   5.4707972e-02
   5.9152253e-02
   6.7911627e-02
   5.6611535e-02
   6.9118156e-02
   5.1294437e-02
   5.9013266e-02
   7.3526197e-02
   5.7744459e-02
   3.5549225e-02
   7.9604633e-02
   5.5448264e-03
   1.0191003e-01
   1.2857806e-01
   1.4267498e-01
   1.2720779e-01
   1.2545339e-01
   1.2197701e-01
   1.2114927e-01
   1.2764280e-01
   1.2602096e-01
   1.1573856e-01
   1.0561191e-01
   1.2009056e-01
   1.0567326e-01
   1.2851487e-01
   1.1661282e-01
   1.0015108e-01
   1.1633299e-01
   1.5342272e-01
   7.0284746e-02
   5.9104332e-04
   2.0277114e-01
   1.6560358e-01
   1.5440921e-01
   1.6947226e-01
   1.0954554e-01
   1.8546910e-01
   1.6219603e-01
   1.3425418e-01
   1.6260534e-01
   1.8190568e-01
   1.9333099e-01
   1.8244594e-01
   1.8318648e-01
   1.3952231e-01
   1.8832290e-01
   2.2593726e-01
   1.6057603e-01
   1.2927367e-01
   2.8805738e-02
   0.0000000e+00
   1.0604902e-01
   2.7127594e-01
   2.6787288e-01
   2.7870713e-01
   3.2087448e-01
   2.0592533e-01
   3.0892008e-01
   2.7543988e-01
   2.6273143e-01
   2.2722364e-01
   1.9445130e-01
   8.6730742e-02
   3.2890590e-01
   1.0712666e-01
   3.1865819e-02
   1.2614966e-01
   4.4328593e-02
   2.3762991e-04
   1.8410385e-05
   0.0000000e+00
   1.6110334e-02
   1.4499730e-01
   1.8025666e-01
   1.8526305e-01
   2.9428763e-01
   1.3864516e-01
   9.1059204e-02
   2.8368790e-01
   3.1111452e-01
   1.8909190e-02
   1.4345560e-03
   3.5188304e-03
   1.7331737e-02
   5.3928024e-03
   1.7218830e-06
   0.0000000e+00
   0.0000000e+00
   0.0000000e+00
   0.0000000e+00
   0.0000000e+00
   0.0000000e+00
   7.1603820e-06
   1.9267019e-04
   1.7947235e-03
   9.2110161e-03
   3.4057071e-03
   5.5321426e-04
   1.6358704e-02
   1.8770069e-02
   1.0327990e-03
   0.0000000e+00
   0.0000000e+00
   0.0000000e+00
   0.0000000e+00
   0.0000000e+00
   0.0000000e+00
   0.0000000e+00
   0.0000000e+00
   0.0000000e+00
   0.0000000e+00
   0.0000000e+00
   0.0000000e+00
   0.0000000e+00
   0.0000000e+00
   0.0000000e+00
   0.0000000e+00
   0.0000000e+00
   0.0000000e+00
   0.0000000e+00
   0.0000000e+00
   0.0000000e+00
   0.0000000e+00
   0.0000000e+00
   0.0000000e+00
   0.0000000e+00
   0.0000000e+00
   0.0000000e+00
   0.0000000e+00
   0.0000000e+00
   0.0000000e+00
   0.0000000e+00
   0.0000000e+00
   0.0000000e+00
   0.0000000e+00
   0.0000000e+00
   0.0000000e+00
   0.0000000e+00
   0.0000000e+00
   0.0000000e+00
   0.0000000e+00
   0.0000000e+00
   0.0000000e+00
   0.0000000e+00
   0.0000000e+00
   0.0000000e+00
   0.0000000e+00
   0.0000000e+00
   0.0000000e+00
   0.0000000e+00
   0.0000000e+00
   0.0000000e+00
   0.0000000e+00
   0.0000000e+00
   0.0000000e+00
   0.0000000e+00
   0.0000000e+00
   0.0000000e+00
   0.0000000e+00
   0.0000000e+00
   0.0000000e+00
   0.0000000e+00
   0.0000000e+00
   0.0000000e+00
   0.0000000e+00
   0.0000000e+00
   0.0000000e+00
   0.0000000e+00
   0.0000000e+00
   0.0000000e+00
   0.0000000e+00
   0.0000000e+00
   0.0000000e+00
   0.0000000e+00
   0.0000000e+00
   0.0000000e+00
   0.0000000e+00
   0.0000000e+00
   0.0000000e+00
   0.0000000e+00
   0.0000000e+00
   0.0000000e+00
   0.0000000e+00
   0.0000000e+00
   0.0000000e+00
   0.0000000e+00
   0.0000000e+00
   0.0000000e+00
   0.0000000e+00
   0.0000000e+00
   0.0000000e+00
   0.0000000e+00
   0.0000000e+00
   0.0000000e+00
   0.0000000e+00
   0.0000000e+00
   0.0000000e+00
   0.0000000e+00
   0.0000000e+00
   0.0000000e+00
   0.0000000e+00
   0.0000000e+00
   0.0000000e+00
   0.0000000e+00
   0.0000000e+00
   0.0000000e+00
   0.0000000e+00
   0.0000000e+00
   0.0000000e+00
   0.0000000e+00
   0.0000000e+00
   0.0000000e+00
   0.0000000e+00
   0.0000000e+00
   0.0000000e+00
   0.0000000e+00
   0.0000000e+00
   0.0000000e+00
   0.0000000e+00
   0.0000000e+00
   0.0000000e+00
   0.0000000e+00
   0.0000000e+00
   0.0000000e+00
   0.0000000e+00
   0.0000000e+00
   0.0000000e+00
   0.0000000e+00
   0.0000000e+00
   0.0000000e+00
   0.0000000e+00
   0.0000000e+00
   0.0000000e+00
   0.0000000e+00
   0.0000000e+00
   0.0000000e+00
   0.0000000e+00
   0.0000000e+00
   0.0000000e+00
   0.0000000e+00
   0.0000000e+00
   0.0000000e+00
   0.0000000e+00
   0.0000000e+00
   0.0000000e+00
   0.0000000e+00
   0.0000000e+00
   0.0000000e+00
   0.0000000e+00
   0.0000000e+00
   0.0000000e+00
   0.0000000e+00
   0.0000000e+00
   0.0000000e+00
   0.0000000e+00
   0.0000000e+00
   0.0000000e+00
   0.0000000e+00
   0.0000000e+00
   0.0000000e+00
   0.0000000e+00
   0.0000000e+00
   0.0000000e+00
   0.0000000e+00
   0.0000000e+00
   0.0000000e+00
   0.0000000e+00
   0.0000000e+00
   0.0000000e+00
   0.0000000e+00
   0.0000000e+00
   0.0000000e+00
   0.0000000e+00
   0.0000000e+00
   0.0000000e+00
   0.0000000e+00
   0.0000000e+00
   0.0000000e+00
   0.0000000e+00
   0.0000000e+00
   0.0000000e+00
   0.0000000e+00
   0.0000000e+00
   0.0000000e+00
   0.0000000e+00
   0.0000000e+00
   0.0000000e+00
   0.0000000e+00
   0.0000000e+00
   0.0000000e+00
   0.0000000e+00
   0.0000000e+00
   0.0000000e+00
   0.0000000e+00
   0.0000000e+00
   0.0000000e+00
   0.0000000e+00
   0.0000000e+00
   0.0000000e+00
   0.0000000e+00
   0.0000000e+00
   0.0000000e+00
   0.0000000e+00
   0.0000000e+00
   0.0000000e+00
   0.0000000e+00
   0.0000000e+00
   0.0000000e+00
   0.0000000e+00
   0.0000000e+00
   0.0000000e+00
   0.0000000e+00
   0.0000000e+00
   0.0000000e+00
   0.0000000e+00
   0.0000000e+00
   0.0000000e+00
   0.0000000e+00
   0.0000000e+00
   0.0000000e+00
   0.0000000e+00
   0.0000000e+00
   0.0000000e+00
   0.0000000e+00
   0.0000000e+00
   0.0000000e+00
   0.0000000e+00
   0.0000000e+00
   0.0000000e+00
   0.0000000e+00
   0.0000000e+00
   0.0000000e+00
   0.0000000e+00
   0.0000000e+00
   0.0000000e+00
   0.0000000e+00
   0.0000000e+00
   0.0000000e+00
   0.0000000e+00
   0.0000000e+00
   0.0000000e+00
   0.0000000e+00
   0.0000000e+00
   0.0000000e+00
   0.0000000e+00
   0.0000000e+00
   0.0000000e+00
   0.0000000e+00
   0.0000000e+00
   0.0000000e+00
   0.0000000e+00
