   5.9973312e-03
  -3.1792060e-03
   2.4446787e-04
  -4.2604114e-03
   2.1681109e-03
  -5.0201475e-03
   2.7344784e-03
  -3.6083677e-03
   9.2827025e-04
   8.0240501e-05
  -5.6379709e-03
   4.3964287e-03
  -9.5685588e-03
  -4.0045703e-03
   1.3063267e-03
   5.1058426e-03
  -1.6243474e-02
   4.6214789e-03
  -4.9620693e-03
   5.8690579e-03
   1.0024583e-02
   2.2151532e-02
   3.0844893e-02
   2.2683701e-02
   1.9018248e-02
   2.3054498e-02
   2.1419982e-02
   2.2456563e-02
   1.9382929e-02
   1.8558583e-02
   2.4366740e-02
   1.4418244e-02
   2.6671035e-02
   2.8110689e-02
   1.6714235e-02
   1.5357217e-02
   3.6154514e-02
   1.5247034e-02
   3.4964015e-02
   7.8564821e-03
   7.9400745e-02
   4.0324843e-02
   5.4712601e-02
   4.8006906e-02
   6.1843958e-02
   5.4403008e-02
   4.8107727e-02
   5.5643437e-02
   5.7564515e-02
   6.2103520e-02
   5.1003051e-02
   6.8222742e-02
   4.7118588e-02
   5.1209473e-02
   6.2326001e-02
   6.3266423e-02
   4.1639945e-02
   5.4403688e-02
   6.4902848e-02
   7.9319319e-03
   1.1111497e-01
   1.4282212e-01
   1.2334518e-01
   1.3506960e-01
   1.1466645e-01
   1.1984216e-01
   1.3576934e-01
   1.1613881e-01
   1.2364590e-01
   1.1069857e-01
   1.2942516e-01
   1.0158078e-01
   1.3866263e-01
   1.2683390e-01
   1.1069747e-01
   1.1690173e-01
   1.2997523e-01
   1.4534975e-01
   6.0376755e-02
   7.9326371e-04
   1.5883528e-02
   1.3551801e-01
   1.6278298e-01
   1.2464345e-01
   1.7967941e-01
   1.7766201e-01
   1.2113835e-01
   1.8764405e-01
   1.5921822e-01
   1.9170507e-01
   1.5053761e-01
   2.1306887e-01
   1.6490086e-01
   1.2323069e-01
   2.1513887e-01
   1.7129849e-01
   1.6459835e-01
   8.5916387e-02
   1.4641331e-02
   0.0000000e+00
   5.0787029e-05
   1.8057094e-02
   2.7049665e-01
   3.2174015e-01
   3.6790388e-01
   1.7897276e-01
   9.6107693e-02
   3.2130988e-01
   2.8704011e-01
   2.1776990e-01
   2.8591307e-01
   1.7852364e-01
   4.5538951e-02
   1.2365346e-01
   1.0396678e-01
   2.0799026e-01
   3.0962513e-01
   2.7210075e-02
   2.4529706e-07
   0.0000000e+00
   0.0000000e+00
   4.8342632e-03
   9.0007600e-02
   1.3194918e-01
   2.4415361e-01
   1.1596099e-01
   1.3185670e-01
   3.7808839e-01
   1.5298799e-01
   4.7210592e-02
   2.4775869e-01
   3.9365030e-01
   1.7025745e-01
   4.3863236e-01
   4.2793525e-01
   2.3166775e-01
   2.4123555e-01
   2.0828388e-02
   0.0000000e+00
   0.0000000e+00
   0.0000000e+00
   5.0582023e-07
   9.4745220e-06
   5.9139369e-04
   4.6978449e-03
   2.2936789e-03
   7.8381212e-03
   2.0564837e-02
   4.4127763e-03
   3.9827390e-04
   1.5258348e-01
   4.6092105e-01
   1.0859850e-01
   1.1214160e-01
   1.6121264e-01
   3.2021881e-02
   5.1192418e-04
   4.3842061e-05
   0.0000000e+00
   0.0000000e+00
   0.0000000e+00
   0.0000000e+00
   0.0000000e+00
   0.0000000e+00
   0.0000000e+00
   0.0000000e+00
   0.0000000e+00
   0.0000000e+00
   0.0000000e+00
   6.3947532e-06
   1.0359122e-02
   3.1419831e-02
   5.9345657e-03
   1.3143402e-04
   4.5274012e-04
   9.7409992e-05
   0.0000000e+00
   0.0000000e+00
   0.0000000e+00
   0.0000000e+00
   0.0000000e+00
   0.0000000e+00
   0.0000000e+00
   0.0000000e+00
   0.0000000e+00
   0.0000000e+00
   0.0000000e+00
   0.0000000e+00
   0.0000000e+00
   0.0000000e+00
   0.0000000e+00
   0.0000000e+00
   0.0000000e+00
   0.0000000e+00
   0.0000000e+00
   0.0000000e+00
   0.0000000e+00
   0.0000000e+00
   0.0000000e+00
   0.0000000e+00
   0.0000000e+00
   0.0000000e+00
   0.0000000e+00
   0.0000000e+00
   0.0000000e+00
   0.0000000e+00
   0.0000000e+00
   0.0000000e+00
   0.0000000e+00
   0.0000000e+00
   0.0000000e+00
   0.0000000e+00
   0.0000000e+00
   0.0000000e+00
   0.0000000e+00
   0.0000000e+00
   0.0000000e+00
   0.0000000e+00
   0.0000000e+00
   0.0000000e+00
   0.0000000e+00
   0.0000000e+00
   0.0000000e+00
   0.0000000e+00
   0.0000000e+00
   0.0000000e+00
   0.0000000e+00
   0.0000000e+00
   0.0000000e+00
   0.0000000e+00
   0.0000000e+00
   0.0000000e+00
   0.0000000e+00
   0.0000000e+00
   0.0000000e+00
   0.0000000e+00
   0.0000000e+00
   0.0000000e+00
   0.0000000e+00
   0.0000000e+00
   0.0000000e+00
   0.0000000e+00
   0.0000000e+00
   0.0000000e+00
   0.0000000e+00
   0.0000000e+00
   0.0000000e+00
   0.0000000e+00
   0.0000000e+00
   0.0000000e+00
   0.0000000e+00
   0.0000000e+00
   0.0000000e+00
   0.0000000e+00
   0.0000000e+00
   0.0000000e+00
   0.0000000e+00
   0.0000000e+00
   0.0000000e+00
   0.0000000e+00
   0.0000000e+00
   0.0000000e+00
   0.0000000e+00
   0.0000000e+00
   0.0000000e+00
   0.0000000e+00
   0.0000000e+00
   0.0000000e+00
   0.0000000e+00
   0.0000000e+00
   0.0000000e+00
   0.0000000e+00
   0.0000000e+00
   0.0000000e+00
   0.0000000e+00
   0.0000000e+00
   0.0000000e+00
   0.0000000e+00
   0.0000000e+00
   0.0000000e+00
   0.0000000e+00
   0.0000000e+00
   0.0000000e+00
   0.0000000e+00
   0.0000000e+00
   0.0000000e+00
   0.0000000e+00
   0.0000000e+00
   0.0000000e+00
   0.0000000e+00
   0.0000000e+00
   0.0000000e+00
   0.0000000e+00
   0.0000000e+00
   0.0000000e+00
   0.0000000e+00
   0.0000000e+00
   0.0000000e+00
   0.0000000e+00
   0.0000000e+00
   0.0000000e+00
   0.0000000e+00
   0.0000000e+00
   0.0000000e+00
   0.0000000e+00
   0.0000000e+00
   0.0000000e+00
   0.0000000e+00
   0.0000000e+00
   0.0000000e+00
   0.0000000e+00
   0.0000000e+00
   0.0000000e+00
   0.0000000e+00
   0.0000000e+00
   0.0000000e+00
   0.0000000e+00
   0.0000000e+00
   0.0000000e+00
   0.0000000e+00
   0.0000000e+00
   0.0000000e+00
   0.0000000e+00
   0.0000000e+00
   0.0000000e+00
   0.0000000e+00
   0.0000000e+00
   0.0000000e+00
   0.0000000e+00
   0.0000000e+00
   0.0000000e+00
   0.0000000e+00
   0.0000000e+00
   0.0000000e+00
   0.0000000e+00
   0.0000000e+00
   0.0000000e+00
   0.0000000e+00
   0.0000000e+00
   0.0000000e+00
   0.0000000e+00
   0.0000000e+00
   0.0000000e+00
   0.0000000e+00
   0.0000000e+00
   0.0000000e+00
   0.0000000e+00
   0.0000000e+00
   0.0000000e+00
   0.0000000e+00
   0.0000000e+00
   0.0000000e+00
   0.0000000e+00
   0.0000000e+00
   0.0000000e+00
   0.0000000e+00
   0.0000000e+00
   0.0000000e+00
   0.0000000e+00
   0.0000000e+00
   0.0000000e+00
   0.0000000e+00
   0.0000000e+00
   0.0000000e+00
   0.0000000e+00
   0.0000000e+00
   0.0000000e+00
   0.0000000e+00
   0.0000000e+00
   0.0000000e+00
   0.0000000e+00
   0.0000000e+00
   0.0000000e+00
   0.0000000e+00
   0.0000000e+00
   0.0000000e+00
   0.0000000e+00
   0.0000000e+00
   0.0000000e+00
   0.0000000e+00
   0.0000000e+00
   0.0000000e+00
   0.0000000e+00
   0.0000000e+00
   0.0000000e+00
   0.0000000e+00
   0.0000000e+00
   0.0000000e+00
   0.0000000e+00
   0.0000000e+00
   0.0000000e+00
   0.0000000e+00
   0.0000000e+00
   0.0000000e+00
   0.0000000e+00
   0.0000000e+00
   0.0000000e+00
   0.0000000e+00
   0.0000000e+00
   0.0000000e+00
