   3.0687440e-03
   1.2173813e-03
  -2.7071880e-03
   8.1749658e-04
   9.7100180e-04
  -1.6890245e-04
  -3.5247320e-04
   2.9612290e-04
   8.1065370e-03
  -3.0793432e-03
   1.0665887e-03
   3.3933978e-03
   2.7022717e-03
   5.0746489e-03
  -5.2933966e-03
   2.8943201e-03
   1.4742957e-02
   6.1090814e-03
  -4.7097607e-03
   1.5462161e-03
   1.8416783e-03
   2.0294976e-02
   2.5274191e-02
   1.8793816e-02
   1.0614178e-02
   2.2379469e-02
   1.8790013e-02
   2.0988668e-02
   1.0865503e-02
   2.2551991e-02
   2.0171864e-02
   1.4911236e-02
   1.6383826e-02
   1.2019203e-02
   2.3482468e-02
   1.7902946e-02
   1.0875393e-02
   5.0331904e-04
   3.2548544e-02
   1.7818144e-02
   3.7550796e-02
   6.9881102e-02
   3.0103012e-02
   7.0090296e-02
   6.3956137e-02
   5.7832860e-02
   5.8944448e-02
   5.7163563e-02
   7.2112800e-02
   5.2739974e-02
   6.0110481e-02
   6.0588544e-02
   6.8203929e-02
   6.7785444e-02
   5.3949606e-02
   6.2237448e-02
   6.6065530e-02
   8.0439192e-02
   5.4905108e-02
   6.3409799e-03
   4.7070422e-02
   1.4553157e-01
   1.3481191e-01
   1.0003820e-01
   1.2070722e-01
   1.1313218e-01
   1.1833941e-01
   1.1985589e-01
   9.6591130e-02
   1.3046221e-01
   1.0942469e-01
   1.2848841e-01
   8.7792963e-02
   1.0827286e-01
   1.2009390e-01
   1.1785427e-01
   8.9983655e-02
   1.3264078e-01
   5.4357170e-02
   4.7556716e-04
   1.9729725e-03
   7.6884055e-03
   1.3616185e-01
   2.5680678e-01
   1.2021018e-01
   2.8417291e-01
   1.6296560e-01
   1.7866373e-01
   2.0986588e-01
   1.5741240e-01
   1.8597181e-01
   1.5763578e-01
   2.2594554e-01
   1.9871293e-01
   1.7529565e-01
   1.8033334e-01
   2.7227794e-01
   1.1298468e-01
   6.9631784e-03
   0.0000000e+00
   0.0000000e+00
   1.4582095e-05
   3.2740974e-02
   1.0121905e-01
   6.3438225e-02
   8.9809520e-02
   1.7592436e-01
   2.1255373e-01
   2.4784420e-01
   1.6680136e-01
   3.0843115e-01
   2.9661800e-01
   1.9562679e-01
   6.2925323e-02
   1.1862180e-02
   2.6588132e-02
   1.1946653e-01
   4.8833620e-02
   2.6639021e-04
   0.0000000e+00
   0.0000000e+00
   0.0000000e+00
   0.0000000e+00
   7.6534241e-08
   6.0891460e-06
   2.2587303e-02
   3.9734432e-01
   3.4331787e-01
   2.4278584e-02
   1.7941859e-02
   4.0867747e-02
   3.5635741e-02
   1.5859805e-02
   1.7550495e-04
   1.0088466e-06
   4.7386504e-06
   3.2550151e-05
   1.3651573e-05
   7.0761522e-08
   0.0000000e+00
   0.0000000e+00
   0.0000000e+00
   0.0000000e+00
   0.0000000e+00
   0.0000000e+00
   3.3686372e-03
   5.9286492e-02
   5.0655933e-02
   1.6291214e-03
   0.0000000e+00
   0.0000000e+00
   0.0000000e+00
   0.0000000e+00
   0.0000000e+00
   0.0000000e+00
   0.0000000e+00
   0.0000000e+00
   0.0000000e+00
   0.0000000e+00
   0.0000000e+00
   0.0000000e+00
   0.0000000e+00
   0.0000000e+00
   0.0000000e+00
   0.0000000e+00
   0.0000000e+00
   0.0000000e+00
   0.0000000e+00
   0.0000000e+00
   0.0000000e+00
   0.0000000e+00
   0.0000000e+00
   0.0000000e+00
   0.0000000e+00
   0.0000000e+00
   0.0000000e+00
   0.0000000e+00
   0.0000000e+00
   0.0000000e+00
   0.0000000e+00
   0.0000000e+00
   0.0000000e+00
   0.0000000e+00
   0.0000000e+00
   0.0000000e+00
   0.0000000e+00
   0.0000000e+00
   0.0000000e+00
   0.0000000e+00
   0.0000000e+00
   0.0000000e+00
   0.0000000e+00
   0.0000000e+00
   0.0000000e+00
   0.0000000e+00
   0.0000000e+00
   0.0000000e+00
   0.0000000e+00
   0.0000000e+00
   0.0000000e+00
   0.0000000e+00
   0.0000000e+00
   0.0000000e+00
   0.0000000e+00
   0.0000000e+00
   0.0000000e+00
   0.0000000e+00
   0.0000000e+00
   0.0000000e+00
   0.0000000e+00
   0.0000000e+00
   0.0000000e+00
   0.0000000e+00
   0.0000000e+00
   0.0000000e+00
   0.0000000e+00
   0.0000000e+00
   0.0000000e+00
   0.0000000e+00
   0.0000000e+00
   0.0000000e+00
   0.0000000e+00
   0.0000000e+00
   0.0000000e+00
   0.0000000e+00
   0.0000000e+00
   0.0000000e+00
   0.0000000e+00
   0.0000000e+00
   0.0000000e+00
   0.0000000e+00
   0.0000000e+00
   0.0000000e+00
   0.0000000e+00
   0.0000000e+00
   0.0000000e+00
   0.0000000e+00
   0.0000000e+00
   0.0000000e+00
   0.0000000e+00
   0.0000000e+00
   0.0000000e+00
   0.0000000e+00
   0.0000000e+00
   0.0000000e+00
   0.0000000e+00
   0.0000000e+00
   0.0000000e+00
   0.0000000e+00
   0.0000000e+00
   0.0000000e+00
   0.0000000e+00
   0.0000000e+00
   0.0000000e+00
   0.0000000e+00
   0.0000000e+00
   0.0000000e+00
   0.0000000e+00
   0.0000000e+00
   0.0000000e+00
   0.0000000e+00
   0.0000000e+00
   0.0000000e+00
   0.0000000e+00
   0.0000000e+00
   0.0000000e+00
   0.0000000e+00
   0.0000000e+00
   0.0000000e+00
   0.0000000e+00
   0.0000000e+00
   0.0000000e+00
   0.0000000e+00
   0.0000000e+00
   0.0000000e+00
   0.0000000e+00
   0.0000000e+00
   0.0000000e+00
   0.0000000e+00
   0.0000000e+00
   0.0000000e+00
   0.0000000e+00
   0.0000000e+00
   0.0000000e+00
   0.0000000e+00
   0.0000000e+00
   0.0000000e+00
   0.0000000e+00
   0.0000000e+00
   0.0000000e+00
   0.0000000e+00
   0.0000000e+00
   0.0000000e+00
   0.0000000e+00
   0.0000000e+00
   0.0000000e+00
   0.0000000e+00
   0.0000000e+00
   0.0000000e+00
   0.0000000e+00
   0.0000000e+00
   0.0000000e+00
   0.0000000e+00
   0.0000000e+00
   0.0000000e+00
   0.0000000e+00
   0.0000000e+00
   0.0000000e+00
   0.0000000e+00
   0.0000000e+00
   0.0000000e+00
   0.0000000e+00
   0.0000000e+00
   0.0000000e+00
   0.0000000e+00
   0.0000000e+00
   0.0000000e+00
   0.0000000e+00
   0.0000000e+00
   0.0000000e+00
   0.0000000e+00
   0.0000000e+00
   0.0000000e+00
   0.0000000e+00
   0.0000000e+00
   0.0000000e+00
   0.0000000e+00
   0.0000000e+00
   0.0000000e+00
   0.0000000e+00
   0.0000000e+00
   0.0000000e+00
   0.0000000e+00
   0.0000000e+00
   0.0000000e+00
   0.0000000e+00
   0.0000000e+00
   0.0000000e+00
   0.0000000e+00
   0.0000000e+00
   0.0000000e+00
   0.0000000e+00
   0.0000000e+00
   0.0000000e+00
   0.0000000e+00
   0.0000000e+00
   0.0000000e+00
   0.0000000e+00
   0.0000000e+00
   0.0000000e+00
   0.0000000e+00
   0.0000000e+00
   0.0000000e+00
   0.0000000e+00
   0.0000000e+00
   0.0000000e+00
   0.0000000e+00
   0.0000000e+00
   0.0000000e+00
   0.0000000e+00
   0.0000000e+00
   0.0000000e+00
   0.0000000e+00
   0.0000000e+00
   0.0000000e+00
   0.0000000e+00
   0.0000000e+00
   0.0000000e+00
   0.0000000e+00
   0.0000000e+00
   0.0000000e+00
   0.0000000e+00
   0.0000000e+00
   0.0000000e+00
   0.0000000e+00
   0.0000000e+00
   0.0000000e+00
   0.0000000e+00
   0.0000000e+00
   0.0000000e+00
   0.0000000e+00
   0.0000000e+00
   0.0000000e+00
   0.0000000e+00
   0.0000000e+00
   0.0000000e+00
   0.0000000e+00
   0.0000000e+00
   0.0000000e+00
   0.0000000e+00
   0.0000000e+00
   0.0000000e+00
   0.0000000e+00
   0.0000000e+00
   0.0000000e+00
   0.0000000e+00
   0.0000000e+00
   0.0000000e+00
   0.0000000e+00
   0.0000000e+00
