  -1.0278405e-03
  -4.3179865e-04
   1.5417343e-03
  -1.7856156e-03
   2.7313876e-03
  -2.9153914e-03
   4.7241782e-03
  -2.0932925e-03
  -3.9153496e-03
   8.4270623e-04
   5.5901418e-04
  -6.8895868e-04
  -1.7137198e-03
   2.4381789e-03
   1.3329646e-03
  -3.2044066e-04
  -7.3868399e-04
   5.7375051e-03
  -1.3347063e-03
   2.3225986e-04
   1.7187415e-02
   3.4450051e-02
   1.7528398e-02
   2.1861935e-02
   1.4321197e-02
   2.2011654e-02
   1.5679015e-02
   2.1645261e-02
   2.9253538e-02
   1.3998919e-02
   2.0960424e-02
   1.9972292e-02
   2.1279224e-02
   1.5398995e-02
   1.4953735e-02
   2.2716311e-02
   1.7361569e-02
   1.8622622e-02
   2.2427053e-02
   7.9587857e-04
   3.6809127e-02
   7.0869977e-02
   5.0255493e-02
   6.2440799e-02
   6.3667167e-02
   5.7403893e-02
   6.3773432e-02
   5.4495816e-02
   4.3845595e-02
   6.8390168e-02
   5.6586955e-02
   5.8287515e-02
   5.6604325e-02
   6.5004780e-02
   7.0203173e-02
   4.9204273e-02
   7.0239431e-02
   4.7376072e-02
   7.6399420e-02
   2.3996297e-03
   1.1441589e-02
   1.0640045e-01
   1.2139972e-01
   1.1609239e-01
   1.0742407e-01
   1.2132383e-01
   1.0939269e-01
   1.2305087e-01
   1.3530856e-01
   1.0750060e-01
   1.2008792e-01
   1.1783051e-01
   1.2267397e-01
   1.0618972e-01
   9.7429264e-02
   1.3471570e-01
   9.2354592e-02
   1.4951513e-01
   6.8706535e-02
   5.2315521e-04
   2.6072420e-02
   1.5954631e-01
   1.9107855e-01
   1.7600624e-01
   2.1711127e-01
   1.6879315e-01
   1.7223910e-01
   1.9710455e-01
   1.2230821e-01
   2.0201432e-01
   1.6361778e-01
   2.2358969e-01
   1.3910129e-01
   2.3306643e-01
   1.9893191e-01
   1.6384874e-01
   1.7796306e-01
   1.9588582e-01
   1.3954074e-02
   6.3191220e-07
   1.5301758e-01
   4.2382841e-01
   1.2701594e-01
   1.8627774e-02
   7.7160057e-02
   2.4467207e-01
   2.4294288e-01
   2.5480141e-01
   2.6667663e-01
   2.5150615e-01
   2.1173423e-01
   1.5013790e-01
   8.6175048e-02
   7.4569067e-02
   6.2957244e-02
   2.4074455e-01
   3.2458984e-01
   7.3798575e-02
   2.9386961e-03
   0.0000000e+00
   5.8610323e-02
   1.6725582e-01
   5.2528646e-02
   6.4371221e-03
   2.5883895e-01
   4.5381166e-01
   6.2764667e-02
   1.9150764e-01
   2.7270026e-01
   2.9826883e-02
   6.0523555e-02
   4.8469446e-01
   2.7281063e-01
   3.0511830e-03
   1.4327188e-03
   4.3665801e-02
   4.9772940e-02
   2.6202574e-03
   1.9105892e-07
   0.0000000e+00
   1.1752550e-04
   3.3587300e-04
   1.0592439e-04
   2.6781228e-03
   2.0918807e-01
   3.5599514e-01
   3.4688536e-02
   1.1808443e-03
   1.5980309e-03
   1.1349691e-04
   1.3634460e-02
   1.3256197e-01
   7.4628046e-02
   8.3465892e-04
   0.0000000e+00
   0.0000000e+00
   0.0000000e+00
   0.0000000e+00
   0.0000000e+00
   0.0000000e+00
   0.0000000e+00
   0.0000000e+00
   0.0000000e+00
   7.6716386e-05
   6.0066492e-03
   1.0222084e-02
   9.9525625e-04
   0.0000000e+00
   0.0000000e+00
   0.0000000e+00
   3.3828994e-07
   3.2890468e-06
   1.8516257e-06
   2.0709049e-08
   0.0000000e+00
   0.0000000e+00
   0.0000000e+00
   0.0000000e+00
   0.0000000e+00
   0.0000000e+00
   0.0000000e+00
   0.0000000e+00
   0.0000000e+00
   0.0000000e+00
   0.0000000e+00
   0.0000000e+00
   0.0000000e+00
   0.0000000e+00
   0.0000000e+00
   0.0000000e+00
   0.0000000e+00
   0.0000000e+00
   0.0000000e+00
   0.0000000e+00
   0.0000000e+00
   0.0000000e+00
   0.0000000e+00
   0.0000000e+00
   0.0000000e+00
   0.0000000e+00
   0.0000000e+00
   0.0000000e+00
   0.0000000e+00
   0.0000000e+00
   0.0000000e+00
   0.0000000e+00
   0.0000000e+00
   0.0000000e+00
   0.0000000e+00
   0.0000000e+00
   0.0000000e+00
   0.0000000e+00
   0.0000000e+00
   0.0000000e+00
   0.0000000e+00
   0.0000000e+00
   0.0000000e+00
   0.0000000e+00
   0.0000000e+00
   0.0000000e+00
   0.0000000e+00
   0.0000000e+00
   0.0000000e+00
   0.0000000e+00
   0.0000000e+00
   0.0000000e+00
   0.0000000e+00
   0.0000000e+00
   0.0000000e+00
   0.0000000e+00
   0.0000000e+00
   0.0000000e+00
   0.0000000e+00
   0.0000000e+00
   0.0000000e+00
   0.0000000e+00
   0.0000000e+00
   0.0000000e+00
   0.0000000e+00
   0.0000000e+00
   0.0000000e+00
   0.0000000e+00
   0.0000000e+00
   0.0000000e+00
   0.0000000e+00
   0.0000000e+00
   0.0000000e+00
   0.0000000e+00
   0.0000000e+00
   0.0000000e+00
   0.0000000e+00
   0.0000000e+00
   0.0000000e+00
   0.0000000e+00
   0.0000000e+00
   0.0000000e+00
   0.0000000e+00
   0.0000000e+00
   0.0000000e+00
   0.0000000e+00
   0.0000000e+00
   0.0000000e+00
   0.0000000e+00
   0.0000000e+00
   0.0000000e+00
   0.0000000e+00
   0.0000000e+00
   0.0000000e+00
   0.0000000e+00
   0.0000000e+00
   0.0000000e+00
   0.0000000e+00
   0.0000000e+00
   0.0000000e+00
   0.0000000e+00
   0.0000000e+00
   0.0000000e+00
   0.0000000e+00
   0.0000000e+00
   0.0000000e+00
   0.0000000e+00
   0.0000000e+00
   0.0000000e+00
   0.0000000e+00
   0.0000000e+00
   0.0000000e+00
   0.0000000e+00
   0.0000000e+00
   0.0000000e+00
   0.0000000e+00
   0.0000000e+00
   0.0000000e+00
   0.0000000e+00
   0.0000000e+00
   0.0000000e+00
   0.0000000e+00
   0.0000000e+00
   0.0000000e+00
   0.0000000e+00
   0.0000000e+00
   0.0000000e+00
   0.0000000e+00
   0.0000000e+00
   0.0000000e+00
   0.0000000e+00
   0.0000000e+00
   0.0000000e+00
   0.0000000e+00
   0.0000000e+00
   0.0000000e+00
   0.0000000e+00
   0.0000000e+00
   0.0000000e+00
   0.0000000e+00
   0.0000000e+00
   0.0000000e+00
   0.0000000e+00
   0.0000000e+00
   0.0000000e+00
   0.0000000e+00
   0.0000000e+00
   0.0000000e+00
   0.0000000e+00
   0.0000000e+00
   0.0000000e+00
   0.0000000e+00
   0.0000000e+00
   0.0000000e+00
   0.0000000e+00
   0.0000000e+00
   0.0000000e+00
   0.0000000e+00
   0.0000000e+00
   0.0000000e+00
   0.0000000e+00
   0.0000000e+00
   0.0000000e+00
   0.0000000e+00
   0.0000000e+00
   0.0000000e+00
   0.0000000e+00
   0.0000000e+00
   0.0000000e+00
   0.0000000e+00
   0.0000000e+00
   0.0000000e+00
   0.0000000e+00
   0.0000000e+00
   0.0000000e+00
   0.0000000e+00
   0.0000000e+00
   0.0000000e+00
   0.0000000e+00
   0.0000000e+00
   0.0000000e+00
   0.0000000e+00
   0.0000000e+00
   0.0000000e+00
   0.0000000e+00
   0.0000000e+00
   0.0000000e+00
   0.0000000e+00
   0.0000000e+00
   0.0000000e+00
   0.0000000e+00
   0.0000000e+00
   0.0000000e+00
   0.0000000e+00
   0.0000000e+00
   0.0000000e+00
   0.0000000e+00
   0.0000000e+00
   0.0000000e+00
   0.0000000e+00
   0.0000000e+00
   0.0000000e+00
   0.0000000e+00
   0.0000000e+00
   0.0000000e+00
   0.0000000e+00
   0.0000000e+00
   0.0000000e+00
   0.0000000e+00
   0.0000000e+00
   0.0000000e+00
   0.0000000e+00
   0.0000000e+00
   0.0000000e+00
   0.0000000e+00
   0.0000000e+00
   0.0000000e+00
   0.0000000e+00
   0.0000000e+00
   0.0000000e+00
   0.0000000e+00
   0.0000000e+00
   0.0000000e+00
   0.0000000e+00
   0.0000000e+00
   0.0000000e+00
