   1.0619615e-02
   9.1311206e-03
   1.2800434e-02
  -1.4966485e-03
   7.0771448e-04
  -6.3197895e-04
  -5.0867039e-04
   4.1575412e-04
   1.9161060e-04
   3.6792086e-04
  -1.2624903e-03
  -8.0617402e-04
   6.3211018e-04
   2.0498103e-04
  -3.1397197e-03
   4.8285638e-03
   8.0133744e-03
   3.2241576e-03
  -4.0707328e-03
   9.3944747e-04
   1.6901818e-02
   5.6597670e-03
   1.3162638e-02
   2.2725333e-02
   1.7757000e-02
   2.2308524e-02
   2.1711920e-02
   1.8560395e-02
   1.8740510e-02
   1.8249225e-02
   2.1715076e-02
   2.1114593e-02
   1.7657114e-02
   2.0476391e-02
   2.2746885e-02
   1.6443642e-02
   1.2927106e-02
   1.2367729e-02
   1.7369236e-02
   1.8414259e-02
   1.6277278e-02
   9.8841497e-02
   6.5177910e-02
   5.2103396e-02
   6.1954112e-02
   5.2735606e-02
   5.6567502e-02
   5.8959631e-02
   6.3938920e-02
   6.0150650e-02
   5.5659857e-02
   5.7005832e-02
   6.0460599e-02
   5.9576698e-02
   5.2276116e-02
   5.7385984e-02
   7.2462610e-02
   6.7085430e-02
   8.5262722e-02
   1.8893668e-02
   5.2208810e-03
   4.7448854e-02
   7.9963785e-02
   1.5115222e-01
   9.4556826e-02
   1.3518881e-01
   1.1733602e-01
   1.2125879e-01
   1.0043029e-01
   1.1847344e-01
   1.1982567e-01
   1.2058150e-01
   1.1591506e-01
   1.1469133e-01
   1.3004505e-01
   1.1841854e-01
   1.0679571e-01
   9.4445130e-02
   3.3596540e-02
   3.4562426e-03
   2.5604911e-06
   4.6334962e-05
   5.0530940e-03
   4.8024275e-02
   2.5782608e-01
   6.6780599e-02
   2.1655315e-01
   1.4204610e-01
   2.5065355e-01
   1.6596689e-01
   1.7903451e-01
   1.6064755e-01
   1.8316486e-01
   1.7985923e-01
   1.5915533e-01
   1.8245728e-01
   1.7943920e-01
   2.5683027e-01
   1.6131752e-02
   1.3645204e-11
   0.0000000e+00
   5.5646573e-02
   1.5656444e-01
   6.2286349e-02
   1.6298421e-01
   3.2842000e-01
   2.8360125e-01
   5.5146605e-02
   1.5891962e-01
   1.9614719e-01
   2.6525012e-01
   2.5158465e-01
   2.3493334e-01
   2.1545694e-01
   2.8340689e-01
   2.2510195e-01
   7.0091845e-02
   5.4663199e-02
   2.7396600e-03
   0.0000000e+00
   0.0000000e+00
   1.8739951e-01
   5.2725797e-01
   1.7391546e-01
   1.8570229e-02
   1.3653512e-01
   1.0937604e-01
   4.4218903e-03
   1.6069686e-03
   5.5229125e-03
   1.2734964e-02
   3.8378877e-02
   3.9750782e-01
   3.5919425e-01
   8.9366205e-02
   1.7302731e-02
   3.9925200e-04
   0.0000000e+00
   0.0000000e+00
   0.0000000e+00
   0.0000000e+00
   3.9407344e-02
   1.1087455e-01
   3.6555772e-02
   9.2698994e-06
   8.1278063e-05
   7.5060897e-05
   2.8153200e-06
   0.0000000e+00
   0.0000000e+00
   0.0000000e+00
   6.3598915e-03
   1.0541265e-01
   8.6730980e-02
   2.5789318e-03
   0.0000000e+00
   0.0000000e+00
   0.0000000e+00
   0.0000000e+00
   0.0000000e+00
   0.0000000e+00
   0.0000000e+00
   0.0000000e+00
   0.0000000e+00
   0.0000000e+00
   0.0000000e+00
   0.0000000e+00
   0.0000000e+00
   0.0000000e+00
   0.0000000e+00
   0.0000000e+00
   7.2566096e-08
   1.2027539e-06
   9.8959685e-07
   2.9425504e-08
   0.0000000e+00
   0.0000000e+00
   0.0000000e+00
   0.0000000e+00
   0.0000000e+00
   0.0000000e+00
   0.0000000e+00
   0.0000000e+00
   0.0000000e+00
   0.0000000e+00
   0.0000000e+00
   0.0000000e+00
   0.0000000e+00
   0.0000000e+00
   0.0000000e+00
   0.0000000e+00
   0.0000000e+00
   0.0000000e+00
   0.0000000e+00
   0.0000000e+00
   0.0000000e+00
   0.0000000e+00
   0.0000000e+00
   0.0000000e+00
   0.0000000e+00
   0.0000000e+00
   0.0000000e+00
   0.0000000e+00
   0.0000000e+00
   0.0000000e+00
   0.0000000e+00
   0.0000000e+00
   0.0000000e+00
   0.0000000e+00
   0.0000000e+00
   0.0000000e+00
   0.0000000e+00
   0.0000000e+00
   0.0000000e+00
   0.0000000e+00
   0.0000000e+00
   0.0000000e+00
   0.0000000e+00
   0.0000000e+00
   0.0000000e+00
   0.0000000e+00
   0.0000000e+00
   0.0000000e+00
   0.0000000e+00
   0.0000000e+00
   0.0000000e+00
   0.0000000e+00
   0.0000000e+00
   0.0000000e+00
   0.0000000e+00
   0.0000000e+00
   0.0000000e+00
   0.0000000e+00
   0.0000000e+00
   0.0000000e+00
   0.0000000e+00
   0.0000000e+00
   0.0000000e+00
   0.0000000e+00
   0.0000000e+00
   0.0000000e+00
   0.0000000e+00
   0.0000000e+00
   0.0000000e+00
   0.0000000e+00
   0.0000000e+00
   0.0000000e+00
   0.0000000e+00
   0.0000000e+00
   0.0000000e+00
   0.0000000e+00
   0.0000000e+00
   0.0000000e+00
   0.0000000e+00
   0.0000000e+00
   0.0000000e+00
   0.0000000e+00
   0.0000000e+00
   0.0000000e+00
   0.0000000e+00
   0.0000000e+00
   0.0000000e+00
   0.0000000e+00
   0.0000000e+00
   0.0000000e+00
   0.0000000e+00
   0.0000000e+00
   0.0000000e+00
   0.0000000e+00
   0.0000000e+00
   0.0000000e+00
   0.0000000e+00
   0.0000000e+00
   0.0000000e+00
   0.0000000e+00
   0.0000000e+00
   0.0000000e+00
   0.0000000e+00
   0.0000000e+00
   0.0000000e+00
   0.0000000e+00
   0.0000000e+00
   0.0000000e+00
   0.0000000e+00
   0.0000000e+00
   0.0000000e+00
   0.0000000e+00
   0.0000000e+00
   0.0000000e+00
   0.0000000e+00
   0.0000000e+00
   0.0000000e+00
   0.0000000e+00
   0.0000000e+00
   0.0000000e+00
   0.0000000e+00
   0.0000000e+00
   0.0000000e+00
   0.0000000e+00
   0.0000000e+00
   0.0000000e+00
   0.0000000e+00
   0.0000000e+00
   0.0000000e+00
   0.0000000e+00
   0.0000000e+00
   0.0000000e+00
   0.0000000e+00
   0.0000000e+00
   0.0000000e+00
   0.0000000e+00
   0.0000000e+00
   0.0000000e+00
   0.0000000e+00
   0.0000000e+00
   0.0000000e+00
   0.0000000e+00
   0.0000000e+00
   0.0000000e+00
   0.0000000e+00
   0.0000000e+00
   0.0000000e+00
   0.0000000e+00
   0.0000000e+00
   0.0000000e+00
   0.0000000e+00
   0.0000000e+00
   0.0000000e+00
   0.0000000e+00
   0.0000000e+00
   0.0000000e+00
   0.0000000e+00
   0.0000000e+00
   0.0000000e+00
   0.0000000e+00
   0.0000000e+00
   0.0000000e+00
   0.0000000e+00
   0.0000000e+00
   0.0000000e+00
   0.0000000e+00
   0.0000000e+00
   0.0000000e+00
   0.0000000e+00
   0.0000000e+00
   0.0000000e+00
   0.0000000e+00
   0.0000000e+00
   0.0000000e+00
   0.0000000e+00
   0.0000000e+00
   0.0000000e+00
   0.0000000e+00
   0.0000000e+00
   0.0000000e+00
   0.0000000e+00
   0.0000000e+00
   0.0000000e+00
   0.0000000e+00
   0.0000000e+00
   0.0000000e+00
   0.0000000e+00
   0.0000000e+00
   0.0000000e+00
   0.0000000e+00
   0.0000000e+00
   0.0000000e+00
   0.0000000e+00
   0.0000000e+00
   0.0000000e+00
   0.0000000e+00
   0.0000000e+00
   0.0000000e+00
   0.0000000e+00
   0.0000000e+00
   0.0000000e+00
   0.0000000e+00
   0.0000000e+00
   0.0000000e+00
   0.0000000e+00
   0.0000000e+00
   0.0000000e+00
   0.0000000e+00
   0.0000000e+00
   0.0000000e+00
   0.0000000e+00
   0.0000000e+00
   0.0000000e+00
   0.0000000e+00
   0.0000000e+00
   0.0000000e+00
   0.0000000e+00
   0.0000000e+00
   0.0000000e+00
   0.0000000e+00
   0.0000000e+00
   0.0000000e+00
   0.0000000e+00
   0.0000000e+00
   0.0000000e+00
