   4.6448893e-03
   1.8076589e-03
  -1.0695469e-03
   9.7834405e-04
   3.6349641e-04
   1.1094660e-04
  -7.1552411e-04
   3.5800203e-03
  -4.3730757e-03
  -3.3411849e-03
   5.1695340e-03
  -1.8081659e-03
   4.0236799e-03
  -2.5193680e-03
   8.2447229e-04
   1.4081174e-03
  -1.8016722e-03
   3.1346881e-03
   1.9049050e-04
  -4.6956042e-03
   2.5224998e-02
   1.3936889e-02
   1.6909272e-02
   2.0029366e-02
   1.7088285e-02
   2.0052366e-02
   2.0572609e-02
   1.2896864e-02
   3.0543584e-02
   2.1735327e-02
   1.6609418e-02
   1.6916081e-02
   1.3712260e-02
   2.3122104e-02
   1.9610993e-02
   1.6273890e-02
   2.3708242e-02
   1.0420573e-02
   1.4257936e-02
   3.3619272e-02
   3.6867287e-02
   8.3269813e-02
   5.2986996e-02
   6.1959149e-02
   6.2065216e-02
   5.9059775e-02
   5.6824032e-02
   6.8161652e-02
   4.1049098e-02
   5.4467214e-02
   6.3428742e-02
   6.3124257e-02
   7.0714591e-02
   5.2074421e-02
   6.0149802e-02
   6.2256033e-02
   5.8413935e-02
   6.0894540e-02
   8.3136035e-02
   3.0939245e-02
   1.3201422e-02
   8.9628859e-02
   1.2859251e-01
   1.0993684e-01
   1.1420841e-01
   1.1642327e-01
   1.2132235e-01
   1.0536237e-01
   1.3655046e-01
   1.2732621e-01
   1.1377426e-01
   1.0970819e-01
   9.2343717e-02
   1.3199849e-01
   1.0984346e-01
   1.2336973e-01
   1.1117929e-01
   1.2256595e-01
   6.1725691e-02
   6.4722340e-03
   1.0714335e-01
   2.6546613e-01
   1.4108882e-01
   2.0686400e-01
   1.8120799e-01
   1.9018074e-01
   1.5977635e-01
   2.1434642e-01
   1.3291669e-01
   1.5931974e-01
   1.4534091e-01
   2.4870064e-01
   1.8914184e-01
   1.8349270e-01
   1.8058268e-01
   1.7215703e-01
   1.7941016e-01
   2.1448496e-01
   2.8553893e-02
   1.4620541e-07
   1.1430421e-01
   2.9626798e-01
   1.0042216e-01
   5.6236550e-02
   1.2144277e-01
   3.4836295e-01
   9.9373896e-02
   2.8788347e-01
   2.7410850e-01
   3.1956065e-01
   2.6532491e-01
   1.4944316e-01
   9.7451654e-02
   1.7794144e-01
   3.7705942e-01
   2.1182905e-01
   3.2044314e-02
   1.1895061e-02
   1.3824467e-03
   0.0000000e+00
   5.5255444e-03
   1.7591515e-02
   2.3557527e-01
   4.3994468e-01
   6.2253847e-02
   5.0099512e-02
   1.4599163e-02
   1.4725832e-01
   2.3349819e-01
   2.4577041e-01
   1.5192502e-01
   3.1205085e-03
   8.7253946e-04
   4.6753530e-02
   8.5653473e-02
   1.5567533e-02
   9.1809706e-04
   0.0000000e+00
   0.0000000e+00
   0.0000000e+00
   0.0000000e+00
   2.9256273e-03
   2.1428651e-01
   4.0735560e-01
   4.5341069e-02
   0.0000000e+00
   1.5350101e-05
   8.0663671e-04
   1.5068520e-03
   3.9523041e-03
   2.5652077e-03
   4.6343058e-05
   3.4401466e-08
   2.9889560e-06
   5.2614322e-06
   5.3497170e-07
   0.0000000e+00
   0.0000000e+00
   0.0000000e+00
   0.0000000e+00
   0.0000000e+00
   1.1039916e-04
   8.0861466e-03
   1.5371650e-02
   1.7109548e-03
   0.0000000e+00
   0.0000000e+00
   0.0000000e+00
   0.0000000e+00
   0.0000000e+00
   0.0000000e+00
   0.0000000e+00
   0.0000000e+00
   0.0000000e+00
   0.0000000e+00
   0.0000000e+00
   0.0000000e+00
   0.0000000e+00
   0.0000000e+00
   0.0000000e+00
   0.0000000e+00
   0.0000000e+00
   0.0000000e+00
   0.0000000e+00
   0.0000000e+00
   0.0000000e+00
   0.0000000e+00
   0.0000000e+00
   0.0000000e+00
   0.0000000e+00
   0.0000000e+00
   0.0000000e+00
   0.0000000e+00
   0.0000000e+00
   0.0000000e+00
   0.0000000e+00
   0.0000000e+00
   0.0000000e+00
   0.0000000e+00
   0.0000000e+00
   0.0000000e+00
   0.0000000e+00
   0.0000000e+00
   0.0000000e+00
   0.0000000e+00
   0.0000000e+00
   0.0000000e+00
   0.0000000e+00
   0.0000000e+00
   0.0000000e+00
   0.0000000e+00
   0.0000000e+00
   0.0000000e+00
   0.0000000e+00
   0.0000000e+00
   0.0000000e+00
   0.0000000e+00
   0.0000000e+00
   0.0000000e+00
   0.0000000e+00
   0.0000000e+00
   0.0000000e+00
   0.0000000e+00
   0.0000000e+00
   0.0000000e+00
   0.0000000e+00
   0.0000000e+00
   0.0000000e+00
   0.0000000e+00
   0.0000000e+00
   0.0000000e+00
   0.0000000e+00
   0.0000000e+00
   0.0000000e+00
   0.0000000e+00
   0.0000000e+00
   0.0000000e+00
   0.0000000e+00
   0.0000000e+00
   0.0000000e+00
   0.0000000e+00
   0.0000000e+00
   0.0000000e+00
   0.0000000e+00
   0.0000000e+00
   0.0000000e+00
   0.0000000e+00
   0.0000000e+00
   0.0000000e+00
   0.0000000e+00
   0.0000000e+00
   0.0000000e+00
   0.0000000e+00
   0.0000000e+00
   0.0000000e+00
   0.0000000e+00
   0.0000000e+00
   0.0000000e+00
   0.0000000e+00
   0.0000000e+00
   0.0000000e+00
   0.0000000e+00
   0.0000000e+00
   0.0000000e+00
   0.0000000e+00
   0.0000000e+00
   0.0000000e+00
   0.0000000e+00
   0.0000000e+00
   0.0000000e+00
   0.0000000e+00
   0.0000000e+00
   0.0000000e+00
   0.0000000e+00
   0.0000000e+00
   0.0000000e+00
   0.0000000e+00
   0.0000000e+00
   0.0000000e+00
   0.0000000e+00
   0.0000000e+00
   0.0000000e+00
   0.0000000e+00
   0.0000000e+00
   0.0000000e+00
   0.0000000e+00
   0.0000000e+00
   0.0000000e+00
   0.0000000e+00
   0.0000000e+00
   0.0000000e+00
   0.0000000e+00
   0.0000000e+00
   0.0000000e+00
   0.0000000e+00
   0.0000000e+00
   0.0000000e+00
   0.0000000e+00
   0.0000000e+00
   0.0000000e+00
   0.0000000e+00
   0.0000000e+00
   0.0000000e+00
   0.0000000e+00
   0.0000000e+00
   0.0000000e+00
   0.0000000e+00
   0.0000000e+00
   0.0000000e+00
   0.0000000e+00
   0.0000000e+00
   0.0000000e+00
   0.0000000e+00
   0.0000000e+00
   0.0000000e+00
   0.0000000e+00
   0.0000000e+00
   0.0000000e+00
   0.0000000e+00
   0.0000000e+00
   0.0000000e+00
   0.0000000e+00
   0.0000000e+00
   0.0000000e+00
   0.0000000e+00
   0.0000000e+00
   0.0000000e+00
   0.0000000e+00
   0.0000000e+00
   0.0000000e+00
   0.0000000e+00
   0.0000000e+00
   0.0000000e+00
   0.0000000e+00
   0.0000000e+00
   0.0000000e+00
   0.0000000e+00
   0.0000000e+00
   0.0000000e+00
   0.0000000e+00
   0.0000000e+00
   0.0000000e+00
   0.0000000e+00
   0.0000000e+00
   0.0000000e+00
   0.0000000e+00
   0.0000000e+00
   0.0000000e+00
   0.0000000e+00
   0.0000000e+00
   0.0000000e+00
   0.0000000e+00
   0.0000000e+00
   0.0000000e+00
   0.0000000e+00
   0.0000000e+00
   0.0000000e+00
   0.0000000e+00
   0.0000000e+00
   0.0000000e+00
   0.0000000e+00
   0.0000000e+00
   0.0000000e+00
   0.0000000e+00
   0.0000000e+00
   0.0000000e+00
   0.0000000e+00
   0.0000000e+00
   0.0000000e+00
   0.0000000e+00
   0.0000000e+00
   0.0000000e+00
   0.0000000e+00
   0.0000000e+00
   0.0000000e+00
   0.0000000e+00
   0.0000000e+00
   0.0000000e+00
   0.0000000e+00
   0.0000000e+00
   0.0000000e+00
   0.0000000e+00
   0.0000000e+00
   0.0000000e+00
   0.0000000e+00
   0.0000000e+00
   0.0000000e+00
   0.0000000e+00
   0.0000000e+00
   0.0000000e+00
   0.0000000e+00
   0.0000000e+00
   0.0000000e+00
   0.0000000e+00
   0.0000000e+00
   0.0000000e+00
   0.0000000e+00
   0.0000000e+00
   0.0000000e+00
   0.0000000e+00
