  -5.5217203e-03
   5.3171080e-03
  -3.4241014e-04
   5.0263678e-05
  -6.7053967e-04
   4.8426945e-04
   5.7062760e-04
  -7.9128066e-04
   1.8451590e-03
   5.7108585e-04
  -1.2716363e-03
   1.8997186e-03
  -2.2257264e-03
   1.2350199e-03
  -4.9653659e-04
   1.7200054e-03
   2.1396868e-04
   1.3163787e-03
   3.5000944e-03
   1.1432878e-03
   2.4330295e-02
   1.3296726e-02
   1.6466927e-02
   2.1350200e-02
   2.0780242e-02
   1.7754985e-02
   1.9408272e-02
   1.9593391e-02
   1.7257864e-02
   1.9488553e-02
   2.0620470e-02
   1.7384635e-02
   2.2283940e-02
   1.8462971e-02
   1.9398448e-02
   1.7422934e-02
   1.5689848e-02
   2.0551514e-02
   2.1308486e-02
   4.9526895e-03
   5.1299554e-02
   7.2916697e-02
   7.0121206e-02
   5.2834839e-02
   5.8126327e-02
   6.0856714e-02
   5.8845178e-02
   6.0171392e-02
   6.3118210e-02
   5.8011708e-02
   5.7947023e-02
   6.1825310e-02
   5.4836143e-02
   5.9788727e-02
   6.0049515e-02
   6.1267538e-02
   7.0949022e-02
   4.1313732e-02
   8.1554332e-02
   3.5763988e-03
   1.2333623e-01
   9.9082902e-02
   1.0371004e-01
   1.2344665e-01
   1.1925601e-01
   1.1555459e-01
   1.1736743e-01
   1.1458846e-01
   1.1206097e-01
   1.1857018e-01
   1.1907319e-01
   1.1337415e-01
   1.2403515e-01
   1.1791258e-01
   1.1437819e-01
   1.1509066e-01
   9.7716917e-02
   1.4334244e-01
   8.9021339e-02
   1.6988255e-03
   1.6897403e-01
   2.2447864e-01
   2.1053933e-01
   1.7684251e-01
   1.6657094e-01
   1.7952093e-01
   1.8103423e-01
   1.8049433e-01
   1.9749794e-01
   1.7259750e-01
   1.6957882e-01
   1.8941745e-01
   1.5295359e-01
   1.6318532e-01
   1.9034870e-01
   1.8276436e-01
   1.9205947e-01
   1.8203702e-01
   2.5448245e-02
   6.0369412e-05
   4.0556272e-03
   4.0226157e-02
   4.0557049e-02
   8.8424560e-03
   3.9896933e-02
   3.1154685e-01
   1.7554233e-01
   1.7872325e-01
   2.5875785e-01
   2.3486808e-01
   2.4981348e-01
   2.2060103e-01
   2.3638503e-01
   3.1631464e-01
   1.6015869e-01
   1.6167122e-01
   2.7916306e-01
   5.3323447e-02
   4.5010348e-04
   0.0000000e+00
   0.0000000e+00
   0.0000000e+00
   0.0000000e+00
   0.0000000e+00
   2.2413349e-03
   1.8622002e-02
   9.3141142e-03
   4.9450221e-03
   1.4535711e-02
   2.7970561e-01
   3.4938917e-01
   2.5456988e-01
   3.2203451e-01
   2.5050961e-01
   3.5258844e-02
   3.1093906e-03
   8.1221655e-03
   1.4111567e-03
   0.0000000e+00
   0.0000000e+00
   0.0000000e+00
   0.0000000e+00
   0.0000000e+00
   0.0000000e+00
   0.0000000e+00
   0.0000000e+00
   0.0000000e+00
   0.0000000e+00
   8.2747783e-04
   4.4189864e-02
   2.6041187e-01
   4.2087736e-01
   5.0509144e-01
   3.5871794e-01
   1.0269095e-02
   0.0000000e+00
   0.0000000e+00
   0.0000000e+00
   0.0000000e+00
   0.0000000e+00
   0.0000000e+00
   0.0000000e+00
   0.0000000e+00
   0.0000000e+00
   0.0000000e+00
   0.0000000e+00
   0.0000000e+00
   0.0000000e+00
   0.0000000e+00
   1.2038923e-04
   9.7070149e-03
   2.4379318e-02
   1.1937572e-01
   9.1940586e-02
   2.4420034e-03
   0.0000000e+00
   0.0000000e+00
   0.0000000e+00
   0.0000000e+00
   0.0000000e+00
   0.0000000e+00
   0.0000000e+00
   0.0000000e+00
   0.0000000e+00
   0.0000000e+00
   0.0000000e+00
   0.0000000e+00
   0.0000000e+00
   0.0000000e+00
   0.0000000e+00
   0.0000000e+00
   2.0939505e-08
   3.2019368e-07
   2.5005080e-07
   6.6415163e-09
   0.0000000e+00
   0.0000000e+00
   0.0000000e+00
   0.0000000e+00
   0.0000000e+00
   0.0000000e+00
   0.0000000e+00
   0.0000000e+00
   0.0000000e+00
   0.0000000e+00
   0.0000000e+00
   0.0000000e+00
   0.0000000e+00
   0.0000000e+00
   0.0000000e+00
   0.0000000e+00
   0.0000000e+00
   0.0000000e+00
   0.0000000e+00
   0.0000000e+00
   0.0000000e+00
   0.0000000e+00
   0.0000000e+00
   0.0000000e+00
   0.0000000e+00
   0.0000000e+00
   0.0000000e+00
   0.0000000e+00
   0.0000000e+00
   0.0000000e+00
   0.0000000e+00
   0.0000000e+00
   0.0000000e+00
   0.0000000e+00
   0.0000000e+00
   0.0000000e+00
   0.0000000e+00
   0.0000000e+00
   0.0000000e+00
   0.0000000e+00
   0.0000000e+00
   0.0000000e+00
   0.0000000e+00
   0.0000000e+00
   0.0000000e+00
   0.0000000e+00
   0.0000000e+00
   0.0000000e+00
   0.0000000e+00
   0.0000000e+00
   0.0000000e+00
   0.0000000e+00
   0.0000000e+00
   0.0000000e+00
   0.0000000e+00
   0.0000000e+00
   0.0000000e+00
   0.0000000e+00
   0.0000000e+00
   0.0000000e+00
   0.0000000e+00
   0.0000000e+00
   0.0000000e+00
   0.0000000e+00
   0.0000000e+00
   0.0000000e+00
   0.0000000e+00
   0.0000000e+00
   0.0000000e+00
   0.0000000e+00
   0.0000000e+00
   0.0000000e+00
   0.0000000e+00
   0.0000000e+00
   0.0000000e+00
   0.0000000e+00
   0.0000000e+00
   0.0000000e+00
   0.0000000e+00
   0.0000000e+00
   0.0000000e+00
   0.0000000e+00
   0.0000000e+00
   0.0000000e+00
   0.0000000e+00
   0.0000000e+00
   0.0000000e+00
   0.0000000e+00
   0.0000000e+00
   0.0000000e+00
   0.0000000e+00
   0.0000000e+00
   0.0000000e+00
   0.0000000e+00
   0.0000000e+00
   0.0000000e+00
   0.0000000e+00
   0.0000000e+00
   0.0000000e+00
   0.0000000e+00
   0.0000000e+00
   0.0000000e+00
   0.0000000e+00
   0.0000000e+00
   0.0000000e+00
   0.0000000e+00
   0.0000000e+00
   0.0000000e+00
   0.0000000e+00
   0.0000000e+00
   0.0000000e+00
   0.0000000e+00
   0.0000000e+00
   0.0000000e+00
   0.0000000e+00
   0.0000000e+00
   0.0000000e+00
   0.0000000e+00
   0.0000000e+00
   0.0000000e+00
   0.0000000e+00
   0.0000000e+00
   0.0000000e+00
   0.0000000e+00
   0.0000000e+00
   0.0000000e+00
   0.0000000e+00
   0.0000000e+00
   0.0000000e+00
   0.0000000e+00
   0.0000000e+00
   0.0000000e+00
   0.0000000e+00
   0.0000000e+00
   0.0000000e+00
   0.0000000e+00
   0.0000000e+00
   0.0000000e+00
   0.0000000e+00
   0.0000000e+00
   0.0000000e+00
   0.0000000e+00
   0.0000000e+00
   0.0000000e+00
   0.0000000e+00
   0.0000000e+00
   0.0000000e+00
   0.0000000e+00
   0.0000000e+00
   0.0000000e+00
   0.0000000e+00
   0.0000000e+00
   0.0000000e+00
   0.0000000e+00
   0.0000000e+00
   0.0000000e+00
   0.0000000e+00
   0.0000000e+00
   0.0000000e+00
   0.0000000e+00
   0.0000000e+00
   0.0000000e+00
   0.0000000e+00
   0.0000000e+00
   0.0000000e+00
   0.0000000e+00
   0.0000000e+00
   0.0000000e+00
   0.0000000e+00
   0.0000000e+00
   0.0000000e+00
   0.0000000e+00
   0.0000000e+00
   0.0000000e+00
   0.0000000e+00
   0.0000000e+00
   0.0000000e+00
   0.0000000e+00
   0.0000000e+00
   0.0000000e+00
   0.0000000e+00
   0.0000000e+00
   0.0000000e+00
   0.0000000e+00
   0.0000000e+00
   0.0000000e+00
   0.0000000e+00
   0.0000000e+00
   0.0000000e+00
   0.0000000e+00
   0.0000000e+00
   0.0000000e+00
   0.0000000e+00
   0.0000000e+00
   0.0000000e+00
   0.0000000e+00
   0.0000000e+00
   0.0000000e+00
   0.0000000e+00
   0.0000000e+00
   0.0000000e+00
   0.0000000e+00
   0.0000000e+00
   0.0000000e+00
   0.0000000e+00
