   2.3201915e-03
   1.1062843e-04
  -3.9626930e-03
  -1.4878458e-03
   2.9535683e-03
  -6.7479372e-04
   1.7989009e-03
  -7.1458150e-04
  -4.2750990e-03
   1.5631776e-04
   7.4343136e-04
   1.0649341e-03
  -7.7360907e-04
   8.5956518e-04
  -1.8707045e-03
  -1.1741117e-03
  -3.6030275e-03
   3.6993840e-03
  -9.7991704e-03
   4.3763552e-03
   1.2838459e-02
   1.5362884e-02
   2.9287132e-02
   2.1618504e-02
   1.6046192e-02
   2.0067238e-02
   1.5988620e-02
   2.2488629e-02
   2.4405588e-02
   1.8597437e-02
   1.8452130e-02
   1.5949730e-02
   2.2163914e-02
   1.8753789e-02
   2.1539620e-02
   2.1014262e-02
   2.1701985e-02
   2.0080530e-02
   2.7250843e-02
   2.5824122e-02
   7.0494334e-02
   7.3179895e-02
   3.8459459e-02
   5.6958799e-02
   6.3192919e-02
   6.0710431e-02
   6.4040523e-02
   5.5808341e-02
   5.0577345e-02
   6.0530158e-02
   6.1254155e-02
   6.3824599e-02
   5.5677652e-02
   5.8760844e-02
   5.7567363e-02
   5.4625091e-02
   6.4522484e-02
   3.4716512e-02
   6.6257690e-02
   9.7265490e-03
   1.0235140e-01
   9.8637106e-02
   1.3744266e-01
   1.2315221e-01
   1.0958690e-01
   1.1448143e-01
   1.0570729e-01
   1.2308149e-01
   1.3324340e-01
   1.1508122e-01
   1.1305506e-01
   1.0823313e-01
   1.2331051e-01
   1.1868851e-01
   1.1731576e-01
   1.2667867e-01
   1.0462327e-01
   1.6197689e-01
   9.3944124e-02
   7.3735309e-04
   1.5889197e-01
   2.4766934e-01
   1.1175848e-01
   1.8881397e-01
   1.7688209e-01
   1.9196631e-01
   1.9257788e-01
   1.7808545e-01
   1.2882725e-01
   1.7815157e-01
   1.9949270e-01
   1.8879374e-01
   1.5072377e-01
   1.7829893e-01
   1.6953209e-01
   1.5999775e-01
   1.9609903e-01
   1.0550403e-01
   1.8325125e-02
   3.0694532e-06
   1.0137020e-01
   1.9747673e-01
   2.7442345e-01
   2.4746443e-01
   2.0865467e-01
   2.3850857e-01
   8.1748751e-02
   2.9060540e-01
   3.0545625e-01
   2.7399003e-01
   7.5431686e-02
   2.0126956e-01
   3.3506635e-01
   2.4378784e-01
   2.4255877e-01
   3.1679619e-01
   2.6219178e-01
   1.9401050e-02
   5.8928740e-05
   0.0000000e+00
   1.5497735e-03
   3.1945996e-02
   2.9569617e-01
   2.7783034e-01
   4.5091584e-01
   3.0094144e-01
   3.3991068e-02
   2.5683398e-01
   3.1030414e-01
   2.9620921e-01
   2.9656453e-02
   2.6823827e-02
   5.6860175e-02
   3.1039379e-02
   4.6865953e-02
   2.9061961e-01
   2.9313734e-01
   1.4234570e-02
   0.0000000e+00
   0.0000000e+00
   0.0000000e+00
   8.9936730e-04
   8.9039493e-03
   2.9857561e-02
   2.6083704e-01
   1.6690451e-01
   3.8401675e-03
   1.0621161e-02
   1.6408019e-02
   1.8485799e-02
   1.8342651e-03
   0.0000000e+00
   0.0000000e+00
   0.0000000e+00
   7.0965140e-04
   1.8333822e-02
   1.9526471e-02
   9.4847827e-04
   0.0000000e+00
   0.0000000e+00
   0.0000000e+00
   0.0000000e+00
   0.0000000e+00
   3.2935811e-04
   3.7895474e-03
   2.4263644e-03
   3.9616096e-05
   0.0000000e+00
   0.0000000e+00
   0.0000000e+00
   0.0000000e+00
   0.0000000e+00
   0.0000000e+00
   0.0000000e+00
   0.0000000e+00
   0.0000000e+00
   0.0000000e+00
   0.0000000e+00
   0.0000000e+00
   0.0000000e+00
   0.0000000e+00
   0.0000000e+00
   0.0000000e+00
   0.0000000e+00
   0.0000000e+00
   0.0000000e+00
   0.0000000e+00
   0.0000000e+00
   0.0000000e+00
   0.0000000e+00
   0.0000000e+00
   0.0000000e+00
   0.0000000e+00
   0.0000000e+00
   0.0000000e+00
   0.0000000e+00
   0.0000000e+00
   0.0000000e+00
   0.0000000e+00
   0.0000000e+00
   0.0000000e+00
   0.0000000e+00
   0.0000000e+00
   0.0000000e+00
   0.0000000e+00
   0.0000000e+00
   0.0000000e+00
   0.0000000e+00
   0.0000000e+00
   0.0000000e+00
   0.0000000e+00
   0.0000000e+00
   0.0000000e+00
   0.0000000e+00
   0.0000000e+00
   0.0000000e+00
   0.0000000e+00
   0.0000000e+00
   0.0000000e+00
   0.0000000e+00
   0.0000000e+00
   0.0000000e+00
   0.0000000e+00
   0.0000000e+00
   0.0000000e+00
   0.0000000e+00
   0.0000000e+00
   0.0000000e+00
   0.0000000e+00
   0.0000000e+00
   0.0000000e+00
   0.0000000e+00
   0.0000000e+00
   0.0000000e+00
   0.0000000e+00
   0.0000000e+00
   0.0000000e+00
   0.0000000e+00
   0.0000000e+00
   0.0000000e+00
   0.0000000e+00
   0.0000000e+00
   0.0000000e+00
   0.0000000e+00
   0.0000000e+00
   0.0000000e+00
   0.0000000e+00
   0.0000000e+00
   0.0000000e+00
   0.0000000e+00
   0.0000000e+00
   0.0000000e+00
   0.0000000e+00
   0.0000000e+00
   0.0000000e+00
   0.0000000e+00
   0.0000000e+00
   0.0000000e+00
   0.0000000e+00
   0.0000000e+00
   0.0000000e+00
   0.0000000e+00
   0.0000000e+00
   0.0000000e+00
   0.0000000e+00
   0.0000000e+00
   0.0000000e+00
   0.0000000e+00
   0.0000000e+00
   0.0000000e+00
   0.0000000e+00
   0.0000000e+00
   0.0000000e+00
   0.0000000e+00
   0.0000000e+00
   0.0000000e+00
   0.0000000e+00
   0.0000000e+00
   0.0000000e+00
   0.0000000e+00
   0.0000000e+00
   0.0000000e+00
   0.0000000e+00
   0.0000000e+00
   0.0000000e+00
   0.0000000e+00
   0.0000000e+00
   0.0000000e+00
   0.0000000e+00
   0.0000000e+00
   0.0000000e+00
   0.0000000e+00
   0.0000000e+00
   0.0000000e+00
   0.0000000e+00
   0.0000000e+00
   0.0000000e+00
   0.0000000e+00
   0.0000000e+00
   0.0000000e+00
   0.0000000e+00
   0.0000000e+00
   0.0000000e+00
   0.0000000e+00
   0.0000000e+00
   0.0000000e+00
   0.0000000e+00
   0.0000000e+00
   0.0000000e+00
   0.0000000e+00
   0.0000000e+00
   0.0000000e+00
   0.0000000e+00
   0.0000000e+00
   0.0000000e+00
   0.0000000e+00
   0.0000000e+00
   0.0000000e+00
   0.0000000e+00
   0.0000000e+00
   0.0000000e+00
   0.0000000e+00
   0.0000000e+00
   0.0000000e+00
   0.0000000e+00
   0.0000000e+00
   0.0000000e+00
   0.0000000e+00
   0.0000000e+00
   0.0000000e+00
   0.0000000e+00
   0.0000000e+00
   0.0000000e+00
   0.0000000e+00
   0.0000000e+00
   0.0000000e+00
   0.0000000e+00
   0.0000000e+00
   0.0000000e+00
   0.0000000e+00
   0.0000000e+00
   0.0000000e+00
   0.0000000e+00
   0.0000000e+00
   0.0000000e+00
   0.0000000e+00
   0.0000000e+00
   0.0000000e+00
   0.0000000e+00
   0.0000000e+00
   0.0000000e+00
   0.0000000e+00
   0.0000000e+00
   0.0000000e+00
   0.0000000e+00
   0.0000000e+00
   0.0000000e+00
   0.0000000e+00
   0.0000000e+00
   0.0000000e+00
   0.0000000e+00
   0.0000000e+00
   0.0000000e+00
   0.0000000e+00
   0.0000000e+00
   0.0000000e+00
   0.0000000e+00
   0.0000000e+00
   0.0000000e+00
   0.0000000e+00
   0.0000000e+00
   0.0000000e+00
   0.0000000e+00
   0.0000000e+00
   0.0000000e+00
   0.0000000e+00
   0.0000000e+00
   0.0000000e+00
   0.0000000e+00
   0.0000000e+00
   0.0000000e+00
   0.0000000e+00
   0.0000000e+00
   0.0000000e+00
   0.0000000e+00
   0.0000000e+00
   0.0000000e+00
   0.0000000e+00
   0.0000000e+00
   0.0000000e+00
   0.0000000e+00
   0.0000000e+00
   0.0000000e+00
   0.0000000e+00
   0.0000000e+00
   0.0000000e+00
   0.0000000e+00
   0.0000000e+00
   0.0000000e+00
   0.0000000e+00
