   1.1466361e-03
   1.2507288e-03
   6.0404584e-04
  -2.4903114e-04
   1.7096070e-03
  -2.6608733e-04
   6.2947692e-04
   1.0074706e-03
  -4.4684550e-03
  -2.0866409e-03
   1.3460037e-03
  -1.3940502e-03
   1.4831189e-03
   9.3562748e-04
   6.9126171e-03
  -1.4856106e-02
  -5.1477848e-03
  -1.3398778e-03
  -2.9083588e-04
   0.0000000e+00
   2.5413648e-02
   2.3992690e-02
   1.4814129e-02
   1.9465098e-02
   1.8784329e-02
   1.0699002e-02
   2.0992650e-02
   1.6926786e-02
   2.1629812e-02
   2.8510844e-02
   1.2099416e-02
   2.4584642e-02
   2.0706349e-02
   8.4403740e-03
   1.7314785e-02
   1.9466652e-02
   4.0521246e-02
   2.1003018e-02
   2.6004621e-02
   1.9978206e-05
   4.0546574e-02
   5.9622854e-02
   5.7806757e-02
   6.2247572e-02
   6.0592863e-02
   6.6660017e-02
   5.8470046e-02
   6.2814038e-02
   5.6177956e-02
   4.8774128e-02
   6.7317771e-02
   4.9494461e-02
   5.6050079e-02
   8.1753199e-02
   5.7029160e-02
   6.8396630e-02
   2.7213162e-02
   5.4097249e-02
   6.0607655e-02
   4.8895378e-05
   1.0423323e-01
   1.3080490e-01
   1.0819546e-01
   1.1800793e-01
   1.1408074e-01
   1.0908818e-01
   1.1665060e-01
   1.1277183e-01
   1.2027174e-01
   1.2731477e-01
   1.1086617e-01
   1.2993057e-01
   1.3340420e-01
   5.2346981e-02
   1.3291415e-01
   8.1380357e-02
   1.2405111e-01
   1.7287127e-01
   4.6878649e-02
   1.4482760e-05
   1.5014441e-01
   2.3612092e-01
   1.4438847e-01
   1.8469294e-01
   1.8031167e-01
   2.0738039e-01
   1.7574470e-01
   1.9150942e-01
   1.6781271e-01
   1.6244999e-01
   1.7654636e-01
   1.0500582e-01
   2.1578540e-01
   3.3263648e-02
   2.4224494e-01
   2.1274125e-01
   2.1417628e-01
   9.8213553e-02
   1.5843637e-02
   3.7832587e-11
   3.5777064e-02
   1.8512157e-01
   3.9333743e-01
   1.9289161e-01
   2.1759387e-01
   2.5247229e-01
   2.1459447e-01
   2.7355168e-01
   3.2723912e-01
   1.8604043e-01
   2.9267483e-01
   2.7973224e-01
   2.8277321e-01
   4.7470127e-02
   2.4840622e-01
   1.1024195e-01
   2.8665414e-02
   2.9618531e-03
   9.1640458e-05
   0.0000000e+00
   7.9998247e-07
   1.0109739e-01
   2.8713162e-01
   9.5975767e-02
   1.1489059e-02
   1.4070647e-02
   1.3481142e-02
   2.8751460e-02
   7.5003286e-02
   3.2320892e-02
   3.8534497e-02
   5.4194638e-02
   4.3350463e-02
   2.2805357e-03
   5.9850836e-03
   2.1011148e-03
   2.2865940e-06
   0.0000000e+00
   0.0000000e+00
   0.0000000e+00
   0.0000000e+00
   2.8339214e-03
   8.0457941e-03
   2.6714005e-03
   4.3565314e-07
   0.0000000e+00
   0.0000000e+00
   0.0000000e+00
   0.0000000e+00
   0.0000000e+00
   0.0000000e+00
   0.0000000e+00
   0.0000000e+00
   0.0000000e+00
   0.0000000e+00
   0.0000000e+00
   0.0000000e+00
   0.0000000e+00
   0.0000000e+00
   0.0000000e+00
   0.0000000e+00
   0.0000000e+00
   0.0000000e+00
   0.0000000e+00
   0.0000000e+00
   0.0000000e+00
   0.0000000e+00
   0.0000000e+00
   0.0000000e+00
   0.0000000e+00
   0.0000000e+00
   0.0000000e+00
   0.0000000e+00
   0.0000000e+00
   0.0000000e+00
   0.0000000e+00
   0.0000000e+00
   0.0000000e+00
   0.0000000e+00
   0.0000000e+00
   0.0000000e+00
   0.0000000e+00
   0.0000000e+00
   0.0000000e+00
   0.0000000e+00
   0.0000000e+00
   0.0000000e+00
   0.0000000e+00
   0.0000000e+00
   0.0000000e+00
   0.0000000e+00
   0.0000000e+00
   0.0000000e+00
   0.0000000e+00
   0.0000000e+00
   0.0000000e+00
   0.0000000e+00
   0.0000000e+00
   0.0000000e+00
   0.0000000e+00
   0.0000000e+00
   0.0000000e+00
   0.0000000e+00
   0.0000000e+00
   0.0000000e+00
   0.0000000e+00
   0.0000000e+00
   0.0000000e+00
   0.0000000e+00
   0.0000000e+00
   0.0000000e+00
   0.0000000e+00
   0.0000000e+00
   0.0000000e+00
   0.0000000e+00
   0.0000000e+00
   0.0000000e+00
   0.0000000e+00
   0.0000000e+00
   0.0000000e+00
   0.0000000e+00
   0.0000000e+00
   0.0000000e+00
   0.0000000e+00
   0.0000000e+00
   0.0000000e+00
   0.0000000e+00
   0.0000000e+00
   0.0000000e+00
   0.0000000e+00
   0.0000000e+00
   0.0000000e+00
   0.0000000e+00
   0.0000000e+00
   0.0000000e+00
   0.0000000e+00
   0.0000000e+00
   0.0000000e+00
   0.0000000e+00
   0.0000000e+00
   0.0000000e+00
   0.0000000e+00
   0.0000000e+00
   0.0000000e+00
   0.0000000e+00
   0.0000000e+00
   0.0000000e+00
   0.0000000e+00
   0.0000000e+00
   0.0000000e+00
   0.0000000e+00
   0.0000000e+00
   0.0000000e+00
   0.0000000e+00
   0.0000000e+00
   0.0000000e+00
   0.0000000e+00
   0.0000000e+00
   0.0000000e+00
   0.0000000e+00
   0.0000000e+00
   0.0000000e+00
   0.0000000e+00
   0.0000000e+00
   0.0000000e+00
   0.0000000e+00
   0.0000000e+00
   0.0000000e+00
   0.0000000e+00
   0.0000000e+00
   0.0000000e+00
   0.0000000e+00
   0.0000000e+00
   0.0000000e+00
   0.0000000e+00
   0.0000000e+00
   0.0000000e+00
   0.0000000e+00
   0.0000000e+00
   0.0000000e+00
   0.0000000e+00
   0.0000000e+00
   0.0000000e+00
   0.0000000e+00
   0.0000000e+00
   0.0000000e+00
   0.0000000e+00
   0.0000000e+00
   0.0000000e+00
   0.0000000e+00
   0.0000000e+00
   0.0000000e+00
   0.0000000e+00
   0.0000000e+00
   0.0000000e+00
   0.0000000e+00
   0.0000000e+00
   0.0000000e+00
   0.0000000e+00
   0.0000000e+00
   0.0000000e+00
   0.0000000e+00
   0.0000000e+00
   0.0000000e+00
   0.0000000e+00
   0.0000000e+00
   0.0000000e+00
   0.0000000e+00
   0.0000000e+00
   0.0000000e+00
   0.0000000e+00
   0.0000000e+00
   0.0000000e+00
   0.0000000e+00
   0.0000000e+00
   0.0000000e+00
   0.0000000e+00
   0.0000000e+00
   0.0000000e+00
   0.0000000e+00
   0.0000000e+00
   0.0000000e+00
   0.0000000e+00
   0.0000000e+00
   0.0000000e+00
   0.0000000e+00
   0.0000000e+00
   0.0000000e+00
   0.0000000e+00
   0.0000000e+00
   0.0000000e+00
   0.0000000e+00
   0.0000000e+00
   0.0000000e+00
   0.0000000e+00
   0.0000000e+00
   0.0000000e+00
   0.0000000e+00
   0.0000000e+00
   0.0000000e+00
   0.0000000e+00
   0.0000000e+00
   0.0000000e+00
   0.0000000e+00
   0.0000000e+00
   0.0000000e+00
   0.0000000e+00
   0.0000000e+00
   0.0000000e+00
   0.0000000e+00
   0.0000000e+00
   0.0000000e+00
   0.0000000e+00
   0.0000000e+00
   0.0000000e+00
   0.0000000e+00
   0.0000000e+00
   0.0000000e+00
   0.0000000e+00
   0.0000000e+00
   0.0000000e+00
   0.0000000e+00
   0.0000000e+00
   0.0000000e+00
   0.0000000e+00
   0.0000000e+00
   0.0000000e+00
   0.0000000e+00
   0.0000000e+00
   0.0000000e+00
   0.0000000e+00
   0.0000000e+00
   0.0000000e+00
   0.0000000e+00
   0.0000000e+00
   0.0000000e+00
   0.0000000e+00
   0.0000000e+00
   0.0000000e+00
   0.0000000e+00
   0.0000000e+00
   0.0000000e+00
   0.0000000e+00
   0.0000000e+00
   0.0000000e+00
   0.0000000e+00
   0.0000000e+00
   0.0000000e+00
   0.0000000e+00
   0.0000000e+00
   0.0000000e+00
   0.0000000e+00
   0.0000000e+00
   0.0000000e+00
   0.0000000e+00
   0.0000000e+00
   0.0000000e+00
   0.0000000e+00
   0.0000000e+00
   0.0000000e+00
