   1.0324583e-03
   1.2085845e-03
   1.3197022e-03
  -2.3786028e-03
   7.4964342e-05
   2.8018644e-04
  -2.0956225e-03
   5.1261518e-03
  -9.7184996e-03
  -2.3070390e-02
  -2.3461958e-03
   4.0964060e-03
   1.7032022e-03
  -4.0389273e-04
   1.2837970e-02
   7.8893160e-03
  -6.3971187e-03
   5.9956574e-03
  -1.0774663e-03
   5.2870908e-05
   2.4623227e-02
   1.6786886e-02
   1.7033772e-02
   2.3271472e-02
   1.9541611e-02
   2.0961577e-02
   1.5270198e-02
   2.1573614e-02
   1.4797167e-02
   4.9231554e-02
   2.1336080e-02
   1.6616539e-02
   1.7308515e-02
   1.9357621e-02
   1.9728797e-02
   7.9936873e-03
   2.8734131e-02
   1.0707327e-02
   2.5096179e-02
   1.2503628e-03
   5.2642935e-02
   6.4265184e-02
   5.8190543e-02
   5.7617091e-02
   5.6321734e-02
   5.8803687e-02
   6.7719980e-02
   5.5626381e-02
   6.2932317e-02
   2.1816708e-02
   5.6815155e-02
   6.3877338e-02
   6.0088259e-02
   6.6571821e-02
   5.1355806e-02
   7.9696731e-02
   4.4774471e-02
   6.7944099e-02
   6.4341510e-02
   1.1633842e-03
   1.2326053e-01
   1.0797670e-01
   1.2292344e-01
   1.1480853e-01
   1.2633661e-01
   1.1284634e-01
   1.1154513e-01
   1.0835379e-01
   1.3133406e-01
   1.5023730e-01
   1.2396167e-01
   1.0659671e-01
   1.2104874e-01
   9.6881062e-02
   1.2869099e-01
   9.3467069e-02
   1.2550597e-01
   1.4098587e-01
   4.2720340e-02
   1.6947566e-04
   1.4252242e-01
   2.3921953e-01
   1.1764165e-01
   2.3424183e-01
   1.2037673e-01
   2.1126360e-01
   1.7723580e-01
   2.1074354e-01
   7.1841856e-02
   8.8634753e-02
   1.7328584e-01
   1.9740075e-01
   1.7221162e-01
   2.2548658e-01
   1.6600708e-01
   1.9983896e-01
   1.9172076e-01
   2.9886361e-02
   1.8810756e-03
   0.0000000e+00
   1.2225369e-02
   2.6580689e-02
   3.4983842e-02
   2.0078191e-01
   3.8458388e-01
   1.4531312e-01
   2.0246849e-01
   2.6588589e-01
   4.1064869e-02
   9.1746684e-02
   3.2941927e-01
   8.6536434e-02
   1.5544008e-02
   3.8203513e-02
   1.3800951e-01
   2.8824729e-01
   1.0111612e-01
   3.2416474e-03
   1.2911307e-09
   0.0000000e+00
   0.0000000e+00
   0.0000000e+00
   3.4853967e-04
   5.2092419e-02
   2.0889293e-01
   5.3680393e-02
   2.2153965e-03
   5.6831834e-03
   9.5523672e-04
   1.1807181e-01
   3.9370401e-01
   8.1841137e-02
   0.0000000e+00
   3.2832738e-05
   2.0528781e-03
   4.5663751e-03
   1.0990504e-03
   5.5184930e-06
   0.0000000e+00
   0.0000000e+00
   0.0000000e+00
   0.0000000e+00
   0.0000000e+00
   5.0222989e-04
   2.0672230e-03
   5.3180214e-04
   4.4819445e-10
   0.0000000e+00
   1.1155174e-06
   5.2481646e-03
   1.7367662e-02
   3.5877664e-03
   0.0000000e+00
   0.0000000e+00
   0.0000000e+00
   0.0000000e+00
   0.0000000e+00
   0.0000000e+00
   0.0000000e+00
   0.0000000e+00
   0.0000000e+00
   0.0000000e+00
   0.0000000e+00
   0.0000000e+00
   0.0000000e+00
   0.0000000e+00
   0.0000000e+00
   0.0000000e+00
   0.0000000e+00
   0.0000000e+00
   0.0000000e+00
   0.0000000e+00
   0.0000000e+00
   0.0000000e+00
   0.0000000e+00
   0.0000000e+00
   0.0000000e+00
   0.0000000e+00
   0.0000000e+00
   0.0000000e+00
   0.0000000e+00
   0.0000000e+00
   0.0000000e+00
   0.0000000e+00
   0.0000000e+00
   0.0000000e+00
   0.0000000e+00
   0.0000000e+00
   0.0000000e+00
   0.0000000e+00
   0.0000000e+00
   0.0000000e+00
   0.0000000e+00
   0.0000000e+00
   0.0000000e+00
   0.0000000e+00
   0.0000000e+00
   0.0000000e+00
   0.0000000e+00
   0.0000000e+00
   0.0000000e+00
   0.0000000e+00
   0.0000000e+00
   0.0000000e+00
   0.0000000e+00
   0.0000000e+00
   0.0000000e+00
   0.0000000e+00
   0.0000000e+00
   0.0000000e+00
   0.0000000e+00
   0.0000000e+00
   0.0000000e+00
   0.0000000e+00
   0.0000000e+00
   0.0000000e+00
   0.0000000e+00
   0.0000000e+00
   0.0000000e+00
   0.0000000e+00
   0.0000000e+00
   0.0000000e+00
   0.0000000e+00
   0.0000000e+00
   0.0000000e+00
   0.0000000e+00
   0.0000000e+00
   0.0000000e+00
   0.0000000e+00
   0.0000000e+00
   0.0000000e+00
   0.0000000e+00
   0.0000000e+00
   0.0000000e+00
   0.0000000e+00
   0.0000000e+00
   0.0000000e+00
   0.0000000e+00
   0.0000000e+00
   0.0000000e+00
   0.0000000e+00
   0.0000000e+00
   0.0000000e+00
   0.0000000e+00
   0.0000000e+00
   0.0000000e+00
   0.0000000e+00
   0.0000000e+00
   0.0000000e+00
   0.0000000e+00
   0.0000000e+00
   0.0000000e+00
   0.0000000e+00
   0.0000000e+00
   0.0000000e+00
   0.0000000e+00
   0.0000000e+00
   0.0000000e+00
   0.0000000e+00
   0.0000000e+00
   0.0000000e+00
   0.0000000e+00
   0.0000000e+00
   0.0000000e+00
   0.0000000e+00
   0.0000000e+00
   0.0000000e+00
   0.0000000e+00
   0.0000000e+00
   0.0000000e+00
   0.0000000e+00
   0.0000000e+00
   0.0000000e+00
   0.0000000e+00
   0.0000000e+00
   0.0000000e+00
   0.0000000e+00
   0.0000000e+00
   0.0000000e+00
   0.0000000e+00
   0.0000000e+00
   0.0000000e+00
   0.0000000e+00
   0.0000000e+00
   0.0000000e+00
   0.0000000e+00
   0.0000000e+00
   0.0000000e+00
   0.0000000e+00
   0.0000000e+00
   0.0000000e+00
   0.0000000e+00
   0.0000000e+00
   0.0000000e+00
   0.0000000e+00
   0.0000000e+00
   0.0000000e+00
   0.0000000e+00
   0.0000000e+00
   0.0000000e+00
   0.0000000e+00
   0.0000000e+00
   0.0000000e+00
   0.0000000e+00
   0.0000000e+00
   0.0000000e+00
   0.0000000e+00
   0.0000000e+00
   0.0000000e+00
   0.0000000e+00
   0.0000000e+00
   0.0000000e+00
   0.0000000e+00
   0.0000000e+00
   0.0000000e+00
   0.0000000e+00
   0.0000000e+00
   0.0000000e+00
   0.0000000e+00
   0.0000000e+00
   0.0000000e+00
   0.0000000e+00
   0.0000000e+00
   0.0000000e+00
   0.0000000e+00
   0.0000000e+00
   0.0000000e+00
   0.0000000e+00
   0.0000000e+00
   0.0000000e+00
   0.0000000e+00
   0.0000000e+00
   0.0000000e+00
   0.0000000e+00
   0.0000000e+00
   0.0000000e+00
   0.0000000e+00
   0.0000000e+00
   0.0000000e+00
   0.0000000e+00
   0.0000000e+00
   0.0000000e+00
   0.0000000e+00
   0.0000000e+00
   0.0000000e+00
   0.0000000e+00
   0.0000000e+00
   0.0000000e+00
   0.0000000e+00
   0.0000000e+00
   0.0000000e+00
   0.0000000e+00
   0.0000000e+00
   0.0000000e+00
   0.0000000e+00
   0.0000000e+00
   0.0000000e+00
   0.0000000e+00
   0.0000000e+00
   0.0000000e+00
   0.0000000e+00
   0.0000000e+00
   0.0000000e+00
   0.0000000e+00
   0.0000000e+00
   0.0000000e+00
   0.0000000e+00
   0.0000000e+00
   0.0000000e+00
   0.0000000e+00
   0.0000000e+00
   0.0000000e+00
   0.0000000e+00
   0.0000000e+00
   0.0000000e+00
   0.0000000e+00
   0.0000000e+00
   0.0000000e+00
   0.0000000e+00
   0.0000000e+00
   0.0000000e+00
   0.0000000e+00
   0.0000000e+00
   0.0000000e+00
   0.0000000e+00
   0.0000000e+00
   0.0000000e+00
   0.0000000e+00
   0.0000000e+00
   0.0000000e+00
   0.0000000e+00
   0.0000000e+00
   0.0000000e+00
   0.0000000e+00
   0.0000000e+00
   0.0000000e+00
   0.0000000e+00
   0.0000000e+00
   0.0000000e+00
   0.0000000e+00
