   3.2202659e-03
  -9.6499994e-04
   1.8490304e-03
  -2.2032763e-03
   8.3534316e-04
   2.1930886e-04
   1.5574003e-06
   1.6776498e-04
  -6.6578094e-04
   3.4693990e-03
  -3.9980028e-04
  -1.2626861e-04
   1.5096902e-04
  -5.4311539e-04
  -1.0719677e-04
   1.2553085e-03
  -3.6728246e-03
  -5.3228151e-04
   4.5560128e-03
  -1.6395982e-05
   2.1034521e-02
   1.8500603e-02
   1.6076663e-02
   2.4149065e-02
   1.5773906e-02
   1.8790866e-02
   1.9431219e-02
   2.0045667e-02
   1.9879840e-02
   1.6933020e-02
   2.0590915e-02
   1.9708008e-02
   1.9555176e-02
   2.0093594e-02
   1.9747162e-02
   1.7538835e-02
   2.5061670e-02
   2.1462677e-02
   7.1957748e-03
   3.2052104e-04
   4.9117049e-02
   6.9756460e-02
   6.2565087e-02
   5.1293331e-02
   6.5316810e-02
   6.0843875e-02
   5.9823682e-02
   5.7037812e-02
   5.8782091e-02
   6.2216857e-02
   5.6759799e-02
   5.9139442e-02
   5.8461914e-02
   5.8392138e-02
   5.8236090e-02
   6.2837487e-02
   5.0427151e-02
   5.4255263e-02
   7.3726413e-02
   2.8553928e-03
   1.1863949e-01
   8.9465764e-02
   1.1817438e-01
   1.2854445e-01
   1.1101447e-01
   1.1121136e-01
   1.1757560e-01
   1.1900023e-01
   1.1879544e-01
   1.1131557e-01
   1.2240549e-01
   1.1599624e-01
   1.1945165e-01
   1.1690987e-01
   1.1986296e-01
   1.0980576e-01
   1.3135938e-01
   1.2782060e-01
   1.0763659e-01
   2.1639638e-03
   1.8307622e-01
   2.4750574e-01
   1.7043859e-01
   1.4648963e-01
   1.9157743e-01
   1.8960554e-01
   1.8053620e-01
   1.7029448e-01
   1.7329294e-01
   1.9229117e-01
   1.6365406e-01
   1.8180701e-01
   1.6875321e-01
   1.7865174e-01
   1.7154224e-01
   1.9581026e-01
   1.4668874e-01
   2.5696095e-02
   5.6256982e-03
   5.1333110e-05
   5.3163831e-02
   1.4192753e-01
   3.0442042e-01
   2.8766554e-01
   2.3537751e-01
   1.0261552e-01
   2.7262421e-01
   3.0012604e-01
   2.1967057e-01
   1.9379411e-01
   2.7609511e-01
   2.2186649e-01
   2.4987272e-01
   2.4230103e-01
   2.4359646e-01
   1.9363543e-01
   5.0924039e-03
   3.8963321e-05
   0.0000000e+00
   0.0000000e+00
   3.6566485e-04
   4.0672298e-03
   6.6341793e-02
   8.2036661e-02
   1.8066982e-02
   5.5352199e-03
   3.7377079e-02
   3.1397159e-02
   1.1350237e-02
   1.5021434e-01
   3.8266957e-01
   2.9478259e-01
   2.2546747e-01
   4.5197931e-02
   3.8597270e-01
   3.0914447e-01
   8.2999977e-03
   0.0000000e+00
   0.0000000e+00
   0.0000000e+00
   0.0000000e+00
   0.0000000e+00
   0.0000000e+00
   0.0000000e+00
   0.0000000e+00
   0.0000000e+00
   0.0000000e+00
   0.0000000e+00
   4.4419476e-05
   1.4633851e-02
   5.3302969e-02
   4.3075701e-01
   4.3703342e-01
   2.2843679e-02
   4.4744788e-02
   3.5102247e-02
   9.4176868e-04
   0.0000000e+00
   0.0000000e+00
   0.0000000e+00
   0.0000000e+00
   0.0000000e+00
   0.0000000e+00
   0.0000000e+00
   0.0000000e+00
   0.0000000e+00
   0.0000000e+00
   0.0000000e+00
   0.0000000e+00
   0.0000000e+00
   2.3646532e-03
   5.7125204e-02
   5.8689139e-02
   2.6775118e-03
   0.0000000e+00
   0.0000000e+00
   0.0000000e+00
   0.0000000e+00
   0.0000000e+00
   0.0000000e+00
   0.0000000e+00
   0.0000000e+00
   0.0000000e+00
   0.0000000e+00
   0.0000000e+00
   0.0000000e+00
   0.0000000e+00
   0.0000000e+00
   0.0000000e+00
   0.0000000e+00
   0.0000000e+00
   0.0000000e+00
   0.0000000e+00
   0.0000000e+00
   0.0000000e+00
   0.0000000e+00
   0.0000000e+00
   0.0000000e+00
   0.0000000e+00
   0.0000000e+00
   0.0000000e+00
   0.0000000e+00
   0.0000000e+00
   0.0000000e+00
   0.0000000e+00
   0.0000000e+00
   0.0000000e+00
   0.0000000e+00
   0.0000000e+00
   0.0000000e+00
   0.0000000e+00
   0.0000000e+00
   0.0000000e+00
   0.0000000e+00
   0.0000000e+00
   0.0000000e+00
   0.0000000e+00
   0.0000000e+00
   0.0000000e+00
   0.0000000e+00
   0.0000000e+00
   0.0000000e+00
   0.0000000e+00
   0.0000000e+00
   0.0000000e+00
   0.0000000e+00
   0.0000000e+00
   0.0000000e+00
   0.0000000e+00
   0.0000000e+00
   0.0000000e+00
   0.0000000e+00
   0.0000000e+00
   0.0000000e+00
   0.0000000e+00
   0.0000000e+00
   0.0000000e+00
   0.0000000e+00
   0.0000000e+00
   0.0000000e+00
   0.0000000e+00
   0.0000000e+00
   0.0000000e+00
   0.0000000e+00
   0.0000000e+00
   0.0000000e+00
   0.0000000e+00
   0.0000000e+00
   0.0000000e+00
   0.0000000e+00
   0.0000000e+00
   0.0000000e+00
   0.0000000e+00
   0.0000000e+00
   0.0000000e+00
   0.0000000e+00
   0.0000000e+00
   0.0000000e+00
   0.0000000e+00
   0.0000000e+00
   0.0000000e+00
   0.0000000e+00
   0.0000000e+00
   0.0000000e+00
   0.0000000e+00
   0.0000000e+00
   0.0000000e+00
   0.0000000e+00
   0.0000000e+00
   0.0000000e+00
   0.0000000e+00
   0.0000000e+00
   0.0000000e+00
   0.0000000e+00
   0.0000000e+00
   0.0000000e+00
   0.0000000e+00
   0.0000000e+00
   0.0000000e+00
   0.0000000e+00
   0.0000000e+00
   0.0000000e+00
   0.0000000e+00
   0.0000000e+00
   0.0000000e+00
   0.0000000e+00
   0.0000000e+00
   0.0000000e+00
   0.0000000e+00
   0.0000000e+00
   0.0000000e+00
   0.0000000e+00
   0.0000000e+00
   0.0000000e+00
   0.0000000e+00
   0.0000000e+00
   0.0000000e+00
   0.0000000e+00
   0.0000000e+00
   0.0000000e+00
   0.0000000e+00
   0.0000000e+00
   0.0000000e+00
   0.0000000e+00
   0.0000000e+00
   0.0000000e+00
   0.0000000e+00
   0.0000000e+00
   0.0000000e+00
   0.0000000e+00
   0.0000000e+00
   0.0000000e+00
   0.0000000e+00
   0.0000000e+00
   0.0000000e+00
   0.0000000e+00
   0.0000000e+00
   0.0000000e+00
   0.0000000e+00
   0.0000000e+00
   0.0000000e+00
   0.0000000e+00
   0.0000000e+00
   0.0000000e+00
   0.0000000e+00
   0.0000000e+00
   0.0000000e+00
   0.0000000e+00
   0.0000000e+00
   0.0000000e+00
   0.0000000e+00
   0.0000000e+00
   0.0000000e+00
   0.0000000e+00
   0.0000000e+00
   0.0000000e+00
   0.0000000e+00
   0.0000000e+00
   0.0000000e+00
   0.0000000e+00
   0.0000000e+00
   0.0000000e+00
   0.0000000e+00
   0.0000000e+00
   0.0000000e+00
   0.0000000e+00
   0.0000000e+00
   0.0000000e+00
   0.0000000e+00
   0.0000000e+00
   0.0000000e+00
   0.0000000e+00
   0.0000000e+00
   0.0000000e+00
   0.0000000e+00
   0.0000000e+00
   0.0000000e+00
   0.0000000e+00
   0.0000000e+00
   0.0000000e+00
   0.0000000e+00
   0.0000000e+00
   0.0000000e+00
   0.0000000e+00
   0.0000000e+00
   0.0000000e+00
   0.0000000e+00
   0.0000000e+00
   0.0000000e+00
   0.0000000e+00
   0.0000000e+00
   0.0000000e+00
   0.0000000e+00
   0.0000000e+00
   0.0000000e+00
   0.0000000e+00
   0.0000000e+00
   0.0000000e+00
   0.0000000e+00
   0.0000000e+00
   0.0000000e+00
   0.0000000e+00
   0.0000000e+00
   0.0000000e+00
   0.0000000e+00
   0.0000000e+00
   0.0000000e+00
   0.0000000e+00
   0.0000000e+00
   0.0000000e+00
   0.0000000e+00
   0.0000000e+00
   0.0000000e+00
   0.0000000e+00
   0.0000000e+00
   0.0000000e+00
   0.0000000e+00
   0.0000000e+00
   0.0000000e+00
   0.0000000e+00
