   1.3478206e-03
   2.3115879e-03
   2.8812417e-03
   2.2174943e-03
  -7.2306041e-03
   5.9103351e-03
   2.8364089e-03
  -6.3002678e-03
   2.2476252e-03
   1.1884735e-04
   6.6089421e-04
  -1.2086571e-03
   2.0913902e-03
  -5.1654941e-03
   6.1122461e-04
   1.4477888e-03
  -9.0058749e-04
   2.1676706e-03
  -2.3615040e-03
   5.9472044e-03
   1.6449573e-02
   1.9377591e-02
   6.4763149e-03
   2.6049424e-02
   2.4361971e-02
   1.4326587e-02
   1.3628962e-02
   3.0789413e-02
   1.9003586e-02
   1.6745007e-02
   2.0280974e-02
   2.0124827e-02
   1.8532609e-02
   2.6738171e-02
   1.9606237e-02
   1.2688871e-02
   2.3256427e-02
   1.1779454e-02
   2.6506955e-02
   3.6247626e-03
   5.1990771e-02
   6.4233331e-02
   7.9926619e-02
   4.6886002e-02
   5.2250151e-02
   6.7199496e-02
   7.3842952e-02
   3.8439834e-02
   5.6448445e-02
   6.6454856e-02
   5.6457667e-02
   5.9065254e-02
   5.8715603e-02
   4.7978625e-02
   5.9150482e-02
   7.0169762e-02
   5.4412627e-02
   6.7597423e-02
   6.4526012e-02
   2.0988251e-03
   1.5872016e-01
   9.4695271e-02
   8.6963565e-02
   1.3596879e-01
   1.2871646e-01
   1.0073589e-01
   8.2391540e-02
   1.5621303e-01
   1.2196511e-01
   1.0462300e-01
   1.2236397e-01
   1.1575374e-01
   1.2025840e-01
   1.3619160e-01
   1.0987828e-01
   1.1108934e-01
   1.0999505e-01
   1.3347046e-01
   2.2505190e-02
   2.6862410e-04
   6.5576997e-02
   2.3483151e-01
   2.2297828e-01
   1.4893792e-01
   1.5733208e-01
   2.0349026e-01
   2.0897548e-01
   1.6008667e-01
   1.4039005e-01
   2.2037282e-01
   1.7012439e-01
   1.7630387e-01
   1.7021154e-01
   1.3550629e-01
   1.9761113e-01
   1.9237080e-01
   2.0403666e-01
   1.4813343e-01
   2.5487048e-03
   0.0000000e+00
   9.5033091e-03
   8.9902572e-02
   1.1682501e-01
   3.0159606e-01
   3.0341034e-01
   1.4137042e-01
   1.2984431e-01
   2.8683010e-01
   3.0302812e-01
   1.5496625e-01
   2.0153011e-01
   3.0383712e-01
   3.2823783e-01
   3.1565055e-01
   2.1229659e-01
   6.7652284e-02
   1.9238712e-02
   8.5875385e-03
   1.3731889e-04
   0.0000000e+00
   5.8448954e-07
   1.2635073e-05
   3.2490928e-03
   6.4067343e-02
   6.2233766e-02
   3.2918842e-03
   6.3749575e-03
   1.4592532e-01
   1.3725829e-01
   5.7413836e-03
   8.8498278e-03
   1.3119389e-01
   2.0762079e-01
   1.5610626e-01
   7.7457497e-02
   8.9026371e-04
   0.0000000e+00
   0.0000000e+00
   0.0000000e+00
   0.0000000e+00
   0.0000000e+00
   0.0000000e+00
   0.0000000e+00
   0.0000000e+00
   0.0000000e+00
   0.0000000e+00
   4.5900185e-06
   9.3625431e-05
   8.7434091e-05
   3.3499332e-06
   3.7701756e-05
   2.2066476e-03
   3.3911428e-03
   3.1200007e-04
   1.4181935e-05
   1.8093407e-07
   0.0000000e+00
   0.0000000e+00
   0.0000000e+00
   0.0000000e+00
   0.0000000e+00
   0.0000000e+00
   0.0000000e+00
   0.0000000e+00
   0.0000000e+00
   0.0000000e+00
   0.0000000e+00
   0.0000000e+00
   0.0000000e+00
   0.0000000e+00
   0.0000000e+00
   0.0000000e+00
   0.0000000e+00
   0.0000000e+00
   0.0000000e+00
   0.0000000e+00
   0.0000000e+00
   0.0000000e+00
   0.0000000e+00
   0.0000000e+00
   0.0000000e+00
   0.0000000e+00
   0.0000000e+00
   0.0000000e+00
   0.0000000e+00
   0.0000000e+00
   0.0000000e+00
   0.0000000e+00
   0.0000000e+00
   0.0000000e+00
   0.0000000e+00
   0.0000000e+00
   0.0000000e+00
   0.0000000e+00
   0.0000000e+00
   0.0000000e+00
   0.0000000e+00
   0.0000000e+00
   0.0000000e+00
   0.0000000e+00
   0.0000000e+00
   0.0000000e+00
   0.0000000e+00
   0.0000000e+00
   0.0000000e+00
   0.0000000e+00
   0.0000000e+00
   0.0000000e+00
   0.0000000e+00
   0.0000000e+00
   0.0000000e+00
   0.0000000e+00
   0.0000000e+00
   0.0000000e+00
   0.0000000e+00
   0.0000000e+00
   0.0000000e+00
   0.0000000e+00
   0.0000000e+00
   0.0000000e+00
   0.0000000e+00
   0.0000000e+00
   0.0000000e+00
   0.0000000e+00
   0.0000000e+00
   0.0000000e+00
   0.0000000e+00
   0.0000000e+00
   0.0000000e+00
   0.0000000e+00
   0.0000000e+00
   0.0000000e+00
   0.0000000e+00
   0.0000000e+00
   0.0000000e+00
   0.0000000e+00
   0.0000000e+00
   0.0000000e+00
   0.0000000e+00
   0.0000000e+00
   0.0000000e+00
   0.0000000e+00
   0.0000000e+00
   0.0000000e+00
   0.0000000e+00
   0.0000000e+00
   0.0000000e+00
   0.0000000e+00
   0.0000000e+00
   0.0000000e+00
   0.0000000e+00
   0.0000000e+00
   0.0000000e+00
   0.0000000e+00
   0.0000000e+00
   0.0000000e+00
   0.0000000e+00
   0.0000000e+00
   0.0000000e+00
   0.0000000e+00
   0.0000000e+00
   0.0000000e+00
   0.0000000e+00
   0.0000000e+00
   0.0000000e+00
   0.0000000e+00
   0.0000000e+00
   0.0000000e+00
   0.0000000e+00
   0.0000000e+00
   0.0000000e+00
   0.0000000e+00
   0.0000000e+00
   0.0000000e+00
   0.0000000e+00
   0.0000000e+00
   0.0000000e+00
   0.0000000e+00
   0.0000000e+00
   0.0000000e+00
   0.0000000e+00
   0.0000000e+00
   0.0000000e+00
   0.0000000e+00
   0.0000000e+00
   0.0000000e+00
   0.0000000e+00
   0.0000000e+00
   0.0000000e+00
   0.0000000e+00
   0.0000000e+00
   0.0000000e+00
   0.0000000e+00
   0.0000000e+00
   0.0000000e+00
   0.0000000e+00
   0.0000000e+00
   0.0000000e+00
   0.0000000e+00
   0.0000000e+00
   0.0000000e+00
   0.0000000e+00
   0.0000000e+00
   0.0000000e+00
   0.0000000e+00
   0.0000000e+00
   0.0000000e+00
   0.0000000e+00
   0.0000000e+00
   0.0000000e+00
   0.0000000e+00
   0.0000000e+00
   0.0000000e+00
   0.0000000e+00
   0.0000000e+00
   0.0000000e+00
   0.0000000e+00
   0.0000000e+00
   0.0000000e+00
   0.0000000e+00
   0.0000000e+00
   0.0000000e+00
   0.0000000e+00
   0.0000000e+00
   0.0000000e+00
   0.0000000e+00
   0.0000000e+00
   0.0000000e+00
   0.0000000e+00
   0.0000000e+00
   0.0000000e+00
   0.0000000e+00
   0.0000000e+00
   0.0000000e+00
   0.0000000e+00
   0.0000000e+00
   0.0000000e+00
   0.0000000e+00
   0.0000000e+00
   0.0000000e+00
   0.0000000e+00
   0.0000000e+00
   0.0000000e+00
   0.0000000e+00
   0.0000000e+00
   0.0000000e+00
   0.0000000e+00
   0.0000000e+00
   0.0000000e+00
   0.0000000e+00
   0.0000000e+00
   0.0000000e+00
   0.0000000e+00
   0.0000000e+00
   0.0000000e+00
   0.0000000e+00
   0.0000000e+00
   0.0000000e+00
   0.0000000e+00
   0.0000000e+00
   0.0000000e+00
   0.0000000e+00
   0.0000000e+00
   0.0000000e+00
   0.0000000e+00
   0.0000000e+00
   0.0000000e+00
   0.0000000e+00
   0.0000000e+00
   0.0000000e+00
   0.0000000e+00
   0.0000000e+00
   0.0000000e+00
   0.0000000e+00
   0.0000000e+00
   0.0000000e+00
   0.0000000e+00
   0.0000000e+00
   0.0000000e+00
   0.0000000e+00
   0.0000000e+00
   0.0000000e+00
   0.0000000e+00
   0.0000000e+00
   0.0000000e+00
   0.0000000e+00
   0.0000000e+00
   0.0000000e+00
   0.0000000e+00
   0.0000000e+00
   0.0000000e+00
   0.0000000e+00
   0.0000000e+00
   0.0000000e+00
   0.0000000e+00
   0.0000000e+00
   0.0000000e+00
   0.0000000e+00
   0.0000000e+00
   0.0000000e+00
