   1.1919042e-03
  -1.4544491e-02
   7.5162322e-03
  -3.9160570e-03
   1.6574220e-03
  -7.5411065e-04
   1.1478090e-03
  -1.1093346e-03
   8.4862789e-03
  -1.4249414e-03
  -4.4356477e-04
  -5.5913780e-04
  -1.6109468e-04
   1.1516228e-03
  -1.8405570e-03
   1.1529287e-03
  -2.0968374e-03
   4.0040387e-04
   7.9348927e-04
  -2.9878419e-04
   3.0500627e-02
   3.6387057e-02
   8.3450222e-03
   2.7441732e-02
   1.7155850e-02
   1.9870802e-02
   1.8849186e-02
   1.6985044e-02
   1.4024419e-02
   1.8730839e-02
   2.3979662e-02
   1.8313174e-02
   1.8488135e-02
   1.6751842e-02
   2.3543654e-02
   1.6237374e-02
   2.5984870e-02
   1.4361266e-02
   3.3946677e-02
   1.5984985e-03
   1.9378381e-02
   5.5023281e-02
   6.5476221e-02
   5.0569036e-02
   5.8177375e-02
   6.2335039e-02
   5.5948586e-02
   6.8237473e-02
   6.5753320e-02
   6.2715210e-02
   4.7973051e-02
   6.2217557e-02
   6.1125178e-02
   6.4599591e-02
   5.2406325e-02
   6.3756620e-02
   4.9988533e-02
   6.1880068e-02
   5.4248592e-02
   1.6705975e-03
   1.5814118e-01
   1.2285537e-01
   1.1025696e-01
   1.2476219e-01
   1.2240690e-01
   1.0995542e-01
   1.2342343e-01
   1.0283257e-01
   1.1279330e-01
   1.0154705e-01
   1.4455393e-01
   1.0695055e-01
   1.1505587e-01
   1.1183292e-01
   1.2257881e-01
   1.1701396e-01
   1.1970369e-01
   1.3797185e-01
   3.9281216e-02
   2.1369195e-04
   1.2490844e-01
   1.6301300e-01
   1.8701044e-01
   1.7505213e-01
   1.4473047e-01
   2.1236944e-01
   1.4912031e-01
   2.2751287e-01
   1.7838696e-01
   1.9863113e-01
   1.2381245e-01
   1.9070732e-01
   1.9815730e-01
   1.7755809e-01
   1.7906460e-01
   1.5323233e-01
   1.9789381e-01
   5.8696545e-02
   1.7161008e-03
   0.0000000e+00
   2.0118525e-03
   1.4663170e-01
   2.6922601e-01
   6.9875052e-02
   6.0957835e-03
   9.6036450e-03
   2.8341921e-02
   7.9731594e-02
   2.3471261e-01
   1.9608429e-01
   3.3274860e-01
   2.2197830e-01
   5.2227601e-02
   2.7160425e-01
   2.2189006e-01
   2.3820155e-01
   3.4297643e-01
   6.9178507e-02
   8.7932244e-05
   0.0000000e+00
   3.1080799e-04
   2.4887495e-01
   4.5186483e-01
   1.0744050e-01
   0.0000000e+00
   0.0000000e+00
  -3.8111479e-08
   1.5102575e-04
   4.8599202e-03
   2.0178053e-02
   1.6956630e-01
   7.2693189e-02
   8.4181196e-04
   1.1711594e-02
   1.1874816e-02
   3.4533151e-02
   4.2304729e-02
   6.7728382e-03
   8.2195470e-06
   0.0000000e+00
   3.1033355e-05
   2.4849505e-02
   4.5117507e-02
   1.0727649e-02
   0.0000000e+00
   0.0000000e+00
   0.0000000e+00
   0.0000000e+00
   0.0000000e+00
   1.4474806e-05
   9.1615291e-05
   3.5737326e-05
   8.1397606e-08
   0.0000000e+00
   0.0000000e+00
   0.0000000e+00
   0.0000000e+00
   0.0000000e+00
   0.0000000e+00
   0.0000000e+00
   0.0000000e+00
   0.0000000e+00
   0.0000000e+00
   0.0000000e+00
   0.0000000e+00
   0.0000000e+00
   0.0000000e+00
   0.0000000e+00
   0.0000000e+00
   0.0000000e+00
   0.0000000e+00
   0.0000000e+00
   0.0000000e+00
   0.0000000e+00
   0.0000000e+00
   0.0000000e+00
   0.0000000e+00
   0.0000000e+00
   0.0000000e+00
   0.0000000e+00
   0.0000000e+00
   0.0000000e+00
   0.0000000e+00
   0.0000000e+00
   0.0000000e+00
   0.0000000e+00
   0.0000000e+00
   0.0000000e+00
   0.0000000e+00
   0.0000000e+00
   0.0000000e+00
   0.0000000e+00
   0.0000000e+00
   0.0000000e+00
   0.0000000e+00
   0.0000000e+00
   0.0000000e+00
   0.0000000e+00
   0.0000000e+00
   0.0000000e+00
   0.0000000e+00
   0.0000000e+00
   0.0000000e+00
   0.0000000e+00
   0.0000000e+00
   0.0000000e+00
   0.0000000e+00
   0.0000000e+00
   0.0000000e+00
   0.0000000e+00
   0.0000000e+00
   0.0000000e+00
   0.0000000e+00
   0.0000000e+00
   0.0000000e+00
   0.0000000e+00
   0.0000000e+00
   0.0000000e+00
   0.0000000e+00
   0.0000000e+00
   0.0000000e+00
   0.0000000e+00
   0.0000000e+00
   0.0000000e+00
   0.0000000e+00
   0.0000000e+00
   0.0000000e+00
   0.0000000e+00
   0.0000000e+00
   0.0000000e+00
   0.0000000e+00
   0.0000000e+00
   0.0000000e+00
   0.0000000e+00
   0.0000000e+00
   0.0000000e+00
   0.0000000e+00
   0.0000000e+00
   0.0000000e+00
   0.0000000e+00
   0.0000000e+00
   0.0000000e+00
   0.0000000e+00
   0.0000000e+00
   0.0000000e+00
   0.0000000e+00
   0.0000000e+00
   0.0000000e+00
   0.0000000e+00
   0.0000000e+00
   0.0000000e+00
   0.0000000e+00
   0.0000000e+00
   0.0000000e+00
   0.0000000e+00
   0.0000000e+00
   0.0000000e+00
   0.0000000e+00
   0.0000000e+00
   0.0000000e+00
   0.0000000e+00
   0.0000000e+00
   0.0000000e+00
   0.0000000e+00
   0.0000000e+00
   0.0000000e+00
   0.0000000e+00
   0.0000000e+00
   0.0000000e+00
   0.0000000e+00
   0.0000000e+00
   0.0000000e+00
   0.0000000e+00
   0.0000000e+00
   0.0000000e+00
   0.0000000e+00
   0.0000000e+00
   0.0000000e+00
   0.0000000e+00
   0.0000000e+00
   0.0000000e+00
   0.0000000e+00
   0.0000000e+00
   0.0000000e+00
   0.0000000e+00
   0.0000000e+00
   0.0000000e+00
   0.0000000e+00
   0.0000000e+00
   0.0000000e+00
   0.0000000e+00
   0.0000000e+00
   0.0000000e+00
   0.0000000e+00
   0.0000000e+00
   0.0000000e+00
   0.0000000e+00
   0.0000000e+00
   0.0000000e+00
   0.0000000e+00
   0.0000000e+00
   0.0000000e+00
   0.0000000e+00
   0.0000000e+00
   0.0000000e+00
   0.0000000e+00
   0.0000000e+00
   0.0000000e+00
   0.0000000e+00
   0.0000000e+00
   0.0000000e+00
   0.0000000e+00
   0.0000000e+00
   0.0000000e+00
   0.0000000e+00
   0.0000000e+00
   0.0000000e+00
   0.0000000e+00
   0.0000000e+00
   0.0000000e+00
   0.0000000e+00
   0.0000000e+00
   0.0000000e+00
   0.0000000e+00
   0.0000000e+00
   0.0000000e+00
   0.0000000e+00
   0.0000000e+00
   0.0000000e+00
   0.0000000e+00
   0.0000000e+00
   0.0000000e+00
   0.0000000e+00
   0.0000000e+00
   0.0000000e+00
   0.0000000e+00
   0.0000000e+00
   0.0000000e+00
   0.0000000e+00
   0.0000000e+00
   0.0000000e+00
   0.0000000e+00
   0.0000000e+00
   0.0000000e+00
   0.0000000e+00
   0.0000000e+00
   0.0000000e+00
   0.0000000e+00
   0.0000000e+00
   0.0000000e+00
   0.0000000e+00
   0.0000000e+00
   0.0000000e+00
   0.0000000e+00
   0.0000000e+00
   0.0000000e+00
   0.0000000e+00
   0.0000000e+00
   0.0000000e+00
   0.0000000e+00
   0.0000000e+00
   0.0000000e+00
   0.0000000e+00
   0.0000000e+00
   0.0000000e+00
   0.0000000e+00
   0.0000000e+00
   0.0000000e+00
   0.0000000e+00
   0.0000000e+00
   0.0000000e+00
   0.0000000e+00
   0.0000000e+00
   0.0000000e+00
   0.0000000e+00
   0.0000000e+00
   0.0000000e+00
   0.0000000e+00
   0.0000000e+00
   0.0000000e+00
   0.0000000e+00
   0.0000000e+00
   0.0000000e+00
   0.0000000e+00
   0.0000000e+00
   0.0000000e+00
   0.0000000e+00
   0.0000000e+00
   0.0000000e+00
   0.0000000e+00
   0.0000000e+00
   0.0000000e+00
   0.0000000e+00
   0.0000000e+00
   0.0000000e+00
   0.0000000e+00
   0.0000000e+00
   0.0000000e+00
   0.0000000e+00
   0.0000000e+00
