  -3.2371633e-04
  -5.2904918e-03
   7.8460684e-05
   8.0062984e-03
   1.7378658e-03
  -8.3500404e-04
   2.1533274e-03
   1.3050204e-03
   5.9197643e-04
  -1.1597904e-03
   6.2892293e-04
  -7.6483495e-03
   6.6180505e-03
  -3.1253414e-03
   1.9691792e-03
   6.6233515e-04
  -7.4371693e-04
   8.4137627e-03
   1.4611270e-03
   2.5508177e-04
   1.9165072e-02
   2.8840933e-02
   1.2955635e-02
   1.4685556e-02
   2.0035101e-02
   2.0355782e-02
   1.5755340e-02
   2.0220487e-02
   1.6945476e-02
   2.0262421e-02
   2.1484679e-02
   2.3783948e-02
   1.8612690e-02
   1.7973718e-02
   1.9440243e-02
   1.9514120e-02
   1.8883084e-02
   1.5533010e-02
   1.0891487e-02
   1.8152412e-03
   5.2147493e-02
   5.4728270e-02
   6.1702242e-02
   6.7311528e-02
   5.5572854e-02
   6.0804026e-02
   6.2845204e-02
   5.6218794e-02
   6.5355245e-02
   5.6264332e-02
   5.5544056e-02
   5.5551728e-02
   5.5384908e-02
   6.3876351e-02
   5.9915919e-02
   5.6072279e-02
   6.5676231e-02
   5.0553741e-02
   9.1782184e-02
   7.0445478e-03
   9.5117162e-02
   1.2784728e-01
   1.1232070e-01
   1.0652101e-01
   1.2254704e-01
   1.1395586e-01
   1.1189099e-01
   1.2303978e-01
   1.0661303e-01
   1.2057645e-01
   1.2630234e-01
   1.2012494e-01
   1.2309523e-01
   1.0897209e-01
   1.1509513e-01
   1.2301075e-01
   1.0486296e-01
   1.3109787e-01
   8.3516346e-02
   4.2905270e-03
   2.3972332e-01
   1.8223230e-01
   1.8379219e-01
   1.9907132e-01
   1.6237079e-01
   1.8428865e-01
   2.0816494e-01
   1.5466007e-01
   1.9638133e-01
   1.8593207e-01
   1.3804786e-01
   1.7025360e-01
   1.6946258e-01
   2.0361727e-01
   1.8645886e-01
   1.5192803e-01
   2.5792410e-01
   1.3613161e-01
   6.5192904e-03
   7.2557679e-05
   2.1909572e-01
   4.2496649e-02
   1.2446645e-01
   2.7710397e-01
   3.0519061e-01
   1.5859919e-01
   2.3446158e-01
   2.8511874e-01
   2.0218001e-01
   1.6392769e-01
   3.7515229e-01
   1.1082323e-01
   8.4599623e-03
   1.0034645e-01
   2.9748025e-01
   2.3766838e-01
   1.8030933e-01
   5.6197859e-02
   3.5037078e-04
   0.0000000e+00
   1.1281411e-02
   1.4468362e-03
   4.6849428e-03
   1.4635423e-02
   3.2160654e-02
   1.3892009e-02
   6.0804490e-02
   4.1131977e-01
   2.0232691e-01
   1.8853048e-02
   7.5662424e-02
   2.3335474e-02
   3.1554811e-04
   1.6379250e-01
   4.3820658e-01
   8.5756053e-02
   5.5099625e-03
   8.0311133e-04
   4.6663403e-10
   0.0000000e+00
   0.0000000e+00
   0.0000000e+00
   0.0000000e+00
   0.0000000e+00
   0.0000000e+00
   0.0000000e+00
   5.7424867e-03
   4.7478851e-02
   2.3425070e-02
   1.6509663e-04
   0.0000000e+00
   0.0000000e+00
   4.2226341e-05
   2.2578871e-02
   5.9715618e-02
   9.7589290e-03
   0.0000000e+00
   0.0000000e+00
   0.0000000e+00
   0.0000000e+00
   0.0000000e+00
   0.0000000e+00
   0.0000000e+00
   0.0000000e+00
   0.0000000e+00
   0.0000000e+00
   0.0000000e+00
   0.0000000e+00
   0.0000000e+00
   0.0000000e+00
   0.0000000e+00
   0.0000000e+00
   0.0000000e+00
   0.0000000e+00
   0.0000000e+00
   0.0000000e+00
   0.0000000e+00
   0.0000000e+00
   0.0000000e+00
   0.0000000e+00
   0.0000000e+00
   0.0000000e+00
   0.0000000e+00
   0.0000000e+00
   0.0000000e+00
   0.0000000e+00
   0.0000000e+00
   0.0000000e+00
   0.0000000e+00
   0.0000000e+00
   0.0000000e+00
   0.0000000e+00
   0.0000000e+00
   0.0000000e+00
   0.0000000e+00
   0.0000000e+00
   0.0000000e+00
   0.0000000e+00
   0.0000000e+00
   0.0000000e+00
   0.0000000e+00
   0.0000000e+00
   0.0000000e+00
   0.0000000e+00
   0.0000000e+00
   0.0000000e+00
   0.0000000e+00
   0.0000000e+00
   0.0000000e+00
   0.0000000e+00
   0.0000000e+00
   0.0000000e+00
   0.0000000e+00
   0.0000000e+00
   0.0000000e+00
   0.0000000e+00
   0.0000000e+00
   0.0000000e+00
   0.0000000e+00
   0.0000000e+00
   0.0000000e+00
   0.0000000e+00
   0.0000000e+00
   0.0000000e+00
   0.0000000e+00
   0.0000000e+00
   0.0000000e+00
   0.0000000e+00
   0.0000000e+00
   0.0000000e+00
   0.0000000e+00
   0.0000000e+00
   0.0000000e+00
   0.0000000e+00
   0.0000000e+00
   0.0000000e+00
   0.0000000e+00
   0.0000000e+00
   0.0000000e+00
   0.0000000e+00
   0.0000000e+00
   0.0000000e+00
   0.0000000e+00
   0.0000000e+00
   0.0000000e+00
   0.0000000e+00
   0.0000000e+00
   0.0000000e+00
   0.0000000e+00
   0.0000000e+00
   0.0000000e+00
   0.0000000e+00
   0.0000000e+00
   0.0000000e+00
   0.0000000e+00
   0.0000000e+00
   0.0000000e+00
   0.0000000e+00
   0.0000000e+00
   0.0000000e+00
   0.0000000e+00
   0.0000000e+00
   0.0000000e+00
   0.0000000e+00
   0.0000000e+00
   0.0000000e+00
   0.0000000e+00
   0.0000000e+00
   0.0000000e+00
   0.0000000e+00
   0.0000000e+00
   0.0000000e+00
   0.0000000e+00
   0.0000000e+00
   0.0000000e+00
   0.0000000e+00
   0.0000000e+00
   0.0000000e+00
   0.0000000e+00
   0.0000000e+00
   0.0000000e+00
   0.0000000e+00
   0.0000000e+00
   0.0000000e+00
   0.0000000e+00
   0.0000000e+00
   0.0000000e+00
   0.0000000e+00
   0.0000000e+00
   0.0000000e+00
   0.0000000e+00
   0.0000000e+00
   0.0000000e+00
   0.0000000e+00
   0.0000000e+00
   0.0000000e+00
   0.0000000e+00
   0.0000000e+00
   0.0000000e+00
   0.0000000e+00
   0.0000000e+00
   0.0000000e+00
   0.0000000e+00
   0.0000000e+00
   0.0000000e+00
   0.0000000e+00
   0.0000000e+00
   0.0000000e+00
   0.0000000e+00
   0.0000000e+00
   0.0000000e+00
   0.0000000e+00
   0.0000000e+00
   0.0000000e+00
   0.0000000e+00
   0.0000000e+00
   0.0000000e+00
   0.0000000e+00
   0.0000000e+00
   0.0000000e+00
   0.0000000e+00
   0.0000000e+00
   0.0000000e+00
   0.0000000e+00
   0.0000000e+00
   0.0000000e+00
   0.0000000e+00
   0.0000000e+00
   0.0000000e+00
   0.0000000e+00
   0.0000000e+00
   0.0000000e+00
   0.0000000e+00
   0.0000000e+00
   0.0000000e+00
   0.0000000e+00
   0.0000000e+00
   0.0000000e+00
   0.0000000e+00
   0.0000000e+00
   0.0000000e+00
   0.0000000e+00
   0.0000000e+00
   0.0000000e+00
   0.0000000e+00
   0.0000000e+00
   0.0000000e+00
   0.0000000e+00
   0.0000000e+00
   0.0000000e+00
   0.0000000e+00
   0.0000000e+00
   0.0000000e+00
   0.0000000e+00
   0.0000000e+00
   0.0000000e+00
   0.0000000e+00
   0.0000000e+00
   0.0000000e+00
   0.0000000e+00
   0.0000000e+00
   0.0000000e+00
   0.0000000e+00
   0.0000000e+00
   0.0000000e+00
   0.0000000e+00
   0.0000000e+00
   0.0000000e+00
   0.0000000e+00
   0.0000000e+00
   0.0000000e+00
   0.0000000e+00
   0.0000000e+00
   0.0000000e+00
   0.0000000e+00
   0.0000000e+00
   0.0000000e+00
   0.0000000e+00
   0.0000000e+00
   0.0000000e+00
   0.0000000e+00
   0.0000000e+00
   0.0000000e+00
   0.0000000e+00
   0.0000000e+00
   0.0000000e+00
   0.0000000e+00
   0.0000000e+00
   0.0000000e+00
   0.0000000e+00
   0.0000000e+00
   0.0000000e+00
   0.0000000e+00
   0.0000000e+00
   0.0000000e+00
   0.0000000e+00
   0.0000000e+00
   0.0000000e+00
   0.0000000e+00
   0.0000000e+00
