   7.3553940e-04
   6.2316208e-04
  -3.0042417e-04
  -4.9205898e-04
   2.0194874e-03
  -1.2258000e-03
  -3.6408148e-04
  -5.6185219e-04
   2.9415416e-03
  -1.7680231e-03
   2.0678740e-03
  -1.2464537e-03
   2.4426859e-03
   1.6765967e-03
  -1.8150541e-03
   1.4914398e-03
  -1.7696487e-03
   6.0807953e-03
  -3.0256865e-03
   1.5190982e-03
   1.8395792e-02
   1.7551208e-02
   2.5307203e-02
   1.8313025e-02
   1.8189954e-02
   2.0921593e-02
   1.9590942e-02
   2.3406971e-02
   1.1264463e-02
   2.2655289e-02
   1.7414711e-02
   2.1231722e-02
   1.5096668e-02
   1.8576032e-02
   2.0628103e-02
   1.8988334e-02
   2.1075870e-02
   9.7399673e-03
   3.0856734e-02
   1.6193978e-02
   5.6169957e-02
   6.6289179e-02
   4.7216465e-02
   6.2851500e-02
   5.6170510e-02
   5.8451710e-02
   5.7622807e-02
   5.4202047e-02
   7.1463801e-02
   5.5248515e-02
   6.0277336e-02
   5.7724261e-02
   6.5804886e-02
   5.9797587e-02
   5.9687228e-02
   5.3699710e-02
   6.4315609e-02
   6.1506575e-02
   6.9992548e-02
   1.2711833e-02
   1.2529733e-01
   1.0365722e-01
   1.3707403e-01
   1.1015048e-01
   1.2394621e-01
   1.1664054e-01
   1.2045996e-01
   1.2317164e-01
   1.0312084e-01
   1.2103415e-01
   1.1840454e-01
   1.1650517e-01
   1.1014391e-01
   1.1275356e-01
   1.1445710e-01
   1.3717785e-01
   9.7275384e-02
   1.3450676e-01
   5.4324027e-02
   1.7303596e-03
   1.2496884e-01
   2.2087164e-01
   1.1444831e-01
   2.0708505e-01
   1.4634439e-01
   1.8723225e-01
   1.6481779e-01
   1.6467859e-01
   2.0287829e-01
   1.7607455e-01
   1.6681299e-01
   1.8828566e-01
   1.8566587e-01
   1.9999287e-01
   1.7110744e-01
   1.5899716e-01
   1.9159360e-01
   2.1433507e-01
   1.2012870e-02
   8.0322997e-09
   1.1837152e-01
   2.9897424e-01
   2.5847789e-01
   2.2699298e-01
   2.3816453e-01
   2.4274240e-01
   3.1974265e-01
   2.9058670e-01
   1.2920066e-01
   1.5708884e-01
   3.5846755e-01
   1.1638805e-01
   2.3722458e-01
   2.0371798e-01
   2.1594712e-01
   3.0228595e-01
   1.9156486e-01
   6.3925103e-02
   2.3762657e-03
   0.0000000e+00
   5.7831207e-03
   9.3197049e-02
   3.6986592e-01
   2.6793560e-01
   2.6099770e-01
   3.4125562e-01
   1.6206792e-01
   8.5556715e-02
   2.8238246e-03
   1.6625026e-02
   6.8411674e-02
   1.8266193e-02
   5.2386077e-03
   7.7283126e-02
   3.1106379e-01
   9.8884261e-02
   8.7846963e-03
   2.6289426e-04
   0.0000000e+00
   0.0000000e+00
   0.0000000e+00
   4.4048293e-03
   2.2651146e-02
   1.7005023e-02
   9.6539080e-03
   1.3955484e-02
   2.5255174e-03
   2.5636557e-04
   6.3957868e-06
   0.0000000e+00
   0.0000000e+00
   0.0000000e+00
   0.0000000e+00
   1.3886952e-01
   5.6549978e-01
   1.4392541e-01
   2.9933849e-08
   0.0000000e+00
   0.0000000e+00
   0.0000000e+00
   0.0000000e+00
   0.0000000e+00
   0.0000000e+00
   0.0000000e+00
   0.0000000e+00
   0.0000000e+00
   0.0000000e+00
   0.0000000e+00
   0.0000000e+00
   0.0000000e+00
   0.0000000e+00
   0.0000000e+00
   0.0000000e+00
   1.5930783e-02
   6.4872799e-02
   1.6510783e-02
   3.4339405e-09
   0.0000000e+00
   0.0000000e+00
   0.0000000e+00
   0.0000000e+00
   0.0000000e+00
   0.0000000e+00
   0.0000000e+00
   0.0000000e+00
   0.0000000e+00
   0.0000000e+00
   0.0000000e+00
   0.0000000e+00
   0.0000000e+00
   0.0000000e+00
   0.0000000e+00
   0.0000000e+00
   0.0000000e+00
   0.0000000e+00
   0.0000000e+00
   0.0000000e+00
   0.0000000e+00
   0.0000000e+00
   0.0000000e+00
   0.0000000e+00
   0.0000000e+00
   0.0000000e+00
   0.0000000e+00
   0.0000000e+00
   0.0000000e+00
   0.0000000e+00
   0.0000000e+00
   0.0000000e+00
   0.0000000e+00
   0.0000000e+00
   0.0000000e+00
   0.0000000e+00
   0.0000000e+00
   0.0000000e+00
   0.0000000e+00
   0.0000000e+00
   0.0000000e+00
   0.0000000e+00
   0.0000000e+00
   0.0000000e+00
   0.0000000e+00
   0.0000000e+00
   0.0000000e+00
   0.0000000e+00
   0.0000000e+00
   0.0000000e+00
   0.0000000e+00
   0.0000000e+00
   0.0000000e+00
   0.0000000e+00
   0.0000000e+00
   0.0000000e+00
   0.0000000e+00
   0.0000000e+00
   0.0000000e+00
   0.0000000e+00
   0.0000000e+00
   0.0000000e+00
   0.0000000e+00
   0.0000000e+00
   0.0000000e+00
   0.0000000e+00
   0.0000000e+00
   0.0000000e+00
   0.0000000e+00
   0.0000000e+00
   0.0000000e+00
   0.0000000e+00
   0.0000000e+00
   0.0000000e+00
   0.0000000e+00
   0.0000000e+00
   0.0000000e+00
   0.0000000e+00
   0.0000000e+00
   0.0000000e+00
   0.0000000e+00
   0.0000000e+00
   0.0000000e+00
   0.0000000e+00
   0.0000000e+00
   0.0000000e+00
   0.0000000e+00
   0.0000000e+00
   0.0000000e+00
   0.0000000e+00
   0.0000000e+00
   0.0000000e+00
   0.0000000e+00
   0.0000000e+00
   0.0000000e+00
   0.0000000e+00
   0.0000000e+00
   0.0000000e+00
   0.0000000e+00
   0.0000000e+00
   0.0000000e+00
   0.0000000e+00
   0.0000000e+00
   0.0000000e+00
   0.0000000e+00
   0.0000000e+00
   0.0000000e+00
   0.0000000e+00
   0.0000000e+00
   0.0000000e+00
   0.0000000e+00
   0.0000000e+00
   0.0000000e+00
   0.0000000e+00
   0.0000000e+00
   0.0000000e+00
   0.0000000e+00
   0.0000000e+00
   0.0000000e+00
   0.0000000e+00
   0.0000000e+00
   0.0000000e+00
   0.0000000e+00
   0.0000000e+00
   0.0000000e+00
   0.0000000e+00
   0.0000000e+00
   0.0000000e+00
   0.0000000e+00
   0.0000000e+00
   0.0000000e+00
   0.0000000e+00
   0.0000000e+00
   0.0000000e+00
   0.0000000e+00
   0.0000000e+00
   0.0000000e+00
   0.0000000e+00
   0.0000000e+00
   0.0000000e+00
   0.0000000e+00
   0.0000000e+00
   0.0000000e+00
   0.0000000e+00
   0.0000000e+00
   0.0000000e+00
   0.0000000e+00
   0.0000000e+00
   0.0000000e+00
   0.0000000e+00
   0.0000000e+00
   0.0000000e+00
   0.0000000e+00
   0.0000000e+00
   0.0000000e+00
   0.0000000e+00
   0.0000000e+00
   0.0000000e+00
   0.0000000e+00
   0.0000000e+00
   0.0000000e+00
   0.0000000e+00
   0.0000000e+00
   0.0000000e+00
   0.0000000e+00
   0.0000000e+00
   0.0000000e+00
   0.0000000e+00
   0.0000000e+00
   0.0000000e+00
   0.0000000e+00
   0.0000000e+00
   0.0000000e+00
   0.0000000e+00
   0.0000000e+00
   0.0000000e+00
   0.0000000e+00
   0.0000000e+00
   0.0000000e+00
   0.0000000e+00
   0.0000000e+00
   0.0000000e+00
   0.0000000e+00
   0.0000000e+00
   0.0000000e+00
   0.0000000e+00
   0.0000000e+00
   0.0000000e+00
   0.0000000e+00
   0.0000000e+00
   0.0000000e+00
   0.0000000e+00
   0.0000000e+00
   0.0000000e+00
   0.0000000e+00
   0.0000000e+00
   0.0000000e+00
   0.0000000e+00
   0.0000000e+00
   0.0000000e+00
   0.0000000e+00
   0.0000000e+00
   0.0000000e+00
   0.0000000e+00
   0.0000000e+00
   0.0000000e+00
   0.0000000e+00
   0.0000000e+00
   0.0000000e+00
   0.0000000e+00
   0.0000000e+00
   0.0000000e+00
   0.0000000e+00
   0.0000000e+00
   0.0000000e+00
   0.0000000e+00
   0.0000000e+00
   0.0000000e+00
   0.0000000e+00
   0.0000000e+00
   0.0000000e+00
   0.0000000e+00
   0.0000000e+00
