   2.3108390e-04
   4.9017689e-03
  -3.3219251e-03
   9.5683293e-04
  -1.4008870e-04
  -6.2143985e-04
   3.2988555e-03
  -6.0812849e-04
   2.0708103e-04
  -6.4137992e-04
   7.0705230e-04
   6.7276640e-05
  -1.0451236e-04
   1.7393766e-03
  -2.2261640e-03
   3.1169561e-03
  -3.0482565e-03
   6.4466436e-04
   2.2544826e-03
   1.2275037e-03
   1.7346010e-02
   1.6023827e-02
   2.1836870e-02
   1.7418805e-02
   2.0793504e-02
   1.9835559e-02
   1.1349480e-02
   2.2129844e-02
   1.8677394e-02
   2.1403458e-02
   1.7700202e-02
   1.9446984e-02
   1.9233751e-02
   1.7681161e-02
   2.4047355e-02
   1.2090676e-02
   2.1031018e-02
   1.6896308e-02
   1.7424319e-02
   1.0011960e-02
   6.4878781e-02
   5.8034928e-02
   5.9074728e-02
   6.1337755e-02
   5.7193681e-02
   5.9217536e-02
   7.2664901e-02
   5.4333634e-02
   6.0584463e-02
   5.5579719e-02
   6.2137823e-02
   6.0193525e-02
   5.9171962e-02
   6.2915668e-02
   5.1066202e-02
   7.1225012e-02
   6.5512970e-02
   5.2025471e-02
   8.4407130e-02
   1.6622696e-02
   1.0937856e-01
   1.2326065e-01
   1.1356252e-01
   1.1463744e-01
   1.1981408e-01
   1.1641341e-01
   9.5478925e-02
   1.2488803e-01
   1.1566643e-01
   1.2080156e-01
   1.1443633e-01
   1.1321557e-01
   1.1714182e-01
   1.1337970e-01
   1.2648374e-01
   1.0266222e-01
   9.2184652e-02
   1.4270772e-01
   5.2073762e-02
   3.3120231e-03
   1.8969674e-01
   1.6029025e-01
   1.8705526e-01
   1.8879364e-01
   1.6139333e-01
   2.0264189e-01
   2.1087985e-01
   1.6985429e-01
   1.7438240e-01
   1.7638731e-01
   1.8225483e-01
   1.9889500e-01
   1.8330955e-01
   1.8242000e-01
   1.6150489e-01
   2.1288511e-01
   1.9863409e-01
   1.9307430e-01
   2.6284484e-02
   0.0000000e+00
   1.8100552e-01
   3.2347615e-01
   2.0574903e-01
   2.3804167e-01
   2.5113692e-01
   1.1893700e-01
   9.9853656e-02
   4.7796750e-02
   3.4977137e-01
   2.3235909e-01
   1.3647761e-02
   2.2520425e-02
   1.8089418e-01
   2.9928649e-01
   1.0998545e-01
   1.9317569e-01
   6.9852948e-02
   1.4825467e-02
   6.6448741e-04
   0.0000000e+00
   1.9757394e-02
   4.3296557e-02
   1.3446966e-02
   1.1500144e-01
   4.4968022e-01
   1.1680975e-01
   2.6165037e-07
   2.4878622e-02
   2.9459405e-01
   1.9264693e-01
   3.3290018e-03
   1.7714182e-04
   5.8735660e-03
   8.2249702e-03
   1.2371551e-03
   7.8929336e-04
   2.0986984e-04
   2.0367297e-09
   0.0000000e+00
   0.0000000e+00
   0.0000000e+00
   0.0000000e+00
   0.0000000e+00
   1.3923608e-02
   5.7954447e-02
   1.5076355e-02
   3.3770942e-08
   7.8574551e-04
   9.3042113e-03
   6.0843991e-03
   1.0514040e-04
   0.0000000e+00
   0.0000000e+00
   0.0000000e+00
   0.0000000e+00
   0.0000000e+00
   0.0000000e+00
   0.0000000e+00
   0.0000000e+00
   0.0000000e+00
   0.0000000e+00
   0.0000000e+00
   0.0000000e+00
   0.0000000e+00
   0.0000000e+00
   0.0000000e+00
   0.0000000e+00
   0.0000000e+00
   0.0000000e+00
   0.0000000e+00
   0.0000000e+00
   0.0000000e+00
   0.0000000e+00
   0.0000000e+00
   0.0000000e+00
   0.0000000e+00
   0.0000000e+00
   0.0000000e+00
   0.0000000e+00
   0.0000000e+00
   0.0000000e+00
   0.0000000e+00
   0.0000000e+00
   0.0000000e+00
   0.0000000e+00
   0.0000000e+00
   0.0000000e+00
   0.0000000e+00
   0.0000000e+00
   0.0000000e+00
   0.0000000e+00
   0.0000000e+00
   0.0000000e+00
   0.0000000e+00
   0.0000000e+00
   0.0000000e+00
   0.0000000e+00
   0.0000000e+00
   0.0000000e+00
   0.0000000e+00
   0.0000000e+00
   0.0000000e+00
   0.0000000e+00
   0.0000000e+00
   0.0000000e+00
   0.0000000e+00
   0.0000000e+00
   0.0000000e+00
   0.0000000e+00
   0.0000000e+00
   0.0000000e+00
   0.0000000e+00
   0.0000000e+00
   0.0000000e+00
   0.0000000e+00
   0.0000000e+00
   0.0000000e+00
   0.0000000e+00
   0.0000000e+00
   0.0000000e+00
   0.0000000e+00
   0.0000000e+00
   0.0000000e+00
   0.0000000e+00
   0.0000000e+00
   0.0000000e+00
   0.0000000e+00
   0.0000000e+00
   0.0000000e+00
   0.0000000e+00
   0.0000000e+00
   0.0000000e+00
   0.0000000e+00
   0.0000000e+00
   0.0000000e+00
   0.0000000e+00
   0.0000000e+00
   0.0000000e+00
   0.0000000e+00
   0.0000000e+00
   0.0000000e+00
   0.0000000e+00
   0.0000000e+00
   0.0000000e+00
   0.0000000e+00
   0.0000000e+00
   0.0000000e+00
   0.0000000e+00
   0.0000000e+00
   0.0000000e+00
   0.0000000e+00
   0.0000000e+00
   0.0000000e+00
   0.0000000e+00
   0.0000000e+00
   0.0000000e+00
   0.0000000e+00
   0.0000000e+00
   0.0000000e+00
   0.0000000e+00
   0.0000000e+00
   0.0000000e+00
   0.0000000e+00
   0.0000000e+00
   0.0000000e+00
   0.0000000e+00
   0.0000000e+00
   0.0000000e+00
   0.0000000e+00
   0.0000000e+00
   0.0000000e+00
   0.0000000e+00
   0.0000000e+00
   0.0000000e+00
   0.0000000e+00
   0.0000000e+00
   0.0000000e+00
   0.0000000e+00
   0.0000000e+00
   0.0000000e+00
   0.0000000e+00
   0.0000000e+00
   0.0000000e+00
   0.0000000e+00
   0.0000000e+00
   0.0000000e+00
   0.0000000e+00
   0.0000000e+00
   0.0000000e+00
   0.0000000e+00
   0.0000000e+00
   0.0000000e+00
   0.0000000e+00
   0.0000000e+00
   0.0000000e+00
   0.0000000e+00
   0.0000000e+00
   0.0000000e+00
   0.0000000e+00
   0.0000000e+00
   0.0000000e+00
   0.0000000e+00
   0.0000000e+00
   0.0000000e+00
   0.0000000e+00
   0.0000000e+00
   0.0000000e+00
   0.0000000e+00
   0.0000000e+00
   0.0000000e+00
   0.0000000e+00
   0.0000000e+00
   0.0000000e+00
   0.0000000e+00
   0.0000000e+00
   0.0000000e+00
   0.0000000e+00
   0.0000000e+00
   0.0000000e+00
   0.0000000e+00
   0.0000000e+00
   0.0000000e+00
   0.0000000e+00
   0.0000000e+00
   0.0000000e+00
   0.0000000e+00
   0.0000000e+00
   0.0000000e+00
   0.0000000e+00
   0.0000000e+00
   0.0000000e+00
   0.0000000e+00
   0.0000000e+00
   0.0000000e+00
   0.0000000e+00
   0.0000000e+00
   0.0000000e+00
   0.0000000e+00
   0.0000000e+00
   0.0000000e+00
   0.0000000e+00
   0.0000000e+00
   0.0000000e+00
   0.0000000e+00
   0.0000000e+00
   0.0000000e+00
   0.0000000e+00
   0.0000000e+00
   0.0000000e+00
   0.0000000e+00
   0.0000000e+00
   0.0000000e+00
   0.0000000e+00
   0.0000000e+00
   0.0000000e+00
   0.0000000e+00
   0.0000000e+00
   0.0000000e+00
   0.0000000e+00
   0.0000000e+00
   0.0000000e+00
   0.0000000e+00
   0.0000000e+00
   0.0000000e+00
   0.0000000e+00
   0.0000000e+00
   0.0000000e+00
   0.0000000e+00
   0.0000000e+00
   0.0000000e+00
   0.0000000e+00
   0.0000000e+00
   0.0000000e+00
   0.0000000e+00
   0.0000000e+00
   0.0000000e+00
   0.0000000e+00
   0.0000000e+00
   0.0000000e+00
   0.0000000e+00
   0.0000000e+00
   0.0000000e+00
   0.0000000e+00
   0.0000000e+00
   0.0000000e+00
   0.0000000e+00
   0.0000000e+00
   0.0000000e+00
   0.0000000e+00
   0.0000000e+00
   0.0000000e+00
   0.0000000e+00
   0.0000000e+00
   0.0000000e+00
   0.0000000e+00
   0.0000000e+00
   0.0000000e+00
   0.0000000e+00
   0.0000000e+00
   0.0000000e+00
