  -1.1785881e-02
  -1.4977365e-02
   1.4382935e-03
   3.3691557e-03
   7.1846231e-05
   7.3646685e-05
  -9.7166010e-04
   1.0579000e-03
  -1.8867063e-03
   2.8037426e-04
   1.0880623e-03
  -1.6503102e-03
   5.2978182e-03
  -3.7749808e-05
  -2.5558532e-03
   3.9617894e-03
  -5.4694874e-03
   3.4247099e-03
  -3.2171976e-03
  -2.4414622e-04
   3.3799100e-02
   2.7217021e-02
   2.5806979e-02
   1.9687938e-02
   1.3507583e-02
   2.1488134e-02
   2.2485131e-02
   1.7874032e-02
   2.2463440e-02
   1.8717613e-02
   1.8926173e-02
   2.0570791e-02
   1.5148516e-02
   1.7823456e-02
   2.4597201e-02
   1.2309360e-02
   2.9883913e-02
   1.2537514e-02
   2.1793951e-02
   2.5595883e-02
   3.0326730e-02
   6.2300266e-02
   4.0833514e-02
   6.1678198e-02
   6.5723888e-02
   5.4538307e-02
   5.6539270e-02
   5.9184562e-02
   5.6422012e-02
   5.9620057e-02
   5.8286953e-02
   5.9105486e-02
   6.2212675e-02
   6.4108071e-02
   4.8628361e-02
   7.1325964e-02
   4.3835969e-02
   6.3032380e-02
   8.0984719e-02
   1.7593988e-02
   1.6062366e-01
   1.1355128e-01
   1.4055819e-01
   1.1402018e-01
   1.0688757e-01
   1.2501775e-01
   1.1714634e-01
   1.1913079e-01
   1.1991241e-01
   1.1699177e-01
   1.1949130e-01
   1.1578579e-01
   1.1619131e-01
   1.0649678e-01
   1.2919536e-01
   1.0388087e-01
   1.3461046e-01
   1.2872371e-01
   3.7325158e-02
   2.5223360e-03
   5.1791138e-02
   1.3397288e-01
   1.6928722e-01
   1.6691770e-01
   2.1426356e-01
   1.4927442e-01
   1.8737611e-01
   1.6416904e-01
   1.7763469e-01
   1.6906520e-01
   1.7413200e-01
   1.7725110e-01
   1.8457202e-01
   1.9703306e-01
   1.7092835e-01
   2.0815136e-01
   1.2162762e-01
   7.7962982e-03
   9.2104405e-04
   0.0000000e+00
   4.7929794e-07
   5.1863354e-02
   3.4782695e-01
   2.2413201e-01
   1.2078938e-01
   2.6198202e-01
   2.1759025e-01
   2.6562474e-01
   2.3296263e-01
   3.5756235e-01
   2.6656732e-01
   2.2176620e-01
   2.2885512e-01
   3.1952529e-02
   6.0300780e-02
   3.0468838e-01
   1.0249994e-01
   2.8413958e-05
   0.0000000e+00
   0.0000000e+00
   0.0000000e+00
   1.3766810e-02
   1.4199270e-01
   1.1354249e-01
   5.1751784e-02
   3.2395796e-01
   3.5496706e-01
   1.3475779e-01
   8.8424999e-02
   1.0776277e-01
   9.3282658e-02
   3.8256589e-01
   2.6811268e-01
   5.5145698e-03
   1.9603884e-03
   9.6640410e-03
   2.9728078e-03
   8.1552554e-07
   0.0000000e+00
   0.0000000e+00
   0.0000000e+00
   7.3417625e-08
   8.0468947e-07
   6.9172986e-07
   1.2090327e-03
   8.0428698e-03
   6.7230047e-03
   1.4566586e-03
   2.9558317e-05
   2.9619753e-05
   2.2555419e-03
   2.7878027e-02
   1.8814304e-02
   3.5298549e-04
   0.0000000e+00
   0.0000000e+00
   0.0000000e+00
   0.0000000e+00
   0.0000000e+00
   0.0000000e+00
   0.0000000e+00
   0.0000000e+00
   0.0000000e+00
   0.0000000e+00
   0.0000000e+00
   0.0000000e+00
   0.0000000e+00
   0.0000000e+00
   0.0000000e+00
   0.0000000e+00
   0.0000000e+00
   0.0000000e+00
   0.0000000e+00
   0.0000000e+00
   0.0000000e+00
   0.0000000e+00
   0.0000000e+00
   0.0000000e+00
   0.0000000e+00
   0.0000000e+00
   0.0000000e+00
   0.0000000e+00
   0.0000000e+00
   0.0000000e+00
   0.0000000e+00
   0.0000000e+00
   0.0000000e+00
   0.0000000e+00
   0.0000000e+00
   0.0000000e+00
   0.0000000e+00
   0.0000000e+00
   0.0000000e+00
   0.0000000e+00
   0.0000000e+00
   0.0000000e+00
   0.0000000e+00
   0.0000000e+00
   0.0000000e+00
   0.0000000e+00
   0.0000000e+00
   0.0000000e+00
   0.0000000e+00
   0.0000000e+00
   0.0000000e+00
   0.0000000e+00
   0.0000000e+00
   0.0000000e+00
   0.0000000e+00
   0.0000000e+00
   0.0000000e+00
   0.0000000e+00
   0.0000000e+00
   0.0000000e+00
   0.0000000e+00
   0.0000000e+00
   0.0000000e+00
   0.0000000e+00
   0.0000000e+00
   0.0000000e+00
   0.0000000e+00
   0.0000000e+00
   0.0000000e+00
   0.0000000e+00
   0.0000000e+00
   0.0000000e+00
   0.0000000e+00
   0.0000000e+00
   0.0000000e+00
   0.0000000e+00
   0.0000000e+00
   0.0000000e+00
   0.0000000e+00
   0.0000000e+00
   0.0000000e+00
   0.0000000e+00
   0.0000000e+00
   0.0000000e+00
   0.0000000e+00
   0.0000000e+00
   0.0000000e+00
   0.0000000e+00
   0.0000000e+00
   0.0000000e+00
   0.0000000e+00
   0.0000000e+00
   0.0000000e+00
   0.0000000e+00
   0.0000000e+00
   0.0000000e+00
   0.0000000e+00
   0.0000000e+00
   0.0000000e+00
   0.0000000e+00
   0.0000000e+00
   0.0000000e+00
   0.0000000e+00
   0.0000000e+00
   0.0000000e+00
   0.0000000e+00
   0.0000000e+00
   0.0000000e+00
   0.0000000e+00
   0.0000000e+00
   0.0000000e+00
   0.0000000e+00
   0.0000000e+00
   0.0000000e+00
   0.0000000e+00
   0.0000000e+00
   0.0000000e+00
   0.0000000e+00
   0.0000000e+00
   0.0000000e+00
   0.0000000e+00
   0.0000000e+00
   0.0000000e+00
   0.0000000e+00
   0.0000000e+00
   0.0000000e+00
   0.0000000e+00
   0.0000000e+00
   0.0000000e+00
   0.0000000e+00
   0.0000000e+00
   0.0000000e+00
   0.0000000e+00
   0.0000000e+00
   0.0000000e+00
   0.0000000e+00
   0.0000000e+00
   0.0000000e+00
   0.0000000e+00
   0.0000000e+00
   0.0000000e+00
   0.0000000e+00
   0.0000000e+00
   0.0000000e+00
   0.0000000e+00
   0.0000000e+00
   0.0000000e+00
   0.0000000e+00
   0.0000000e+00
   0.0000000e+00
   0.0000000e+00
   0.0000000e+00
   0.0000000e+00
   0.0000000e+00
   0.0000000e+00
   0.0000000e+00
   0.0000000e+00
   0.0000000e+00
   0.0000000e+00
   0.0000000e+00
   0.0000000e+00
   0.0000000e+00
   0.0000000e+00
   0.0000000e+00
   0.0000000e+00
   0.0000000e+00
   0.0000000e+00
   0.0000000e+00
   0.0000000e+00
   0.0000000e+00
   0.0000000e+00
   0.0000000e+00
   0.0000000e+00
   0.0000000e+00
   0.0000000e+00
   0.0000000e+00
   0.0000000e+00
   0.0000000e+00
   0.0000000e+00
   0.0000000e+00
   0.0000000e+00
   0.0000000e+00
   0.0000000e+00
   0.0000000e+00
   0.0000000e+00
   0.0000000e+00
   0.0000000e+00
   0.0000000e+00
   0.0000000e+00
   0.0000000e+00
   0.0000000e+00
   0.0000000e+00
   0.0000000e+00
   0.0000000e+00
   0.0000000e+00
   0.0000000e+00
   0.0000000e+00
   0.0000000e+00
   0.0000000e+00
   0.0000000e+00
   0.0000000e+00
   0.0000000e+00
   0.0000000e+00
   0.0000000e+00
   0.0000000e+00
   0.0000000e+00
   0.0000000e+00
   0.0000000e+00
   0.0000000e+00
   0.0000000e+00
   0.0000000e+00
   0.0000000e+00
   0.0000000e+00
   0.0000000e+00
   0.0000000e+00
   0.0000000e+00
   0.0000000e+00
   0.0000000e+00
   0.0000000e+00
   0.0000000e+00
   0.0000000e+00
   0.0000000e+00
   0.0000000e+00
   0.0000000e+00
   0.0000000e+00
   0.0000000e+00
   0.0000000e+00
   0.0000000e+00
   0.0000000e+00
   0.0000000e+00
   0.0000000e+00
   0.0000000e+00
   0.0000000e+00
   0.0000000e+00
   0.0000000e+00
   0.0000000e+00
   0.0000000e+00
   0.0000000e+00
   0.0000000e+00
   0.0000000e+00
   0.0000000e+00
   0.0000000e+00
   0.0000000e+00
   0.0000000e+00
   0.0000000e+00
   0.0000000e+00
