   3.2029964e-03
   4.9263580e-03
   5.4139482e-03
   1.6984765e-03
  -1.9669113e-02
  -3.4665759e-03
   4.5408007e-03
  -1.7564620e-03
  -6.0867539e-03
  -1.3432142e-02
   2.6179165e-03
  -1.1663934e-03
   9.1155685e-04
   4.7689621e-03
   7.5779567e-03
  -6.3728079e-03
   1.7055891e-02
  -4.6006012e-03
   1.0124878e-02
   1.0011075e-03
   9.5497132e-03
   1.3352174e-02
   1.7801576e-02
   1.6874532e-02
   2.9575556e-02
   2.8671669e-02
   1.7801595e-02
   2.4714387e-02
   6.7794513e-03
   3.8059027e-02
   1.8628473e-02
   2.3636399e-02
   1.0700783e-02
  -5.5086178e-03
   1.7922269e-02
   2.0981036e-02
   1.0618749e-02
  -3.7388017e-03
   3.9903868e-02
   1.1702522e-03
   5.6950853e-02
   7.4838105e-02
   5.2388435e-02
   6.8514677e-02
   4.4255654e-02
   4.4748877e-02
   5.9982566e-02
   5.4034839e-02
   7.0521390e-02
   4.0964874e-02
   5.5955801e-02
   5.7654771e-02
   5.7377573e-02
   8.8932649e-02
   6.1862909e-02
   5.4907626e-02
   7.8557233e-02
   6.2698439e-02
   5.1076151e-02
   1.8644407e-04
   1.1176628e-01
   1.0902831e-01
   1.2505531e-01
   1.0608880e-01
   1.3555694e-01
   1.4412568e-01
   1.1845451e-01
   1.2163920e-01
   1.0585660e-01
   1.3743411e-01
   1.2405712e-01
   1.1549449e-01
   1.2568997e-01
   7.0754904e-02
   1.1430217e-01
   1.2504622e-01
   8.2383314e-02
   1.3886862e-01
   4.5366100e-02
   6.0851790e-06
   2.3339712e-01
   1.0118503e-01
   1.8231518e-01
   2.0025615e-01
   1.2535848e-01
   9.6772397e-02
   1.1120509e-01
   1.9996130e-01
   1.8670269e-01
   1.4879914e-01
   1.7429153e-01
   1.7327968e-01
   1.5612553e-01
   2.2289762e-01
   1.9354780e-01
   1.6749360e-01
   2.2941318e-01
   1.5813473e-01
   7.5264039e-03
   0.0000000e+00
   2.9268339e-01
   1.0835620e-01
   2.5980592e-02
   1.5831423e-01
   4.0487336e-01
   8.2160038e-02
   2.7853295e-01
   3.4289431e-01
   1.7563454e-01
   3.0385331e-01
   2.3100625e-01
   3.1283950e-01
   2.7717870e-01
   1.2475767e-01
   8.8105712e-02
   2.8145815e-01
   2.4453619e-01
   6.0872812e-02
   1.8362592e-03
   0.0000000e+00
   2.1297243e-02
   7.7862057e-03
   5.0682706e-04
   7.4024930e-02
   2.1642881e-01
   4.5097506e-02
   1.3124127e-01
   1.3563611e-01
   2.2876944e-02
   2.1552488e-01
   1.7685216e-01
   8.2162728e-02
   4.4638362e-02
   1.2431983e-03
   2.7893900e-03
   2.9114480e-02
   1.7358378e-02
   2.4503115e-04
   4.4357927e-07
   0.0000000e+00
   0.0000000e+00
   0.0000000e+00
   6.1358833e-07
   7.0347070e-04
   2.0569079e-03
   3.8679997e-04
   3.2921585e-04
   3.4909538e-04
   3.0190919e-05
   2.0739973e-04
   1.6360967e-04
   4.8605794e-06
   2.3324170e-07
   2.4775972e-09
   0.0000000e+00
   0.0000000e+00
   0.0000000e+00
   0.0000000e+00
   0.0000000e+00
   0.0000000e+00
   0.0000000e+00
   0.0000000e+00
   0.0000000e+00
   0.0000000e+00
   0.0000000e+00
   0.0000000e+00
   0.0000000e+00
   0.0000000e+00
   0.0000000e+00
   0.0000000e+00
   0.0000000e+00
   0.0000000e+00
   0.0000000e+00
   0.0000000e+00
   0.0000000e+00
   0.0000000e+00
   0.0000000e+00
   0.0000000e+00
   0.0000000e+00
   0.0000000e+00
   0.0000000e+00
   0.0000000e+00
   0.0000000e+00
   0.0000000e+00
   0.0000000e+00
   0.0000000e+00
   0.0000000e+00
   0.0000000e+00
   0.0000000e+00
   0.0000000e+00
   0.0000000e+00
   0.0000000e+00
   0.0000000e+00
   0.0000000e+00
   0.0000000e+00
   0.0000000e+00
   0.0000000e+00
   0.0000000e+00
   0.0000000e+00
   0.0000000e+00
   0.0000000e+00
   0.0000000e+00
   0.0000000e+00
   0.0000000e+00
   0.0000000e+00
   0.0000000e+00
   0.0000000e+00
   0.0000000e+00
   0.0000000e+00
   0.0000000e+00
   0.0000000e+00
   0.0000000e+00
   0.0000000e+00
   0.0000000e+00
   0.0000000e+00
   0.0000000e+00
   0.0000000e+00
   0.0000000e+00
   0.0000000e+00
   0.0000000e+00
   0.0000000e+00
   0.0000000e+00
   0.0000000e+00
   0.0000000e+00
   0.0000000e+00
   0.0000000e+00
   0.0000000e+00
   0.0000000e+00
   0.0000000e+00
   0.0000000e+00
   0.0000000e+00
   0.0000000e+00
   0.0000000e+00
   0.0000000e+00
   0.0000000e+00
   0.0000000e+00
   0.0000000e+00
   0.0000000e+00
   0.0000000e+00
   0.0000000e+00
   0.0000000e+00
   0.0000000e+00
   0.0000000e+00
   0.0000000e+00
   0.0000000e+00
   0.0000000e+00
   0.0000000e+00
   0.0000000e+00
   0.0000000e+00
   0.0000000e+00
   0.0000000e+00
   0.0000000e+00
   0.0000000e+00
   0.0000000e+00
   0.0000000e+00
   0.0000000e+00
   0.0000000e+00
   0.0000000e+00
   0.0000000e+00
   0.0000000e+00
   0.0000000e+00
   0.0000000e+00
   0.0000000e+00
   0.0000000e+00
   0.0000000e+00
   0.0000000e+00
   0.0000000e+00
   0.0000000e+00
   0.0000000e+00
   0.0000000e+00
   0.0000000e+00
   0.0000000e+00
   0.0000000e+00
   0.0000000e+00
   0.0000000e+00
   0.0000000e+00
   0.0000000e+00
   0.0000000e+00
   0.0000000e+00
   0.0000000e+00
   0.0000000e+00
   0.0000000e+00
   0.0000000e+00
   0.0000000e+00
   0.0000000e+00
   0.0000000e+00
   0.0000000e+00
   0.0000000e+00
   0.0000000e+00
   0.0000000e+00
   0.0000000e+00
   0.0000000e+00
   0.0000000e+00
   0.0000000e+00
   0.0000000e+00
   0.0000000e+00
   0.0000000e+00
   0.0000000e+00
   0.0000000e+00
   0.0000000e+00
   0.0000000e+00
   0.0000000e+00
   0.0000000e+00
   0.0000000e+00
   0.0000000e+00
   0.0000000e+00
   0.0000000e+00
   0.0000000e+00
   0.0000000e+00
   0.0000000e+00
   0.0000000e+00
   0.0000000e+00
   0.0000000e+00
   0.0000000e+00
   0.0000000e+00
   0.0000000e+00
   0.0000000e+00
   0.0000000e+00
   0.0000000e+00
   0.0000000e+00
   0.0000000e+00
   0.0000000e+00
   0.0000000e+00
   0.0000000e+00
   0.0000000e+00
   0.0000000e+00
   0.0000000e+00
   0.0000000e+00
   0.0000000e+00
   0.0000000e+00
   0.0000000e+00
   0.0000000e+00
   0.0000000e+00
   0.0000000e+00
   0.0000000e+00
   0.0000000e+00
   0.0000000e+00
   0.0000000e+00
   0.0000000e+00
   0.0000000e+00
   0.0000000e+00
   0.0000000e+00
   0.0000000e+00
   0.0000000e+00
   0.0000000e+00
   0.0000000e+00
   0.0000000e+00
   0.0000000e+00
   0.0000000e+00
   0.0000000e+00
   0.0000000e+00
   0.0000000e+00
   0.0000000e+00
   0.0000000e+00
   0.0000000e+00
   0.0000000e+00
   0.0000000e+00
   0.0000000e+00
   0.0000000e+00
   0.0000000e+00
   0.0000000e+00
   0.0000000e+00
   0.0000000e+00
   0.0000000e+00
   0.0000000e+00
   0.0000000e+00
   0.0000000e+00
   0.0000000e+00
   0.0000000e+00
   0.0000000e+00
   0.0000000e+00
   0.0000000e+00
   0.0000000e+00
   0.0000000e+00
   0.0000000e+00
   0.0000000e+00
   0.0000000e+00
   0.0000000e+00
   0.0000000e+00
   0.0000000e+00
   0.0000000e+00
   0.0000000e+00
   0.0000000e+00
   0.0000000e+00
   0.0000000e+00
   0.0000000e+00
   0.0000000e+00
   0.0000000e+00
   0.0000000e+00
   0.0000000e+00
   0.0000000e+00
   0.0000000e+00
   0.0000000e+00
   0.0000000e+00
   0.0000000e+00
   0.0000000e+00
   0.0000000e+00
   0.0000000e+00
   0.0000000e+00
   0.0000000e+00
