   6.7273712e-03
   6.3029446e-03
   1.4467886e-02
   2.9589575e-04
  -1.8377535e-03
   5.1894911e-05
   1.1050324e-03
   1.6025879e-03
  -1.6579136e-03
   1.4986852e-04
  -7.0445154e-04
   3.7630551e-03
  -3.5132616e-03
   7.8345575e-04
   3.4602592e-03
   4.6206185e-04
  -2.5556798e-03
  -9.5609893e-03
   5.4587424e-03
   7.8136730e-03
   1.8103635e-02
   8.7044430e-03
   6.5521397e-03
   1.9009788e-02
   2.3208915e-02
   1.9969312e-02
   1.6770387e-02
   1.5582175e-02
   2.1836493e-02
   2.0421493e-02
   2.0362805e-02
   1.5493259e-02
   2.6038056e-02
   1.5669592e-02
   1.9809047e-02
   1.5427990e-02
   3.2561361e-02
   2.1233853e-02
   3.5247667e-02
   1.4634719e-02
   5.9337916e-02
   6.3623196e-02
   8.4344029e-02
   5.8128054e-02
   5.3923294e-02
   5.7770603e-02
   6.5135656e-02
   6.5176933e-02
   5.6674225e-02
   5.4897256e-02
   5.8459510e-02
   6.4777758e-02
   4.8359599e-02
   6.3710189e-02
   5.9642253e-02
   6.1446721e-02
   5.1386642e-02
   4.4786852e-02
   5.5857336e-02
   3.4925936e-03
   1.2977954e-01
   9.8619295e-02
   9.7083085e-02
   1.1493269e-01
   1.2590357e-01
   1.1822481e-01
   1.1090875e-01
   1.0615132e-01
   1.2315177e-01
   1.1810906e-01
   1.1755686e-01
   1.1217754e-01
   1.2839629e-01
   1.1445639e-01
   1.1259963e-01
   1.1890421e-01
   1.1559436e-01
   1.7100255e-01
   5.0335728e-02
   1.7419538e-04
   1.2356564e-01
   2.1909071e-01
   1.8365080e-01
   2.0993567e-01
   1.3960763e-01
   1.7280213e-01
   2.0764476e-01
   2.1730162e-01
   1.5818950e-01
   1.7030910e-01
   2.0412591e-01
   1.6605019e-01
   1.6166865e-01
   1.8060508e-01
   1.8971578e-01
   1.7643921e-01
   1.7754823e-01
   5.4579612e-02
   8.2681266e-03
   0.0000000e+00
   1.0599703e-02
   1.8267636e-01
   1.9868744e-01
   1.0059990e-01
   3.5123817e-01
   2.5816985e-01
   6.0809068e-02
   7.6113802e-02
   3.5162489e-02
   7.3699181e-03
   3.0039361e-02
   3.2245410e-01
   2.5707766e-01
   2.4249182e-01
   1.8537544e-01
   2.3475844e-01
   2.5067378e-01
   1.4111283e-02
   6.7695575e-10
   0.0000000e+00
   6.1875168e-05
   1.5868405e-03
   1.5198129e-03
   1.1097118e-02
   1.2980653e-01
   8.5402800e-02
   5.9170896e-02
   4.9547817e-01
   2.5239913e-01
   2.0061380e-03
   3.5630341e-03
   8.0478254e-02
   7.7095347e-02
   9.8737819e-03
   1.8365764e-01
   4.6600985e-01
   1.1516829e-01
   2.6587654e-03
   0.0000000e+00
   0.0000000e+00
   0.0000000e+00
   0.0000000e+00
   0.0000000e+00
   8.9898406e-06
   1.0731656e-04
   7.0594411e-05
   3.4228494e-02
   2.9406024e-01
   1.4979580e-01
   1.1906184e-03
   0.0000000e+00
   0.0000000e+00
   0.0000000e+00
   1.4469327e-04
   3.7811070e-02
   8.8168704e-02
   1.2543072e-02
   0.0000000e+00
   0.0000000e+00
   0.0000000e+00
   0.0000000e+00
   0.0000000e+00
   0.0000000e+00
   0.0000000e+00
   0.0000000e+00
   0.0000000e+00
   4.5036280e-04
   3.8692496e-03
   1.9710156e-03
   1.5666177e-05
   0.0000000e+00
   0.0000000e+00
   0.0000000e+00
   0.0000000e+00
   0.0000000e+00
   0.0000000e+00
   0.0000000e+00
   0.0000000e+00
   0.0000000e+00
   0.0000000e+00
   0.0000000e+00
   0.0000000e+00
   0.0000000e+00
   0.0000000e+00
   0.0000000e+00
   0.0000000e+00
   0.0000000e+00
   0.0000000e+00
   0.0000000e+00
   0.0000000e+00
   0.0000000e+00
   0.0000000e+00
   0.0000000e+00
   0.0000000e+00
   0.0000000e+00
   0.0000000e+00
   0.0000000e+00
   0.0000000e+00
   0.0000000e+00
   0.0000000e+00
   0.0000000e+00
   0.0000000e+00
   0.0000000e+00
   0.0000000e+00
   0.0000000e+00
   0.0000000e+00
   0.0000000e+00
   0.0000000e+00
   0.0000000e+00
   0.0000000e+00
   0.0000000e+00
   0.0000000e+00
   0.0000000e+00
   0.0000000e+00
   0.0000000e+00
   0.0000000e+00
   0.0000000e+00
   0.0000000e+00
   0.0000000e+00
   0.0000000e+00
   0.0000000e+00
   0.0000000e+00
   0.0000000e+00
   0.0000000e+00
   0.0000000e+00
   0.0000000e+00
   0.0000000e+00
   0.0000000e+00
   0.0000000e+00
   0.0000000e+00
   0.0000000e+00
   0.0000000e+00
   0.0000000e+00
   0.0000000e+00
   0.0000000e+00
   0.0000000e+00
   0.0000000e+00
   0.0000000e+00
   0.0000000e+00
   0.0000000e+00
   0.0000000e+00
   0.0000000e+00
   0.0000000e+00
   0.0000000e+00
   0.0000000e+00
   0.0000000e+00
   0.0000000e+00
   0.0000000e+00
   0.0000000e+00
   0.0000000e+00
   0.0000000e+00
   0.0000000e+00
   0.0000000e+00
   0.0000000e+00
   0.0000000e+00
   0.0000000e+00
   0.0000000e+00
   0.0000000e+00
   0.0000000e+00
   0.0000000e+00
   0.0000000e+00
   0.0000000e+00
   0.0000000e+00
   0.0000000e+00
   0.0000000e+00
   0.0000000e+00
   0.0000000e+00
   0.0000000e+00
   0.0000000e+00
   0.0000000e+00
   0.0000000e+00
   0.0000000e+00
   0.0000000e+00
   0.0000000e+00
   0.0000000e+00
   0.0000000e+00
   0.0000000e+00
   0.0000000e+00
   0.0000000e+00
   0.0000000e+00
   0.0000000e+00
   0.0000000e+00
   0.0000000e+00
   0.0000000e+00
   0.0000000e+00
   0.0000000e+00
   0.0000000e+00
   0.0000000e+00
   0.0000000e+00
   0.0000000e+00
   0.0000000e+00
   0.0000000e+00
   0.0000000e+00
   0.0000000e+00
   0.0000000e+00
   0.0000000e+00
   0.0000000e+00
   0.0000000e+00
   0.0000000e+00
   0.0000000e+00
   0.0000000e+00
   0.0000000e+00
   0.0000000e+00
   0.0000000e+00
   0.0000000e+00
   0.0000000e+00
   0.0000000e+00
   0.0000000e+00
   0.0000000e+00
   0.0000000e+00
   0.0000000e+00
   0.0000000e+00
   0.0000000e+00
   0.0000000e+00
   0.0000000e+00
   0.0000000e+00
   0.0000000e+00
   0.0000000e+00
   0.0000000e+00
   0.0000000e+00
   0.0000000e+00
   0.0000000e+00
   0.0000000e+00
   0.0000000e+00
   0.0000000e+00
   0.0000000e+00
   0.0000000e+00
   0.0000000e+00
   0.0000000e+00
   0.0000000e+00
   0.0000000e+00
   0.0000000e+00
   0.0000000e+00
   0.0000000e+00
   0.0000000e+00
   0.0000000e+00
   0.0000000e+00
   0.0000000e+00
   0.0000000e+00
   0.0000000e+00
   0.0000000e+00
   0.0000000e+00
   0.0000000e+00
   0.0000000e+00
   0.0000000e+00
   0.0000000e+00
   0.0000000e+00
   0.0000000e+00
   0.0000000e+00
   0.0000000e+00
   0.0000000e+00
   0.0000000e+00
   0.0000000e+00
   0.0000000e+00
   0.0000000e+00
   0.0000000e+00
   0.0000000e+00
   0.0000000e+00
   0.0000000e+00
   0.0000000e+00
   0.0000000e+00
   0.0000000e+00
   0.0000000e+00
   0.0000000e+00
   0.0000000e+00
   0.0000000e+00
   0.0000000e+00
   0.0000000e+00
   0.0000000e+00
   0.0000000e+00
   0.0000000e+00
   0.0000000e+00
   0.0000000e+00
   0.0000000e+00
   0.0000000e+00
   0.0000000e+00
   0.0000000e+00
   0.0000000e+00
   0.0000000e+00
   0.0000000e+00
   0.0000000e+00
   0.0000000e+00
   0.0000000e+00
   0.0000000e+00
   0.0000000e+00
   0.0000000e+00
   0.0000000e+00
   0.0000000e+00
   0.0000000e+00
   0.0000000e+00
   0.0000000e+00
   0.0000000e+00
   0.0000000e+00
   0.0000000e+00
   0.0000000e+00
   0.0000000e+00
   0.0000000e+00
   0.0000000e+00
   0.0000000e+00
   0.0000000e+00
