0.89761572871084582825 1.00814845355509086211
0.75717754642564949474 0.76334554058050263503
0.32271684758779622948 0.57009666638376943482
0.52888511055495479596 0.54798100349422362854
0.49097102628446787076 0.63969621300663159769
0.67867318129861697873 0.74645463340679196751
0.40815610664779344852 0.54881979409047199070
0.47785599933659878014 0.58073148737475988046
0.20300240472039093875 0.38200055735526755596
0.72144820074762694428 0.77689802520419848353
0.13404904414476503938 0.16440870562105391883
0.78290349677272086382 0.86958598334480963210
0.56355925951105023675 0.64885788776464370375
0.34311071632703804557 0.42723771123218845513
0.42815048002087191525 0.53412192377066869398
0.40070323892627418561 0.55581703252494585321
0.58306810760847005426 0.70339549399966916354
0.24990244477920253718 0.25924368393470464955
0.50607867702835018786 0.57638092494492176865
0.39032142022711979745 0.51871354803686908763
0.20584336451887444430 0.46960858016089934708
0.87925366470141108621 0.94259972762945110070
0.71422128008188634496 0.76373662104858253130
0.34829181214538851297 0.46295582605720497771
0.74805033271406617956 0.80820353807439482274
0.00301777013662517940 0.09117776687367751265
0.44175120650983401571 0.44590480902451157252
0.12224924398505759848 0.19958013451191919385
0.59978565243049930533 0.65894492764320033995
0.28505172452183780152 0.45399751797904364103
0.64453645816249049982 0.79227772711104338388
0.77229205152209279284 0.79524230716814714448
0.88088688239089496523 0.92821549489196331084
0.72678695933649561933 0.86863021522089123305
0.89695932213805695810 0.93793964892119352506
0.40813748526122406446 0.55020642681685516528
0.59941660825535514334 0.73279501080713216332
0.53509403512474629228 0.54169400721945393240
0.21927033852983138229 0.22097177475203963470
0.18352833727575668110 0.20424837282838403940
0.53306519168168409184 0.60773012548132843147
0.91102435010068283372 1.01231382646064860253
0.68826903104151571089 0.79805070784465825806
0.46996190828994821587 0.56913565909044860902
0.12972155854085132276 0.14689186668211240416
0.87675157701172867775 0.93026054241010025514
0.91342253488719360455 1.00719787495571200253
0.02952712683793697751 0.12436954686465298558
0.39509991743717426393 0.42705016758988861847
0.11597649434922746581 0.44357105715075512142
0.66156388751663453007 0.71719877535655429668
0.85320472431568483707 0.92667777136440321328
0.75775545013289657970 0.78813878464226727605
0.88772993403037703253 1.04809770164640281287
0.56604688838746397561 0.56737764710110194510
0.03064474926365968327 0.06305198771503328636
0.57197365576445990953 0.66476497493297559416
0.15859636589313810817 0.16353129828612752994
0.29364521814856114901 0.40809464126447747567
0.84717196583090836892 1.07049713299129001243
0.65514850105934496760 0.66740079226271897817
0.94101576427582600548 1.02095239924798519837
0.68490423377248454972 0.68537649193664129665
0.89400347025556625713 0.92904231658755331846
0.46417320467689393571 0.54662227205103863792
0.77854127700078745722 0.82428951132073702279
0.37405600081644929666 0.50769123747432365334
0.40358199116768783687 0.41493079494155665765
0.31149178424737700155 0.37389092378511890047
0.27967259601915189782 0.33239676449859018037
0.80045329516729812891 0.94869499974779947227
0.01158981370596340321 0.17767699709130341246
0.75610262736000521944 0.77891616846480815628
0.93306241095293274146 0.95111166625238230399
0.53769747248661325933 0.65863355986966531930
0.97819435636938156797 1.01138295061472760494
0.87989617010264087327 0.97937951478903428892
0.87297006875088301037 0.88323308868638772395
0.95909057007925724303 0.97723998341144346913
0.51059769163079771204 0.51207329826825009889
0.74488270143634971454 0.85322251858161091143
0.55823688559199236003 0.58759405997182501125
0.87537188365291751513 0.89370773700258465677
0.00907461760670014161 0.15375576587998274203
0.42475748029748267021 0.47845659639740284463
0.10481530653799758790 0.12251198649179001476
0.30879437525047698232 0.32344253985141618868
0.35137644025096148592 0.57607470724199594247
0.21770220754869401558 0.22991809288226977559
0.08626149084248799226 0.12281156724236055866
0.81974520149964480442 1.00784505194526285976
0.89788336471793361859 0.99542026314566456335
0.83428241871577679678 0.96730498213402327234
0.24264216869546600952 0.35820467487154489250
0.89720869540703074296 1.01294462101658178099
0.97315358063453250015 1.01896214335304757803
0.26117938369632598405 0.33220764380103384728
0.47333897362320109803 0.49212853924788146909
0.36045525840262926387 0.43740982700740960176
0.26005762177217450759 0.34649007893806460512
0.79927986100976466943 0.84177024870866112849
0.70024517871386193768 0.70124267311531318647
0.61241831401596080742 0.65120179967453484249
0.67672573682456405031 0.68286055740116835544
0.03374587088381592048 0.07392523593587080333
0.14667836566384342967 0.21757456927310822592
0.00979777573071892449 0.04188652125758730860
0.29905668117161693376 0.31413320319810894565
0.56064885112523099586 0.57302832901521072451
0.62167933686401577464 0.63688501296924215911
0.26835068230617464824 0.35622944971238690304
0.82783159990248511573 0.96783385820987810622
0.13610382822373701117 0.20548635065930587196
0.50435890181112308372 0.52130395946066310220
0.13967703596180958137 0.14753033100677503953
0.67182733169928154915 0.80228676329056369809
0.04385848738982463940 0.05717720495608261816
0.11507272723731429287 0.34938197891330069478
0.73606134005873480319 0.75766871894314991032
0.74273282199679413473 0.81373022756360335883
0.94594558378348791994 0.95806988408260973511
0.75427714688308655777 0.80531352997496685742
0.25839054810435196918 0.35597178392034894978
0.24694048223856335245 0.26006240312218309452
0.86511038945207408002 0.89492587567422920980
0.22906970477667792929 0.36137283751266141563
0.08423014539775768028 0.13693595377638853594
0.54788191694741039672 0.56769464920043188894
0.91087984192112536608 0.96534249653731596386
0.00608243581591290383 0.13288802853114417557
0.49483340055273716818 0.62383966280534186577
0.55057849234587064036 0.57498447150534792716
0.14700524413380636202 0.17386389063159410351
0.53919245827066275556 0.63188948336570194275
0.75186648127497968108 0.92618081828293952196
0.20685403824989392896 0.22021915483833973126
0.05576768822289963207 0.16292995694845929799
0.61217531526700219580 0.75285458870179211566
0.89086569314451424795 0.92533002833863564618
0.72608269700833827365 0.83175328957810212849
0.13635785743143671866 0.39435235876845176062
0.49523209777392568354 0.56695586606575898436
0.85648310611539302251 0.92420946092641065306
0.93999429640120080176 0.95798476829460865734
0.84213787241392912275 0.84223189072068127548
0.28411196050244857947 0.28465261263371088862
0.63112820541521896800 0.66551415637079891496
0.47688881615116446300 0.53621300875560695687
0.23930323899338609706 0.24068719865852630790
0.40551093521598252645 0.45059144621798669084
0.56533622124158799949 0.97781611545021696053
0.75359219130492560712 0.77482310482787164485
0.65605027545824101676 0.71207774354663111449
0.58836536194300326219 0.60008597979547573242
0.20637762340044163434 0.22033994447042426490
0.56215140595103574306 0.80313543057527203572
0.80814594855023047515 0.94788007620340164472
0.71244753482527478639 0.80797846683282181779
0.66211175058569660123 0.70642614724973062934
0.59592101010390674531 0.75989535171299027461
0.23047523062261063287 0.27312585111600523602
0.62952848051216703240 0.82857785451436827273
0.53924949513384279332 0.59987697212199264651
0.60796592679460736974 0.65566304188462853908
0.10991238103990354225 0.23942680345890521298
0.21056184741319755593 0.24132736570217555583
0.27167436704817055082 0.28090977068028116781
