0.91980404463124254555 0.99470166878849552994
0.18580983871228096138 0.24973161928624387773
0.42549411323854791078 0.57308034795041695730
0.58221170108087749728 0.71311630113661295116
0.78939147057083747239 0.83593692161855537304
0.92384106456370318483 0.98851621074256579291
0.15150963994639068955 0.29422220850405600423
0.83021268275917570190 0.92490045834172518457
0.64964864930954990818 0.79117713587451210522
0.17065159026305878887 0.25873250113326595745
0.90939127269539610232 1.02144664607741786355
0.81592758618523286707 0.86537534942084648470
0.97151547630946000211 0.99155467581709699765
0.04769596210806736902 0.12501813335269884586
0.17737035611563661819 0.42774720721274767099
0.01275607336571771278 0.15460530830117225065
0.80334784541951143044 0.87211636492933675147
0.85220211283436853034 0.85362466208223686248
0.13676671013759239548 0.19084813311988063633
0.17099004983393503720 0.22571962002867898556
0.04643727571492693718 0.07928382794923850840
0.72807321338986741299 0.73945740195933618022
0.14230818037459758152 0.18269583014409263022
0.81031189174278195342 0.84175143950388398029
0.55454007916279379753 0.59759878323863724336
0.18093970289084110314 0.18383844243391916917
0.86084411896957280241 0.96645598441060820427
0.55128826622141335889 0.56678252717688182294
0.33314550894722233521 0.49957308198759214912
0.12419910003928888442 0.17489314878358844241
0.28059878498699042382 0.41115507659429995080
0.13851779491569191083 0.17627923366588407750
0.52216205276942662117 0.57929293383906066417
0.83593425431531609426 0.86814071579407436907
0.51127506740237071980 0.69665257148789105912
0.32181037100108672577 0.40748421201449208651
0.04042925080345890348 0.16284386406584031026
0.06111966215772557387 0.08905502605340387401
0.89374301369832775954 0.92283874275566546430
0.17249251175860577656 0.23509833598546528433
0.46867073930700470230 0.69352523660659937121
0.67533389441967295319 0.70314485680588734162
0.02676961705004594905 0.07469932662862048545
0.42717685063614113661 0.43405021931103887622
0.71735228036270259899 0.86713669334323362214
0.05340601311806168761 0.17195850113095489942
0.98628824026357042598 1.01287934412174851495
0.97863104721809857089 0.99215534759679813170
0.68170403718265826232 0.75603424192091550626
0.82698833865545118282 0.83201349893602560837
0.93027414182508205709 1.04767305929827747590
0.04709778437509751225 0.17381821188202103978
0.23111439469638161981 0.33376605085371879866
0.42604206266865463082 0.43258737737484753705
0.76531550982093987656 0.78603940760060408977
0.16933597482695197933 0.24454280629941513303
0.19867782295677269278 0.22144361128799697203
0.16821613268645912997 0.31011206714186617672
0.63496617917226005900 0.68099494481697164794
0.54126241751642023559 0.61184435395916358935
0.33603867272923537701 0.35953792243039128795
0.58453134167504383623 0.59244595484100359695
0.49970242943118015067 0.56019292816821997238
0.37895140930824627867 0.53066870366834673067
0.48437292571589773971 0.52395621957094173915
0.78428089034307879590 0.86250215336473534666
0.31200243251671372358 0.50382795234207033985
0.63029526780568390087 0.66270556490212850775
0.73553649237257978655 0.86339861100574633035
0.09718618081659570473 0.27329249700948610169
0.80818330777219782313 0.84372017676833666044
0.75149019485820622855 0.78843086059257938558
0.77580912244873090344 0.82521900601005704345
0.24728864136039635513 0.35865126074249648047
0.73667298290201721489 0.87088508947941212224
0.38482244373211715871 0.43680053644629468490
0.24534977456638912274 0.26596171225183423692
0.07097670107509901349 0.12407571794369598450
0.32227715260691219834 0.51894511031160206471
0.36857711026669442989 0.44608928436815714624
0.80752836095674407346 0.85603536644016431367
0.42093068935218935778 0.42481027942680804621
0.81596551750454682228 0.88936883248006903813
0.35296501755489745333 0.41795450819568974454
0.00556221376739256951 0.06497299466535183532
0.33228830374505480272 0.47696379687042678164
0.76685742004139179073 0.85253451110217848274
0.31818965018996536731 0.41779109069276787469
0.72139092485374700647 0.79528823428734074508
0.66026214814727091085 0.70177608706560123952
0.48289812765599171573 0.49753517181905937417
0.68266367207807643336 0.69349786253409784198
0.36453035823674428961 0.41828889635732480201
0.51311687055699939375 0.59615939060967881868
0.42595710606880637927 0.48781792965665621287
0.32297002257935625291 0.39317142194728382787
0.92353369928988682247 0.97263414824564597971
0.25683737280078305920 0.28224670817738234385
0.62998260973754838243 0.66424097273857529711
0.30456667667525766374 0.35441375842055450329
0.12338934013790461841 0.15105291964849473785
0.62306667015550754041 0.72989333150252166948
0.49759638693667990195 0.51474646531507639580
0.68451703834400023929 0.74901273444815297253
0.01302207112214921921 0.04375416586453077794
0.37955850351909620199 0.50554351142004938513
0.86868947718807631997 0.96750234359800135753
0.12451116731955939876 0.14065099076665815714
0.30192684939992203708 0.41968691421186693491
0.46501867670520768971 0.46912555799459620953
0.86123479586714213330 0.90297853768275004871
0.81746926521458984638 0.91422760279441384057
0.39848699700219047948 0.45925619629850000791
0.98040292590435051956 1.00585403377380289136
0.20842812455351872325 0.25287250340733596898
0.48371625679830115851 0.59003978273485435668
0.44451255911128484399 0.50579495580704536550
0.95265406808247432568 0.98221066735213591326
0.10715559691533863007 0.13292586385447144326
0.19209454415338256261 0.25431656904992006041
0.32706699979178094351 0.41723516482266448380
0.53251558714688207452 0.69322358150315976921
0.43623852898263909550 0.52846673836781143940
0.40455865959955195077 0.48873891206359731942
0.41360207485940608807 0.63983050825671616835
0.58592210780318532137 0.75471326129042393127
0.22872916277287716480 0.34299577095755640066
0.51819687939334091453 0.68520675970292321821
0.41352316613946926704 0.44026681132115530470
0.54002249638277388666 0.60190803872713971590
0.37016786867140455408 0.37593183557511994364
0.07758752792826872913 0.09638298170623715855
0.90725512516758199943 1.00766534181901090683
