0.19775200736463138806 0.21011016756101363878
0.86320206398319121455 0.97997118703734975576
0.69786082620342226868 0.71887443275934836961
0.59577654345334141173 0.60064882379646300503
0.86327016253685107117 0.97269684875278494829
0.79513241599047623787 0.84678849144933976412
0.31134724113144468527 0.37404210242691665611
0.59675205153788168921 0.60375029116519840500
0.94814630999500781883 0.99121121087531371963
0.28736269925819057924 0.38843299285878862825
0.69764533225416269779 0.75087038888501056455
0.31945287668366900702 0.33587375411052128316
0.13604192866195585765 0.21865552746616767621
0.70838807659240654591 0.73716387167967856175
0.68520762560056291957 0.73394724491812912692
0.77000936447741952229 0.78273286375944639559
0.69392833759827887707 0.72647635992258019488
0.03704700807689373376 0.10232049101511689337
0.18375515036923875667 0.23840746362928141866
0.90769899147444754739 0.90974991998436527396
0.56885302757658673389 0.66596826172646517161
0.69712338465588141734 0.81147024136676082495
0.77172122453618985372 0.81146291014465055103
0.89979646174278693493 0.92711180396277326210
0.26445930301618059133 0.33860538827956410124
0.72025700631563749354 0.75676840722294191899
0.79464743751866995236 0.84045935752500022797
0.80970194540041051656 0.87291086302298481758
0.22929900199988867415 0.26123590545383285066
0.78121020092768844734 0.81373429049740342300
0.15442276189463605141 0.37989851376177347086
0.44244602967469293109 0.48235312252172046765
0.05558760083855063261 0.07059268087414383164
0.39945174013439144201 0.46706133578129949147
0.32716028120561990722 0.34455951942826323897
0.45596337347741988655 0.45829599249336416822
0.59185147766600043617 0.60761438993537741915
0.97464364037248518713 0.98126056385568394269
0.49842128389578471692 0.59506128937678692825
0.62120435441121690801 0.70324971642796896276
0.08780105832427191614 0.14185567084318170816
0.20495211417167702450 0.23909009091639688016
0.17086577047738871205 0.24614833965195270782
0.65396727959729938906 0.74722413124717157462
0.22809023756506310865 0.22959518994129887726
0.77879797706032249938 0.80032261494942324997
0.71196990328881182286 0.77895548076138831917
0.93924766279206128861 1.01846132364850050500
0.00699484145919999391 0.02306263508169497517
0.69213934209763283700 0.85567680136786206102
0.33700552253606191888 0.39450141143220457396
0.53983704778786889555 0.62452575764434614669
0.92573684962505309315 1.01065544934704432123
0.39319708413677673109 0.45395601785722011767
0.71193767709533950505 0.83712511284982127346
0.58387828146156817155 0.68717162814195953402
0.81215929800447828057 0.86713450314778439676
0.66080408715123639674 0.74480429395542335769
0.66133820063805781597 0.81003360461951923188
0.67033622060158515321 0.85204171168225573130
0.53423737060920295505 0.60400127971321571074
0.61894518003082032997 0.70500865533077305969
0.12995123461757829286 0.19493133887165103868
0.60989789281310202718 0.67263910172574137292
0.86554891334021877292 0.89281452831124941127
0.05099954589840505897 0.16789010162075024279
0.90102084884987754254 0.93474291919659646677
0.37320928827446026022 0.44208054995551132604
0.41234228672769757118 0.49734423205340583252
0.31267492260243001656 0.41035528483176941794
0.40801266162885335698 0.41589251983105762767
0.80315701306849052177 0.81596775643568919545
0.31050378268160316875 0.40294914884767807361
0.75477228992636580251 0.84541658386684148674
0.43296788493055027303 0.46213269684312985319
0.12862934073581105965 0.27110667609630784147
0.26991528157722671777 0.32145421250817302061
0.63327162908416578802 0.68345826186917735257
0.86114287140910095175 0.96325270815212826747
0.42722741960176591203 0.43741880560117951671
0.77562844058563451544 0.81144678444232598569
0.52786173423100635205 0.53587965184299690691
0.55274543929556874122 0.66847719645714820391
0.26726799634385045579 0.36661442728595017293
0.02845426548192814264 0.19872017277370607191
0.64168081387561093365 0.68290761519882670072
0.85963443857606036680 0.98189818950530938224
0.76963634495010135872 0.82107823133412405348
0.19790424567745140694 0.26440786163633184236
0.40132495352985686488 0.52976197892857856964
0.40720004307710711000 0.54011403332137464250
0.88475803371246208862 0.89969752208070019606
0.67176480392590687263 0.71538894696655230820
0.58745418901358703589 0.60829035561985078662
0.33128080243160057394 0.43879752677573752306
0.22953739768895239926 0.27909812842720571613
0.71045248487162671047 0.71683035365003511252
0.66243330346940909603 0.71892205917583595909
0.27775796307571987143 0.32890945772872770547
0.63388804412112398357 0.66280605057200647767
0.54627838115150872955 0.57034992013713836645
0.80863407461923020314 0.89783730725590138455
0.14108133828781699304 0.17625084502015708754
0.48377529260719193127 0.54900922167617505210
0.13273009851698230888 0.20175643294246131676
0.68976047483092228774 0.75765435221493215856
0.28475821314792193473 0.43008034057216526502
0.91206241737869819808 0.94635387790598946012
0.38733148028449104761 0.64308940972100392397
0.97313613736901727336 0.97344516547577675247
0.40775003012737476293 0.46992209913573501634
0.15343077673779625947 0.22932884278002019229
0.88803809627135710247 1.05099113462511661865
0.68686555603956089833 0.77757933936738310443
0.52937113547265912672 0.63549675297312369082
0.55206616273529940386 0.64351548208008924057
0.04106478479340840149 0.15181408726793305108
0.15825309653185831715 0.19151515912521061002
0.81437330974265875749 0.95458926234794228005
0.49448039713884850421 0.51177680049669205253
0.41745792556514066396 0.52727532569913981852
0.56719451281420008026 0.67165183572108511090
0.25872176415563841179 0.55044770024956990451
0.59034753959179098182 0.74816119082430709852
0.19061673447325988562 0.37768697180568855387
0.78493538950706176482 0.80617152441900119531
0.93427970030230522713 1.02510039654909723694
0.92139091205362089188 1.00942154746985290892
0.48728321833888599279 0.65019300022420511986
0.06614876728777904780 0.14760465886489418375
0.44329873552571119610 0.51941042875086784747
0.35749326674601578091 0.51715749916511932760
0.06082665426837353950 0.13562821604495001182
0.00633400414702997572 0.22056246234408552476
0.46347725956585444917 0.48601004513410900332
0.48491476174058301130 0.48886912509661251125
0.41965837215104884184 0.64712405466560907197
0.69510846850082941284 0.69806288775937452851
0.51300102264077618308 0.70926681632486410223
0.02637020262225840683 0.06939145604579945170
0.40855094582260004232 0.46659312222055876473
0.85703694738826097232 1.02992918101013630761
0.80946385408932997052 0.81053615572072579276
0.56234523780610212729 0.82845845048510302622
0.71889752892047442678 0.79486063340052126591
0.56397542693659519220 0.66082092931533809033
0.80396094556795572039 0.85176431153626985804
0.84268387156495982993 0.93078597635291915324
0.45404453138247075072 0.49483895031488539518
0.10124113082641726657 0.24470505196276792770
0.84157491417873520057 0.88988446425737643963
0.82840297927794370736 0.84176807836247902195
0.49051643516657167376 0.52556979870678344202
0.44242154625465918150 0.51699045831344880852
0.58404944649290302383 0.61220377607203657622
0.77504195923606966634 0.87771912855308154011
0.47735776522778161635 0.51475952889699905235
0.10565324997616432068 0.19037339482708881544
0.15489823403919672495 0.15600004155506547177
0.74023715752460894635 0.75366022465793713891
0.56923938825215047999 0.60488347060277836142
0.48401133566444631828 0.55281096087795555949
0.87927456659080882595 1.07791151854248123954
0.95939146636211347641 0.97357310770784777354
0.06172427756305461088 0.14398369710789099551
0.95871218625228304955 0.96026171113276481694
0.62120733752073431511 0.74871894175154851681
0.92365183823932073270 0.98472083000272936371
0.20991404030444657525 0.26004168993853582492
0.32637541347680698589 0.36007275964565665927
0.63257608322016056768 0.79338580315059514803
0.44116017882768621128 0.56101299852015551473
0.12833109252605395811 0.19684134952307047461
0.20730247402620169406 0.25283713115281902795
0.44845900149756384723 0.45356693832024469470
0.55425101850151337057 0.77338626991208514472
0.91708325847557725652 1.01869564761716713264
0.42137987581471725296 0.53097798776929938658
0.14341072275093877386 0.16659061118327903039
0.75312465955329810363 0.87776202929300062294
0.36363428498553995727 0.40749299189433563217
0.24725265293234113817 0.32518158303517696872
0.02180609340837674076 0.02217287329043055727
0.64725584775014632921 0.68763785386587150672
0.73322839702792397265 0.73710034273664681859
0.43787058735819217592 0.54268856519688879469
0.38777868694412714889 0.41432020502574412602
0.05192836749782940575 0.10927827912663341803
0.86960327089987021765 0.89650622116980760445
0.01793882978640180814 0.17976966198150479137
0.69296938360021365089 0.69820180100116069344
0.25760258344563452537 0.28625361048070724346
0.54443204565926861527 0.55429022384932435941
0.59031667827483724764 0.73787149272804075650
0.63003889060490925189 0.76250408527354118782
0.42637709956455793758 0.45515385542650732553
0.93556989578737670410 0.98150786122322053462
0.54075310024166445277 0.60794227108180398655
0.62509341478458779751 0.81367981906334485576
0.48333788381254083610 0.51152580135825331809
0.98294920450714662330 1.00942556697596841353
0.55467823189675269369 0.60809295109127003975
0.01326726115616122526 0.09146060205675793364
0.21076995780759530397 0.22550685849843224440
0.05270635816856752282 0.12427663609405800726
0.48880942031644858403 0.62643159738136433567
0.12123968925599062918 0.13196271704949877335
0.01386535364872651041 0.03661703239532834719
0.35318299383677081993 0.44180576219201922461
0.60411633197673153539 0.64916991983889960061
0.77971027192898612057 0.96319563849516764975
0.69705963667363157743 0.88204919576935914005
0.39789974235650354961 0.42824434328866495258
0.03373014868322316007 0.07110313673863360995
0.27169280132670436956 0.30369641130818747499
0.48975089942139593546 0.55575749078392377989
0.07850660524095320891 0.20797992924475894316
0.23775250062213332258 0.27283430253250323672
0.32954009115290217036 0.45361366547801129645
0.44468106135105067711 0.54074929167550089826
0.95459419426520009111 1.03297943809154091355
0.97925965587911645294 0.99663726520774309492
0.35268168732831939316 0.40644188677044934543
0.61022172498424998022 0.62142625849356269985
0.70624958994575648408 0.72715086078289370430
0.34994993621323577937 0.41691550358234341633
