0.48889669650399847356 0.61695671561031928398
0.93526982477535125504 1.02356063361604610051
0.29458994082414263760 0.32869006249461490965
0.15231241697288699921 0.21207303824413037407
0.34780734513134670127 0.47801871731886913519
0.01808409353194146557 0.03177354806975123819
0.72183061963251571314 0.77584904702562140777
0.32648800098381047796 0.45452456796721629750
0.29571552568644926540 0.43857127732647510632
0.39092017907291864987 0.41446117084890854443
0.32150733991006524848 0.39648193658517744131
0.62138393265825719869 0.62585609842003775416
0.68213686411916452101 0.74732955458557004391
0.01613082110811600925 0.06515032049959326721
0.69269519707690352384 0.75987108450263973758
0.14135150944855051636 0.19204110523376555220
0.19551030383688383640 0.21929972541996500812
0.28156097555325637627 0.31508410319690322021
0.07495922416971584346 0.14650572791767674241
0.19589463698887030207 0.19801519904929890115
0.70846535646241215467 0.97957543948565772851
0.78023071322778947412 0.88697836616398517684
0.81522365967440224566 0.97501454437885803905
0.80884451137494073336 0.88472258667717218472
0.68015581601053309857 0.82001121817441313677
0.01144346590218988519 0.13116359817625791728
0.89083653322039624278 0.92698296931246870756
0.50483039222814951597 0.59129381076959497410
0.43585656766208913382 0.51342782473306547431
0.84596265018541139113 0.90810331557972334693
0.32590916283486703886 0.40501102731456006811
0.62672352749794668636 0.66148598760110688399
0.60842815495136259862 0.79125201440417347598
0.32761466448468390400 0.39409089410245912166
0.64484995232498298900 0.72082644110716376229
0.42189464903552398312 0.59943007921140645244
0.22072874342443049578 0.28409746457952422816
0.51250683267367269647 0.64874281415594181599
0.50271808488336211518 0.59965527072444557710
0.59601815314126183054 0.69665945651495619906
0.77207636961407477560 0.86115732830201918713
0.88805525928821871240 1.03810154745384486397
0.48673187731978040382 0.52311315277460090911
0.54244387702354979197 0.62154443911264367628
0.99200160595657815854 1.00385508829019709509
0.54742523406664700403 0.65567146549343990891
0.20790633384181333998 0.25240401316088190153
0.88411958447995953048 1.02490968456009712284
0.12805013786828295386 0.18056361832305617421
0.67939616977042571744 0.73287357472903924549
0.73619306842553666748 0.94294846509189333972
0.73693486697490639958 0.81411292067413854046
0.13688916676420470608 0.38565719207498272425
0.51195331599996807270 0.54099726033017958571
0.70900124607257541953 0.83156628199804116797
0.74202685204265517172 0.78995277865739099710
0.20091172909503482447 0.21147598534740399967
0.70710050173319116684 0.74282934132799482985
0.77595772571508447868 0.93410496407822241061
0.22719827764927660874 0.24132245903159063594
0.74980462980444473331 0.81133316611839290111
0.86928479578132211714 1.06779309271505473689
0.88780148909213385533 0.88885697724776246975
0.89508809341108819257 0.94237182908853001084
0.77607937366486268171 0.85555436998305511853
0.40401476348222237212 0.48353231991253636801
0.36659896113600159984 0.41743787532785808780
0.11644759528281990735 0.16832171298073128618
0.32953492957746766123 0.35826976264290855134
0.85743761291724629459 1.01037550567671408075
0.21972572791210995269 0.28879186664584099997
0.44914149456453505982 0.48080966452515189191
0.55611400149630507705 0.65839748336749215341
0.28916754366464658688 0.51247757171234953333
0.28334225358923686988 0.34086560353196643236
0.18034227786138881666 0.27758879456440710420
0.01686038194577677701 0.03730845037559171046
0.74531038028830320918 1.00960735198722773021
0.63344547506927795233 0.66046715790408172531
0.07164695395968601055 0.13786727187859337818
0.94143247431069609910 0.96180280183202992994
0.34030912534127583102 0.34891704668671369438
0.16326714644509415786 0.26396362210818996585
0.35438479080680235223 0.51286295180428664864
0.30453551201915574076 0.35688599575526924745
0.85788438510287490235 0.90111957910435769303
0.83034783386901067637 0.88779748695088955834
0.82565805169266837105 0.82605166509628791260
0.17630973571716435089 0.20278045491383589471
0.87580210483309772762 0.91596711211227654914
0.45739747502790556455 0.45909692760320436333
0.38771292796583339824 0.47531660254553037559
0.63026107341203352341 0.68196161735626104061
0.56873434601712402614 0.57608500707633936155
0.01703907190995425369 0.03491533789246602237
0.51895850235912477366 0.60250814102669036920
0.36252192699750823701 0.47150452386314983810
0.54718028718439482017 0.54824349057405841190
0.87560409514697845612 0.90176931757574185777
0.72769870004748604675 0.81754013618293586152
0.09481398064968020456 0.20806729932698669883
0.80618894999423895698 0.83610655367413500016
0.66298802593875205691 0.73083991734932307605
0.50504530383189549791 0.53074485553959582784
0.40926719316516502190 0.47752685930504013001
0.78508109548730053984 0.79818859362382921230
0.92506406654797346256 0.94881603112030288294
0.76968654910516631773 0.86533694411952422065
0.43165761068916996823 0.57137678679105696755
0.42744337379060726168 0.54803164506542956236
0.17502283711247612619 0.30511998062711642721
0.46676795403965648523 0.52299809071726677256
0.55997406712681430108 0.63474135201993742150
0.07515078244267416052 0.27465065463153603975
0.01720839276396879738 0.01791821093364731263
0.00576112128191843577 0.02260777795137933893
0.00164513455342490955 0.15154117770609848437
0.66306938693426964448 0.74165807676550032923
0.82281965165545722929 0.89751917532623115559
0.45655968300043980879 0.60406736402387462004
0.37253796782114489972 0.37923717926146660595
0.08689356602525634410 0.14498005799641844327
0.15202749282422228783 0.19850182756136808271
0.90894232442022171448 0.92959295980385481251
0.12579119046612552424 0.29032842987348872477
0.18758433585124731358 0.40465120504423224279
0.32693090700348348410 0.33326423706858776530
0.85321877872557683187 1.02004362493093525543
0.17118382743120030831 0.30039576333593487334
0.63656457551197487277 0.67409699450551952005
0.09544482046307842249 0.18846292028723612977
0.11929348544792067743 0.17561177808057698568
0.58013342191532479841 0.62931228793470672667
0.46386043873888233025 0.65633559744402658609
0.43157842983690175576 0.55105634287816485095
0.14482044509197419813 0.15099041876726207456
0.44352260812947708057 0.54587079975006058685
0.14574202567350516557 0.22456241401408069680
0.93552781771164206237 1.02452558747777411341
0.09464871369301997017 0.23381280293860984276
0.48504002899834514073 0.60895385469892193697
0.14827764396017234505 0.14840444127161828147
0.25787607525236039274 0.42673747622873098306
0.52079683018350197976 0.64151379218590154352
0.49011096652785118843 0.54516294485329130914
0.89450228141939047699 0.92843452722595898319
0.76601822325107160605 0.78430856840586160583
0.15684380954793103458 0.28078435944523921775
0.66103206739737541131 0.69728365374643497265
0.64849692655287849430 0.86247182529217270019
0.56362591572846032495 0.76052384243559945087
0.51568846365276999055 0.59090410790694736232
0.93063549488018615374 0.93921844940547571934
0.51409352482262948847 0.60023284685344546752
0.78668136330987026295 0.91383828494960772648
0.51638306150506096959 0.56183153307020383682
0.13583422899316707766 0.13789402074898829409
0.27597195421346709665 0.33111413071939765906
0.80864516118407536727 0.96302557438609348583
0.54171950566867899113 0.74515894216709299691
0.69720540073668402226 0.73994782351908361395
0.01909263677302604559 0.03885963986117905999
0.54781045936828764997 0.56412745682029374894
0.04188764542066172186 0.09229890695842554726
0.50940858846413905603 0.51605174967789602114
0.11009306528868641195 0.26017294980776456415
0.43297098456631877283 0.45618540385979766683
0.79115428705335055781 0.81362735087414272961
0.21316904362969218978 0.34692163595554276201
0.36415540441949101336 0.39287720592038244405
0.85018923121847922442 0.92755682100909309096
0.42675367935048025281 0.44880595846130666438
0.00260481865478028041 0.21509231509825282869
0.39541723553607299735 0.43364642339279324545
0.94859729477351029114 0.98829214774087870143
0.92255982116991519515 0.97166901497976698732
0.65035818020049063204 0.66095434989953882887
0.55477435348053172337 0.79545103932276506331
0.31204605206677732410 0.50764109902189491486
0.75290095432227721606 0.85572839754398588585
0.01546274659618337988 0.11453504967138886106
0.36302651451426126705 0.37917039306476185700
0.02873057591830179003 0.15348356294916692955
0.28512966045558141293 0.35178397372994918424
0.38117258784250568349 0.38638885152609397933
0.97765839264252962781 0.99810227845077792441
0.27544062941629188224 0.38238602678045841010
0.01043881304891103312 0.23328674766388557416
0.43159292789127817747 0.48080009091049707992
0.14949138984361112770 0.23392063963795414749
0.60149335564376271712 0.61197864924259315345
0.00344320414877814091 0.12474742244182529527
0.29769081365908378611 0.37807922775815228089
0.05128672552525810613 0.18880525697433808707
0.20186767680476877529 0.23389187795141999637
0.32643160718907016093 0.35602167674110962725
0.72314305161347758322 0.77623729717115819149
0.54406197371305087263 0.57790981574719857417
0.55377269901561354537 0.60724629469531787862
0.80547466218335106447 0.92443435612801216905
0.42534565551924996551 0.49648531546182639307
0.28937543433712431540 0.28994232616241577549
0.12393183728316331527 0.18931368619777638740
0.86791690317952407963 0.94529962052757532387
0.62737609825148199505 0.68074918346742374631
0.35126681386496355630 0.52711223544399543606
0.33753458316071255352 0.35647916665124818048
0.36622357412565037516 0.37514086170234922646
0.93383138777824681309 1.03826175573223933313
0.72425618717425133131 0.79637252336230279770
0.92171489997962829932 0.96402000797022924239
0.19252422979755057231 0.31603699804662854778
0.89054979262011046970 0.91556035599708374129
0.37432420798170656928 0.52045117891002812271
0.86413128874253464229 1.00969210512222296039
0.53802055828994777009 0.60748874178733736073
0.59103766338800112212 0.70272167198442858638
0.87787149268381481360 0.94023872386095785902
0.09231021256821422827 0.16454869409377595457
0.90642147408255968610 0.92064154549287391394
0.31168187165966870777 0.31205083426617480358
0.29590135905546305350 0.31491901092649549065
0.46850750887146785928 0.50087523602198946726
0.42181765639158341763 0.44980479562411912475
0.76369884136003307606 0.84144811167916022665
0.60186110835751227555 0.70829628448224624115
0.80567147378129311264 0.93162627337851700027
0.12833759395975349871 0.15602719341532303443
0.83404845739778887825 0.87726691151575675320
0.26185070734114668234 0.27048246893078409236
0.19463352907240361045 0.24341269941864129844
0.46392947347949442527 0.49477875994826459038
0.73789227690140468674 0.80546204893398454239
0.46269983620385735090 0.49562769334256817633
0.46784853255933123162 0.49305163754571690315
0.70884852465726033710 0.77034206960425499755
0.25458726163442357837 0.32082621293450719335
0.82199457635908257380 0.89463211238089401789
0.44032066208246772865 0.45379029023357358996
0.62888703963317127421 0.64286989420512641313
0.18944629645134072882 0.30226404635080761363
0.47838134188034969752 0.48378413398136604906
0.10241774443471017564 0.22339845817977133091
0.98237983248778859569 1.00356654651124754807
0.86799482006880146479 0.97981037125488401607
0.92264459617752869747 1.03573824312795403912
