0.42879058848520890113 0.45347460120021987340
0.56215057107214050358 0.61148274960576609605
0.97791655841136582161 1.00155089582521950042
0.02706640452333115843 0.10263788651309695144
0.59633721009082185649 0.72614562670420912394
0.41101801358781359097 0.49000415174689188058
0.79927662232415008781 0.87603178438961104568
0.79461073291122430451 0.99364795567903974050
0.71272918688486019967 0.78135809968491165556
0.03894330732317033417 0.16303319641695609987
0.62531688542073471382 0.65826999807444641633
0.70672831589588136492 0.87136293224970906568
0.90883108848064375618 1.00631231751326177815
0.55932630633947466592 0.63901372185350702182
0.14517473200279057410 0.30540385349948712124
0.87391513974022805300 0.93855893393152589610
0.72690975878495578399 0.74739984071871456983
0.46695264769888555900 0.64105931060738507998
0.85287948847569350352 0.88642889570342819905
0.36938532855857919568 0.47839444469438452412
0.66374053572665037137 0.66716228782143427445
0.37108390661335993732 0.46830563916509287958
0.87414806816942702827 1.00120551122347367645
0.53351302964957281194 0.59625747112569882358
0.97744528483992887402 0.99630293780006828896
0.69732522264004637158 0.82382095724515580493
0.59885580128399307220 0.62983874976922260558
0.88574025236854159182 0.95339958355140574930
0.41799133823942880017 0.45771074213360007921
0.90863959598049293120 0.99787347500660383837
0.19861798184996021233 0.23934676403085713980
0.30543832675252252651 0.41335481183451866505
0.67717796844730970829 0.67881229570283629915
0.82586756700774766049 0.95736553222412690278
0.09111393881130872008 0.36726258360884544985
0.89606088365757963210 0.97500266737707064202
0.29728051744903055686 0.37142871633812862830
0.46983266052089445175 0.60170863607757607561
0.21121212540200062779 0.36204425793915551157
0.68327237804214269179 0.71679864843210550074
0.59037278079127275543 0.64935310718136929342
0.73224605428065470125 0.87876968343288230923
0.49041591280801671848 0.54384727102819130362
0.64521084489249491689 0.72665279603679810982
0.77316832941597057882 0.78204726304130156578
0.57730528028267336094 0.61866164544999480146
0.89455261466014845961 0.91171061271218156730
0.29400476249469587042 0.34113541994095053500
0.85730306598353078762 0.98412113304813764181
0.74148973075598412219 0.83822828212455269270
0.43974243104754767719 0.56782745235420162278
0.58084057038198644296 0.62252219038668521467
0.23971443351198229443 0.24059930189489708852
0.87628706226977914895 0.88305623041705461063
0.01554740123808521536 0.03583403696872618921
0.93514245585054767140 1.04247219500698373729
0.39947808768892328901 0.47525796439196249521
0.61596207022197035919 0.70690592746321789797
0.35030941995120579158 0.53099684433516736171
0.10727671445532975525 0.16366199132553369000
0.74874255082983931509 0.83384186802053417154
0.73703161318988885675 0.74960137550804639694
0.75714232676747184048 0.77696711985946065315
0.00762535811531087071 0.08525461913212448173
0.35492579980399607820 0.51263897399828661783
0.07576228110894463186 0.16486695683535074197
0.55536099780685432847 0.66461817764820318999
0.52043719650917363850 0.54532720065553563771
0.64515503634874293848 0.74454263291673539182
0.36566215719591266264 0.41037175977627637913
0.05332282564424409288 0.06000693378673935263
0.42376687175637345328 0.56204252040351954101
0.57201307362442921356 0.59508581231291490798
0.41461089687624752553 0.44523233281223395519
0.59085689821965714508 0.66206259494921959607
0.13414511721545224754 0.15107403957090820290
0.83009646343676746216 0.95708915396971139256
0.91200272327054743293 0.91391649299242483373
0.07643480773959930585 0.19116831643456677625
0.02827661433411386704 0.08505783252804811900
0.32467646102976127631 0.32954655749560152200
0.69542717763674044562 0.72304630322449892077
0.71918535769857860895 0.73020694904542959858
0.10375836129530895124 0.13836729526820873426
0.16715505304064570691 0.32602039836935092776
0.14130537249837599179 0.21285411358369293877
0.68766229260948097401 0.69316474940704486674
0.18120105409572556665 0.24170703573785640161
0.74916826569699013216 0.80897148481879288529
0.05357098649935913837 0.22948619018199251096
0.09812055082207624124 0.21112812188728638518
0.89293662004161966639 0.95700040184347778816
0.06598109614968786230 0.10446462236803430446
0.35716164995105131874 0.42463453008168156044
0.79283379428139622025 0.81998876171313550554
0.43094227740236212831 0.55803104043118589850
0.80142134284378629960 0.92951158656267984792
0.14193228813094399543 0.18473010566700115431
0.81731794714446881489 0.94796542027228569705
0.70153486870982395551 0.74219947277870979008
0.70596650931049431676 0.85340597367843007426
0.29516584173028653781 0.36773628822798659632
0.68720298515899491676 0.86354203152385644593
0.71799478098243452173 0.81891761059750622920
0.87232131913090094066 1.08935966082044966008
0.69075226248804844076 0.76130656338260571658
0.52022726759308002276 0.57541476548878300878
0.47993838727728871385 0.52374923445470700223
0.84053371765530593418 0.93243952189855872081
0.32813334657598203226 0.33182474678810491842
0.41694340534154461508 0.51315618695439613184
0.25110486892297717576 0.37539601210817469257
0.20484514756328275897 0.35717990436659119435
0.03845310638478242199 0.13236840673277502911
0.20517288319689896969 0.26383038652391010981
0.57866803293528024099 0.70460125659698902290
0.13445331915876806983 0.32358020009269700124
0.92346326716145332725 0.93805434404476129018
0.53687460461931779676 0.56496847678832806672
0.08958669558119369825 0.10043936499447481125
0.74944414831231942475 0.78567522548197110677
0.81810646416029786376 0.85708728152964230862
0.47923802356638861566 0.59283357689229876364
0.15544043809027235925 0.34500224325810652237
0.04672079496925660158 0.14853213133998113826
0.69580332669118272193 0.78851381643317708381
0.22650200734718561879 0.24134976183536249739
0.25240948799035456407 0.28974205940594555120
0.91781624561242269866 0.99414388405378917302
0.84687092916005224374 0.94458905718221575221
0.64535212397465613332 0.75967900131845811362
0.87177224456127633267 1.01975615849821577008
0.01773791285048230415 0.19457466091034147926
0.36345477569293432873 0.38564974486051489810
0.13797245178364531126 0.16184855349485754994
0.06057927925555126047 0.11164548698593337872
0.30157156198464757368 0.42980624075414958218
0.21118332717092824780 0.31699741739142073271
0.95186199004180449545 0.96576568959182751417
0.49851630499688653897 0.52376581631563978725
0.70452093721108555169 0.70916022302153980394
0.49549588474061678767 0.70426893241863419703
0.13164973917535843784 0.21941476396607634269
0.29434340076887888227 0.32424757914769919420
0.17741055675918082635 0.23958455166065451003
0.61007343824179505187 0.65195071124089365444
0.46684041056101666101 0.52642414378827639965
0.28341370125486303744 0.33382412377702980200
0.29367877821237220459 0.35700229248590575892
0.46682813573186920930 0.58380939517288676921
0.27860997264153397612 0.39474182842407812277
0.59658143474151126284 0.72820282665057511906
0.04966380460990806045 0.11671581667937001858
0.74711544839239873994 0.77620668088655397909
0.72964716329533119143 0.77308819044010723687
0.16182967009899426603 0.26885070096287894126
0.35678134481916684573 0.45801749021047671873
0.19094860240251554373 0.35035471241527016417
0.00639429916896861600 0.09166859336017296744
0.09461591698406207618 0.15370257733573283732
0.25755919112721570308 0.29230788277408947806
0.50491011039956523732 0.52150227800455195570
0.38255766112604022711 0.43819037540458033453
0.32725647002167840283 0.45630504247169484389
0.55561427911540861579 0.69759709426092197937
0.77776935146547276911 0.86154548932190466726
0.92144715250377529081 0.96401934205581429893
0.80270860482883743536 0.82795597096021777972
0.73796599673302498701 1.00276781570829554013
0.60603791468079182270 0.63294368941738554657
0.35011389744255327905 0.43531869135864531550
0.16900909052062612625 0.19764431705961621466
0.69308272288171768327 0.92700574524553125411
0.30483014868203722747 0.35053736492694281823
0.76444686112268833700 0.84544896754258769267
0.83961031559473553454 0.85401941944129233786
0.06966334769687058948 0.28519408917380900670
0.12223883308676147808 0.19966103431404075286
0.06062502786093845741 0.19089285395994806671
0.24355975746837654761 0.33511975187227061035
0.19490397413548932182 0.26735367070467275230
0.10859226478428639362 0.16525411316475061008
0.15329165125979968276 0.19316148916601408314
0.14344119897349022485 0.21833225192546940052
0.03477614598595334117 0.08229414939121361405
0.91142666827323781664 1.00587641568170460538
0.83617656794853523206 0.92618281880643971160
0.96407080932899336112 0.98644164651060606275
0.45123694663460911514 0.50108505036257833254
0.62835395608142463608 0.76123492208096021905
0.93108569382651173996 0.98367835324984098655
0.10857552331573028237 0.11309701972928698499
0.38355697982677855462 0.47499487217332087008
0.17336989913685690867 0.18246407102357159458
0.25195543150852972580 0.33630367979477027163
0.76767752566443125950 0.78409037714205886971
0.22647431674828183423 0.26828033611035700945
0.47416071381794200335 0.55463875611998569859
0.21384283943034443354 0.36107734720620410229
0.36614677828661018610 0.37238272577147663034
0.00240163009963642593 0.13442669034934798256
0.16592230795443488334 0.23868584349819541024
0.72878658550575059483 0.84875401244676551560
0.73527571224960142082 0.84555556704590362216
0.76839336434287908162 0.85015525260765767435
0.30017865745756866502 0.46979660253099386757
0.74720645419523057384 0.78947502256049628677
0.61498731154060126691 0.73549085901393596032
0.69842588320020082548 0.84359553869225090139
0.20284558630351387509 0.39309297043732760457
0.06552479166756541851 0.09133726371589068194
0.12829593564342409162 0.27948608171360556085
0.26084594361155544195 0.34922974591432309754
0.73783606809681212546 0.78170996208321241738
0.54724984061440418159 0.59899784096111319265
0.56542049589040899171 0.57309589373197122875
0.61517566531602430047 0.74924121386347120044
0.93920821465067294564 0.97562858806090935193
0.91302215276215459294 0.94471811713615816419
0.31860195624210041476 0.36674320921865877221
0.84004261577951988560 0.85477596399252575576
0.31811639395164870159 0.34956529110829870355
0.29878993474454540458 0.37197640967218148500
0.95495084136961616572 0.98932848348732105315
0.82204907546780181526 1.00735285139280361655
0.10845055311867063397 0.20281751405238040986
0.46585748709327873263 0.57899674952329804878
0.80909320120008221267 0.90037155026372417410
0.47461804869671175844 0.48327414568861648547
0.01517843629699701380 0.10102148302092049670
0.41296883237788040155 0.58749261116551654283
0.38716577099267829309 0.42611160566798461646
0.74753043273984520756 0.77294279960401557350
0.05912987397752484525 0.13310388614994733691
0.02925402629501309970 0.03123361867574965534
0.25074464479981178888 0.29279885507069153272
0.08606409192062804137 0.18032130026387782618
0.81858265363443438734 0.91976855266696977420
0.24554608543610595417 0.34784369928870934041
0.53247315410732609653 0.61713340419421280902
0.66422738996136287959 0.72404962452107235471
0.96945304636915241581 0.99404082271947991067
0.80929700168540086302 0.94528628993544594472
0.22445999335029404032 0.38242044781682932308
0.06066790638339092379 0.25070259105498837737
0.96426009380156862960 1.02584851622176498331
0.83837302321352435985 0.93086396265766058189
0.29099013370418042035 0.31798436739251517702
0.45374031751227195119 0.59768859085479653093
0.15734808675349584717 0.25460735374320891955
0.59933535088227496423 0.61878170473957072595
0.93837085135585995843 0.95588519089241286153
0.88494784986061891807 1.07409721242026923171
0.94928537069572171969 1.00010229894122493199
0.26592773434365601926 0.50105127595422904729
0.46900212165433546874 0.71747083657957677616
0.27943957772768934777 0.33706701741353850554
0.97641699491320055326 1.01969306550256488819
0.21832648269773552441 0.29479549303677782257
0.06955567495418356339 0.21914712946270598071
0.17437331383371174054 0.28528630995382170399
0.27020687315908142878 0.46227135690479226326
0.49630963650854276192 0.64829926912960533780
0.54297347157069408841 0.58832152818507921221
0.54162876918874580667 0.56620957174549046975
0.22129227214283622716 0.22594926942668033809
0.19363144091247994072 0.39167130973666086646
0.41005509730261430201 0.43069234162792352505
0.70736357154298723504 0.76069562729869522055
0.11808145674248747559 0.23682886115052581566
0.39226072847711412894 0.54507903310324257173
0.01044878491700624440 0.08515339649965364410
0.35874649711800871144 0.37086592699453629907
0.36691637275156763209 0.52742831130682676921
0.51149139611547544959 0.55920338523376211803
0.46053649019696840661 0.56482727440331115254
0.72183293635783163378 0.76316440837832455468
0.36224071211449687668 0.53439072326185854678
0.74281258787086090756 0.93542182084752600879
0.63660185219807130519 0.69195817048507446412
0.14584174303740798928 0.15291249388715305590
0.41964543469833581746 0.53535944609282326567
