0.92735328453931276105 0.99149209340284938374
0.75559630673412903068 0.83465115463774497417
0.24218214703537929711 0.28386571987278125251
0.24638134995230406843 0.35089350033194771639
0.58889517043442685118 0.60556619073629580630
0.19027849037777486152 0.22506948452146016693
0.95156049877913395640 1.03040852955662787238
0.43061644151673689196 0.52348008242681620672
0.96197869898469412497 0.99929577735597741039
0.49890913835521266684 0.55515186910810765397
0.73663691724282431839 0.86134614849377000301
0.82344360568626084884 0.86996348419436153598
0.33785629434541958327 0.36933344393067540912
0.56676591775916418392 0.57449515793305683253
0.67559489491628188507 0.73167953130394047800
0.01667220933831337765 0.02744937443660577098
0.18354346425731696280 0.26401445155632197181
0.68852111942998173166 0.70267177826124227469
0.53660124122399621704 0.56170405016032054490
0.67805816597675350188 0.70574437621244290320
0.51753438518163241699 0.56203277605873591671
0.96670750852383546814 0.98972083955778211717
0.86880226058221343699 0.93366514805950306943
0.47995266871829500577 0.48725834462857198215
0.63725348024285044524 0.77096860096942565477
0.73871861326188548169 0.77251755789462905888
0.32799343528096003286 0.41374565698624554688
0.06932337029543483853 0.21828081967953355536
0.14776615854698460506 0.18695279913735107780
0.73167798710859144329 0.77519780426549123042
0.77509701479570314309 0.87030216722406905649
0.87930918011480196927 1.01026292373448711714
0.36551511350739007700 0.53184537075021920405
0.63038315033236924645 0.70118143596325521738
0.43459203599157297804 0.48308224683753281381
0.81244193711321188722 0.94626489426402926597
0.82940757241424789559 0.84416952246907384083
0.48708690081295191732 0.50351225913287955827
0.42203693950112597388 0.45253354143046642388
0.61781339605142271409 0.70775106387823050191
0.23373900098933050873 0.32589491114473756461
0.12280600384395370939 0.15776239212098061571
0.37086678022823504897 0.49836110068958827668
0.23864204288012544342 0.24195523477840710780
0.41301420112375258897 0.44334399658671669320
0.76767458263934595930 0.84562501938068523888
0.40430403775447421033 0.47875760603591577258
0.89771336303895266084 1.01154461323541755569
0.81632556929934962930 1.07011312104128930578
0.12740638217936603449 0.26977694840504917728
0.79718412905412194824 0.85733207593217231057
0.90102911897668114261 0.97684014947174946375
0.09533425662763435338 0.14915424940448590574
0.27234106573919203420 0.35590837704805289299
0.83879122953547580188 0.90867573245501298551
0.48343027274324157361 0.56151326584147054355
0.04118525372896278403 0.12267440786358149718
0.56752137827167059569 0.64741979971828222951
0.01710099505193223707 0.02132561064933475442
0.22870615743688238464 0.23313249430465077250
0.70879303063749155012 0.71568183491145942465
0.63551846443979453927 0.79948180300450888414
0.04488691374296926301 0.05636399913929125011
0.64811177459431024150 0.80026494987581842100
0.43067460288961534332 0.58051680597011889873
0.44185816980570374879 0.50966600718522014901
0.21727749639836047013 0.23543498886358527056
0.62680696030386173767 0.78444680520662379841
0.70822258665354143048 0.74950090839637284468
0.30041559899345726681 0.41893232659566936871
0.80225394769395763639 0.90000814983039956196
0.00779886978437755590 0.04740426730430673946
0.79570229924313629066 0.96544777550947558087
0.44740615186238091860 0.50178373869472647772
0.59803250763991966377 0.60255377252990649506
0.66173988448959741859 0.77282840036278632745
0.44726599313822468229 0.74960181216736410104
0.19115219499029170724 0.26555359567739977855
0.92996209331413426380 1.00816457520575308848
0.61053483360236060484 0.63502576130753585204
0.22634984831043819531 0.29010871978524860326
0.24606987661727369732 0.49672235727723951237
0.02869192219552163872 0.08604428537847097491
0.57215045500681471768 0.71057431491437983428
0.59396182436652211756 0.69454850323189432082
0.51821649914479051002 0.53954453854421868808
0.44302381137752405715 0.56533555016519854153
0.52662653889207577951 0.60315851430730538230
0.60912195688353265588 0.62379303130711205583
0.03753198286827876679 0.04526298203905152612
0.59712467729634710611 0.68608680555017353964
0.34511302672423066484 0.55062204580703699719
0.53810401819270747836 0.58672841431874145357
0.66977131567073666663 0.67058528988577881247
0.63186830315461495200 0.75384059382660961735
0.47832340362984837601 0.63496545656136860192
0.74063024746695704792 0.79054005214173717064
0.90799030709449135568 0.91540531705461380962
0.48228978909282071985 0.70929269569748265578
0.35634168748761313461 0.41504139341063112090
0.09529344325117890258 0.11612435080013176758
0.21168417358740415635 0.33890343783884074869
0.71254647908279000745 0.79634355332459172416
0.76446093291437855477 0.81878342213700072705
0.66496716728027815968 0.76912843251966167557
0.83946270590314919779 0.91940218946225971131
0.33776611686621260677 0.38071277029508154843
0.08828526439603183451 0.08882720526026018082
0.83287360270709198673 0.86723621661901906243
0.50325730239181765135 0.66969601433002745594
0.56267653009722018442 0.76848096874905269527
0.77631750306789937266 0.79214910426781071084
0.38683662195100004810 0.41424260830775500031
0.02592344960233326778 0.09876047519641507899
0.63284504307835010017 0.70108932232763376824
0.96390170781357076280 0.97912811452219772335
0.29285565243635153232 0.34472585112577530664
0.06510795254884210737 0.06765107178688117839
0.24332401475718964945 0.24606461892785605472
0.57545824814987622808 0.60703986983768265517
0.21841959214117184773 0.35152297186514130933
0.26958989413130590718 0.37637791775865442334
0.03970291017788624838 0.14405284632870524186
0.44737697405131915396 0.45214346809205485656
0.49666718554376515504 0.55696937392907641673
0.50553607284748092177 0.63504779983692150047
0.08813938821813298297 0.10236155104741713473
0.04542439401571959912 0.06079953929657269662
0.33638937986372785538 0.34835516580293024447
0.26465992832051254968 0.31160150101797345901
0.97785962816636251560 1.01995510510425191342
0.72481749436258180452 0.90264840854809103021
0.89087721469235980898 1.07248239150404378606
0.04438621650268136098 0.05951065324906591736
0.38513311222950602497 0.39697541427256127777
0.24862233086379326163 0.32629590590168133790
0.81811851035826044232 0.88442521738038881729
0.34469442704263031363 0.50174285609637936378
0.65934561829099880281 0.68495013496017798094
0.80245045136302239897 0.92902512295418748778
0.53248607377560908116 0.60139182258190782004
0.05601618651575675234 0.07609126868146402767
0.16226577454528381961 0.25874049550543753995
0.94098865097948913849 1.04681613651124982844
0.33585846673357833136 0.58976159729314037161
0.00641573493447659959 0.20429088894038788249
0.75820341346394548587 0.77437664102488867890
0.01232851993544661212 0.03836767786004833397
0.15144431759565693540 0.34471392336577422189
0.69404082074527206903 0.70974990731047860049
0.72041506716321934700 0.91642797093976413603
0.25115342056775591395 0.39219600289880451882
0.56724049203022364196 0.67858552652257708715
0.25561631850746452388 0.25753705608364646507
0.12087780677991077916 0.20243263831915370154
0.19073516274039697960 0.28588922089790985703
0.61624426865429149380 0.67845748517797144217
0.42090897579945130147 0.55165728479188147482
0.25227492451463107148 0.26101276931314709717
0.43828970455569177256 0.44252294780915096828
0.07364606631738147835 0.20777743996862629849
0.76957015198327161087 0.90368962503245220397
0.45803277802822350839 0.53107363013187181000
0.80953452638009770759 0.85718744516222877827
0.84997478220479016908 1.00234052639297899212
0.76849263915420851223 0.78373032126975206157
0.26601243559836706964 0.29042855894681607332
0.25412303240178513164 0.33973290749354179141
0.50679120006610400839 0.63992032393245057431
0.57072695734275669111 0.62787318482158993582
0.74878624019763440067 0.79718411035587122271
0.32071185500914256572 0.44714781626694022343
0.61127433997738267468 0.61683106782878083241
0.43034813158156681734 0.52336406613112596009
0.00007896483407723864 0.17968015943142154334
0.34961675120438595599 0.36336431694632054246
0.19095146553761710440 0.36517787286915759370
0.64709056759109795376 0.65386991901330515642
0.17982165997078283781 0.22429059020269623281
0.71640276631066079904 0.74292981041857564239
0.57193134823042601766 0.67088205167989611866
0.46482777502487848675 0.48697749583272453844
0.29911822880274924197 0.31091532782121505951
0.24836142099996849630 0.37074243819741070638
0.10122153250922073797 0.27010772161887164344
0.00508820279976822387 0.05114148120048984947
0.30775312566876567022 0.37025157078051551540
0.59959620713457306707 0.73057464316959763728
0.79794920288402770847 0.95679185375520481305
0.05938198376481387819 0.17150837427576490213
0.85172063231486272450 0.87511431457453126015
0.29645235405902381487 0.40155453711682675966
0.58172660913522622472 0.65815636545531575052
0.80997894399285874645 0.94929114030760064491
0.46168160458777207644 0.54160407730544313232
0.19892815210219799704 0.22138084951927033961
0.19945447119562026428 0.40193368831525960738
0.34543138443706411511 0.41687591785408828482
0.64390613114690786745 0.70482373957558297484
