0.19742713773108089281 0.43372727075181394252
0.53022328599729928733 0.60246542646028578005
0.78503101698329291747 0.78578625839881299786
0.35572471162668062306 0.47134251591697862160
0.41653528462634836771 0.45625500976534572040
0.76640030214073040504 0.84928049471262179182
0.93045475488107842743 0.96900666762916309871
0.87289777000630042192 0.88683265448544867926
0.22695552663162454898 0.34373149885583331731
0.64757624450823281226 0.76553721139198172008
0.12523386008575754236 0.18066097777229461752
0.54958493735857416596 0.60376132324713771560
0.06924798542576343641 0.08407349356070220603
0.60542081872701092315 0.79083981238882317122
0.44861408024844068310 0.59918931383659379541
0.91871993036565657853 0.97741203268305731910
0.79661655851679813445 0.90820205253810981638
0.85632565305591190619 0.95251606177243941520
0.39528443769518833983 0.49190096298757585158
0.83416930949008505358 1.07343608282972957646
0.59150008833723477508 0.62647562190537620097
0.21415091756642343213 0.24806970617233972676
0.14713512450373011919 0.19045862570571514549
0.66099002009731944174 0.71473161337286261752
0.55740333151103693687 0.62110485052423758390
0.03142516867288228793 0.08003152188076531615
0.33243020313891707973 0.40681666375460329155
0.49125255308225107553 0.56669977891467904207
0.72213771627060518998 0.73289336939268900917
0.43576908064063407666 0.53733295580853868145
0.52115003826288319733 0.53659047504405721352
0.01941127325717088847 0.16284814921129636689
0.05792078939155485134 0.08229853171315673621
0.83141123554368578930 0.84357303473150779816
0.66159199042954330849 0.76486544161007685716
0.65732775077538641018 0.83064459066163542911
0.22066716838159683434 0.27326227304499850490
0.31047253176553590848 0.43000507807134646932
0.92212979392637062226 1.02290400193124053629
0.24098998632850476831 0.37810456599079422801
0.80751319291529988220 0.87255372273305309427
0.96344522238996821439 0.97741526800103606387
0.29870099148835899117 0.36871710367588778068
0.64227486461741967183 0.80547886740113394666
0.25429550093979413905 0.39135855566949195872
0.88072681539934505324 0.99163339832740482471
0.01069412436062600058 0.26856096156874165182
0.39304884696515368647 0.44979220477118103672
0.68131496772968846987 0.74075601250136513531
0.78449527081888204005 0.96214914304386922606
0.38188900313027862587 0.48702407388420865253
0.21519367661952323867 0.27123444546031461044
0.66035802334150606185 0.74835017112034307729
0.77997475586479292353 0.81326510051359646170
0.32748856881013749254 0.38711506605599604880
0.05922294721200740963 0.13559797938773618386
0.32020805168857413570 0.46016320292507439937
0.92583114311575742672 0.98503673465870067449
0.43847274613645559338 0.51203491155688796166
0.07074530286276811686 0.12625713150126030571
0.56119763928602017788 0.68267507739539878830
0.23948368509095804835 0.30501073581883253460
0.08957655135770549448 0.25507591457393108403
0.85181588287992393571 0.92794480953405023005
0.85625223952172091479 0.86570909451719812999
0.11033109383908271117 0.24582163899442230348
0.20201319311991350336 0.20801314344180987792
0.45085159104234140415 0.55951528787939075471
0.29590801553490558851 0.49794200433956087304
0.59520725438666421958 0.62949151528320590465
0.09534201808417072654 0.20745432631573348936
0.68214947119682523002 0.74305726185190867916
0.95530319842985267353 1.01003049736386185664
0.33761549329106432804 0.45530428908047382297
0.81509309398066764896 0.95630376720401544244
0.87778473821642355457 0.88826799273206524798
0.68792739596328789098 0.71521292166242989019
0.03361493287064858115 0.05241449418589612386
0.38925089569907572740 0.50183668842762041429
0.21239155112572816186 0.21597584576554407221
0.16226200900623466428 0.20594825773635017097
0.63508052215212362768 0.66164112333284452738
0.15633519250224320318 0.22622619884826494774
0.56687812560307027088 0.60637404815381279466
0.47063218019195518504 0.57119778805897991614
0.60455691506925890444 0.68410164633650305532
0.74309672889993172440 0.78963124437745335626
0.55816091626110220236 0.66280044060756526658
0.14124905186512956567 0.25029987501798584004
0.94826829829151093598 0.99225598072965448537
0.35387711957665446416 0.37294303644129211950
0.31228830151188974318 0.32750897422255814684
0.44135027618749422818 0.56593283544505823546
0.17952124841835620517 0.29562966353747816006
0.27736760740535187919 0.38149884609668022195
0.42135420094973813354 0.45569759866524878200
0.51279148351864323185 0.71331516225507163309
0.29569297321188908745 0.37883901891927723726
0.04332285359720610546 0.12943531220378901025
0.27470990077668328011 0.44440599889287574209
0.55121208141827837679 0.70518733917318843218
0.12555624524384592644 0.14949943112928962274
0.35654269695362267312 0.37274076047815235535
0.48351454170750218786 0.58865891090669109076
0.66757465587974340604 0.83423568928440949843
0.74292060652959568401 0.83847288789873153370
0.84306411521075097504 0.88738245905830481775
0.29906134360291902752 0.34955411824575821633
0.55619856741080919704 0.60138840708996776918
0.54392828860355235676 0.65882345482658899449
0.35156716660828346566 0.38647362798987205945
0.40506692628511142829 0.41830013916413077979
0.40439185902158097941 0.53931262016378789248
0.35535729196736787205 0.40579507851105078853
0.31970119241406325106 0.44417917553559826960
0.71015485139611400633 0.76756885358223292393
0.59061436035264291977 0.63952586877279904432
0.07135539394303783145 0.32433136579296562019
0.90664194774801820653 0.99175396101733859222
0.76070261283545304032 0.80370581009047414867
0.79962121058845669896 0.80621974751804093007
0.18867418652805256762 0.32405164423407040175
0.64933083757573872852 0.70141529476481156991
0.11239732026235899065 0.14394114394546048130
0.94835046768456443544 1.04427598056468662335
0.47322039660313913734 0.48129534560690828693
0.48204590442588240995 0.49905911853505818820
0.53322545621903061352 0.60374069513465911108
0.78046891039196653050 0.78126376958562115949
0.20550074442584809198 0.55147952809471334490
0.00170441057379328714 0.11568481527924473484
0.28771620907142947399 0.30840900323573883224
0.11488158536945396182 0.25233234706833723715
0.50701567224500188047 0.66925314246470835045
0.85505980607216525158 1.05727606089322700988
0.60185340295217304440 0.63588402965133805633
0.58575650902780795892 0.70908017877523865646
0.56918708850314836400 0.69335653271331565417
0.45880665848822183017 0.52488893719696894102
0.77328871309843016935 0.85984962256301045169
0.03529628551377574780 0.13007539734502146511
0.67797107804772793749 0.73202561079574612890
0.76538345428542342574 0.88610582185509367825
0.18697951788514652338 0.27055295637840526268
0.75537885429945472726 0.78094733459299614520
0.50568858516087711319 0.62514070021662704324
0.65187720345081723305 0.70666554103538714582
0.31226561174506584084 0.39121044238430224826
0.62532420205128691482 0.69693077558183247344
0.67015132807282840055 0.72186876904179819725
0.19118264514995952918 0.26865755014339598450
0.04919906306751781200 0.19132794665887825625
0.00269612110024975565 0.10323424252353519126
0.54832594304615489555 0.76266027362340071960
0.11191970434563168479 0.26285797837054514225
0.37121362192052798079 0.45837018836145193568
0.29482977582419811480 0.31670933040033577566
0.46385540844143524630 0.53521668662656618487
0.93521358870921267314 0.96927469333601623536
0.09578044034111433958 0.22271540232720721253
0.32854532482653037162 0.51115586467395490722
0.73627554301911268819 0.88108653912196432945
0.41376225147467393661 0.60702483286807407126
0.21360276896638955013 0.24598761607790106676
0.71783786850236086519 0.84909776267814518480
0.31118429372138356470 0.36028678921130885549
0.80437616395357436350 0.88315861514075788552
0.48647955775155748981 0.50632294585481263383
0.33040569387747625862 0.33527650973611405893
0.67276156457854163762 0.74480321807371474563
0.70132675484492346119 0.79237533672553606134
0.16189816834837861270 0.16391295760701735107
