0.94995030501162636138 1.00598915461972970853
0.83977275472673562629 0.85505953755655317305
0.23141698824476045204 0.25337158342460386340
0.90934214033457971826 1.07574303384261238392
0.49303064430652709937 0.64523091821912004207
0.40371287828830487721 0.40527799924019486388
0.78281150644856323240 0.85875298776200659212
0.05405066127647553675 0.12246815812851694072
0.29390571865464704127 0.32720957795008848157
0.67442885273900488041 0.83552751024431926030
0.38604966117052613717 0.41343297880668644639
0.97410839034155949356 0.99937733383839932877
0.22041197811032106624 0.44867702999795766594
0.05531421824349668642 0.13195967795573015913
0.90343779754870023879 0.99138463021980660628
0.40827576748083960201 0.47211189842379519543
0.65607725696901553203 0.84628122524716931085
0.09212717886304301607 0.16741767987536915197
0.29329601031867058580 0.31180513437678847311
0.93819508597124823268 1.03576917538212009973
0.12400577854080058193 0.24108604621327051065
0.65879006735385492455 0.70261936074517672424
0.01462167325830691922 0.08258015958122984224
0.05277194083503206068 0.08393572414107536295
0.71558586781977417957 0.90220825148468897225
0.73923848594601682116 0.74904252087279865613
0.76518317317151418600 0.82441064865209012780
0.09414163303197607691 0.20830528299219441823
0.31305879904996603003 0.44775823218007015925
0.05143091035620095397 0.28506949595527641961
0.83392586001500745851 0.85645292998937572193
0.17564372489589877291 0.26279796888725331927
0.08545109135559156299 0.16462216193157810928
0.23734386864800369188 0.38301127058023498595
0.02473380179535210333 0.17052543264791497624
0.01531672945156931781 0.07969319124570878321
0.55516962624557575356 0.61744148496640505197
0.06705986498271959695 0.16789963981318073438
0.41622579426997102781 0.44523352394860066239
0.82132670558022891072 0.89183233097456970917
0.67902104848330790965 0.88688537743121309553
0.34285360419163901646 0.35614012120177718224
0.54478794840072652939 0.70882689095753259600
0.31777817875494629440 0.49716471848505872089
0.95903363551793197050 0.96009786049286793830
0.11415670044013061235 0.30172013909704531454
0.67295306345887317967 0.78772756937254362342
0.27900127483662201522 0.30747799122636737534
0.72289791307370920848 0.83301819510584484973
0.51596891590774485170 0.58969394674606123719
0.73587221849293704690 0.74889792681790534612
0.94489432589216348912 1.00875591445806311874
0.90743040270795527480 1.04686747844845418065
0.56882862011448698247 0.62402189177961253641
0.16259650995832858333 0.18365827827158859309
0.61477631946779087713 0.72919903293174037628
0.95572987235049455812 1.03731942135907129199
0.73710542955753965977 0.80355195750312935488
0.65465061437028937430 0.67444801290494404977
0.28394910179150928409 0.35444871944949424281
0.60136196137276776152 0.64741577663462701597
0.09961472241603860911 0.15444073860754239935
0.17636554414374971955 0.30525407211515442896
0.25810648376830580553 0.27782891579941715321
0.40159397572429300638 0.41923339686174232455
0.86017463354563117317 1.01822164748672583379
0.33035284488451815976 0.34864977370778532650
0.34214539141222638508 0.38236066649449623744
0.23072001571157396693 0.23341172336420556999
0.08023006557954119600 0.10045630411810098359
0.91802064936504113035 0.95259120457496115897
0.41129949592220793608 0.44770630914542175471
0.29369179649650473118 0.31655371697930284602
0.85925682417626114695 0.86578964930582846815
0.71108086948518867132 0.75232934236252502203
0.87303686516405376583 0.96321873850060824029
0.20672096906822931550 0.23432525479068103125
0.08140820987432635658 0.15170557224358510728
0.72845152687800363012 0.79250844883214988101
0.29034005897201231594 0.50861959032892312127
0.91714058514057239524 0.97893904887890459410
0.05173603525293964112 0.09565073522771942727
0.14104915134570511492 0.14966314753840109786
0.85751332328051821374 0.90467498340371144128
0.38957808396302978649 0.51063018605037191477
0.16977834975909830706 0.28608397022571768753
0.12134434759072422472 0.26099988974124921359
0.61796713468903130551 0.63175534308618075396
0.00220773491345406178 0.02184176281746484996
0.12360773822396670107 0.19666690780317058751
0.05870519700552059156 0.15873232847508586540
0.78524498940613229880 0.86497958580920786265
0.48357746186602462712 0.54527971286206800006
0.72421138552228658813 0.78821197945010623709
0.21832920274302108909 0.25583517250230264350
0.38843028904521836875 0.60952486598013966290
0.58237864629518920623 0.58933967517277219272
0.07246303134772319465 0.11895260561440595959
0.54430282320243872363 0.55109052811000358574
0.71584273806093856596 0.86623084679223405491
0.15512338684276258394 0.21117367553165980465
0.45133002899722851620 0.69066719512082286325
0.82737875518606218694 0.84814982793450532927
0.30145876484625094838 0.31163398853099449903
0.90783715630728623047 0.93842761788484918561
0.75832173713230865975 0.78747458355113575390
0.33250545217676752419 0.40784127789857838042
0.75712180123742367499 0.81417508503211122317
0.78560665506329485641 0.79635189884956136819
0.22654468492253609924 0.38222838752295240639
0.73636348069238399816 0.88313857110296312136
0.21990597895907729176 0.31407116279701219330
0.36877832795309950509 0.45411277820518336501
0.18916199339170655658 0.20905102066990435827
0.88381108517312234607 1.02882826058127929691
0.93740404304026991866 1.00521642839307534523
0.29233879171172338918 0.33430009179401543040
0.67870289345753653798 0.77604790150057145759
0.45639606657262216105 0.52985072770291319344
0.71725174228135979426 0.81967055253889209432
0.88069222056734264292 0.92482710053245931192
0.23802398264470081557 0.34317930292364007272
0.55130861810153986013 0.57738593781981961683
0.35853950822494895512 0.49115759062452224448
0.32830437458559880159 0.39512617906670299828
0.13708828495392846869 0.16731176019276836064
0.61732730701495952541 0.70791561735502706032
0.14798952389134115148 0.24528485729240598334
0.74521205884011221254 0.78716352436467984521
0.42853730184023314242 0.45498198984089383012
0.00952809727782709219 0.02750671761720525910
0.73027184514298282281 0.76590452788952201324
0.09221042292274450602 0.25192542312452048670
0.52437006678092124012 0.52495277279364582768
0.88351468400382648927 0.88481246680182479292
0.46586094588064697053 0.48853344286770783444
0.82488043985860015628 0.83532930458995890977
0.62901819515518042625 0.69762478735900235183
0.58455315072202829185 0.65468336343245092657
0.74214966339607058021 0.75066414581855867016
0.93193429826636919877 0.94623370508319437633
0.49159657357774177999 0.54889047554103609361
0.15571583737929955982 0.16917420627583118486
0.51600684081696257532 0.57675408135933425857
0.46780369758903783683 0.51446757001856102676
0.73902245143148226347 0.85026669597422266378
0.57807993901622922728 0.67911578853810938838
0.23513257697330713913 0.23811884516744352691
0.39782550415658063381 0.47519733649924073005
0.22586994204151422672 0.31968230662661301089
0.85934500594951157559 0.87197415000407607621
0.88952492656606307886 0.95019497612436387701
0.47637679596354037814 0.50681887088045540768
0.79367941114066276054 0.88795928359029374644
0.63325325242906516099 0.66747965326535785291
0.11878013221763580876 0.18217835897114656452
0.10892589659983915873 0.15394101645311281112
0.84818136827838386260 1.03713842682206802692
0.50536986546416695631 0.54608260430451727174
0.24232283466498877322 0.27827961931011696572
0.27320272367961573323 0.39272891514038699157
0.46696419926007465273 0.54477875957814070329
0.46239011469334667659 0.58902176442238030063
0.01940573434061292069 0.23729847972121337341
0.49314199400298036613 0.59882624231905601242
0.58046759214513365954 0.69070771368724703798
0.18501181348954959249 0.21717864664131986130
0.63614435922453727024 0.67127447747412949397
0.64568689277479707211 0.77137287063129666986
0.55588344831703317972 0.58813570745985654931
0.15444944722208328591 0.18900859857298382694
0.06463432335282839891 0.33196855990032436701
0.92484706755606349571 0.97699714980636154227
0.61340359666390020799 0.62796438911046936759
0.55732802720698459975 0.56475610595883740661
0.42341463354407016251 0.43258602769701515189
0.00376776370348901046 0.09661262305208780099
0.28769411031058655936 0.36571375653601645439
0.53603583486032990724 0.57596076539502816249
0.23884172858744850965 0.27999838675286031764
0.92526907866959318127 0.98693508650509698121
0.47429213096331307442 0.55802061066151575908
0.91047496617061196567 0.96078293746438503398
0.12737713395702132679 0.20518314184437569381
0.83169794855274725709 0.84843665397462231237
0.47377745302532969784 0.53836660713328454708
0.56079961895987184839 0.71118679747284585524
