0.01413973817937979466 0.01590511911220077873
0.59409369029220648883 0.67010510537303979994
0.47833726753744076898 0.53108451610592777303
0.23327219473107391190 0.42742381972188220329
0.18278360566721224556 0.28972200955792987154
0.16416767159814971144 0.20736313427769115236
0.77991003541606307436 0.87382071614831846595
0.55834423795969745363 0.58645262234246131605
0.93957710245478842648 0.99564110702497410355
0.07466331681993210179 0.07592809331083116842
0.64225893850207493863 0.67038714542303834421
0.56549603879759025027 0.68516090799901196995
0.49783913210554231465 0.51741197917223613612
0.27742194317875740195 0.42883312073668516939
0.54134193111392703290 0.64923665685418463500
0.40461745663922221716 0.47236692540941871421
0.19568322672133722784 0.27970930869790600060
0.22575248131933925433 0.40551224420460929565
0.85183594875257906409 0.97594402920260492351
0.08597493446881937507 0.10208737620553948178
0.83999758299288052044 1.00420857713188715898
0.22358498486733113797 0.43072275826820949352
0.71960073661092205377 0.72985556808085649827
0.78169925462598721655 0.86222667931815222264
0.24309916437109674314 0.40637821096500043039
0.50946030875485281975 0.53203445122566228598
0.18724405997219484288 0.38384076287163104713
0.62808120205745598952 0.69849414476364835025
0.39384220135920228190 0.42909586727507259551
0.12585584665502619339 0.24193998468482552644
0.26664596548629576622 0.27962764349952734522
0.17374556631246368399 0.18743241597543408572
0.83198302273008806207 0.84576708043027271078
0.07660890811785964205 0.13539372205089555967
0.85169892996598239865 0.87237819761636170579
0.75545167470089058526 0.82887301871108465257
0.88195988944474312810 1.01232301945960823097
0.28165305878633395409 0.38631854219435002307
0.03530420880939852402 0.05543659561864502927
0.92890953562925604459 0.97387171486582757574
0.30829110070186444004 0.32127103524959826908
0.62011458798306395845 0.63803259036824433448
0.61193163174289999517 0.62094174898679588281
0.01152345462264824094 0.11281468699285381041
0.71358495746921213332 0.85739678137347064002
0.35392613988511967271 0.42507662441998550484
0.14887675926640298041 0.18849759745405358924
0.90848056721894643317 0.97560580549306341602
0.38754046690332993874 0.47175047995238267307
0.78767461262591187410 0.81029171440204217358
0.39361085722665473119 0.52558002539858628133
0.94964961899080857499 0.96532629119611534918
0.96028622206291591734 1.00896288731004801775
0.69332273027943058796 0.76031296057516095654
0.60598223430850950422 0.84298947361683262969
0.58021810353540637095 0.69022091231810356327
0.22864380976534384726 0.25365823642919277381
0.27746770057542136101 0.45670656570596745993
0.75462774629573303731 0.76624350251603934314
0.17981555308248181602 0.54991797424759703006
0.25405781676734007224 0.31849105662860710542
0.96167156113362550762 1.03333710103383880075
0.42852414480709505318 0.46437932155320377214
0.89782251076401475842 0.94294251169619336395
0.83994454823521524922 1.02321163689996064150
0.61446147880070689506 0.63348523194175287987
0.40515019680512781575 0.46390872148205414272
0.19390116608096397144 0.23282468056840643911
0.09789135599108388097 0.16480239660320950001
0.77252304298939078464 0.89787149369601459981
0.38490236082172629706 0.44382693949256163402
0.18299710862047380289 0.27397020553822004629
0.50716149985667058342 0.53249934013500010987
0.79503065202824951818 0.90648562820180078603
0.75675709688948911147 0.81498549229911521063
0.85043478949252593324 0.92434225925180069083
0.77285218790467713479 0.80726288801798118389
0.57165103472830247622 0.62077903122329913810
0.18578710889029323439 0.22467801955095426103
0.08181579150165137204 0.09882739091304941492
0.45967831375677797867 0.55338876259294922377
0.01799193544839955763 0.02455474043890875854
0.83106207461180281459 1.03975254641800574085
0.15352480564423290343 0.33591873696647822634
0.06126454470399948782 0.30164136058874641000
0.22504012041257995258 0.33120437149928394494
0.42145645841166623491 0.52131054022535261439
0.00282463934902046215 0.12216685104961153008
0.86693646690047432291 0.93289827097364319552
0.73039882643742060075 0.83000255590455140897
0.54568446893497224437 0.60453366961414234382
0.97347925807001445264 1.00472884895857350607
0.29847827444258479002 0.41026736824149800942
0.31929687121233785163 0.37209653773136319721
0.25345563204174181848 0.30648313436606056115
0.03312979353446337399 0.05923381601979100380
0.35141412793676912729 0.36394795719435085735
0.81744189377061760027 0.84634481874979861082
0.51421081387248046557 0.62670991516661433973
0.90886215990442664747 0.96383622411392355644
0.73021041904576811099 0.80444216244702082541
0.49047348933124601533 0.59687834114161908428
0.21722217256693887588 0.22372252083666943623
0.35206879901334880989 0.43379076768828267463
0.22050637999746164342 0.23366589669856246969
0.88132445751521049093 1.01140580432243543108
0.02815122719356141084 0.12917920490949122425
0.68493201088442123847 0.68824648530235932320
0.45591398395182591852 0.47165872038291956070
0.81281660249645626415 0.92703897595102646711
0.32614158244733926217 0.41448840997189151381
0.29025732517294888790 0.31331050898224355183
0.33328489675084332911 0.39326506138410238789
0.64408897980394386185 0.70298591067900340068
0.93424193746704975450 0.99479781472322603708
0.80671511862590672415 0.87521525357701590586
0.61739204363455413294 0.73586283291751075630
0.26814341342667580292 0.32419889131436563368
0.86419465810312279253 0.93139072451245263906
0.08209793798373621332 0.14170866850993391051
0.61142221095690951760 0.65260331393522907906
0.50903366437742170181 0.61916498352990478882
0.92483472911026609609 0.94722873875341107031
0.11607919924719654892 0.22391395848873374419
0.53288107171833543063 0.55207096382136078283
0.87337008315054631691 0.99966651362874403564
0.59602160279436888768 0.68553351843765331086
0.41376112903196199388 0.60151607002269091851
0.47656325881787509058 0.48919571299682906851
0.50889616370581980398 0.61857542060895331915
0.06739040640414882544 0.15039968675352355376
0.28208517901543450623 0.34979814387233687523
0.94515898531199760146 1.03205102062155051890
0.23253082446550196738 0.38448905926536847133
0.19798182140626993664 0.33838798609406095519
0.57191741613542779188 0.77257431295189793463
0.96921986504932888806 0.98403103988217410780
0.68218879989207503733 0.72690251002328043484
0.12030380580943110524 0.12850046319471811196
0.02753420831545839997 0.10850792978153787904
0.49067682918662725022 0.58501386504765373608
0.56402878717443982737 0.56866870515065048863
0.11664696377830785501 0.17143636781956339554
0.45186577698311203299 0.47335698863547515103
0.15484851795144088937 0.22636602431014424264
0.47242666663115129300 0.60879441152165203466
0.23020740861516372777 0.44844126441638687552
0.31024528438241533168 0.32748294327806543036
0.16400765617844928479 0.28799124284692922959
0.60279537890244228038 0.68040761036951979968
0.79572658204991708608 0.83238421039209331553
0.14161901057076653476 0.18036445448213156428
0.77436975004606134476 0.86198712903487129111
0.27959490627474947733 0.35603758989472444885
0.62571435927499674534 0.74358145832878319581
0.35371487401206141987 0.39005927485015728928
0.11934435052218150819 0.17087307313987498691
0.94702221527690044756 0.95347908930304525743
0.59286767745469037827 0.64069820276637790002
0.14168401986484829846 0.34602403992469860095
0.29064834913848203168 0.33540626503286208315
0.63505728667897087814 0.67251292207407609158
0.21722052926502799508 0.22110529729500383311
0.29684838945290092926 0.44426929723321550991
0.34928494688802441681 0.39507806059416566979
0.91396717398182103498 0.92866751733298225080
0.18285257621366485248 0.27063224878337627244
0.92097981242970472504 1.07430460570003005749
0.41450877602343971784 0.49710784385160955434
0.16525954433100728536 0.18082227900155536937
0.91371739105248539481 1.01352016526380594996
0.32355217931367813433 0.48861089244391903152
0.44210667898337902004 0.44722096751127698999
0.48872855197776698954 0.63847470462276201264
0.26653964683748987419 0.51853659604411084239
0.92046600972930270324 0.96700586158935109005
0.49040805994709385507 0.54727139216578879477
0.16890484351765361337 0.28193904627451288336
0.81979939394899092875 0.90731666132224453314
0.78940491687726599412 0.84348122832068994637
0.84208725066951595206 1.04962047762089216718
0.83480539649551754877 0.91941562789753827900
0.43603336797446590190 0.46308071456946642286
0.95149519369932356039 1.00197167374563056441
0.83940169018948940227 0.86801403953203459807
0.48887382179384020198 0.55751083148167723813
0.22593994281421012071 0.24411398080576532377
0.65697861025507631183 0.66844058668340533558
0.23781500683412556962 0.26654903089526521542
0.50126840918868653674 0.63874458364627861862
0.05721704672942828918 0.19882720819416832558
0.24565890788191852012 0.33454874615366131385
0.34819222434157731660 0.42046546887800256842
0.56699260481286584135 0.61112348183205245089
0.57697450899492908061 0.57856879932278737488
0.10418800548951075158 0.25717429912763872801
0.40698283919809324916 0.45477987441248729494
0.36317714285246438521 0.50187572346647169041
0.73378535011885626105 0.84398093370527549339
0.76534785706580488185 0.79473691597985707258
0.09316960068101268200 0.15704239360690594451
0.47413008335924033965 0.48379174911227251776
0.86921913769624314927 0.94161734888929105036
0.72968957880140516981 0.78876149627624336791
0.56738522092238319328 0.68455436110123735194
0.29688512732231919777 0.47188569221822906918
0.28189281937401811096 0.33641928863099812563
0.46496693161023761043 0.52581110260314933846
0.58655784862160276205 0.65372559380349426483
0.55576280128155675087 0.63585958852564927746
0.02460689684529450416 0.06630460277372250688
0.52494354133858089906 0.56200454973754798704
0.45065920287248745213 0.48848631746339393755
0.17052157213913893274 0.21100504212687670735
0.27910356387391677124 0.32019081332624854674
0.63930603513249351089 0.69939586893852001559
0.72051046305440935580 0.72249261952688514921
0.28651444091665551062 0.29072918368543315681
0.75175420210714627434 0.77728439656779479972
0.34730943778583556192 0.38019484506682055258
0.86740274087995938856 1.01235154466727994560
0.19690545989724084208 0.33619425922882562041
