0.18297314237397099834 0.32547060218180157154
0.87696004846314734582 0.93352400396769719126
0.36068637291748700813 0.38486464566818184840
0.12235434818636972687 0.20676263211700116051
0.25374604655907767592 0.31302035119792465112
0.64908601794034759269 0.71817113145845723476
0.14107899466649378994 0.23565751389675346217
0.81870946423942247971 1.02286375115296346294
0.17321810403187326566 0.27488415610837696468
0.07493656347223405512 0.26503864213915756531
0.78669688741108267926 1.00256266121607673369
0.15286597276930002920 0.21441243223920847250
0.47953863473682623031 0.48204180842149657593
0.04814194407897402078 0.14779347275895124425
0.81359967069957872532 0.91694942929538547638
0.73622344325523947361 0.77425964440850658654
0.20451553618644940924 0.26964924917138782812
0.80567417609395020062 0.83885325609288841076
0.67813172547255273770 0.81656272756766590248
0.76473992319892725167 0.83287287068195026141
0.40578559988128704017 0.53301601062546055676
0.50150036059454683457 0.65932439565196754305
0.18683873067380032951 0.18988607896919371121
0.95489420153446413764 0.97361252281423360522
0.87909798441024289417 0.91105516560302968188
0.54797957845349620776 0.59345977038855379782
0.11842710901967057335 0.13719365922873361097
0.25145299950421517998 0.29902129777455077608
0.51236305080103394793 0.64600211160071863148
0.39075708237906464637 0.44272453995463073584
0.50924127605542346409 0.59203697940258881438
0.31559349674121911500 0.42922014483898957016
0.86308204855515535669 1.08953878665592518438
0.31847333815611894581 0.36763635818487599982
0.00186886366091914766 0.04095535064227245892
0.70055055225723528167 0.81084252697441261404
0.62464800100402606553 0.79961329055926122500
0.02358172416231996832 0.09663783407305959194
0.46714406876565245375 0.60996902380336426308
0.28581060676669989284 0.43742725877365185028
0.96696495712707020154 1.00116344395973255743
0.00341340753919810655 0.01257284091511085347
0.26416911247850410893 0.42750047966046339498
0.72189501905492170497 0.73362238638915078237
0.53686874437119491699 0.56849976021848636076
0.62384159245554282602 0.65943993360998154341
0.83833219129295155625 0.87957690531090060304
0.94576583305667227819 1.05274339044613185479
0.85648926961964144677 1.08811557184037011048
0.34796762261011432438 0.43087770095600158582
0.33772903805360526830 0.41894130942809498785
0.97608971716936721030 1.00023885420650149314
0.08347517548863979397 0.22217758803113896171
0.90212454100667671675 1.03758095405800698785
0.66311774216906682611 0.69243129608645803685
0.85467657509255090531 0.92463570125260763355
0.76662180869245877268 0.79770579534952967826
0.69611121249334639849 0.80686377769677597449
0.72554964017151868383 0.87506058825033705695
0.02642947440569931583 0.03973501253376221509
0.47656686312916235471 0.50263914421380351261
0.77875142941248542972 0.78907483581169957088
0.06893141972282884611 0.16944750176308670531
0.66971100863257526647 0.75835299740158479409
0.19338706598354443722 0.30574507195962835615
0.00118286950110745720 0.05732599999426935683
0.36945773993516872746 0.47255251190190772359
0.01591169571986464706 0.04971131930171043822
0.22230014099290465457 0.25970515105403263467
0.56227892057418216165 0.65422132912801689297
0.71012790636281464263 0.73691658645653557169
0.70163685641877271415 0.77575695602983008037
0.29260206004510369571 0.36553725374572365592
0.18829297267177277919 0.34512101233449432591
0.71057119757484021871 0.88831007626161861968
0.64085873451794495015 0.64154141590195490341
0.53133402694605580407 0.64179333340655486673
0.59146884254149811877 0.63472179500971337429
0.29129168342969846695 0.37118731399821858208
0.48676125373463119406 0.54354559062952645387
0.24172523088194647345 0.31415475653620189567
0.09912106683450844224 0.19227286236722601620
0.35332142816106726357 0.40484759116179236393
0.83193300892982591233 0.83652435700338989566
0.26287567228083297266 0.29945077389997032391
0.81313450384260788084 0.84215784446991559520
0.92106939242249974420 0.95402236537544871098
0.77811347971280520053 0.82710602883941974905
0.07325947596766531345 0.09634706938727870262
0.14280971089500588134 0.33319889670400654191
0.72761228900839847178 0.78758577844551291847
0.81289603943573762734 0.91453312237717021560
0.26894416579216456897 0.35268238445254790348
0.07096354685859444789 0.11876004339718655711
0.84752445231524531355 0.99484779549525270692
0.78497701713464251849 0.81709553571389414994
0.86276516830999616658 1.01992253845058522543
0.30033236911877086994 0.42698198346189936148
0.29208125566285397801 0.41469977363832205564
0.64615250093094678263 0.78490159108125245879
0.48029882148153568711 0.56944967584761252422
0.89312546906142709080 1.00743996210572817063
0.41942928939355855755 0.63708605231232939836
0.64469893036143588461 0.65769172898320049647
0.73955633017525412853 0.74782121514470611956
0.92965993500206134392 0.94376646178983780722
0.67594833979482904507 0.71883778197709069513
0.25422271917670169472 0.30466064756545430114
0.37794398089507985627 0.47832838379921904792
0.69573267555967011067 0.79516253574417439243
0.46094088539195698928 0.70922954054866305107
0.82925572623640608771 0.90012091997619270156
0.19929844477521396762 0.26357134203455823140
0.70168723665242460630 0.78867805060393714189
0.66697133904933436632 0.66750037754422986147
0.11715043512404667292 0.24632989968115515111
0.16100738219067156631 0.17678051020785068292
0.54475687038324815958 0.56984697314530796675
0.26478407262216452356 0.32055176038305022157
0.37495495820843582901 0.38739246005830885178
0.33337143972690314042 0.33520545658357853158
0.11750203916863265208 0.29102000396515104175
0.02694723491690766137 0.22067077571254245516
0.06524952016799953625 0.09509804042320638140
0.18494545485229560433 0.24961053834694815756
0.74889928570921560080 0.88674339955881342767
0.46832046810802546721 0.48399862947211419462
0.81815589677100164501 0.97902405098058165045
