0.25313823933663298638 0.34369730268774884019
0.18389653612349471379 0.21928274881679060693
0.45975152200540186920 0.46385489879276659009
0.56922710920199293128 0.69995739210014451537
0.58944444461676059888 0.64089851904941452787
0.81966849873341829369 0.83737414942902466120
0.28487023769215696900 0.30075689762460294796
0.59279739182271129483 0.65886141113303142713
0.39145393220336388573 0.53548824108337034211
0.55575259576802538142 0.57755959047467197998
0.90231570339615074783 0.90376174517410012843
0.75702882037701413331 0.83403890830049842720
0.15194802930957165832 0.26604347607626355199
0.97986845751362816603 0.99771814626401023052
0.88894240648509104119 1.10470924667120073970
0.56629508403264650074 0.59171741160555824113
0.71274279891779623863 0.84603448240054002216
0.51855851149813714240 0.54559539439786741699
0.71440616660794642456 0.81874901308283187795
0.12786114791804611968 0.14092792847728743966
0.03749117151311763541 0.16043233502286535774
0.63794828682794135766 0.76086514743956135121
0.35121671801869569496 0.36331163614198824785
0.31055497255406633306 0.31774823032225457675
0.00141319110945744425 0.11544435304265146525
0.40216511145019451234 0.50412819867378977357
0.02602812818905740622 0.18064664018011156177
0.77594772094340946911 0.81381564641957171435
0.44053624441865435468 0.52376973047079256052
0.39650941570713121864 0.54179255892372668590
0.86847406577465990907 0.96843771662316346927
0.07328609105728259299 0.26721842478158563949
0.61248542669127681304 0.67792246760603325217
0.53840054607281884191 0.59359275590951010582
0.21027628830711136976 0.22872786673080042208
0.45561068560223705326 0.52543729850160980632
0.03956387070827309393 0.05169449030604207629
0.34908634953641121124 0.36038630419737088806
0.27252395881243923759 0.27710665224398051132
0.30877803608471865449 0.36879230325640388610
0.63730831368243212598 0.64300356758529930712
0.91570292366171868181 1.04716328500243083255
0.89989407335340643179 0.97340875452015018787
0.44418252675003266905 0.47379879546217862352
0.93106802744611816269 0.99684913132237940037
0.89827506309311111465 0.91129389482394751454
0.11336245033803039883 0.14563817448741667171
0.96516958069669023246 1.02209057033695782657
0.52486403386017266293 0.61749083813281524513
0.38098333160687175569 0.66187138499985209705
0.96468173981842708642 1.00968342150472967234
0.01797910823948194875 0.08871993036587993986
0.51019505323997038637 0.65532553208666577405
0.34791226110398237870 0.41564256047763953328
0.05331333558206678702 0.16355074343930281477
0.51302738889328447502 0.55827965062994422407
0.70909670703382765566 0.75290768460687118591
0.47586650954265530267 0.53396137315791336597
0.92474583067358684385 0.96145897865351515055
0.21815876861972127720 0.23874489236613749554
0.01782537649453773410 0.03516219640472552366
0.09537656384283443867 0.18955815364667338851
0.50401198798434121429 0.61442911292106283661
0.59195499617162117278 0.73597520849973896429
0.53649513412675098323 0.58315646752444183498
0.57776706814338274487 0.66864788921108886388
0.50088654245838792889 0.53570908865567390400
0.72071398107968498437 0.79820804341891271605
0.07792654194977946536 0.11023870973997970668
0.29932776254581089370 0.39034526990002799129
0.24232934394218041962 0.26139775673438470083
0.50266405771884481446 0.60145036778785265774
0.39439813405391421774 0.47833706315924695573
0.65639717703983579966 0.78323560478709164379
0.47553598249467904369 0.53318622506902813019
0.30082574661449823505 0.32138297911118607342
0.89587953125759201001 1.01099074042607162127
0.97246430675218076267 0.99074336582101696358
0.69007506339399704576 0.75769796418670931626
0.51208954056416489120 0.64328015240329905478
0.42063942786892394299 0.49760370478832294250
0.42942993613391061691 0.60432838558065493650
0.06409006052607038595 0.17644451424273863149
0.73195608329844241702 0.88764920598500696158
0.09526822886065039464 0.17576031032986810798
0.08221017811620645599 0.08359511398703711738
0.90923119359786575000 0.91831438646236918100
0.97748623482111818284 0.98474031383167082154
0.86467426014573878224 0.96783304310438900142
0.14802609471883740322 0.26355643044301807487
0.72718950718186958770 0.80984607932965857469
0.57635111369873315290 0.59768042347025773786
0.49626721007482932357 0.49872611916224030004
0.84340461739765126836 1.15127538865677503388
0.16963012674262623047 0.20973976494798207693
0.17560019311345942405 0.30808942568233477211
0.66286950528595423027 0.73390044878299354192
0.04205073906531171801 0.08502353377647335619
0.21828309859621516931 0.23710916029876918931
0.59311557151912797092 0.65327199068610164456
0.65855864790555918020 0.75218213872303429923
0.13249010201610811333 0.40830302103682958315
0.12556908538691124999 0.17511454367709278213
0.77530486017982658264 0.90919212326467591101
0.14222202919715287717 0.34768907820486816274
0.07019025731854683370 0.13982055579835922510
0.01787955384718805524 0.14046881347461684375
0.52784067895543218540 0.61762810840159554360
0.47311721543980045368 0.60025917745522527902
0.26448004560361126902 0.36590579622081531586
0.92485117469838984405 0.94362760160097591822
0.34990594732197355388 0.46333444337271234570
0.37806097508766850490 0.48376629550822553005
0.88003798347961059712 0.89177448491695598953
0.09954682816061319328 0.12129854839886791695
0.54013294737077477414 0.57067368859249523183
0.94826906212237305205 0.97372454802850683109
0.32926367867886624508 0.52103092224204161642
0.02598997477284575169 0.11947214502566577687
0.21665525650745379171 0.24450813090159503882
0.89688442596086104253 0.92067075886682747665
0.45264765305410975538 0.45941631163997714848
0.63954194701636579712 0.70694134195089486372
0.02064494179708233068 0.07248157364877570730
0.76398183942320518902 0.82295157716253286573
0.42302399010774327515 0.45236813797793540282
0.17059192601586384286 0.21609669786840299266
0.81068104251812034278 0.99709442113421942189
0.35700387692056151367 0.51991789214555206300
0.90278452325739655393 0.91771641582550134153
0.10514038601853079036 0.16601710523945625853
0.63462602181700789039 0.67018723281555514504
0.06951660945106906409 0.07887381953475626484
0.16149917128183249870 0.24314213123271338768
0.51951469222206014820 0.71599862572153338824
0.85071259616026817518 0.86087856075521629329
0.33804852624852732568 0.34396816017812237298
0.02709512671698513508 0.09463003521126442386
0.30865896884688426294 0.35442102624751592455
0.55910725060966004474 0.72463995065616726432
0.66085385241073446583 0.74239801201262312080
0.77439224929580352530 0.83252945148612500503
0.42518644882130574025 0.58311722086215467264
0.73479383093645234126 0.77259870606285785399
0.62407468824648781869 0.68622343523516260433
0.97341424273316978777 1.00079705561722409612
0.25913997087181028789 0.26508538378312640482
0.46257560819827914234 0.60855723289023144762
0.91160426400076621789 0.92095578266972366599
0.94559302560760860601 0.98086002254858306593
0.42656225228708544162 0.50975682069534944407
0.11151201494058622654 0.16543095375379185397
0.78776014892644619092 0.94219606677484202262
0.07919516449943997394 0.19623721263263615988
0.88012234133703370897 0.95149120043363433208
0.90659919011191347771 0.96204589394187256524
0.55200245789070767621 0.64940098728927786453
0.62251423692873697480 0.62403098066119266907
0.75125067566440173472 0.85975394529908744090
0.02903409895192658394 0.08532395160791146627
0.23928201165191989586 0.29278605326335144232
0.12312080140902577352 0.15528649398100696777
0.66321035816195283985 0.85312229836999220467
0.53966168276537185289 0.61058921180877578916
0.22080175022513806593 0.28530864225120700084
0.64682814517877440519 0.68756430318969130600
0.17050427290109496092 0.28010443138028773280
0.53222998356405992748 0.54575167337378494015
0.00248891781712599902 0.04956568646931160116
0.63484517391417083498 0.69853216276668794738
0.25031449582121440001 0.46842589794693650918
0.48034755391201094943 0.54289878568340277365
0.70327658566959139197 0.71297167279297612996
0.43742786201960670578 0.58272666733639766345
