0.80908893468935905169 0.99730497216011948503
0.45508678198164354001 0.48342819098096923014
0.68439233147370559518 0.76614543757388176015
0.16760202293342896240 0.25808032269351732779
0.23327017277186359867 0.37458267270307188390
0.59121550808891198958 0.60796213784348529519
0.07336630318503929715 0.07822870198427138433
0.47878227317685251307 0.49589327664925697547
0.88216519360877065914 0.91721705779673579073
0.51528504696894683601 0.56403973639828752784
0.61519241848904948622 0.66807281092102221987
0.14017069903707440881 0.24684068034563283467
0.26163558859198121631 0.27721212831858910164
0.72108415676641013370 0.88879596209648092930
0.46172351485511292646 0.53107469201061718866
0.90266470851038838052 0.92533256079486736478
0.78249442328578600048 0.78259825470344224208
0.30082694864265568935 0.32301448461802750867
0.49533506690082423907 0.55485600331649254091
0.38222709824731682104 0.47951194131978724933
0.48761520438129557498 0.49171316159812850088
0.71060905137680441257 0.80183959435581630970
0.11654855976665307038 0.23926878656028055525
0.79177952413661989439 0.86303971346653174379
0.83753303106385956767 0.86151674306482428634
0.29009239552302040765 0.36000337928097819740
0.21672132674201671776 0.22630838430997690658
0.59180915847643833505 0.71018531042374088980
0.68584175571553340767 0.76332910303983414479
0.52585905070294602925 0.67090712278532727009
0.25380117391107576141 0.34820832431153631026
0.85029448425057885252 0.93338117137984499827
0.16639072957091652349 0.16916576918833689525
0.86360001763814409070 1.01656545350059990263
0.96073126909877049062 0.97396058779141159167
0.77850493623144778610 0.81688400018438156458
0.69848432818979966363 0.80089494712187647707
0.82115147030378687898 0.84138555041211604557
0.33284567577966400753 0.41494405729482514156
0.24184047507055983495 0.30174665985380677569
0.25321362020303528340 0.36871014045931516101
0.24179728047467421992 0.27474504816556261089
0.35527413986244843480 0.45264082121427556826
0.78798071418835113899 0.86759482718359082210
0.15494924624266048774 0.19972594149780475981
0.38639566837843308811 0.40245643239582773454
0.00816113325323321315 0.14751290766539515431
0.64052303519453213099 0.66720021208776136845
0.65608260252035255355 0.70600795688772444159
0.59240530195762108878 0.61122964800776025118
0.31545641875846985869 0.44181405284401598088
0.24591570185007977090 0.37833368564301589343
0.45572409999704038830 0.50966932428377431652
0.61391811212693736532 0.69293266370928374709
0.46451825642594885002 0.47100194399777023380
0.97198011110263482504 1.01015303036686332483
0.57183518160595026014 0.72753168034792403684
0.18935770263678691760 0.38264445040328670666
0.90205766655601926640 0.95547116072356652605
0.47732253617035208526 0.63653446179266026661
0.71301421791666985683 0.73444512540687800772
0.94394632214663343195 0.99754549501290090685
0.27171984402474863574 0.33585732343484203666
0.00498049807047348109 0.12328792624615728113
0.25312236684572220202 0.37984773515709935321
0.55379739151410345421 0.67124100052621904489
0.57002971405185631770 0.64026784734149388978
0.70736247748788216860 0.72539759573816442462
0.18312498882213143481 0.29919355004091652273
0.69050703109761502052 0.84619468907821249193
0.22690802000531246074 0.31747109505421583497
0.54226883438233342005 0.76596838164878788824
0.94847312576304843024 1.03379775739756274433
0.42316825817532699450 0.43093736734287546586
0.86990226845463303196 0.97712826630359506108
0.74614540323542133393 0.93412959422035668489
0.85931694445561290774 0.96945273941537102314
0.85603286490205476866 1.00704324628027541699
0.70302139289644238751 0.85047485652131782352
0.85459341033033187074 0.87256749424385438019
0.37913902592730880370 0.44360816219068027744
0.54855902015514512726 0.69081269829284730477
0.26184550470867445915 0.35726380972029364580
0.60358114694778652876 0.73909469820509543503
0.27874133831587799559 0.30693695273088750231
0.28009789963617259811 0.33352256662653945174
0.69032669981564198647 0.70905088056891540926
0.24321336220221384528 0.24794151772746536588
0.16564052080116853372 0.19747528042014772520
0.00322646867679213245 0.07495521462246376720
0.07850207103614154081 0.12083401648315689192
0.00969124370095944196 0.05500521800191635058
0.57071573903357897262 0.59637224178732883839
0.69131349949073239713 0.74945473927326000663
0.86239156097104174847 0.93739052604788208889
0.63580087504226889816 0.69577986235444411189
0.06404941158587083849 0.12242565902985060033
0.95128274428815673414 0.99675536608681125639
0.35778390314761909785 0.47265334644275380782
0.28203271919447664429 0.29345056087039950166
0.88742933107362542700 1.06365521254409478580
0.16524699224118841179 0.26805682781583789476
0.09242545289701455113 0.23912715685690533185
0.65625712872150232524 0.67982830383214165604
0.67418365003824942683 0.69401242930907458550
0.11604303677221342039 0.21602128111784854592
0.51049189294256591687 0.64112569137935149222
0.96368546789438580547 0.97132601420640485301
0.21436081232972831190 0.50554923257025596861
0.10129652478961588546 0.24711561017449440447
0.52635819469928601944 0.56888327369418500989
0.87546467710999131828 0.89856659297643204365
0.47362892512602905448 0.49876000847132950788
0.08874584409847828537 0.22564218582247308476
0.98600907668918102988 1.00103736357893913222
0.78029994653151146800 0.99537814517877021281
0.89331789276938555755 1.00044015723298973519
0.59414689039990531416 0.60801117363099954627
0.25096235228369634385 0.27262365018353240664
0.41120147083931124499 0.44336643268816922081
0.47211928683216514147 0.62362266595567206195
0.75249110218017667417 0.80651444402016714275
0.07269304812386490067 0.34170327273930911627
0.68475669788984983022 0.73397052275882290751
0.03308914024665163961 0.04680183926528793531
0.50025199621632066016 0.58137555134920193556
0.67661069874344714759 0.84343001325064748119
0.02545957884574734376 0.05462793324779002813
0.74164862168390111030 0.83996471685855866873
0.73519380508074239078 0.79742626577362096807
0.69096157943862956952 0.69298414882443093443
0.38643491676680319369 0.43288448392628431360
0.06325145753030636531 0.08914512185275047518
0.63225602707045680528 0.67158243028432418331
0.02870883484556158854 0.09573102477406986166
0.77166055394365051789 0.82213600714486467780
0.01711215443047262724 0.09169360582946731175
0.73525614575763709180 0.83294583226728924341
0.89931260019268288719 0.90898287363370211533
0.67250928511796903564 0.67295931568008504620
0.70431173285841697229 0.88123853474057955992
0.08954475046045716480 0.10736105196735425127
0.55022751040595596628 0.59580191226975109942
0.63676314414030954492 0.71677288325205690267
0.83912978454937559025 0.97017790320828278805
0.72938314986800467654 0.79458659907068074357
0.82834475594423695455 0.95543330716317842466
0.76843941786530434168 0.79818929370964231129
0.33895718336598867904 0.53804846359621694152
0.18030194641497532260 0.27175984688222842856
0.09364542084815870304 0.12087734626569317242
0.87676284336256493646 0.93118894699806609161
0.68577506254832165666 0.76067162201947358113
0.98258629501609706658 0.99937181277476905272
0.80498570425018611818 0.89395748286276066619
0.96663352755741593914 1.01170444191440367376
0.92947335411369502722 1.00236681966075713568
0.85170203508626474154 0.89246351398859702364
0.46749854289800585327 0.66273250101642333654
0.57886088650891087681 0.65027196585524627004
0.28311298098064419104 0.32455570175763426288
0.96910055437083064689 1.00798005425005876567
0.02069123817195075987 0.05338809657995832736
0.89404362196485398506 0.99017273566867469725
0.54264847490337098090 0.62070074690879539769
0.21848085092529964668 0.24450022854961220298
0.28492487979978198265 0.39906818565679469391
0.90063300358181708205 0.93909577116797993135
0.82915118402285914456 0.97427794237964193691
0.04902075027948893382 0.06374344087121130986
0.85970027058358122751 0.94476309660318613659
0.90040256067863133627 0.99745291870949925883
0.46277194728056503248 0.52295550183009253953
0.30156310390843521496 0.36203016635070817131
0.43505693998865102579 0.56619445432408310737
0.37971807897765075257 0.52953279268251363110
0.64347704211003520225 0.76051788599902525601
0.49976634482477771959 0.60767977939396933262
0.87765822791241709933 0.89677209531246304675
0.10796418655678427512 0.12715331344253347212
0.32201180285332953179 0.45918165253321074903
0.49149555204331463187 0.58330787187720600784
0.52156317853352018865 0.60214584489144451496
0.84184850478158179676 0.99848433439381945043
0.28729061576688552648 0.41455378931588882097
0.80914690517185883234 0.88067162738455995186
0.84329111436898163134 0.90566052160774979107
0.19198482918675940923 0.20764833174213559452
0.80100321984677058662 0.81382629585772814362
0.85242438995648428524 0.94130775613360540000
0.85034045818781134329 0.97249806297151808465
0.34465450955444559833 0.34640691317329136423
0.72609260796158581197 0.74860470678942070410
0.34077429886045640384 0.42317516099476681912
0.33835225224558845847 0.36244812887179483907
0.28168976241533849603 0.32719493865974569324
0.51374658465153888454 0.58216840413360426698
0.66678456092600246752 0.67587022677701946716
0.93391708932655292941 1.04276983267000344924
0.70251083811628778353 0.83916501258882780778
0.32711756585649442997 0.37192686909508010373
0.04005361447848308082 0.07711014920001660333
0.70387705006632372839 0.72215228618152493834
0.06202653556295890935 0.07492194197540490153
0.77441511361096149191 0.90308286297404494203
0.92319026665187708947 0.93033040472607109184
0.32459776245958071872 0.55720395292681679233
0.26779623896173321285 0.35018072139720413105
0.45529032075313724537 0.51446762706345350313
0.55855171202196540747 0.66927885620110227904
0.78586472780007288197 0.81248590190215586038
0.14246054646270120414 0.15160469382536403971
0.47993801400845992333 0.67374538180154974754
0.45062132162023205151 0.46475533754886610982
0.53046410529376497589 0.53383203680248370038
0.50073733464933412041 0.56215791879118703900
0.70248556796584349371 0.79644004064866780190
0.71299046080983907725 0.71777298440237780053
0.29676028598791709401 0.33070570263874071726
0.38790139244192994861 0.46472412938330615040
0.21989045185421063344 0.26751662452885671684
0.70856502730238379861 0.71489159051804929135
0.23921622995949265444 0.32907058816106204979
0.80111392056703700781 0.93973583283446737724
0.94977626624828470625 1.01166680676535736261
0.16821298435294834706 0.17672840862069744139
0.52015821096529935019 0.57523380256378153774
0.71241214113086459570 0.77695405322365496126
0.63857990763528094114 0.69392373578352817276
0.33116613480829515392 0.48009131847757469114
0.30464166662988406697 0.45750502897062067520
0.27506775616240808358 0.30196861815508746485
0.41636539267630817696 0.50418536503788569103
0.57434392333989858770 0.71096912234564557664
0.71944458371751962567 0.72986664675949808334
0.91089184894194186182 0.95345970589116657568
0.33389169192037804201 0.50876936816995654844
0.67996745428046412307 0.73625523467931053290
0.55988379255884057617 0.60602782283304101885
0.43624526813549496795 0.53691205716768519718
0.25226490931792028283 0.26772191536164441361
0.40216546613255832465 0.45152664316823198920
0.74868594972136903731 0.91375933957445154565
0.76972065573990622322 0.83935030260326171092
0.11846143057628898132 0.27268602258791374560
0.00282022608800838043 0.04778032388707063177
0.57954377005745594253 0.62456651940550655944
0.10882784873360844269 0.11516689686961874284
0.76226864889649503798 0.76800410952348185933
0.94183742244557622225 0.97757540498333794776
0.66452437606625069932 0.67713048223486649313
0.24961498526540792930 0.36546870853451407513
0.27737910569990859022 0.27827743635806051481
0.65462702638272429745 0.67091657710043994811
0.21709900667214032666 0.25255524667030648800
0.64086960794113689843 0.71609545164771204462
0.50149115389305154444 0.53367179323927738110
0.79350792610387166359 0.85351172768066041474
0.55212897086591350426 0.71151590475931902890
0.09728265401178104455 0.16460517071497760000
0.70706929489521996857 0.74315667593397005675
0.90888733816604139193 1.08745201135225433298
0.93000188726963928243 0.99010893986857617666
0.65035206344908702558 0.70018116367935168132
0.61085293116519578938 0.61516420326699794430
0.40035008448868847353 0.46828484324236607783
0.40230687185710906073 0.51114746395615917596
0.53423161895494819529 0.66142960501120151573
0.59122373078903811550 0.60789454969152789676
0.00335745252437782971 0.09148305876075865650
0.00403771882626338674 0.11156602506613241821
0.84269604065637548906 0.87904628702357601178
0.91590582059771186163 0.94201050189870938478
0.11415695064470612885 0.14030178742836349470
0.90914175436339395020 1.00982174301907678959
0.29266460549406880798 0.40869622696873408874
0.49221355327276683500 0.50620494993940334805
0.38264971617558657391 0.39994520630634983194
0.75086498364577691778 0.80160722082600910365
0.81026447933283152203 0.92839420033962904988
0.32768339789940048590 0.39678757276037157631
0.00289984128223569337 0.15625541335835418932
0.94303184223752578585 0.97879313118985422637
0.52580171950581422458 0.64499003741097604703
0.37134926381940197571 0.46445432932694369343
0.57232292380954818967 0.64562918491120413478
0.28855399627077904512 0.36274563486811062241
0.88885489953877361291 0.93380695996709250917
0.81136468811426865066 0.81975628512249198998
0.42416527361862199630 0.47536985495153716297
0.44507156680665549420 0.52672305467279378899
0.65011336069710690122 0.70413821047074554027
0.18928339415650557997 0.23719957679186615129
0.71940246261347184920 0.84102340148520093877
0.63591686878080366796 0.70102049330610327615
0.26629973630927739059 0.37343239578729869876
0.14708907189185310704 0.23582432907868483563
0.42204037455304693749 0.43696994916086723260
0.65383839683660871511 0.71416778249441559279
0.90461203112115118330 0.93359902134916028515
0.67377746894335022176 0.70625831997590604594
0.11118944543607953146 0.15667313410792263473
0.76774035089637826523 0.90181734164646165652
0.57458023170411798297 0.71168910309943700376
0.21259531942146353556 0.28183151256506994153
0.85029143117831784693 0.89824852068043004039
0.04226926047675372972 0.16148897847570531372
0.76058887731692381706 0.97118438838222242993
0.68737395134496726001 0.78717953160406173296
0.57183726638435738998 0.68480529333238804313
0.24481180415190872957 0.29821799987533958998
0.13430925771863697071 0.37846841624053972897
0.24811826218896670948 0.31095007852060418951
0.96628500315035503743 1.03143827340692606498
0.67278880974177823759 0.72355007975263219144
0.00112981275161081265 0.01610620917505103597
0.65667654496479754833 0.72993594140106687895
0.73534912859108425565 0.95527066942145766326
0.95400725227036076159 1.03148657922234998630
0.72442424573805908050 0.73812476089644507571
0.42521128031387045443 0.45217134342845721751
0.27085388259457304772 0.36235477112859365567
0.30498306280902598431 0.43477682324558930560
0.96876421884518970629 1.02779765165941849858
0.65476128520691667667 0.79798316138609615145
0.77726155422024290065 0.87495502004674363672
0.94412313544453407843 0.96416531925646764556
0.79526801151370518639 0.80670384104219938770
0.14593494744881982395 0.36308856087101859522
0.19954793487685984488 0.41407547377872200300
0.07140761690770103254 0.21357631343338401297
0.85548147290703602241 0.91694368878746301821
0.57992048696550979603 0.67808476257436189893
0.22792627584155883413 0.43690269041123336313
0.09666100936927855825 0.27089923732246656840
0.74783241577478121176 0.77273507663484208852
0.67264136435107269030 0.69416427094056820657
0.66273472791301446527 0.72125227433486283068
0.17762622961471374872 0.32732959313990206418
0.04895944786336670074 0.06171112153851188165
0.35310453614236347875 0.41130148019381085334
0.04760132977726681119 0.12026459403472181120
0.74945509836127199854 0.91979865655915182820
0.48039776889516966341 0.48927507183490043241
0.91282680420489770157 0.95457234165648285895
0.65100414497252290236 0.74264548132962160398
0.03976250622582098992 0.07145744531343657668
0.65662145599619925473 0.71661534935892479137
0.08467220497158894910 0.17556156184371268791
0.88864712061811634847 1.06024639780351770391
0.90681268920907365239 0.97024989713767573196
0.36142223081876678759 0.43006225062404801474
0.42218385939042801791 0.43667529717163267033
0.10320422537202872393 0.14658835524392638261
0.68809788042788389006 0.69082731049827783565
0.22846571574447510633 0.34487601027306641344
0.91406038049752813546 0.96431582077968081013
0.79204181153906272339 0.82475860673190182215
0.91876784993033222548 0.96006121696453816661
0.21483815160479294293 0.23528012685387364455
0.36018757245889276852 0.43076383501486037453
0.89226321559534327310 1.08560978701783583666
0.55528154792357209413 0.59126120473112642184
0.28812548604266358110 0.44246646044497489614
0.00326041188178535779 0.10708752854567452073
0.93140326190989464195 1.01311021582819704712
0.76029208844586948501 0.82222001053838966733
0.17992763136441358718 0.18398657162088194461
0.32294671484027520636 0.33881216644093908874
0.46708150485801974705 0.60927242297738803956
0.43244014870791713800 0.70113899301319471125
0.29969555647157408718 0.37469471200163384506
0.24932406681078592148 0.31653966157938068227
0.90013334157489932608 0.98329232304571312362
0.01125297423883148823 0.13066023957084399454
0.37280890651491399579 0.45367112973216588978
0.65103405666922409267 0.68853209449423968813
0.01854349798490189868 0.04677410296381628863
0.19536556424541609567 0.23548074014761119499
0.49089963829047367216 0.62052644875264684199
0.56348736170403768142 0.64299099331657183498
0.65498791341037976288 0.70146637977399661779
0.85462011071423493735 0.93716357629098434590
0.94524868712421095118 0.97880014438153373213
0.33419154743264206653 0.41110510972313168976
0.34156139478165831180 0.34694787576624847025
0.80645468442949830301 0.85515141494882873641
0.22446971304212373632 0.33956682796935500068
0.77013173203130502742 0.85285020503248154533
0.91438299148798740656 0.97722843842390216818
0.15543249599386360638 0.25756133230260108702
0.85089197718247944202 0.97264427219878779596
0.08628043932899190360 0.15475022351509068463
0.68924493197823433199 0.77024055455652984392
0.88834582818567442430 1.00950197398387464531
0.48775626497410540239 0.55230471294009708672
0.91825576035234812711 0.93370457155383912440
0.67783954916596256268 0.89789493023174338227
0.75397622736448244307 0.76711637990750303207
0.12893586844424209659 0.16100754221890767326
0.61505828503879722557 0.64700954220994899568
0.07254135070246259254 0.16470323118068641577
