0.00688416779440852340 0.03242726039613104405
0.85078345890874873536 0.86461668114870493529
0.15218128798657426515 0.32560593044845487221
0.55268466309633768052 0.61710417796268790536
0.33182719923324632827 0.46645947087469197267
0.11929173511629298510 0.23850357158673407554
0.70514263847379599071 0.78927532610220318965
0.27822944973856467143 0.29057116054740839139
0.03751250277221420543 0.08012178516719700716
0.70898497144365724143 0.78873219365518709711
0.63374507862098106159 0.67155743243419130373
0.67758726680500158679 0.87339012073021504712
0.48196694248795546311 0.65039125336868608418
0.55015603756543129954 0.68134701483033377478
0.29838076417807585239 0.31569281642856589221
0.31065811083943284387 0.43433928844702851535
0.65420914092150550534 0.71491180019751399133
0.37969279130199484751 0.43157909616244849449
0.64205260966725541394 0.68232287288940596248
0.15735922448580558219 0.18305303651546983579
0.63567531765751883466 0.73449113552105160796
0.26013524433355589283 0.31184771784141956941
0.43619753080177997573 0.57053878347430408979
0.05815224920806338210 0.13370684437810453904
0.44922390717654003822 0.54399446350874480771
0.71753968879898488709 0.75036378740590570224
0.28858049789563711141 0.35909954282000511316
0.19607983909837445324 0.38423906113413797137
0.82770963543328324175 0.86208489174498137420
0.48473365809072727073 0.50740091116596841569
0.63809685326052534293 0.73805151687032055641
0.09460237662741877163 0.29444195045371313046
0.25735181796499184692 0.42779908098773011815
0.00348691608152540584 0.02358366313969240124
0.39276252852770443535 0.48820494488157384350
0.10748482184187954647 0.15235536318185774474
0.30178051380008091842 0.30574204150564415761
0.96056516151643411838 1.01048238545257706988
0.46516158053334677458 0.51396971203142849394
0.71401837678597923631 0.71439584444242865136
0.51325901707914078909 0.72102602728944698018
0.68184476216676104254 0.73586518466784178738
0.12930285152907144974 0.31764609750272471134
0.57987938469221200766 0.63674084505944794632
0.18258550024130495992 0.25068463039469462972
0.03428253971881693035 0.06273689211834329593
0.90048553839981049229 0.92733336454205250732
0.11990322472892457617 0.12142271687770365973
0.12058280530346275616 0.16279068655773154539
0.98291350452173842367 0.99498931208136676130
0.73343587841905577562 0.74920466855886758140
0.17245623386592665027 0.19448972261827970898
0.53307748799116616567 0.63514971634666017586
0.18720714800110516141 0.32569102109072278761
0.38660138809976707375 0.50579601584355826649
0.85028495954851690541 1.05713842107961508709
0.09372456262211448230 0.20118516189401935979
0.32602499703722526148 0.35185193168685496845
0.60076015088041201384 0.65076259673056668920
0.82585392051562456217 0.93964563241454457376
0.26461196940209946726 0.27763239889196017485
0.33606671163268503344 0.41525636536079985062
0.63829952278376989039 0.79680265617561085723
0.90492719924341002979 0.90498739094374824887
0.87193741340420483077 0.97213804851832996690
0.57067290096199418947 0.64081989598618771531
0.50354968914479014686 0.69919993298663318804
0.26437912317008260832 0.35759437545295746919
0.30361533804302953676 0.37856275067222466824
0.22620054050609986196 0.36135324047696992800
0.15728920404268678657 0.21480200058650808503
0.15587757069050350855 0.24625730728138411907
0.69930872698980706126 0.80140316710263581612
0.19734390821379196868 0.39314914283722002253
0.17617813566733989128 0.20857345535334279041
0.78688071942317772134 0.86514552385404042134
0.63724570772845023914 0.72765887173422261203
0.32232357160142421915 0.37429424844686132179
0.92589813603557935551 0.96759130052277475542
0.73142100309547075643 0.80768428121692104060
0.43324831675558894695 0.45096191305000843386
0.15897779507026729706 0.17248806699333843473
0.71227760907230242005 0.78235744338385537766
0.90545503071651900484 1.02462536608903165281
0.82505754216841697968 1.03539610538854942590
0.47230159687193917772 0.58910320554385531278
0.24396143885432783338 0.28129533193864464380
0.94376092976737491202 0.96625478043256618488
0.08459898718425837294 0.16618942710196651924
0.04623651577967120840 0.21879737728066789293
0.10337584869687117817 0.19887778124473937114
0.81984256166639557506 0.83756741697670000768
0.30512854223368357509 0.36574644543169365640
0.58890608682656131467 0.59179007303748132340
0.64153448296530857231 0.71604766400035002594
0.80395675402168542689 0.91194759610148490303
0.31765703276735490768 0.44634386242884382945
0.41166882508702862253 0.51755914777152112194
0.01537575585734243105 0.09519369327133128666
0.33793420548693281491 0.38596244679930385990
0.17025632318440592217 0.20637846907490992043
0.28527497764224096777 0.36055369967716699442
0.72839123283183204727 0.85890347733048266754
0.85412984036248296160 0.93507661795061991494
0.12247359910618187129 0.17827950035917811134
0.62892531363963877222 0.66631239653621532337
0.96600336633197281255 0.99781627031970054897
0.76467454830939785015 0.78719217556839227168
0.16743932243067055632 0.25445095423609659369
0.48815993376844241114 0.72363741200681630517
0.38718606124801696611 0.54334444223282196695
0.34707608319914762252 0.46307166609593386486
0.94564628730398991863 0.95559608093395009831
0.72126432119255057263 0.86794213303175904439
0.37829238748477600485 0.38199739174522961971
0.52905707792893652552 0.57297101584176557409
0.11615051741169450661 0.30753216755344886524
0.88469219966570178393 0.89185277076695390619
0.42474010258721367483 0.52585354605358058944
0.57886130121856216313 0.71503413915126667888
0.37159256252873368309 0.41450888494174736865
0.32085626396592265008 0.33671541380231501117
0.58718790440933565922 0.73548778482302157311
0.65824841752280482954 0.85307087961159167033
0.29522683162669161039 0.38719161357465947670
0.05448090575763417376 0.12984541803817065131
0.64261982028835318292 0.66229833780962865664
0.50359104366356177707 0.52628419896900191510
0.36726094746675597147 0.68201964093405520462
0.76717859280154299118 0.83265826679812005029
0.31326126570599105436 0.39446589102030843454
0.65556250059817822162 0.67789465173857044178
0.64696873611074301458 0.89279323700205326375
0.12236256933887201814 0.25344637618454857186
0.93556981867678634668 0.96075871436096871303
0.48255989127673659667 0.50395571374844738699
0.42077522887307627908 0.46394156675305875392
0.66920661145625692789 0.73112950264790721455
0.48747735287033316931 0.49635199826153558744
0.65580626775472983248 0.91298094766484561013
0.92681970753796449891 1.00964873957621770195
0.86185174328150471190 0.93342007169921159537
0.57203246558692066870 0.66639374712150867275
0.68282073597215675598 0.73149692096560348098
0.37418167754943654213 0.39584170709911081776
0.90053589600637085066 1.08385612991658764059
0.14372469024749562339 0.18108375419723493627
0.88001075332669864704 1.01755905006752311870
0.85572248507017345531 0.97850367789547387787
0.88372523883139708634 0.97904775933318399783
0.82997635224306098856 0.85088033872863211293
0.14609665108876029871 0.24837027989595011901
0.13049597520955563690 0.13352356871133691518
0.71739453497607996724 0.90103708919401692690
0.23111444450532411810 0.28536888911571267613
0.80309457252247351544 0.86153239245839430271
0.56899863121979266101 0.71530984964136468118
0.08044250517973608461 0.17346686007810449559
0.88959702715873734125 1.07977863248134342555
0.86060816457860733752 0.96386204616048909433
0.16199288153096155773 0.21720915872593785090
0.80324088479799349294 0.89310635745047117773
0.34038655499857994879 0.50640119490756163589
0.02783603467123257902 0.18225911574394521031
0.33136316827230449800 0.43914958243134394333
0.14399454984699047722 0.23937227761654708558
0.16772725738018695596 0.36978170945150740101
0.50905283261034772746 0.68945148624273311366
0.73029911439053618594 0.76031775244130206381
0.49038129823839382571 0.61833061228806684984
0.06850759711307866096 0.14161540658412727356
0.17020402739719481255 0.28784935316655085868
0.35995405710887645734 0.44370637910180715791
0.88093042290652123771 1.01896649324629517963
0.21731344639715194367 0.22681411961812886213
0.59040879499995291280 0.61002757360077597415
0.64824784965699822070 0.67905679462357382281
0.35313997830032145542 0.37842164208236522827
0.09525145231454315575 0.20600462114126358304
0.32680847038178273412 0.51906450104563239822
0.56025237179212972194 0.66066216644062603081
0.43436782608353347035 0.53474785292794990710
0.90401081856929088598 0.96785316851546088213
0.76165644248422292861 0.86411863445655368032
0.39453747008602058077 0.47170676110652076662
0.22686386002913863646 0.32416101180200418419
0.61663041089458225930 0.66042492239658334707
0.64166361446922792755 0.68876081858515159073
0.08485317404719536216 0.14091595204639009720
0.44948040352692475441 0.50802734860019371776
0.91001971147058036138 0.95923083190409852428
0.89147257059103135468 0.95205054288634016757
0.05339784830530258652 0.08833618113253560722
0.14246418524429560470 0.23754637185607929695
0.22342352303136930880 0.37676136622794204056
0.43930664484513382018 0.44564920564499221900
0.40540951387592910615 0.57965166534228385053
0.49399161342155578636 0.51816902010405829770
0.96076224114214570093 1.02899366104567446811
0.20837754661467861039 0.33515909259508208651
0.83614200019724238544 0.99961950379316344417
0.76547974387913364502 0.76740583626101099846
0.59420668094895279232 0.63181557433486656983
0.84435048555832459272 0.88331489459576317813
0.49082591745779380332 0.56517473587015931713
0.63612415900853658268 0.64233116425440039965
0.34273800489532035840 0.36433969391586717990
0.32620786109988930690 0.48407293510984872320
0.58578995977956060948 0.64502281904290814651
0.19475399256333122966 0.27279262661386560751
0.11709081949598741657 0.19658393271051077811
0.39768178813428239904 0.42154204095217978621
0.60946878743117616217 0.63176231615860056756
0.46205683370595379555 0.51698101097801330006
0.85363765405244929063 1.00226258968228165713
0.71148153917279133296 0.79795666619324912006
0.60062701040608057479 0.64683524628372268683
0.87809647487162911794 1.00742463442621521530
0.36132591422908005852 0.40452972099321954369
0.26400290337627801973 0.37683068878080466790
0.75952285879410597058 0.90035608654692300679
0.65884239608344985495 0.67328557163560309728
0.58505564515615493537 0.60732642394849800649
0.77199101397552638559 0.89099697265076294173
0.02243847055392496348 0.06369930951089257387
0.75224178184070911168 0.95466124064841040298
0.70596132666963518076 0.92246393055898634472
0.17111896855210328994 0.26772723667828501881
0.61720965156237983518 0.64091220874083176806
0.51195123272597609088 0.55972251595019795190
0.60700549833690486956 0.66273574417985381402
0.50874268741693162710 0.64633047652827624319
0.78537666844143994016 0.99601472918022804226
0.99276155488522588310 0.99766386769686554725
0.24184972652508363034 0.27593149526510751812
0.63284621055017220570 0.72721960658939388544
0.83935798527864069474 0.84969873618509772495
0.04531587677591689817 0.05829977441946850719
0.10818797418151976375 0.14890907598563968284
0.80371374693094665975 0.81407401751813768254
0.68455789566827651704 0.77535321845418692099
0.58932563047392716449 0.67254286855510714283
0.27042593187348618056 0.27140144896007079023
0.30250366717056148547 0.39060193210888599635
0.82891110724121663811 0.86911231882551798211
0.42791365246170631753 0.47327328446848049293
0.66930506195147509985 0.84911284789681396035
0.16744209261159084812 0.23120706050101955120
0.47670932505646756994 0.49477465326266578671
0.30533925124906263759 0.35453723043845047913
0.57965782971339041563 0.60500686445096329980
0.64447543339220092484 0.65376263205500029230
0.55602901898552647975 0.66345625601532554061
0.21611094533521096883 0.34343510351481804088
0.52161389457697826533 0.52265811363619019136
0.83331356876439577341 0.89132466566757773130
0.78310504528698643423 0.91853169814358592848
0.93017321224847193673 1.05757519383076448172
0.73886117448215660186 0.85619084422154345670
0.45674969216608823919 0.59495443217312793394
0.05578322390806331188 0.16251218732004926726
0.24592011145477865597 0.35434948962854817545
0.30342525349618815200 0.43418438597619041230
0.52096348658841939994 0.63834021972556542757
0.87512652207415086991 0.89047720896764293030
0.47566137352797821514 0.54231192882313106196
0.61904565123407040428 0.80681236065404371427
0.15461027222544815318 0.17352637145328614343
0.54455685800696906895 0.55703211971191524121
0.27038013570838481670 0.30659604796322326159
0.25773191395057698516 0.28734763841106908400
0.89484452790552482249 0.91954010702418709222
0.32810761913958141900 0.33501021608691428089
0.50496516045681660856 0.51477956409544756156
0.78515564618131750141 0.86787643640736489292
