0.46938165173666634988 0.57905710890816142200
0.22436043627907092946 0.44760381042326830014
0.81914368208715981901 0.83961601132158159011
0.84410671684288807182 0.87467132258195745553
0.29476270675861299120 0.29877394463348044829
0.67506629633517889477 0.80527213484067117211
0.06938588581912341624 0.13892977843780096592
0.98578931697421079416 0.98912871181821782063
0.63854622652176518116 0.77003906180708892038
0.29149217274126720811 0.37629482442044331902
0.92608217729305286614 0.98662699957772803661
0.73749436472174423329 0.76674850473298761244
0.26337434880823246131 0.30923384832016270751
0.19508086875293495499 0.27845923087916013561
0.20145626842602126771 0.23660074166924127681
0.26953717988852565757 0.30353204541140554884
0.73804117992686824046 0.79307417348677167190
0.01451558761857392466 0.09717326148982945166
0.67169692483002896299 0.82633673157357512284
0.28371482335048442414 0.32926194808853909146
0.90316381997899419787 1.03128280390999504945
0.00408740621740897106 0.01033857894783676498
0.95781214325950192467 1.02713908516137175653
0.56479222909901494187 0.59275085604374944115
0.30219560518162724705 0.43203770385703577084
0.40475100698320676251 0.48232123671010262989
0.42596153135116771038 0.53216573722027504800
0.41206336199600956949 0.46056995492071572951
0.11028074926728147209 0.12896560914413091048
0.33464952983469598013 0.40374134128690675194
0.27839533515409420339 0.35228062063418574823
0.88086546622134542783 1.00448699089381920935
0.81768176291546601497 0.90191343358176823131
0.38016843543904021985 0.52861734313439145971
0.15289272743600235138 0.20143611043762899016
0.85368849212343578259 0.92846437124499492377
0.71434045271754265105 0.74571551040713635050
0.71537474644965159953 0.75504881050511452045
0.30168027318497264710 0.39804186946961234161
0.24786187113618224354 0.36942078934401084700
0.21912599756425579778 0.26349201278282602390
0.90569099327116364684 0.91967815723456602939
0.36148215910292191833 0.47764506451240651419
0.84618094856267955794 0.88582238506585497806
0.03466335868351951011 0.07901385814403709407
0.77806317783962042345 0.84228694998261099958
0.88371614076666615833 0.97230854801329058557
0.54881673069036485124 0.61333462028509622144
0.34621488931773181097 0.50382042893603495859
0.42946398519181916420 0.45513781273790376858
0.10454987268136742284 0.12564849664546914876
0.91586971520241566846 0.99308634926453265290
0.01304338731507824825 0.03532624779707051188
0.86247941835135000233 0.92892629488287603579
0.84982295339552016422 0.88236581739354824627
0.32824137394044600180 0.34804069840141588221
0.69306476647361736632 0.79269875549897395040
0.42749429932350857531 0.53386474461178290429
0.68294853115155262913 0.77729093522867565014
0.00779193244616502995 0.02420677327990274769
0.24098785607101383399 0.34509563207300020249
0.44309581787965601762 0.45298221714898700974
0.36582216840043679795 0.45030107491338910997
0.56540846349489903844 0.70416334537642732982
0.56127419364225272780 0.59153420589964977871
0.13646053956055304024 0.18209553756208729514
0.92445568136002309600 1.01767981035406651635
0.18936270314489883626 0.36955193002850944550
0.29954612852512407795 0.47694537708242334961
0.94397624682227720960 1.00661227445685286241
0.74134934120850037864 0.81020315479167859252
0.53547206764700749915 0.62359849261232636053
0.55652939662533840171 0.57917495457162848638
0.71798810477585517376 0.80941319447689275002
0.43924992593551104303 0.46207834143459514120
0.18595597004982439282 0.29627071115132180834
0.63736009519069747320 0.67501470341403080333
0.40281167499092174200 0.43505500158240917319
0.52907329136446623608 0.55139398202210498923
0.84428347090443889300 0.92121595442935610976
0.16922994255257708951 0.25092831458691999824
0.61396225845510532526 0.71201651076000016527
0.71304640510948180676 0.83852847366533178608
0.72086061629012387897 0.80755567563715713320
0.30597924640164131382 0.63086353096255698425
0.74669057018299433981 0.90129281799740967873
0.75784312013883270431 0.86900284246160786061
0.45828653570309313414 0.47968931399815867289
0.69008981865092866581 0.71033245024514368726
0.04541223295937829585 0.23847542577561736676
0.59935554711974847741 0.63509654004789539705
0.14543496671262420850 0.40838910740360701013
0.81240606892581312959 0.82315303033169728852
0.07184427873502155504 0.08989014802133785120
0.90562031293173983482 1.07601603224886965826
0.82939050797949565030 0.90545672250601971776
0.19656068694229716920 0.44902044317091011072
0.84768217284504188136 0.97319756076030783376
0.68542645987102512883 0.73197126864149986147
0.19570666747917156436 0.44808391535006431017
0.61246393099550311412 0.68797253370567368336
0.51485019853387437028 0.55208153545558824593
0.17870768345315488079 0.19818546441542375658
0.24227873396699517450 0.30143623593429502705
0.13901332208213312835 0.22626852767985294879
0.38248508749121135075 0.45857570915740231143
0.56705839972779725766 0.59609750207549605516
0.48216533693697194440 0.67021270825526058079
0.48166965907653430667 0.57774361313848010546
0.63512507114671268305 0.64454069839885330673
0.47797775285571775239 0.53585273918977127661
0.28394543668988242446 0.40330718880793819947
0.42287635435471926382 0.51758714394924754121
0.63161337467300227022 0.83046169231079003392
0.49048584653108928677 0.52867282171051743767
0.49480936066527209105 0.56364292437622121046
0.36143611345891718534 0.43623949842770232133
0.51128049939851261119 0.55229196897646504194
0.91559141382347219995 0.97326960268608853077
0.68236467410115564380 0.71014416930111512460
0.08262030539242903870 0.33334984889760654880
0.75395873959805026487 0.78635292676401169487
0.65109762734748233282 0.65604181158593244394
0.15841533098169718885 0.30008102405869346851
0.75324158344204650284 0.75617929252351934188
0.34522244275816021952 0.40185451313859094080
0.83533677141640783059 0.93064471836156015261
0.21357213315759360217 0.29855867264538427097
0.58807598418999240675 0.61473009686261559370
0.08585007460899095333 0.21726440544822067658
0.18582675600676129557 0.19507098449760834624
0.12828352982558569040 0.21105119831766624983
0.64615369460728777629 0.68318588061079943419
0.76029208940372028369 0.79047298761651629828
0.09859145990503499768 0.14989708432218168399
0.28192135463309953014 0.31494267056267599703
0.96661509521018085245 1.02721125990294703811
0.47650733877771234148 0.53361218865131743172
0.11297489982666007735 0.12040427388315978752
0.77642673286905594665 0.79561670840147247219
0.66744917402463155298 0.73096737547415990832
0.73835285873935008194 0.78716571924228373458
0.68926324568036134721 0.81876198728816063088
0.50418515461926116661 0.54662940124183145851
0.39408440212551931747 0.50471842669800370818
0.70729395878061784853 0.72197961281603129091
0.06791638485788764612 0.15796146473137095967
0.09968494920587600561 0.16844226436758713561
0.11605526483282756212 0.14397519405222372613
0.91301478573641392522 0.99310268421773884029
0.03472598013626124885 0.05943061604221879651
0.11011258154863623471 0.16353056065143511955
0.44543859688152920295 0.53555278154122565315
0.42110014827264480308 0.47132577261599700735
0.32456414775026576347 0.34987023385080606719
0.34167894547661886717 0.34399089646596398007
0.57693773820993754509 0.67701159003756694599
0.33229180129577667868 0.34986436084371758115
0.64637703984514116584 0.79986366033837641432
0.36914462490194510647 0.41591257302607942403
0.70667637941157390724 0.72044564666622157301
0.58587359343192879635 0.79677140597816942247
0.64760333248326718003 0.66000744404262035037
0.68512994184992193070 0.81266316956040673958
0.91826157672742636517 1.01960527154146030071
0.40970515214778263635 0.46177962109224529597
0.81846296498683890341 0.83301484119630897496
0.14821299363582207675 0.24402250131081815177
0.44840812346980229997 0.53157377032634967051
0.60333497720675066667 0.68896973453074950022
0.78758978587272110428 0.91317059825734292478
0.71632089849836999562 0.75888741525853675718
0.56211222753847267519 0.71341529230597910960
0.62975420981924179475 0.66132344572715362485
0.86312419930745121199 1.07081772309388023601
0.40047473915538889244 0.41172548513285178728
0.25064850052275056136 0.26777658009662230754
0.60779151455173496821 0.65152000406859666981
0.67792008421002281082 0.76488983542016342199
0.65618810153106754690 0.78092507791769438796
0.10850128249837817651 0.18181809979990795623
0.14847707337795990057 0.20562813985872852030
0.50832354872689766712 0.53652602861274834023
0.83384497381545397143 0.87772971062339266712
0.26193218410796076379 0.33082492480917741196
0.64099603894502810153 0.65824551531546104943
0.79117609731384352934 0.93574111641763213498
0.09276911984444244363 0.10988687524001997109
0.28187244350341494892 0.31913033776677163234
0.82276837196429486454 0.89105793573418035081
0.83683484512162564783 0.92338491977085546125
0.85116069482662204404 0.85531191607083367767
0.79488534130514987286 0.80897149154094571966
0.39861421286891346449 0.46083856084081137316
0.83486184126018259111 0.84670813902286157226
0.94017366929272139231 0.94788052102912545571
0.30676823841757272504 0.31894074684932594010
0.58605326053889594817 0.66019655867360671486
0.17146198437472606746 0.27158867287247479005
0.63068517154314873707 0.63124767344828813798
0.37526291915694115486 0.47105944786495906884
0.36040084234392627538 0.37785655536050216652
0.87293354651336019234 0.87743545196962446919
0.85802896395360062076 0.90549529429956565618
0.31941992007355846095 0.36622296573293133815
0.49196678729621434734 0.57563220960713956664
0.59854137628234349577 0.77088770298099529299
0.33861077283286067363 0.34849482819170685133
0.84082982644382797677 1.02711329096235015612
0.66745875775546026354 0.73037040141966724782
0.95746839372387870792 1.00694447626971150811
0.45084349657583178139 0.49047922505687335804
0.83123121989597503756 0.90782842446706202288
0.51444608500545663254 0.69902392966203463764
0.27026085228861168597 0.28138100358335765838
0.44222845932398413549 0.47536472623672698656
0.46851269725505723107 0.55195362780911638723
0.65810936313470969061 0.79311946572757285878
0.66129821684849898755 0.66256789382060909954
0.57500997812907728157 0.66968990996910926494
0.36931900788094057519 0.53135624975340012277
0.19331828963337568950 0.24008682959368812804
0.80578693830691072719 0.82581695860771553441
0.26336197255430449093 0.31918117781663368770
0.84443297923589477616 0.92524969261787226582
0.37702950540058011164 0.42760930526247697969
0.26131718513866930564 0.39360409583871458494
0.56448722228792302946 0.69596888816689228552
