0.39523769030691591198 0.57245065005068718200
0.30572793266809356050 0.30674483382521938735
0.61149940986569295553 0.63774961899334403626
0.03777652716015163920 0.13680052447936033588
0.88256530880567751751 0.89848899053021558103
0.49840782666514893418 0.54715260128194687095
0.64025670817212110286 0.72351724763539548846
0.48184820046170007135 0.48436969215583236537
0.25135255566588271536 0.37057776721195739844
0.83111602728183542332 0.99943446308411854062
0.90594199863318958243 0.94135628247683600378
0.08125955602018465618 0.13613344092726797907
0.45947059073844997990 0.48811918890349215161
0.26169748905305034725 0.32096267302627157214
0.03390080311652871048 0.11213338865908512032
0.71427024031713481911 0.72807443515331660144
0.05342322346566422131 0.20730444839134862245
0.83548976409051822767 0.89952675042478713596
0.26125894131101767837 0.27189437966464835572
0.56993030567673896858 0.65379189627948475216
0.59293013231476732194 0.63229934023327527548
0.65687792865085337102 0.80576847439487442326
0.66549340927502531606 0.84628456140030539068
0.74885902441860385803 0.77978130871122497414
0.53004658058201270521 0.54035419208016222115
0.08351595889488386271 0.12060545023648935881
0.71299462451618211833 0.79341410063313555501
0.68418785502960322020 0.69810204138535891794
0.01935090699847126158 0.05864725776638184118
0.67127344398476351817 0.75801476849876092690
0.52279936351693989671 0.58844294794372609125
0.43846401737263779319 0.50197174623217599709
0.61503473308883482851 0.66012983387901136290
0.41656142176513782927 0.44542409404445831855
0.77097389060498389135 0.81081166981197694277
0.80548058083409523888 0.85802044474020311426
0.03564721036910250412 0.12497880696266544520
0.07326512078988997589 0.13189633697540206758
0.41438942680342361058 0.49862066538270610749
0.27895956977823999079 0.31970555435511094355
0.88201918785051125482 1.01884851112591046096
0.16994484776896479072 0.18466955350350888754
0.76871692069824693050 0.78941346926336941614
0.62488623583725710908 0.84066722553260952999
0.48127355031874818891 0.58960361651156945051
0.92472295126449499669 0.94815967091792163757
0.90609660157098870226 1.03410428522264163931
0.85270224580630138433 0.95296694436014339757
0.88191110360641600252 0.90312681140457007345
0.01062947637118247246 0.15029831396529227949
0.15976354690084104693 0.20373055129929051876
0.73641523163774014193 0.82172006887232118544
0.07021064813641218760 0.07341191940022186169
0.11587754698811018883 0.16865329958400773758
0.11552678363655545513 0.13251322043731292299
0.15480495908076941092 0.24356215844195827636
0.09907085172288822295 0.18876476177694589964
0.27269668575244387920 0.28807299562378985147
0.23535501024657112801 0.27795992154072290958
0.80839734585211076023 0.82320449823436026016
0.61818291222776167171 0.63011674617419133337
0.24891838970164381628 0.38647391132414576909
0.37213549983934901544 0.39134049523362623990
0.63694167195450757113 0.68669625361126551688
0.56282132690983732726 0.69395633174494897322
0.02626859303737388851 0.18409643446538631606
0.32912525028984362940 0.36859567389934233539
0.81944918423838841726 0.92410474008253973288
0.33339717281566150220 0.35930422249631144282
0.16392066831843074559 0.31516528014014555392
0.67273375558042114442 0.79559296322174288818
0.00250049313644319302 0.04349472970650801462
0.44622233283276774296 0.45804590577950782260
0.52858272364214164973 0.63679283664732477810
0.96244018190846003513 1.02924499968178140286
0.81466267770189171316 0.89051310728904242708
0.41471289391019666715 0.52718535053283699376
0.45399146197185674678 0.45503863350517442798
0.84889566877511268839 0.89777941754920187467
0.25536125243995844158 0.33275693801093741975
0.89528222549303970723 0.98911266157649468944
0.24860356796438035087 0.31876541729958396409
0.64844052364393744980 0.67437330561853969790
0.93366424700470784792 1.00122274036276337483
0.55578596068263841357 0.57984227785523734244
0.65718664589358533057 0.85493383743111661666
0.80931462147547406083 0.83196461111000075128
0.38746347158183003234 0.39558293705112690386
0.64498244469371102117 0.72436823960352614282
0.06828760544132414512 0.12745325235663898522
0.78735228935730439126 0.86505189976498186866
0.09432651724055518550 0.19598852749983097787
0.57531655928188552007 0.57790608478444760454
0.12246079586569737219 0.12381931721153070780
0.87438611462035942257 1.00222490167121258686
0.04285260635978864474 0.21373874754154204014
0.11339251945179461278 0.11996750119119005407
0.65592826021089123412 0.67843639627608232079
0.28687036754772587965 0.39108471641400177621
0.28202105184624465251 0.43524445982915743736
0.85495402928032238066 0.89017821733127644457
0.34982717810140323556 0.35831632472930691202
0.05773704977125257432 0.17427015452216257363
0.32544629360724275369 0.36357978226633991259
0.07002004847975672186 0.18974243290975068010
0.46907757353733653405 0.48040341305909589620
0.04499518257326453469 0.14593454916504708385
0.42110200617747350904 0.45678055692712660196
0.47762704663383698245 0.56143024811534925078
0.75617205887121952124 0.89479217310781788974
0.35141800744255402567 0.49415535810953870044
0.86580307922067767379 0.86887669896733799035
0.26374255726181716764 0.41114116823291901870
0.39805763108866992761 0.41850039712697245653
0.10699683795683999354 0.23854888258306217175
0.03375293194465470853 0.05365241380188997405
0.81349700009792880184 0.81744270695534060334
0.33087831429758796098 0.47303971880407269524
0.90221709989932274976 1.00676327814327670751
0.41808305293425807037 0.43709611403031845001
0.59436270532454837934 0.77555658354874479343
0.50352739419366954188 0.63566863928556815999
0.28948038948670357096 0.32447049071566208545
0.46942501871409431091 0.56748672330804172947
0.48248912437783053608 0.51415904310235072128
0.27728115190908025900 0.29530738831435648928
0.27840350536273927862 0.29268496922616760170
0.35818122440158522979 0.37593576675990209024
0.87639679798520708776 0.96467545401905219205
0.50258800390057500884 0.62331346146051669344
0.13231462162322230047 0.17385927331220660252
0.78553547364472098291 0.79167467724074513935
0.87706552267295390113 0.91499466628259062961
0.82220448616100394457 0.99950261748793900463
0.21073753945088147255 0.21333903540693599510
0.14064673483049860980 0.24109725498008705014
0.31827375856764844597 0.37587900615673458526
0.25281903445040526668 0.41177222750805736462
0.91631836467783256417 0.98375612261954770155
0.44346970199671065238 0.50077825770253903137
0.28796564775297706085 0.39476855141582367636
0.68724960908066545784 0.83316597501984235308
0.32087707203034698811 0.33487195482793852275
0.20040666962518438599 0.25218311670640869426
0.88943484548357665265 0.97116987579398161845
0.34247556450228777702 0.47911993839691435770
0.48926749265538094225 0.50635172675176221002
0.35312806635994420379 0.56333313650334149170
0.69321263550508949169 0.70671646520147979320
0.74046428906238359602 0.74695231387599103634
0.22714603164281893521 0.30572549261207221383
0.90814164237970063098 1.02161033248544019791
0.51858044005246750618 0.58981422382814951977
0.58650540641767390238 0.77025321782048561392
0.92143302209362354382 1.00089728136044375795
0.24588406063385870315 0.35841622997932331973
0.16085689656439108863 0.16290349265078504781
0.16941749775695832958 0.32561194699756812465
0.08805156371263044013 0.13188996760161367239
0.41341733746840020336 0.42101766147101887805
0.12777809029380624017 0.15320644754411141819
0.75513450268911375129 0.81457835869731598510
0.70879138720862422396 0.82770605983462774979
0.48954556394649872963 0.60998015533031457736
0.34750278085724245480 0.35530650476685193828
0.92408864822895275815 0.99049213969904337240
0.63664744298465925088 0.64315307862737303157
0.88442140867511298552 1.02965339493374630209
0.72203575749499970815 0.84323963664836776299
0.64968599523585301991 0.78507013374994094601
0.47200383668167611440 0.63132135377918596753
0.36049874470414561278 0.37348472635895629823
0.35785631772561027342 0.39903365042927946282
0.69459026481302044154 0.76800173459088760808
0.05582714839960584152 0.26918443869014180292
0.68058087182738491450 0.69485245627170511007
0.71220191311879932350 0.76768935899315549065
0.28196919177722035155 0.31473657699320589654
0.22018327348343624816 0.26245932496817736546
0.56957440325632791023 0.66595159827884264914
0.61622722362231596716 0.66084298010156905523
0.45419345988088394295 0.45931826651714618981
0.56598262756639095006 0.66642245471176064786
0.36368088315136232191 0.36551019753604746532
0.15168208885171322042 0.16374770028871440952
0.61355507774977424695 0.76161831851642647351
0.14647479272811395057 0.22342271322694182145
0.09776048745866339207 0.17530825701680907702
0.12059619429314362427 0.20138862188655581864
0.18762586595846614257 0.23487825395057476685
0.32842581381501068094 0.34258042256080378785
0.47351309381960643430 0.47613741981703067152
0.23130755042061840188 0.48079258662356977316
0.80153722956996364957 0.85028292219924073159
0.55097222791632816108 0.58191696109789325941
0.43562878480249311863 0.47894645834734372869
0.26620551419008414706 0.31691195730180748980
0.78673120062473844705 0.91034842006974625583
0.29209156795663215878 0.31363513527432507200
0.53078108692606029706 0.65423769510951146344
0.22437217188167607462 0.36405078714943422957
0.73704359625574311643 0.78454831884181674972
0.14212775559733278885 0.16100262047797267440
0.60469540762104956322 0.61159407481672256601
0.85497848682791066643 1.02304910870387533173
0.35133639638557023765 0.39852878922882117863
0.66398393775428476982 0.78355563550185947097
0.23289977915399873165 0.26219066801485924056
0.86504399449672930711 1.01121964043949930101
0.25207000817426294947 0.33798146128374007002
0.34456325924204828093 0.43508418381478025649
0.59993147127034118782 0.71973445880227271410
0.02829769802500749915 0.08403383559515206769
0.40680516269071725910 0.58503695719958193067
0.58171334646165973048 0.60113968109933613171
0.37029795310515822848 0.42051229776064635857
0.80077735969628194290 0.97452772590270253517
0.05711301435813413707 0.14400060396889308167
0.58692157298437042101 0.59546948878430017160
0.53752118860422970492 0.70875070725862965304
0.82585229706594032173 0.86836639807863624796
0.76399369341214673490 0.84492700665950026817
0.24448311389650970171 0.31920818508485282461
0.57814869085103259838 0.68322548751410694390
0.23403817721065273139 0.36018172018507482735
0.29864497150200153275 0.33987446227526751930
0.31518177051839579850 0.36205588509008534981
0.06073472434099781020 0.06091801310885613246
0.05043363997921382347 0.21283857605208120201
0.58667994137196688431 0.78769840488228715092
0.41039696019960231199 0.55045336596627147951
0.81793979595729815468 0.86293402772238991805
0.61026763970170005980 0.66210603031952885988
