0.32745536146989179249 0.43961263905445951972
0.39903060434075166008 0.45517629109321622316
0.73570010643015359975 0.91340845482713639569
0.25821773248451523886 0.37645734391847590627
0.52933587588398745005 0.55220826722143856458
0.76713290513001408666 0.90617080654533765927
0.89120953955150361558 0.91494343429474445095
0.74132408295478979809 0.74460245239191591438
0.28231362634196527361 0.38521544010123837110
0.74551518377737413523 0.83004352482210252973
0.34429478180399036846 0.37891223111801214385
0.15873857031990401545 0.25023162451905522907
0.60361644565795025130 0.75825637301293347114
0.27341394067052715577 0.35418045596104308359
0.04071009385196500130 0.10204108824880286921
0.29455592562421173408 0.46294954319962255962
0.36046197048953870778 0.51558418123490179497
0.23169630509936736673 0.31591654817798808796
0.94041310953007162254 1.02992101310684325277
0.50444645749184746641 0.56905780234973390996
0.94536314412383370964 0.98383983081419112970
0.23336217982794685288 0.29459983796718725024
0.07896630008218875896 0.09773891705639135841
0.41991067823448979812 0.46839481945221439485
0.19648784769657973159 0.27382210071091689363
0.58158187531384974989 0.62304041499226836542
0.10642889633152508022 0.21894422871794272378
0.20375378100662461245 0.26967953186769294538
0.86135595827666988633 0.89327801987201516098
0.18848392887428067066 0.21078336158004573608
0.04939454887352754536 0.05184945904537521105
0.61701179293344365906 0.72819999360095766239
0.15129862546001726642 0.19195656720173981391
0.22541749646765452120 0.46756631417880090140
0.45930941778425998789 0.46287152150600113787
0.40985481416079916350 0.47438758330673591601
0.54925283655222278956 0.62689266696016388014
0.60683773461300882790 0.69805412187615900610
0.51016275488170481633 0.60743550631039144871
0.26425433469084824711 0.32935977699120277951
0.17829580975588937841 0.18716194786138679040
0.34396135631346597128 0.47192111837368672100
0.15727867709819909336 0.20213779172704993137
0.27417476745063468213 0.45423873680233245453
0.99459970556281995790 1.00030123045589225406
0.91361482131465776568 1.04361002884233800003
0.84689405631572101107 0.85674691072139075310
0.32467755326074415612 0.36243887655327072794
0.68283354945776109091 0.81260837135745900284
0.45250578994217499629 0.52965650985376611093
0.11025903359772307177 0.17587052015008372563
0.02888835163484589075 0.11305257844343445661
0.44969699165291726617 0.50513471217146510561
0.43445477912608077009 0.46300255445316007563
0.86209181383815969291 0.94746152326189791992
0.17496972339776697969 0.23610066990827524580
0.87550427045777345914 1.06529732393455400796
0.81817412212859774723 0.89124999595771903227
0.60888196304166108952 0.63252050553102834307
0.18952275564303186495 0.26518514591936459546
0.15861753042496365418 0.19383042058649121997
0.88653405187502698492 0.90791376329520445676
0.34396141067793928325 0.35720339728305916527
0.24618616802108714281 0.24624430203512961968
0.59459584892311889703 0.61961889054420171696
0.62318477281959649972 0.73632917642701500860
0.91541678836849094125 1.05870945426861085004
0.29944158759192746055 0.36389691342186164524
0.01468848425375490069 0.09196221447930419401
0.10279863776213067628 0.24271458972999776504
0.50438348336818694673 0.56156210314025212238
0.51610451966504600207 0.59091619220788582645
0.27870243074869266442 0.40154680640244572176
0.31565723039672960448 0.36013560270363792482
0.64758521049746997633 0.84183151217239515773
0.25248874527370063214 0.37876035944042624193
0.25420844831013733600 0.33513189847863633641
0.32147535249054115525 0.40592486275467609680
0.33168126040219481077 0.55728495351527929103
0.17982461124512777451 0.36404946654615183421
0.43904811901649370975 0.62277652677021411165
0.54386646254332993156 0.67680854450107486020
0.26217248161341766277 0.26222380722819926824
0.83492230587787386042 0.89794970201984458669
0.23520069058173356802 0.23807472599892362530
0.70233048587900448467 0.71890220732770004908
0.70345104673887504099 0.82093857998412134158
0.62876771107668971705 0.65271495523378930681
0.94965588003223533331 0.95354068488257637259
0.01911453436874498146 0.09784996350089437966
0.77265528103978120544 0.82457846653099953205
0.91076750310327181381 0.92735602691054408453
0.18118076148526376934 0.25833978137622282123
0.22544114167362450107 0.27158903078547902421
0.27352912776826754371 0.41375740061314425500
0.10061591406487799261 0.17499409511086741476
0.32368716276575898450 0.45329585073769645964
0.03271519410090898555 0.05052857700405551794
0.34816346420848476306 0.44949599029480857837
0.26122375870191422154 0.29063320066455328172
0.22180764646489037339 0.27523346326525555128
0.12927283691464483417 0.15961905592232841777
0.03794877428116649742 0.13079904280922327597
0.92356607006520508030 0.94893557989316712487
0.59528797235209207628 0.75621322382512001781
0.56831850059984112544 0.66368654760275991311
0.26796818457070448183 0.40539172639410869792
0.43284021506498365772 0.46788464405109869704
0.46141960127758785415 0.51748657157886046587
0.15988250093075284664 0.18238622070462329194
0.03624727242862943455 0.04232062644728543099
0.16044847079659343980 0.22928593641518932311
0.56272944549778125545 0.62792924362250779335
0.82412605645183045766 0.85224692317965144994
0.86054202246079147809 0.89153565340327511901
0.67426400159077215513 0.70213049865260002136
0.70377802194021321647 0.70899678600683402330
0.37575340781753779895 0.48078510540795366124
