0.18062144745107816535 0.38187066024707444489
0.41818578979429976705 0.49324298481210027134
0.03733625022107506242 0.23226390324069229321
0.85196230064813160965 0.91952767161151260922
0.78306613791096446597 0.89655136077494468339
0.54465301572472402114 0.78727317732597534850
0.69093571372902873318 0.74133917797105775005
0.71499174470351645194 0.84249439087675492832
0.62387359029492062135 0.83592798608186225096
0.35169069629308130631 0.47755225544946305893
0.56748004830998288739 0.64119209269834853693
0.30087635920177985271 0.37068657726364223626
0.52774326110911307097 0.62842309243443916777
0.16686456180157871465 0.20155908637141162210
0.61719553624972711692 0.74965813809552639402
0.93066136400499388515 1.01722476465095690301
0.82417170369974235289 0.83297943509502181403
0.62427748149932038579 0.63678126337562512838
0.53837380442360238675 0.74577963410110381659
0.29802587490655835234 0.44513110323019228209
0.65506472398713166960 0.66646226854848289456
0.55931489689310687208 0.69648124061674054897
0.87103945220794776194 0.96303519539409576655
0.77750422365683014014 0.98020991753719965978
0.86327799720979814246 0.94982834701608309658
0.76139730360193358383 0.84445162729565048654
0.39715195900926147932 0.48262744289109094087
0.16185258454475170975 0.27187653759459384784
0.37718488014442069778 0.51828374862064541251
0.72082114401620345223 0.72227927759043308864
0.53128192208701507937 0.57285020300432343276
0.29483068844289633814 0.32164460484782791960
0.50813527583263096155 0.54225425094800350223
0.93799851905751141512 0.95516168633590858850
0.35528991035990920011 0.39066527766219061313
0.38321778561838759636 0.47855361490833869809
0.79084509195178720464 0.88663558181597090790
0.17540242678707973489 0.19021811511242070480
0.18075173604397040683 0.24326901000389247742
0.74236468520408349647 0.83378643654001938224
0.81400625007150750889 0.99863250112699297745
0.40600663439808143407 0.44024311516773956265
0.91723684174874087205 0.98415432982461670264
0.04433799560139663198 0.10292788120315120304
0.27822015596622923228 0.32080607054923165888
0.92445635715071916572 0.92788736101846591708
0.12874542224783525057 0.27817740035147031641
0.16546936825840499741 0.29083357799749154360
0.71056235570452774830 0.72034130051742573109
0.07158150098694342212 0.07209752407118537321
0.26735490931743299825 0.33563485043987872913
0.82681033946493065478 0.92052913883194653621
0.31846708243371663061 0.41171130303846709131
0.96115915699216547541 0.98552325751913383289
0.89032025691159921710 0.96041596741995849396
0.35992972998827416076 0.38871383981517976247
0.41012777728919846965 0.47077095235185240085
0.63638859406926828743 0.63998606238967636894
0.69940136476374104024 0.70606316377097411152
0.46606027723221393755 0.48517280368752896402
0.43017283491008334595 0.49780985801928906431
0.65332068334279969068 0.68339695761510654837
0.63804300774480493530 0.73651419785613381208
0.93519779957197601838 1.04508935195584062861
0.15245589053446331751 0.21477996799354334700
0.89044033754938356484 1.04170642882589992162
0.01706231940092654831 0.19266460792537593028
0.14017501430177528587 0.22672410096435699489
0.43219733573992419329 0.49007350451876680042
0.18755490365325178104 0.24138183226524612124
0.82794251993423872982 0.88707778348133126123
0.32632795736925251928 0.46151473238214696382
0.07759201609367540053 0.09401643672205349522
0.40700677771628068768 0.55546144329884428181
0.40067732645958076265 0.48144501987081722572
0.36986199063219515892 0.48744313656003446233
0.91767776040318715935 0.92167030578402342478
0.14789917172694744263 0.17867669902810379146
0.56825917331460906734 0.58743612103262343727
0.70100821751658337622 0.82449230447645815989
0.07563372655056954663 0.12208686515351185875
0.96944682652643243692 0.99369891273402544130
0.23236259567612638222 0.24058690454355646793
0.02830640107058989691 0.05183169466308024803
0.58468446068890156386 0.64607963158987458119
0.45878298554714025403 0.55223073560213464805
0.63190530850007697872 0.71640160872266633874
0.63037897975236634185 0.64799593902391039446
0.71401544932837679447 0.72832024893815905386
0.03885714165051223912 0.19473206641755080870
0.92152145732150614332 0.97173018206619976578
0.60941418895243870679 0.64116407140743225668
0.07447511426485792230 0.12735648503875779403
0.79242994912511099947 0.80338535271774147439
0.47672984779527083354 0.51944061948119424343
0.74997750555057240973 0.91868854776676656115
0.57718950890648379470 0.79044216432470926215
0.72565874803134366999 0.91869087015145445285
0.07465305708053555922 0.11622921537237022871
0.83260187675336339019 1.03228298811317542594
0.60575959767328546590 0.85996600021028335448
0.73008223785781423132 0.77320994826353328655
0.35948637499435037723 0.43574983455155097412
0.31832930599267711402 0.38348248498067277756
0.07835145428089348996 0.19878816596195694744
0.27012803499039583777 0.35801020904823110946
0.73827745825355739484 0.95083689967439655177
0.90701384945232621515 0.91461289547390178800
0.03368151295818264113 0.06187347570383441853
0.33890533292759483786 0.38144367928756550690
0.61189597284982000236 0.63427753933516151097
0.22634361502820835033 0.29998409023501015902
0.85529745132336532087 0.89306148798847417858
0.84013263146221950350 0.87379259186790037006
0.64244158925366745549 0.79090040278870343826
0.53701249354334212871 0.59775529292830842376
0.91820462452308615475 1.01970542021372767572
0.04604625850856355895 0.19223803871036251878
0.35163552786690938090 0.43606686842270697690
0.43503394247496696146 0.55370031448448608913
0.85859159207707591577 0.89157426657540672643
0.41164182885162181602 0.52764230095487307803
0.51544635988373566082 0.56858779096997158486
0.68168898011750811428 0.71232766086569188069
0.20614746994393720603 0.25561110308317486206
0.25814568806429355474 0.26911636820503420653
0.33979900571717791546 0.39683329349409890430
0.17619923049247834812 0.29876157750302889671
0.50680646046642541247 0.58349593431727997395
0.87334009575917603829 0.89176623436998869732
0.67190998651154931753 0.75612070320294033632
0.71604325549217251456 0.75034356472007424088
0.86676970469827785415 0.91708410174124099790
0.77160161149968065075 0.78604944736105286651
0.98903507196196505102 1.00226449969575348575
0.62170393026917747381 0.69616752782856228254
0.87253816508842518829 0.97181129244296671210
0.46618073070416610193 0.58130911712522737034
0.81069975365329272066 0.92301230183607185786
0.41980774362767669938 0.54866034428583010385
0.28093582818847445681 0.33970154458865969849
0.07595482897538644029 0.20006671660365424326
0.94598798315809562443 0.95424550492422344217
0.61772282268538336591 0.66772953915122845725
0.60002423162449947114 0.66203108207430716448
0.58454570485348356090 0.59580613077075639250
0.51813126625946281933 0.63658637624917480125
0.29160458494483054714 0.31369363020330287561
0.09838658467553962339 0.14308922114201894082
0.63087682693219537811 0.78932670861131914997
0.33048998066700518983 0.33171543171645434533
0.84443196855812774348 0.91882097115896022022
0.75600148193828498044 0.78421848462584287098
0.14008495661013331546 0.14888805808339855563
0.73681745021098499215 0.82837820515627980100
0.27575858656857865636 0.29297385801170394704
0.01639316699539306033 0.13117188076796659768
0.48319172418173511607 0.56385407571213630451
0.65090530964948634107 0.73402230299885040665
0.67587105658532309338 0.73798132939743521508
0.00634587067794445403 0.07535049568145124610
0.12368626013269151676 0.22523234941713027313
0.20137259497769710581 0.26869609046368780891
0.73386872373910305711 0.87450351631925649087
0.65956382903275823093 0.75305221442996328474
0.20856060824673020027 0.24244906415330744198
0.65174020128500453897 0.77163330490541948148
0.66408781139903139135 0.70983263094553650241
0.07465738279191919125 0.22695075659431368509
0.48035457800603387213 0.55206879200946556985
0.20544254186153593222 0.21826137366372050375
0.21546254903003148051 0.34509448840686274274
0.03622234430511760139 0.14166264585108800933
0.17427998813243114617 0.29779094574986969546
0.23331557144763642730 0.34478210972011319457
0.63454858686388526667 0.64294971525280508740
0.39402576245934639587 0.42322897637593315245
0.69437091902304348690 0.85608596615726184620
0.14190657376818455182 0.29645774210767622536
0.30411857166258937646 0.34674728534283483228
0.11072042210456745082 0.11102942948750538221
0.18432035837093316277 0.20095632294240498017
0.42295579593232124349 0.47191215762002725054
0.00361655011093689818 0.04445454957772240756
0.75854243175119273612 0.83587212141358546713
0.51973491327903575954 0.72117285187791735357
0.19312341470783303543 0.26525826204308083911
0.10549809882620633794 0.18899130640025360584
0.70409947286960605783 0.88443458995271428957
0.79056877745970344229 0.86642081958248784446
0.53143389471767676913 0.60334036842397520406
0.94933580310169318750 1.04082247850954767721
0.82979547340785608789 0.88717668177385489159
0.43484279340582238094 0.55159095598907559310
0.47487218790051488604 0.48549099445437571276
0.80148217238427854614 0.86896059269896352983
0.10992659509144545038 0.13098661456054136454
0.23665031308102021934 0.27839089781122949852
0.08473199851542230487 0.26111397581184697669
0.62891742994573240910 0.65457480926513766928
0.33378653421172282956 0.40628344091340168331
0.90692957197010215520 0.94167497816138256983
0.09171101461528043119 0.15049158047511657088
0.77625085948770644606 0.95473410244401080149
0.89182182061852299793 0.94863773034434306641
0.59528347312673357550 0.73041647601759240871
0.05759219345185322136 0.17933832329726545618
0.55548178824441563073 0.74611309913831647123
0.75582803658469688290 0.77107222720095192070
0.46681844550883050404 0.65574799981949039029
0.48402704374487182104 0.49668199842851012971
0.21388072528769419556 0.34024248370223864057
0.16446982783211097634 0.29675014237481101009
0.56634280995017660665 0.64799420661787920928
0.91990104810042572225 0.99390465937897354287
0.40343714860603202554 0.49397428942718296652
0.31951304449406431329 0.46265165796418977751
0.56387271685803308507 0.60715739519126876722
0.03493974419771436746 0.07377404930256695192
0.22932576823520217646 0.26790571338688712322
0.66443196954917715935 0.70381302366658160530
0.35615352417143214536 0.38406597364892186564
0.94831430449749376521 1.03440425764651311447
0.55609615472372486700 0.62797004695716851508
0.59798088106776248196 0.63583264811872886035
0.81361766617581088301 0.81628508634480312356
0.41246508910823437288 0.54753801156645409698
0.53062198345655531284 0.59639219161832901506
0.70370777057572331259 0.74644961913781782137
0.10207093585042190109 0.20763439193395652471
0.68991906165910676929 0.75046706701722520894
0.39709503483419711367 0.47335741349092924635
0.69192286119373469511 0.73541743683183025126
0.24954712059830158610 0.30926542955736019413
0.70018219472976617190 0.73163048124427176866
0.46017720325083855126 0.59697952407453136470
0.94583320770986378800 0.95505044091652735450
0.86253123802482589699 0.89792200438198677137
0.91494944578529968648 0.98556529969135142633
0.53604106049606847773 0.53649651054845104436
0.21289203962957839456 0.26519548698528883079
0.15381068929223679076 0.15447929803390808567
0.40492663588666510943 0.52808233540260196559
0.52166998851737178544 0.58100464502653170751
0.13695228324973943157 0.14083201222487537474
0.77805123613210047662 0.80315769813919446474
0.75323870550606319973 0.94413931685432461727
0.01879390575378619976 0.10136573601100523634
0.36643474636234579789 0.40994208373280766056
0.57572185504476458551 0.67119112420140514264
0.90066008698431698765 0.96969394761879168509
0.29658832270197982295 0.31489733037485440059
0.95633144957667981512 0.96925760567058982797
0.91877401708847794559 0.91905586725305177254
0.20811642329598611934 0.24661639333874629809
0.32826790561064506102 0.35820527932119045067
0.79095686365788830940 0.82835192215605024657
0.89202280470744566010 0.96639857210502255747
0.82269517553315718583 0.84332143131244852174
0.57096107965729325784 0.59669266766442996541
0.17315041865595137693 0.23947506237388638262
0.00200513673033689277 0.06390470111854959501
0.37185790574316129886 0.43766209119244087189
0.57668643720429135779 0.69160268474000463623
0.95478706046774020066 1.01878651792114927055
0.69049716523799131718 0.72974717702140312614
