0.28036508492034795115 0.33694616122760112642
0.91523555163050218653 0.99814584983593857004
0.94484894289115373134 0.99684730001938981481
0.35159580212680480171 0.42502530561644308316
0.78879481620436542322 0.90633747454722524139
0.85694045347672109791 1.05238605356332559637
0.51978660186184200143 0.56465005757357622507
0.48244789867750315082 0.72839921971750065666
0.17485721489701414044 0.20361939409850057792
0.25283242224116642127 0.31833991677722828229
0.94125326393523456314 0.96587859841057188692
0.85124831938642731011 0.86151755074642255572
0.14151479529143773384 0.22112526741734250812
0.00610628852950163836 0.05113428298633808378
0.86562739572388447407 0.91602248050962087333
0.42200448480824148678 0.55352633883383728364
0.53870788836128158383 0.68012891189054303087
0.43936918569417149349 0.57315147424792911579
0.42561926156861296100 0.59915782809008577559
0.84296937262026594428 0.91787104698833343885
0.69491220112073348592 0.76257841222379740831
0.46429522377035792324 0.50762285377519678065
0.39914852501831254994 0.43143519525442142193
0.75634607367976380843 0.81804761829839978127
0.62079562121582210210 0.66836928717451815629
0.42908791572342441789 0.44972058813205029182
0.95377641802978618824 1.01853579090181423084
0.48509241032065958388 0.56613720832326297483
0.21643005001273257770 0.37383506258710291759
0.43509065680609504412 0.53541619865284850732
0.36309599784814505785 0.40668442486848854767
0.23162912301422897143 0.28670419429056404059
0.37665583879887221119 0.51295371804597345022
0.61484797354647968692 0.64852064797440578392
0.25160341180487538759 0.49096699464644627531
0.14155518054826810026 0.18882017365708259060
0.18813067411552852892 0.19469450153394196601
0.07981977923882083159 0.16751819758879676892
0.33730945555592706242 0.35013616058881402715
0.19090516276144825492 0.26467159399814538245
0.58165747572332060500 0.86458838612312605143
0.09752605684586351797 0.11840883431813381543
0.15332388527054713334 0.28768230374625397561
0.74077816009597752256 0.84068901057428679913
0.31099882284510865782 0.34498829659180513252
0.31789687345453238043 0.36566164554698460387
0.73890230479573870692 0.87992120012319741118
0.86782924303255182252 0.89917640307873902827
0.41036716528145389393 0.49501150784309622122
0.56346966120096786401 0.79311172989540634770
0.40508510736099528904 0.57094618895985238538
0.51734305805111124865 0.58492277324535846272
0.52353697838394674946 0.55762642923408667350
0.68205507268031329016 0.73630783662065291129
0.59920268572070423119 0.60638355955685296905
0.47921867915379995351 0.54038396273903543943
0.51980714101999181409 0.56510590380425984591
0.32534250321669089256 0.52658427826923193127
0.58477053066962669803 0.66896931888823707446
0.06026300322770376805 0.12252869078609658626
0.89995735246485530912 0.95881487319987168672
0.79798934562281798044 0.95839315625103393970
0.34684374038978521559 0.40933706330712765764
0.02205535892581496696 0.03967405755597556982
0.44715904190164323939 0.46482220694694886820
0.77826097440440511477 0.80733508292068423273
0.67741930403349270851 0.76352034212432984273
0.46297684299043423417 0.63116858515126794682
0.37064892388540748858 0.39502345202103372745
0.48149206578775166632 0.63620570897152184386
0.36854425557261272228 0.39100585066995041661
0.15327673756782922432 0.21487187031101440127
0.03160352500295751654 0.05586735908753634461
0.74490494471657442421 0.98436896989422251192
0.45468682488763362270 0.50791296731003965359
0.41796598697269748968 0.51925060235235931394
0.89340253456072782345 0.97254717943386415069
0.01395674003293959423 0.06181048639243433285
0.47253815264896392723 0.61729589779831128826
0.90042713176184752122 0.92724418608821124188
0.24531734124821730214 0.32418852335603437487
0.62314400580580242561 0.63768912476390204880
0.45438792087265028607 0.52903162220942201444
0.38293238723624517528 0.50285612192406359267
0.79948961049545697044 0.85690553001628888552
0.88307859601642646474 1.00039760537226407600
0.61427656977585842757 0.67691427722916641674
0.74522159607239779611 0.80052828913526807852
0.72496290483032099772 0.76129264706657151507
0.90820227700079492195 0.93917962399585053213
0.37914806484548924104 0.47721782678654345311
0.05377010231615654556 0.18617320027086203815
0.04740985480762274773 0.09942991267264164601
0.23243300527934560029 0.56724918777113308987
0.03036756293810222856 0.14870924364141252516
0.29806157864196347607 0.35380862546584912476
0.85670229063203684472 0.93303199206241826946
0.61437317096603449862 0.64480641330010368684
0.19413478926588614848 0.24808465681817323811
0.36419504789440765302 0.37738836129448322110
0.51359118433165251716 0.52032557198745110760
0.66694541513175220615 0.69271460415966057411
0.15451620040259034239 0.29450429267572048042
0.67466216790405431070 0.95197069317681082268
0.03420759938286924151 0.07419777779373612492
0.10788070264103917506 0.25429680226707013224
0.58732279607110859931 0.71539834543472113904
0.53624084144131112240 0.57930778011337480393
0.80640521242503448995 0.87285068573538171499
0.72527183008496520777 0.74527018051059146231
0.66907231793474863935 0.88199015738140751353
0.23808108547336978567 0.25308248813132866450
0.20480331959966585620 0.28115483257559931163
0.84653427514134937937 0.86619625040096637214
0.32607352929281163689 0.38988812022255525669
0.87649837430783483772 0.97115885191724682368
0.50980076690471531897 0.61058826585246950280
0.82317092427671934018 0.90922901991374049935
0.95740475251377832322 1.00767236919532887640
0.10952071487024808705 0.11351919500270465924
0.27362664733078539969 0.42161534456824106831
0.48113703935489099406 0.55184806018892651469
0.82321729467986226592 0.83528529015193242468
0.54708320608298111054 0.64877969643769395347
0.93681461637752838634 1.05214374140199962149
0.67500340765148358901 0.82724595395981681545
0.64049881208574488412 0.66715087593910049613
0.00834019620861067498 0.02178995400560948884
0.32691071580171993105 0.45121573683993276838
0.45175267435013843897 0.50710935223243047698
0.09380753641991150527 0.10736531657836818898
0.76800217393232550478 0.85573578847652664869
0.84843712006688465355 0.90093517035546966110
0.59370712349776710859 0.69088917623722867489
0.56895837889069200699 0.70855805535091542779
0.29550320085088965794 0.39456179455954443203
0.48390081177873023321 0.55236690737744864599
0.72029026759527359225 0.85694123874740357749
0.66444201488101395370 0.72465006969919931734
0.25273350450580051030 0.28815366130087488594
0.74253781186772860323 0.80388758966532170014
0.75766753702019240535 0.76310901337499115193
0.17273931633554534537 0.20838575688044252976
0.11838214274427114048 0.15786081822799072349
0.26223401041328137095 0.44174968592396429701
0.63275804034360527695 0.66354397932457853670
0.57318866130250900603 0.75457694724208113080
0.58899128694710067844 0.72700102978972414025
0.91643603665004380598 1.02099442631033521245
0.50618109807593958394 0.51954219850076732712
0.38783729363885188768 0.41766477785987832227
0.79882173085920760158 0.86358844644665078150
0.61921963149104808366 0.69404276556138411181
0.37821251515094056472 0.46066336461838641725
0.45894209810342762035 0.62631370009173736868
0.38674072356342148460 0.44292178398256076832
0.57907966448295067341 0.62310487894498900463
0.35935738566351971279 0.42753015155724094498
0.11876194019338545682 0.18672753225707008906
0.60356705032462543148 0.66206749556519806088
0.82909850323757405821 0.85989302696715441687
0.76721272208770008305 0.91649482207103871723
0.72561447140810830803 0.77110419135849328498
0.96064202354774119730 0.98858431318389483611
