0.09194618955958527851 0.12104449592408900171
0.31245659279521287299 0.40394923541017957458
0.63007619850373908221 0.64302819419001155943
0.58761339503963172515 0.64366268909267876364
0.58807444609747827613 0.63183265333953286813
0.45651257270189959936 0.53624251517584997639
0.54669873277295311098 0.59853951699154728239
0.86480850930960040390 0.92053903893177480011
0.17577417576706971802 0.26385352703501546712
0.20665713612687625078 0.32002362257245381416
0.72070179174954429602 0.76121919395119597151
0.94195045671883959049 1.05092895509291195388
0.56487453463515502339 0.64237977794606171411
0.95730010091118844517 0.98230323408763842163
0.38081669774873561085 0.40682475672487028451
0.87780693798022091379 0.93065482207992467067
0.49119110853814185180 0.60183957367343621225
0.89104522760867399533 0.93853278735807799116
0.52429366690899881220 0.54008709682898770055
0.57725304654482345601 0.78754404056667393075
0.50877305915224901867 0.52747150876871984337
0.88684665091123537906 0.97793593182210325487
0.76319686099128225543 0.79670450703034734197
0.62303732191425753584 0.73268383855528251836
0.39690734905711005931 0.41324859391939722242
0.03245299125611578184 0.11930858787162956780
0.79883202951919685120 0.91766993169764288218
0.55803800679805393159 0.73365017876638827232
0.71084051024067529401 0.80107741993112047130
0.76102501494122765102 0.86180862236486421857
0.70797034026597915890 0.71717336460880543036
0.17080698954360346020 0.22335919568363921117
0.51177689909371759658 0.51665070037448079798
0.42609892506650809407 0.46582534791470392443
0.24965540764140967123 0.26335775192434840442
0.29401396060712003955 0.35699773806874735005
0.04133280354939061069 0.06730147406066912252
0.15876332271711979249 0.16608384676455634210
0.39296973209180668940 0.40069943770889165924
0.89225532385772088340 0.91712650415412366733
0.63097470589727244761 0.77942184354725851936
0.87350256566598893926 0.94786458515893734500
0.36052461978820105060 0.36160176274573174737
0.05833090373679580137 0.11137780501683594570
0.21969498499252448909 0.26571197026281123676
0.41709038055958014279 0.48661690901364751394
0.27562414925358763584 0.35965823652828693424
0.68136841836851513854 0.73392465781510529688
0.46878059041828157305 0.52108822192943637930
0.26885525792437314774 0.33287751359546124963
0.27092695806501487787 0.35097645532617027797
0.24500171952161997613 0.30878547560875146960
0.77001938422654991889 0.77668348338205173143
0.48480848229885759038 0.48602916751146746366
0.35405040019696409903 0.35735403580716018634
0.59740537536186411049 0.63816240436082349863
0.03833388457774310198 0.15292289055923136143
0.90990207433008341020 0.98171887600540541641
0.38391043333081797950 0.45078859324726672231
0.75384204961772816045 0.79697275140762868784
0.72749041052545315722 0.79605552862952699833
0.59437518520873178218 0.67351286970623069905
0.12811131660262792265 0.18685488663926702602
0.17961701803125249000 0.33469317845167412262
0.38273961990075477946 0.51023712234625639983
0.25714071838670060632 0.32631889993816598494
0.51228994045250075828 0.57245544569466133566
0.12025286099633517023 0.22737030147908796063
0.61381356419135846281 0.68863755935553094822
0.45676373721001201078 0.51172934796997782136
0.54683665989415231046 0.55031735134516379659
0.26982933831775884892 0.31674601261500828775
0.17933806470478760864 0.30452610086099263231
0.39233995754552963842 0.50709302187023863606
0.49423807476249032034 0.61163561697787960370
0.60232397228671308298 0.60433325003984239565
0.56712825675838085537 0.67468624365138230026
0.50839158749430635176 0.61268607415995535170
0.68637792146731335663 0.80526289725898680949
0.68785613959922131677 0.75268346845573552706
0.55217364257295031837 0.61858280709839219558
0.76638863873217899503 0.81000305709846176505
0.58259883758464336978 0.61521974700027803884
0.72045481642139641565 0.77939920370142523609
0.25798309970044097650 0.30962515165296256026
0.59048949112651849536 0.78528088096506831750
0.33688793908336878147 0.36991557076660575021
0.74099448058919070714 0.77315670957488691339
0.92034298019107263489 0.99958349784644406899
0.40910545292947997353 0.49695149959916129490
0.95377780957661373318 1.02972595653190945875
0.26234088657742787865 0.36850600891025125927
0.33608357509223907300 0.37584277538820720643
0.74463517711095394969 1.05028130280827269871
0.83580927627592060958 0.94502655639232369111
0.75756359347209401012 0.82084273910292659959
0.55710063644073049005 0.70281404082212128870
0.13911762741387617703 0.15045128101479970928
0.30043017550544415251 0.43663622549826386354
0.41228007199611360623 0.45322580912435583844
0.71028634834572279555 0.73664137183513067608
0.33038040307723554045 0.38201506685311542588
0.83452977950071705049 0.91235522522572309878
0.37824120476453654272 0.41242591518286259022
0.01999370795161617420 0.11469447450573408420
0.19975680648396476613 0.23877083718088720765
0.74089360231373546650 0.74926338572226025558
0.60127910147734686674 0.66941057973024786776
0.49413623240712289952 0.62550845884022010512
0.04342915447470947071 0.05224389314986559868
0.20693071984059155377 0.28737194997502479854
0.02576346630321767195 0.09289412644489071502
0.00296305712974079261 0.10345596067104498306
0.70146594022495445397 0.80020335096168493383
0.38607713656235764788 0.47097216364064364846
0.73825693857874030712 0.80759136259566299820
0.65690565997759653438 0.85203593545263844877
0.34841078289246157906 0.37012618138446656824
0.11751153935766507630 0.14642163099111774049
0.13001191301057626881 0.14172024275614467093
0.55226133495405871354 0.57804678531406017417
0.35374171489134126345 0.40333339592373734783
0.31027708181005858590 0.42734340321389990835
0.73537006244883662553 0.80995394014972643681
0.83007552784506710708 1.00279715869485697155
0.91930040970549387058 0.97886961735125999073
0.81999296285235412363 0.96275002373369056308
0.49791765699304185722 0.61388162506032295518
0.65082013355935020016 0.69278619784178019358
0.10186159028210749200 0.11529005805197302392
0.40086864768564123285 0.53627546956676008794
0.00367296861778201866 0.15712223652988130396
0.17189960714928481655 0.25992162977796012813
0.84559010871999362724 0.88900051271976876510
0.73567958363375562936 0.81443771800702247088
0.10504140736152720037 0.17122225892032819083
0.61884394040321166752 0.63757232938309382764
0.07830140415658889963 0.12245001628531540505
0.85743933320940601828 0.98218171360422068528
0.38202587926589620659 0.41062676381094792566
0.71483090999854970171 0.75235734061146741780
0.10557741525664834925 0.13088724496877909842
0.36630406065416321049 0.41264494884144875542
