0.35205919602204382990 0.52529518208347814046
0.47896924796080597719 0.58519120317442940848
0.65303840806815549591 0.65605801335310620637
0.24174953574924795685 0.36415239600304538659
0.90125023304775930821 0.96193719025554347279
0.97849107933619761113 1.00396312189800052117
0.04218701314438275812 0.12686401179841425013
0.37768627613656868824 0.61026879726287130978
0.20725678702127905972 0.21766177188666366304
0.77868199688997141727 1.04414285884465862786
0.75296315443726058447 0.81765753936302854044
0.21312723918075601737 0.25404084529176540475
0.00587017588025375014 0.24372736070283296250
0.04142988047513240790 0.27055480326010672432
0.09998655631763304907 0.14703879372828948524
0.43589099288454952186 0.55499882694687974194
0.23535119699053327902 0.57152671238141961041
0.87324112030582967670 0.91852298591617165258
0.13885274489498977690 0.20994258982132263380
0.78138226287187972918 0.84323170944679370908
0.64974005794438383088 0.77905433467531104430
0.63867191876328122113 0.65064470280107911115
0.39424426573517695749 0.41161676769690852540
0.78542302076236103492 0.96261767746497606257
0.12477484036256467070 0.14271555803585048161
0.84261621913348050406 0.88492675755350269640
0.70528763335253275013 0.91097407064858415549
0.39048439567914233761 0.60822051989346004319
0.04270496862120176651 0.05878810874639417428
0.25533280964010046654 0.26370405281497383276
0.07110056932994696099 0.15788328910350685197
0.45155192912114916481 0.46708415616675735826
0.54924395008494153458 0.57455124975275628785
0.42308282894394699802 0.57523325792080504115
0.67223884729958038875 0.74394664429362133973
0.60477819931357990058 0.62388297068460252248
0.69949879870037490193 0.72658390355899693525
0.01010110259334504046 0.12025200128824467538
0.55316496084572519543 0.61152078408617471794
0.24681302264362148247 0.27191448440094234673
0.64776715606244661405 0.73420916617457054887
0.67436823880402141373 0.82339945406029080299
0.68261603798048797742 0.69657606677833694420
0.55422094663545806714 0.68001117502285512995
0.20707325330726325530 0.25327017276032615101
0.79766285924609303670 0.96427176985541729337
0.90060125470390761659 0.95890544976667302368
0.33593030140944846185 0.41027505223199656204
0.11511890988347632525 0.21971557301467919965
0.54395820226619284732 0.65668864653450231827
0.47089266854025235709 0.49387742679828261494
0.92746385831047462034 0.97640767480867074468
0.90711945580760533492 0.94625757689042122589
0.97773065425574090526 1.01855438493042615988
0.10987319693425173783 0.17503440972797251751
0.26693406759101778736 0.41784903468945755467
0.36329832034537334895 0.38277121684474224583
0.22784536084721923599 0.25536845211809683365
0.57406448750651017932 0.66566550036464855467
0.92526585435980457373 1.02520861138185881423
0.10911672758980028863 0.12741467232691372491
0.63126854401076959444 0.69736126900805006645
0.05716534392765638961 0.18471656004811343177
0.97305093882395743421 0.99355663009814132458
0.62274694030404942335 0.66886297589022214449
0.23527221783223109530 0.28807881833919374293
0.67332820458230735472 0.75267762435663343457
0.42229180380525188632 0.45855075863787164714
0.40547771232718687884 0.49287623559403659357
0.32993308710228902436 0.38314622843489426485
0.53684345517081011323 0.54257808521740269470
0.81405141481982179474 0.97393905870320873763
0.26861424236689496192 0.43379170805630845598
0.27348847451300312139 0.40428737309543166800
0.67198640211116988930 0.78652833138574673733
0.66590733104621091520 0.68887891271678625138
0.09190436444471004884 0.18830504470726061594
0.84533606111248660309 1.02906027038334801915
0.63355317816523881724 0.65033433125019768362
0.76987967558720249439 0.85462128854567109837
0.15099522091586162209 0.28624989177581605659
0.70572643539564972048 0.71877984363963720593
0.74921266119441853881 0.87681521501568848720
0.77341609105496078591 0.83143235671292625710
0.41159109446082292605 0.48274573826157435308
0.81098932295197978526 0.84382088811243649573
0.14428021741138313816 0.31665435416962089965
0.19753458568205081725 0.29035882524361705803
0.35670451584893969610 0.53185095068243981586
0.22800581087452873041 0.24028479659750470732
0.06185855319131874225 0.11130296746439879985
0.19002616052314799666 0.24627359781351501611
0.21740940499320215995 0.32585018289177869466
0.31525428613228273500 0.31826270076139601128
0.86914409985207208287 0.93815351889493503457
0.44990802336364388303 0.52773103158661727186
0.18754277183578665911 0.23157568909472187046
0.67784123435532694923 0.73950404457208473996
0.39519783710007005961 0.50914084860372932351
0.81475975073095352474 0.93243337123525560362
0.09181533839337982505 0.15315407174866560447
0.63818180179892913806 0.80126610350815519190
0.08435460758676875670 0.14120077180520504423
0.51048354802222650761 0.56022601112053593830
0.11511629615484161859 0.23940581053049117544
0.68723362502552887143 0.70013136625049998685
0.02924387959804157153 0.07960220853938666796
0.65547413626441242140 0.82727252141343410319
0.25593957980286197174 0.29338053566923194548
0.86491905890285569747 1.00949673451037735816
0.05784742721845326924 0.14152221575924706087
0.57696134806828447417 0.61883316330891324775
0.75690176309448320424 0.76786835356919347362
0.07796441288636514477 0.20470828769114113310
0.89955180999721640056 1.00038262472753691767
0.38698639217496388909 0.40033163615793010415
0.41666784690983971196 0.51104420629688696032
0.02447387067847947920 0.08426099027078695625
0.83078216408620086941 0.85656955480219998389
0.34670494043791971750 0.38068889962077573363
0.45280744710873871428 0.48530471348783560392
0.12029211955826135672 0.14360553701472089649
0.49987051113275360326 0.57247290223605007409
0.89350985181935216328 0.89373382527958089572
0.03687889932237580631 0.11653036154931789570
0.78933286881022068915 0.87549059948167828882
0.64345827925208498588 0.82795752713049164395
0.25517547220062958280 0.38579484387221812947
0.11997958196087873950 0.20391840480414816228
0.63360678423270044846 0.70949133382084439425
0.88268686637390059158 1.02433842537626196290
0.07393764589692652933 0.16964829344014598078
0.64774977580862369564 0.70043261901228426325
0.77960712180386837478 0.99837602040568895756
0.66954088959265845027 0.71992779997308997686
0.22412535720608856016 0.34742377817818997920
0.34532429363371364150 0.39390698876969498787
0.83018553531706040793 0.97998852848845685592
0.57545119866097760308 0.71371986423734945504
0.71813007104097859035 0.75741629248582809097
0.77458909445468038246 0.79641725312525413205
0.83730991618342587302 0.97258555862484219467
0.04678647475002792322 0.05277437368182227861
0.15974578171804532101 0.19106119860503378849
0.13167569949634189141 0.18461577054653949270
0.11428277477479861779 0.18737518364694719097
0.19870202959949798127 0.28790098100155370187
0.23404262415338761283 0.33079917842443784526
0.41877799849732516568 0.49304510788322347681
0.52949372618465884166 0.53854646076667345156
0.95667637370738001223 1.01136232653674396076
0.52860531560257573158 0.54619896125264977282
0.21136428290271380703 0.21627652112916639915
0.56885800036074751773 0.62097435344631857213
0.33504522195478647628 0.38799181902596779903
0.27161708064809275687 0.30018502983464834255
0.66650811930969655617 0.75787003915736594895
0.04880870477860197593 0.12434372134705809487
0.83618734507661518496 0.89741237963909525899
0.39358935285438989560 0.49381467545456891877
0.37858533663654608814 0.60257273880754036455
0.09948707605942878895 0.14195070291687544861
0.49666991257125070458 0.59369294285166163139
0.33297087840607797471 0.41142715876240731898
0.69847469408475504338 0.78239733568283598153
0.47632712164137691602 0.58931146665180800248
