0.49653680249220155662 0.52242618762009407352
0.34259464256107041713 0.47502261216192476212
0.46058697299595785513 0.54527506120315172300
0.22326303346077422396 0.38284523168117556846
0.86887391101976396701 0.94124429869339565347
0.44476335143891532198 0.50307319369233072237
0.86695162283364801681 0.89400092827370025717
0.25601995625819573554 0.33207146725575409363
0.44550992520093057880 0.51274632730247227119
0.69406641038799021803 0.70969369542668381268
0.48368212101387575430 0.54406000020834155428
0.41539673920249675643 0.47941140339854337871
0.04758482479497589540 0.05736573054075649186
0.00356645607798333764 0.21399513458063257332
0.89596386207654488132 0.89735763051981787264
0.57956560836064952014 0.71311114343571158081
0.39596936369356977581 0.39636803724053598641
0.55895379315169180234 0.57675464383827412806
0.56363341642292963396 0.63097423892759818553
0.16636623910769782198 0.23316392194277418826
0.76339083036963284457 0.77789101250603986948
0.57221018372522480799 0.70798374723015256027
0.91667427530666711899 0.91862948800453236853
0.28709168111145466629 0.32442718442003848356
0.31439948054963190449 0.49756496858031568076
0.10545277866413275969 0.31034169900882241366
0.83986291584689998224 0.93504923365013858927
0.10941183999319614717 0.21180890183054923437
0.82996442303476070101 0.84961863069872545218
0.05109155839881813349 0.07678320751221207052
0.80706414382325364354 0.81142225010041746369
0.67145855682097055350 0.71122953719477721712
0.47030090751655551085 0.51518045354253183543
0.15855087120511329735 0.16935184907091566098
0.38074733551334682957 0.40259727390738908603
0.45088251263472584052 0.46014008366167463704
0.87829100609651367115 0.91659285765603293328
0.82467590912702570805 0.83882470339837844620
0.11997920233340542140 0.15502398709159770362
0.72297061505892823430 0.78560662856762097928
0.58186613995711855551 0.63668967363940165427
0.42293793838024079657 0.48832373766841991047
0.39595630992441738227 0.41650679694237019435
0.40279283018413830630 0.44202026099841212892
0.86751874946108575859 0.91445346623276646536
0.27444504728270635585 0.31270306976570061419
0.01363872956102365856 0.03736639213205458776
0.62235570858235178537 0.66517211502827044978
0.57083687042546815693 0.67364978660366336971
0.12394500188995537238 0.17128663972066593413
0.31718516113328498740 0.35109667999158999940
0.46578990327417990613 0.54272098372106070130
0.61105443587631624869 0.66402304365625697269
0.65153682116931932455 0.84279253465082160091
0.27903088341157211705 0.28787176848029216725
0.96927539452712918600 1.01289640665846958356
0.08277032366785859463 0.09962652299951783863
0.27063457089150111390 0.28028122535350352695
0.30314828460470083504 0.37635586473827414844
0.77529597909620839857 0.93079608579552397529
0.86282759507624595674 0.96738283451899953480
0.55638274658479636159 0.62294520710721901224
0.85863428670360875117 1.02461316857704987093
0.48625510363776525136 0.52014237807687557780
0.14430520640930633025 0.15480837822156379158
0.79045241449760239583 0.83409696195499871685
0.26664471728441307974 0.38370781648548413223
0.11303033984682195334 0.19876927079547648813
0.80716186753809837651 0.83268089457954641563
0.08243352423114508332 0.16441712526105850545
0.32743334788509265154 0.37361165995432793485
0.26961339245089838146 0.30510080764297903277
0.62935656484224544727 0.64938111331748560318
0.96877580274299557317 0.97646139839480072808
0.07352422871315394959 0.24500660167984683602
0.86809768438697143544 0.87536451705530016199
0.66955097190442081079 0.75842246780028288455
0.22166717385908635274 0.29041719006634009181
0.42501210641852710248 0.57191972605731711266
0.60059206562524614093 0.62946465844617938146
0.95706829580688257408 0.97786529553373924273
0.82603246543217867526 0.87042718871457935848
0.08597731553138783511 0.22706538187575514565
0.71452438569183507333 0.88680256508427790507
0.89705358639918164609 0.90248586938329433682
0.03570972859100915442 0.10750632249652705696
0.02413057776530824761 0.10743340270168655337
0.72453988965368743003 0.75056846004000954409
0.07464277928387029470 0.11771518705276674821
0.70696687545303371625 0.80817496730017579498
0.07554770683035540169 0.08998126023718054645
0.40793004395857784816 0.55634082085764269276
0.63742381281933102599 0.69237166826756957327
0.89523611357219357032 1.00444799211027624430
0.71014364647392302921 0.79639235818465237138
0.80736524012644272918 0.94054000735474307948
0.21979497235413553158 0.25233982250855196972
0.81250282660268124957 0.89495059088048378726
0.28845570309591977987 0.45162290523912834717
0.56331963426754716462 0.58417624408285695470
0.45668904795114395601 0.46491268347434788755
0.32047449595859256455 0.41673192500771705227
0.17256872805781553470 0.23638564336189882287
0.42851095094264984864 0.57165560533949943967
0.81570998933318783486 0.90359158112930715312
0.03796893812857149442 0.10524128277702082812
0.15986758361588485067 0.28257498022648752656
0.77114950808917859248 0.97869236762287781239
0.14299254795422919329 0.17027510434434281472
0.72760758061868002766 0.80829957426118526076
0.51316186104379712951 0.55105442806983728765
0.81940542884873523999 0.85780797054523494349
0.34721280704635432146 0.36254538248208273421
0.95877719434599995019 1.01048661678426188182
0.28975411544845014467 0.35673714458672384220
0.32865596418050507799 0.37942922726422062540
0.81505228146801356193 0.85918995005881082516
0.68151659420722643379 0.73931411265654867204
0.18899903381903351840 0.28442979107457744270
0.16752645980287450556 0.20230148033125905371
0.28767262195198639585 0.33593054880599793055
0.54902180420458135401 0.57847982880856241295
0.78882273336492647609 0.80384679160565597478
0.30060292872440780299 0.36032888078429331502
0.08538639625819674506 0.11178673410409203925
0.39494921465211457745 0.46452854715804464680
0.72122577865554871046 0.75294874708795278551
0.59459006877777409450 0.66170482727325818928
0.59241704183529231287 0.68877838294288196153
0.32655543345285120704 0.41311526212804750013
0.46862043977046524690 0.48060086627574455376
0.70914600816028938723 0.71920089447342272493
0.83353028542840901238 0.86984009617234714362
0.60064755440746064874 0.62679399144943503952
0.67738991224606015518 0.85173553588939132641
0.73042562563777435614 0.77418570536139141858
0.41963309154709727000 0.52733234959469410530
0.59753778948540792193 0.67034646345536419432
0.34567876416906662129 0.43553901125461536026
0.15118093901944196222 0.31977560427024875889
0.83615911174004275974 0.89064149187156937959
0.40151736097492457533 0.40988512150940809020
0.13272896265560801821 0.15577018869504050125
0.10937577062597167443 0.14966822532589543759
0.13372721803827894438 0.24795578617740662852
0.43139652896101066126 0.51084126194157830625
0.88729379733437552247 0.89439809495648159299
0.16022856727621828665 0.23533859088808226079
0.51943971027107138649 0.76238644464432991921
0.48321459379834202919 0.58843053389602373304
0.07705913866190983175 0.14321269093952160301
0.07797667914666427114 0.22967064243861279316
0.21144554714187993594 0.51128902984441926272
0.49775251657214275580 0.62204675197798464659
0.65709843117841659765 0.67522573701398236334
0.42124979453699873400 0.56304563817057406983
0.00432620728408485145 0.15076287280557165715
0.93723583240371033387 0.94918053817036629471
0.47256087050966516516 0.52281685202102701204
0.72152740059951259166 0.77877310143058620096
0.76624785602607514701 0.86750624337299131472
0.42333358267993281832 0.43677414755534005320
0.49354285038761891435 0.53208857745675874895
0.17991750121537467000 0.29089895852138947241
0.23843725816711741627 0.27638611772843862946
0.09412676106388663533 0.21981329257273751754
0.46022603441968046312 0.60698929681609303799
0.90400064398290191914 0.93400431007176709652
0.24382183651808417291 0.45599281495611099224
0.08268842794613870395 0.16563255111370370209
0.13504793744317256099 0.18990377013653070293
0.69100632305944842404 0.73529826783901575116
0.04104577295482110533 0.04177938890311365394
0.58240648686971097092 0.61855977712400811441
0.94785957547707722082 1.03241271372041754084
0.87294756753429592067 0.97797827493878242144
0.58083944109652740906 0.63355054078936379192
0.47029448365460807535 0.47243625640459480097
0.83235195128421446409 0.89584517260970841779
0.59239245045646637955 0.80536461549961990691
0.41066956837081464160 0.52097102772924641645
0.21798965631218977790 0.23825919988153101969
0.61641170642990206208 0.64594176367274946937
0.83278175310198077064 0.93270353454949872507
0.75746983134122036763 0.85284154191759331542
0.04083106811031543548 0.07288307323446298336
0.72237259461131175797 0.79449880355722957148
0.40071008877842301255 0.51663426946616586299
0.05547450420092309153 0.09544821569136291428
0.69258041416151150393 0.71476314263167539664
0.73803358490624582089 0.77048676356312717495
0.86145806914879030636 0.91448653598137807919
0.50116038972999532586 0.56512264548261403885
0.42542426254657983442 0.57022660690068915912
0.38600421017765779164 0.48425973749213996333
0.04337063795202937555 0.08452887084040967836
0.23328038862995748026 0.26343253402621202852
0.83304457892785932493 0.83420078410694542548
0.14957150111086955913 0.16152770730408619326
0.33788795490472472993 0.36077694159370515825
0.66756651455935911432 0.82352284299846478799
0.69183722529615521157 0.73898685967280253184
0.93844540956968980350 0.97805279507611209144
0.92729988134411100997 0.96294534714295532130
0.10196912844993646918 0.11823061482702465486
0.32435497829430948169 0.33352989701334678774
0.76503213531469782538 0.85121307423638303824
0.70988627958306749210 0.82369843429037492566
0.21055581650117333181 0.25197085330603680164
0.74280377449183865313 0.88611491433259736983
0.70219427085308372405 0.79735005413027448817
0.34010169922784694307 0.34212696749848725553
0.16673182636092967468 0.21402539926907346302
0.89583415061979354554 0.95514430208170475467
0.59463137219070616446 0.60994672820077755482
0.52644505631333859963 0.57665408247720539858
0.74268092835276866559 0.81435467000727168596
0.24386914190360822752 0.27280870663226142181
0.18349280432984274580 0.23835956898914531510
0.59551205678190688442 0.69490918319020311689
0.72944535399916776708 0.86706643928542359578
0.15043919377485870381 0.21752267991002705028
0.40501634415005099976 0.55450620881156087449
0.25024346047749668198 0.25224017233870255073
0.40188000464511514087 0.44749343068595176520
0.70128018091114563415 0.74431669375669284872
0.28690182785523393738 0.32741712669723549434
0.72348312746195275746 0.73458710129975901548
0.46295420797184105854 0.50049643361831763766
0.90020441071539503142 0.91040619956772350641
0.84264227610858322137 1.04836577797929653144
0.53773846807312475349 0.58073886672960961519
0.10289778113212519339 0.15705499644361922695
0.48847278805998467499 0.49903653804559361395
0.74210648697356307313 0.77998201193860372538
0.47294874133102393632 0.54495719489668392743
0.48679032021087065285 0.61804286663660101819
0.73404851858869357706 0.85395372966962068695
0.43795958743776308708 0.67356480147409580894
0.93160820973926872224 0.93235842961090964476
0.59211104354615617940 0.61727670944813117782
0.40694124017593530374 0.41153332885853993739
0.12642602748883496888 0.25158297679498792254
0.03133025055345076137 0.14596914932560742240
0.89296267877534529767 0.92608498418804474639
0.47038437654567682999 0.51036746379467912149
0.62938527633725949162 0.63771652839377324096
0.07026625019637168512 0.10877129079450363613
0.82972806364180984318 1.00414596160272773240
0.27613982782083945633 0.36086290380978380821
0.61085305646590348783 0.61992782574157268005
