0.00807399601600518151 0.01100757181437788008
0.75796431303891931286 0.89822232531733092742
0.10129914605015066797 0.32651075823750241867
0.88092216768702324980 0.99104442756415245253
0.02336309541410969137 0.12189967836711584903
0.88098663464486592911 0.92801068119703333803
0.58311067748366696151 0.75160353677860003430
0.08319586009856988484 0.14368280208248956908
0.85785676932735166478 1.05388421104738339018
0.55573775167619077209 0.76923543796635907022
0.29908458933573972560 0.30071980099374501227
0.30631820265011583393 0.32062296134851125951
0.32445028407602855003 0.36035281851904327199
0.45779677870452012423 0.56566844699957663511
0.69490592322573008222 0.75470773499873222701
0.86467450281194146999 0.98420372154750135341
0.21185256779061062415 0.27693271088430743143
0.73081547160701287869 0.82317406208788079791
0.65121703068386127544 0.70936887750337851433
0.50883060720203121541 0.58799224619866019559
0.31921689325458879605 0.40580590678479000477
0.60250313840641411822 0.70107902868631355453
0.00196815821664008631 0.01039056906089531190
0.61202881204694381534 0.62275977054586506565
0.94336617724266391694 0.98808899998837229628
0.17839242302946400898 0.18325489901074143440
0.39778946544903615035 0.42036469894159234073
0.28323650588936055694 0.43451549601406702639
0.75571084681811939721 0.78199104143741327011
0.80441754462917658408 0.96816483041929002340
0.53389392417326408946 0.66498591542140217392
0.34999304723606938783 0.45522293213161557635
0.08146924126028406987 0.14068250741435842088
0.30251624793600423446 0.31824627215192075047
0.72130576853693395556 0.79365120342044170876
0.10242945887485520318 0.24245632001055461568
0.18551341473825430639 0.22202001215158065350
0.15180625716835302597 0.25725017699517310765
0.31324443561295134408 0.35920574096879831494
0.24868362095091192665 0.32596661338905630334
0.94193121770874954635 0.97206409579486985351
0.84402648146639047688 0.85166589570806250364
0.09068621683419256230 0.16550524930179330574
0.85512631800837113349 0.91046562561401433999
0.37959876143623833000 0.38493170947072458121
0.82061792096016905607 0.86398113365122075624
0.20423197570488746400 0.22837053742410953761
0.64258782580670303908 0.70134104376709149875
0.07421213983941474246 0.08386102671677578280
0.55090228477227409787 0.63654269560175602560
0.41764328876742545793 0.51953962036258727331
0.60247782133722727060 0.69394921968621914310
0.40569124018934465958 0.45296248162454855191
0.77771570964429759254 0.84448766872772040859
0.32717307448742249942 0.40256496659446028286
0.65497584710040857026 0.70570895285895596238
0.43612598345800690502 0.52354904508973931776
0.75063539440884130549 0.83047670145963925492
0.87724361410843998410 0.95913690124961525907
0.38021033825209388235 0.40144819743979492932
0.89898334632400322963 0.99162642460349681439
0.08375446835309496851 0.17888234038295036665
0.20221386572678981541 0.26439286380735155246
0.54517755976115778171 0.62513958287484061582
0.44276071747657680389 0.47133522643672726149
0.28566959611918951722 0.40135700459027701115
0.55930425050829613021 0.67336443722120975508
0.48374793678883853953 0.52673394789703220642
0.67706415064279967808 0.73974464271198381304
0.10084854298973400244 0.17049941159533144042
0.39267732875042898888 0.53249126801710566781
0.53475737211788831882 0.58523304259609221223
0.89574282089164825038 0.90417515461210729022
0.28248704506301369754 0.28503509643650293270
0.88072122001187813645 0.90585056672523833754
0.89355150464684285350 0.99779794666951249216
0.26950352868367988268 0.29247212895715068992
0.60837032518228739697 0.64639483656620311258
0.04051507581561072935 0.25430660557712614356
0.57414756817188905558 0.63083241284026203566
0.32953460824133012919 0.46665254647843462665
0.29786477103104169739 0.32153877648841111547
0.24996489193443799381 0.35429833184486819730
0.38136853672338644206 0.38308204433658510357
0.00325866191418885953 0.09014536856498525652
0.16986149029907099406 0.27474074004631438006
0.07980233718349005745 0.25601021551976976820
0.94035240298506383994 0.97099757004428366436
0.02896229367432605686 0.04190111345467591175
0.70360246422089001150 0.76308659208622908743
0.81453179411347687022 0.95706691473103000511
0.61257994690670747318 0.62995051096167675730
0.84680862919099608721 0.91929794014074162067
0.87835847270824374267 0.93265722248924654014
0.87061887014026628773 0.97031617682826920568
0.18820724682625059043 0.24663088407792563284
0.32449853517866411590 0.51420080136539925153
0.01045993960150271712 0.07447348386441843271
0.19870319222275395488 0.24037771540362379286
0.25994467527921572003 0.26450227997804331981
0.92814548639215410653 1.00398715187901288459
0.93793570348431198891 0.94206780167285064653
0.20606918587286765510 0.25444778013063146238
0.45452140712772370890 0.61395956647113081317
0.45946994960069736935 0.58130579318660013932
0.38496215453096144232 0.39107680475376355167
0.90005250459123831153 0.97736409347317965146
0.18684225447840341339 0.31813693880569671180
0.24576101363739913386 0.30485911129807186093
0.19098125992709424903 0.33446389632604434095
0.04996876025735048216 0.15472639231640655799
0.06177240711818095947 0.13290076501808792409
0.22011995615201385146 0.29987161695237907200
0.51504261714054710986 0.52119320794321599699
0.33707711181331923012 0.37797769015268645187
0.41793830910086510189 0.58965203431481283403
0.21025088945686298825 0.25333019750404306425
0.02772693229818909422 0.17776914446693439786
0.55420116452433410004 0.59851356922991638676
0.22005681624845430111 0.24746429555626148211
0.77288980735061008076 0.84756710405646384920
0.33587309196997650051 0.45478667210027834411
0.45814649181291489111 0.46269584117288309333
0.90533636926307836656 0.92187719510084653596
0.39550682939707759722 0.40665569935357614995
0.60862038808718643690 0.63974523734736765679
0.13602414464734341459 0.18207011952684609701
0.97347264465739824502 0.99058923784964525439
0.04879633024191928209 0.17109399267036332071
0.55721208907163066737 0.66164644374966574691
0.22725008349504888239 0.33922277906503434108
0.78926330740299421862 0.80859562730810230491
0.62449567557231444592 0.64706837502365710524
0.43546697874404038942 0.48192494132321317402
0.33518761581115619208 0.41189239319473736067
0.69620086509045631118 0.83595356511143958933
0.83102034000888791443 0.86496747717943167633
0.31695467072711241974 0.45550089081734729257
0.28371658848768849248 0.32410022336719873648
0.28053846586449882050 0.36095468623675441844
0.49307035790080455673 0.54110596769443841669
0.30877737141764527440 0.41760339077035057986
0.48701368277515694194 0.53523825747152864452
0.04237238980236499725 0.08602945820373300578
0.85330244234545038484 0.92722020451740372327
0.26304435645823265322 0.37606144896412085910
0.76126349860406694603 0.91239529145402431531
0.36637457011764823500 0.39296202491043635829
0.10076138732079513438 0.20291527755226218543
0.94084294078013119833 0.95459602325837467074
0.78953514965294724348 0.90106346688421634639
0.38516816052621088984 0.43301452165403336858
0.52319864447994934853 0.52696140981458794439
0.31051677549722261906 0.41818868856977770010
0.76005763901136869087 0.78043741719456427575
0.17206333735222548165 0.22968974615575107889
0.41910170127541634955 0.62868325534313429515
0.76792941786174884200 0.88723516630973220387
0.56611328837065277853 0.57043005986815242814
0.55582668419749203803 0.71820430749420538508
0.63800919394024102616 0.66304448670437809987
0.43378719563175832663 0.61182366678614752420
0.60690251075601941988 0.64919195014004305033
0.13254791274929947353 0.17733836716152714952
0.22477629684181166247 0.42969437815069611020
0.70686870668750878544 0.71168607353102464330
0.58598059967532645231 0.76371434941529314777
0.17951632465297145957 0.18578086721929792935
0.59688709511467263891 0.60883678151458775485
0.42352078093347639287 0.48136336119449590898
0.30518294354952590908 0.32331333514476767732
0.09669291474948929488 0.13858676696988100896
0.92983961994105301940 0.94602434038919192005
0.40921094964575793762 0.43482215914214566999
0.09156027705155353469 0.14828618052582712150
0.47180027583330508278 0.54535587909528526751
0.16247831202802806572 0.17071786727318807864
0.44319649447911857454 0.54527634528179536044
0.88384354829964661970 1.02508390704311858066
0.34062110306386644831 0.39212321495553931205
0.51622085795514283113 0.53142637449272189798
0.23781423411153992942 0.26161842116226696753
0.05767614693006575116 0.07261292321645204662
0.84302930985131807606 0.93731640718172737348
0.30091171450056375392 0.37681879796248129999
0.82097756747736738703 0.92311638917165428353
0.92498067509077330772 1.04298166213289489335
0.60969145528224477637 0.65009337272547673692
0.77495080856964693172 0.86244224535345581639
0.10749647954735717936 0.30499136628046263908
0.79157305623280771467 0.81149937139985028889
0.46464969721854793017 0.61984994737358256600
0.64534301718679010218 0.75072998701015858369
0.16033320573508907936 0.34409768444048877134
0.82908301287793173540 0.92997309940161143604
0.91766170646237665842 0.99254882734463145688
0.68287671156654283777 0.81814336978767387976
0.32603162835792220964 0.47114088510856311220
0.43764433282925530033 0.60361548973765655202
0.36087319958013253096 0.46172412447460586815
0.99039152875429914413 1.00392104962378114763
0.53415549103536064113 0.55904070930261984262
0.42857035025687467700 0.53532225447466852408
0.05838509889265989378 0.07594184295492108216
0.00898332765879961484 0.04234234303125616883
0.56365654161805978095 0.69540622627911108378
0.39653226644378214427 0.63475187589792259057
0.74469897474579827001 0.81393980011772082417
0.43721296319065816594 0.51014063847435442423
0.11127918398559551172 0.25010187851616177968
0.86944776165266135504 0.88029677621936064380
0.66906926097207830573 0.69478354221484783793
0.60118414713656087578 0.72416188097761913234
0.85370508090164243242 0.89671273876807422454
0.41734772561307853511 0.45858581512133766989
0.33720362022396604962 0.52870736042450627856
0.34927060649885699473 0.44633810466077405987
0.26044154960835075308 0.35227647767281466962
0.87267663862527622420 0.88715226184399287312
0.05713651274148392328 0.17289749453765632103
0.16965239396877129785 0.20521025194169273398
0.12203164424053652981 0.34460019756656218304
0.89961861508162155321 0.90692457373562362921
0.02537609334978387782 0.05386613971598306488
0.02775435002015891328 0.14747818548557489748
0.88275183169107529491 1.00730887377902300628
0.25960508021284917080 0.29359513230455352994
0.40111278885584156217 0.54519503153792225891
0.30655390245884961420 0.38355233465435267792
0.07307381775711424554 0.10419241554227148816
0.08698550031931845394 0.31325264049889628426
0.46554092122197421322 0.53669292207974172992
0.81957895692368765150 0.86446502180908091351
0.93682004740411350951 0.95166722912014822811
0.28104435015927176078 0.32348364633314929950
0.86638309161209992038 0.89477899024980522835
0.64525488449659540446 0.74034640207936897038
0.11672419455069379945 0.15918030495590954065
0.76867190532734719355 0.96824466862932578870
0.89159832362264834771 0.90275267413079895995
0.47613287280470639740 0.48278216915555838273
0.36441613931754412992 0.39783387130652114738
0.16454092374579395996 0.27735658714465288854
0.90014255107071183826 0.99946135419629766883
0.25600892008770392838 0.35217215322923245413
0.76817843010219610811 0.83201343333879429487
0.75788581095976792490 0.76773736238388656794
0.53999266843272608618 0.61504692400890581538
0.29979893403401081109 0.30277422608689597006
0.76111917937959172598 0.83945071655896041918
0.91879647683574483530 0.98669583597246535156
