0.22074440447472190585 0.31116017790263372778
0.63975273217593331410 0.73632649301723951396
0.93724810435224270577 0.98260633254323193064
0.48840766299737831124 0.51490177886830679199
0.39315273541449241579 0.45220624503845535669
0.89351976644407238304 0.92451254162383977864
0.26633367081655134889 0.32496969147646126430
0.70456626840286473712 0.81852026849750381121
0.83860296116775356889 0.85159940002468104137
0.83927561795477012563 0.91930918048101351037
0.78417016712835840853 0.84771290483034833496
0.03647415579072416786 0.04210534424748018506
0.60803945976802764584 0.78422616690437063625
0.24796577833613980824 0.26449702941256275635
0.01074541812030714583 0.15094808993233865824
0.34251001618794052472 0.39219451254539505758
0.41058642454572935598 0.50566711563586586031
0.65463709504111311510 0.74414752016993856998
0.79373909022889066467 0.79599380776371153612
0.01402003728094628268 0.05211481039241469548
0.89316733296215200522 0.91030220949884188553
0.45561891788750974452 0.58794566937951431296
0.40813690566051902264 0.41897910877257699136
0.50319705946675474806 0.54478781368483941705
0.92892142436840507980 0.97975576096544714222
0.59962989436068703242 0.71561413208608026792
0.87713338460940248886 1.05194427373423304850
0.12625673381407548357 0.13775240187019427429
0.37757168544694869050 0.44899986060505708840
0.53966867426938902597 0.59136123937942142170
0.89585894504110374914 0.96107968655644737677
0.36632105280773280542 0.44790297768952219704
0.33151283363970718288 0.47315910752340994971
0.97084189032650414219 1.01497354177843668310
0.25023471108497880033 0.31491831933025132839
0.75414825503778293303 0.95497586892652286394
0.88865977852516964131 0.94098326261006948190
0.05485916557198355914 0.14914125610655581955
0.50165756088970236970 0.54652680882516857519
0.05328320381615772594 0.10130834168667221529
0.67346811740078338371 0.67840596790488694179
0.13415595087984202860 0.19358802927864424137
0.78207709743365572130 0.97620436850568692577
0.37369070354270317313 0.41750132357830926910
0.35945180630782563869 0.36352365798571079081
0.65213224203902619980 0.78591483488674207525
0.53043973963801915872 0.56428552136143306228
0.92401700034334965927 1.03444246490008251449
0.62080809996453523159 0.66160056795906785343
0.10973329320900065964 0.13546889543877022044
0.82776473924377647062 0.88033606486620830101
0.20710869866939882189 0.38036624531772700308
0.25530641364488704248 0.32651635650024446456
0.83505546610487801917 0.90691134435980969020
0.68629653397161671791 0.88950347915044858382
0.76936283801518545733 1.02887677940939914478
0.77250635481955098882 0.78237856851902121136
0.63983197076457731800 0.67934845826412459946
0.62887893661852578564 0.78221460568906875377
0.06393375690189088967 0.11185815629987401476
0.10638349528226231921 0.19241599491842087399
0.53319398068743517616 0.60907815627576067374
0.35655967654048287274 0.38011676579658554287
0.57153844358782268653 0.59123439638574126764
0.44159380103047873867 0.51601098180221938172
0.63895537435932481252 0.69189769855338334459
0.23122794006121924482 0.25503180117449619768
0.02808427030553998019 0.06425107481260280973
0.57456559207994539751 0.75817420639226840162
0.72823861422710156610 0.78183416135987249262
0.50258077792499922243 0.57786716429643958381
0.87004685487234534325 0.92208986691585448359
0.48770479150329965057 0.53537147290829467661
0.83459296795115933687 0.88310967093077985535
0.29800300389508405097 0.37446624618823287634
0.71496426654817779589 0.86609547941752296207
0.31689649365483407717 0.46130531205273916928
0.97234617527573607987 1.02003510970227750931
0.12392010021090231475 0.33703163562927657138
0.08195668272680384225 0.10855158950362092662
0.41178991238597884017 0.50877255733169912677
0.10728979858679210668 0.16639571537098885035
0.64162565424725404029 0.74097936219535354141
0.71164781185836245569 0.77912014710321231270
0.24147010855695910658 0.35730898156797591403
0.71781562417497690731 0.73193998877221422283
0.74604850998696525810 0.75380662333219994320
0.14828230873561920600 0.34050958082401561189
0.10428373874953181244 0.19122494916722451719
0.43403000123468177263 0.54312087913028483932
0.70778767633452877028 0.83596404679819591443
0.21334885041075310474 0.34066967363517408618
0.20580971275149714805 0.21798122738526495845
0.06146646747575127551 0.10296814171057186438
0.31256734458336155047 0.45485512238425374054
0.20899238639560377417 0.32826958080548923613
0.45675209521324428019 0.51944921358339202211
0.12258395116028422689 0.16261808193019253177
0.20156843030849685983 0.29626793673114065752
0.93880591116288814035 0.98120903662834413339
0.60835473596310774003 0.73778964748975661703
0.09620969967841810910 0.16400519991137249565
0.04796576445106429110 0.07351806791488121884
0.74449524686773549398 0.83313502138720796353
0.76151135025413974056 0.84622057561108676715
0.72764336732034040622 0.83197528078028493148
0.09657877874411120722 0.18639935104489008255
0.93714713004924499185 1.01808121456830513729
0.65765949165892934047 0.78340682816756612716
0.13071637690322179814 0.18891025415262241438
0.05604882260480607836 0.16094422642967526338
0.50545556016083803552 0.59018569082908756140
0.00584223057685644837 0.03742993054658100976
0.10523643334315253839 0.16147336517243876530
0.49715785816264701502 0.59267698733759566210
0.20392694801491034751 0.28626090955612643052
0.70179307050494865727 0.84398276709947439578
0.77996326891275613580 0.84010113021666865674
0.95439552518189785246 1.01545131685646250475
0.18764641068404039337 0.24007241626996558836
0.65619312907348181785 0.78258320698216110589
0.46181150131939074921 0.57515874799037292053
0.42220990779878031507 0.57006927837263077219
0.25131059444813025339 0.45118966609503202703
0.09507616889129449911 0.14209599925880417315
0.27184500840804132205 0.28410774980035141679
0.40106768953598992411 0.55454943363107389587
0.21060170420255797108 0.31917572676106631402
0.32974664955977778247 0.47122862374917634520
0.57951495605907465958 0.65846675045263358683
0.69148376257073329576 0.70870939356965267919
0.52962270817161793968 0.54426955351563066632
0.63247580408031833787 0.72275209353185976280
0.45543972677566119112 0.71110215879716109910
0.89372689592011256288 1.00187200057783942775
0.80424896744470153465 0.87402545345403637178
0.61722253369791790778 0.71608934625051590128
0.87087359807997688499 0.88374133317078640282
0.93674876310995314199 0.94981552693190263170
0.48121510995377353437 0.58593318608388555990
0.58558078296697346765 0.59194479537326105678
0.78461814586082234690 0.80475351117584192906
0.55618413020121848511 0.64670505560863578154
0.17343260495057705173 0.17973877514538399991
0.12140231902928624863 0.12634348658860891645
0.72402107729690867721 0.89321655110929865096
0.18148343686452345080 0.20220796787266920314
0.56646650866089132137 0.63753106658485148017
0.88788811450827342941 0.96450584150027351971
0.23244102134315339225 0.33217833637061722207
0.74742098780575061401 0.80116526281774935736
0.23432799838739296061 0.33459323395914042365
0.49441517564061898682 0.53685108998665653779
0.41624798379303290519 0.49213341130910576160
0.30387684376756668447 0.40072307868691098287
0.45081145512159415123 0.45966925664788516048
0.00101112505682019599 0.08441419196328073249
0.65440467269391477956 0.82714277087921161957
0.31741403452787014805 0.38132305770228486219
0.69774750586127809449 0.85006824897469890345
0.95532479805107495263 1.04077177658159114593
0.52498402236833796586 0.58195207934946990846
0.82855439879555170535 0.92559065180541288953
0.02203666213503334415 0.07171954225741979105
0.13857073148411261365 0.17265964314065915253
0.11022242714176253009 0.20731054612161040063
0.84786297356558348870 0.87390768341912139494
0.63735458498535624283 0.74394474898622731107
0.36881097033158677378 0.37629810222412957144
0.79166576623976403493 0.85837064706835153327
0.25141952960563829222 0.30441048736694842347
0.19459358796328946051 0.38851171137524470600
0.43603863033802653382 0.47854446871450712075
0.07613167132807899251 0.34261436964751068590
0.27712920223808257258 0.32723026017824985434
0.41348441085348630608 0.42297435703597829892
0.25039760318425308139 0.26405333534081687485
0.69810815479581855847 0.79827775108221454836
0.32916670651006924020 0.41598187647456524862
0.52379952770449800248 0.55492716270589625971
0.75248960545157650426 0.77204333846844563904
0.73281127270840518140 0.89987145736358631343
0.39923711077326312635 0.65010684120313388945
0.30568903195327923328 0.47148748363299386455
0.50789850285997795165 0.52876594733807336102
0.45517210335780061703 0.47568308922927943216
0.25501081215411414149 0.32645207229702233320
0.23001197698487418908 0.26430939247255447189
0.41951537940893479650 0.51768726127182596031
0.91147561234239049544 1.07993042542307682297
0.60800967293070995456 0.68555993996268649315
0.79331180722980398912 1.03201146979476243715
0.73079204718525936357 0.97006105005462806012
0.63133892161655036368 0.67759888810667145975
0.50452460284344580188 0.51202882503594193686
0.21265801636267331332 0.22178002285447587227
0.00691315737563653540 0.03953782039020829753
0.26974880139728202311 0.41014585594929248158
0.36052220399003359619 0.51155396238017769583
0.82898329860824615523 0.87240703754188997365
0.68965876283868143837 0.69776160558324318295
0.49495280238764927105 0.58199311702950540237
