0.13269151431159889598 0.22780811756006910662
0.87317866190250903458 0.93232243402253800468
0.40526966965657335029 0.62391604351193563627
0.44051623481842017149 0.49831953449364418951
0.16254982011357796412 0.24559722162082067709
0.78248938268850432021 0.91273516169586421665
0.55834631756068642261 0.70693454366019325974
0.81846145481906984465 0.84730591964942369998
0.25813496968042232149 0.32488595867317510146
0.56558406820034468065 0.58757820281661243822
0.84381564519964713522 0.86934595804354175552
0.87423600620986441356 0.89179606100112018829
0.23591907781996127036 0.29186674213591035087
0.70380388372424651511 0.83153661720657645606
0.71557509184270040592 0.72546327829354373407
0.71314009089510976835 0.77742123816513197809
0.02272472524284101236 0.17117076068070918859
0.51343783661159347886 0.70830317912362938948
0.03848165505330883307 0.09863387677334287118
0.92859272308558937770 0.94385984237210307501
0.69303916825571332261 0.71557085546944954046
0.70055732094895684092 0.77307473192306663812
0.16220433213651516691 0.20511958526041598749
0.26754177260897799018 0.28081177895860059968
0.66494393458637579553 0.73603093575283085048
0.03792689986897420512 0.05856166180575975849
0.43574523162023848233 0.46818416686989616782
0.61590069706099026536 0.74512369606913064768
0.20811519650373680457 0.31813124442587670249
0.08918863884670000242 0.19857915008142182356
0.02272591782426014451 0.11032508435062904351
0.55544314434761044019 0.57645700000700483834
0.85469710828878808773 0.86929839105548978306
0.51103486089460059549 0.56726503059279143049
0.47630123161813003874 0.61567309750135845725
0.69868762925979877032 0.79824666350163031581
0.88815208410601442779 0.99937194997691580767
0.80484967426053066752 0.96352434736486802791
0.44563425174464449396 0.49711412505588997712
0.88805730849588693232 0.90976732080383215795
0.23716553286596284145 0.26973748731040247950
0.82351700522920745495 0.97246978517218496396
0.15334044600472418463 0.17667628752963160377
0.97168759072348731554 1.02014122721707956032
0.29413159450024284336 0.33856452107438805843
0.30474045422283257967 0.33429190971424083134
0.13996042248213252934 0.34745283926270692509
0.61372617625101899552 0.61457843505853626542
0.48430451144942404662 0.54941693801427116117
0.59200689525399263768 0.62054524430992785700
0.24995785046549132136 0.29667538093384965281
0.15315859922956662209 0.15363511499550144834
0.84547736576530208019 0.95195078313377545776
0.19841418838450702866 0.23758076354590057511
0.69828688094275437326 0.71914887402494021007
0.91977207524370385716 0.96003318369393031428
0.54611904171427827492 0.73649642921450020339
0.37238096951599231055 0.45692318276782772912
0.79099514232339152020 0.86951793220579165489
0.23124950852534187362 0.28114786768758603941
0.59611135997735154035 0.61384147953180789870
0.91878186426459496072 1.06726821799170612515
0.45327101037542566475 0.52477078388613584981
0.44223099820221845047 0.57879593718492616805
0.08821221509970428309 0.16486126365864389731
0.82192747901583640413 0.87473788724323586763
0.72927447774178677520 0.80843011851082557939
0.89822372707585607099 0.96202882000131262341
0.26555791772959469466 0.26738216872100084576
0.10799782818192002476 0.14112557463548849879
0.53299031046493361430 0.69066526996048449583
0.11163817248899289558 0.23738363459997702254
0.72762382328721364466 0.74883211519269932133
0.97242758163409737104 0.97609723941302461991
0.55579386701375377289 0.56110623574615658971
0.32852399883312077833 0.42407712366368444101
0.16959547766519361689 0.23958939537032980516
0.70149885365152508943 0.79226701371288099640
0.06115256716312528901 0.13293817270015811927
0.88235240132939118940 0.92342905287100307543
0.86606443528445231639 0.87026884206313026571
0.21962281891649571008 0.26629725064624398811
0.16311858254639755028 0.23092767914757639236
0.60116185418303336174 0.69884377540327580203
0.09649686663858959845 0.12173676542415177992
0.84404972782746789939 0.95596735407601673984
0.25857602103394233817 0.36334144997033152036
0.59135679263553564411 0.62942921194838552523
0.10532123305068419317 0.10789778991082654702
0.47756194641006072255 0.51532342689828669613
0.77748885053237581921 0.85991508217233203482
0.17054270030497209465 0.23202025133344850172
0.51336726853598213527 0.55476148346136333611
0.93465989942032434712 1.02573196241139519280
0.43596433017426128309 0.67772629090455738243
0.89166630068519514563 0.91863943980566842296
0.43867646769253088035 0.48252937046429533741
0.07933635654535528547 0.14226637715591231026
0.45246006336116045832 0.54671291189259685339
0.46395867257961120877 0.48397765498695366482
0.05524247381675007063 0.09126096820065354720
0.49281533458108317536 0.52123811139240638912
0.96208450149288959885 0.97536886958663515657
0.80810275677596576926 0.83828692143928051905
0.58159517432982410501 0.62218200592421923911
0.59286042681279349509 0.70885288318653105755
0.02504829157652374572 0.08275071239821898961
0.44151328718571358767 0.48629414832716399975
0.31623575506219486764 0.42785313028085675269
0.05875789762222588530 0.22012367647690672667
0.59841907631312707405 0.85917869047798733906
0.50750120657024411219 0.57773943118700199495
0.45935209586011604976 0.50265756685969864570
0.56268381920567278609 0.76661548494588027669
0.66296251048889065505 0.71073931212993379791
0.44248252325617060121 0.50456162879306287739
0.74076286240819932960 0.88737288372629274935
0.84578352311118165652 0.92995352808396569699
0.86444116595293163385 0.88707732519388104997
0.55316563147751374174 0.59605967804283666034
0.63369030886803268121 0.65741543192036566712
0.25150928137705852450 0.27191387191874172302
0.92723485860952892246 1.03269374075769682086
0.46244734690204336580 0.55785655800335298693
0.64890822697520189610 0.69344934221367060534
0.36174432284632346279 0.40275286704653506797
0.69818251705110712102 0.80299021984313623257
0.62265669830779313276 0.69445519813398604025
0.02802024018330653843 0.13027836755077257247
0.45110807681742098874 0.53622418936412374890
0.90050498139326062841 0.97157111139006069322
0.91891110864686231796 0.93505312697014975054
0.86294636386203982248 1.00229228128585989843
0.50113366762539879318 0.64738186192691427046
0.41577528008458081166 0.46688023893853763946
0.80515362827186276462 0.81828249620642345974
0.70337955511645600115 0.87534948521662825360
0.29061419900229901181 0.34500782253775996722
0.14704135118400002424 0.26711506274266799688
0.48078584429486431739 0.61513121195108821926
0.84009784052027181023 0.94265855132466980226
0.23342187370584854822 0.31127066411877446495
0.38809332123938322656 0.39867451968382938698
0.41942024593826388035 0.48240672886214364112
0.46920623106980446915 0.48122077881041475100
0.18353262632042452451 0.26429560185721279186
0.50834428046949931002 0.52985257266146157384
0.65911888328079948352 0.67032299525155747411
0.83780639735657547185 0.87715973007334802070
0.71722550357389580622 0.78218327525012798507
0.49186671612923965613 0.49759760220417298404
0.65428742988816845916 0.82495565595702990969
0.35381769515294370088 0.38812620660133645423
0.36633196533655221216 0.44747048928235888532
0.31669838622809681761 0.35184957118690601829
0.06236907337722172318 0.12573848003660995087
0.08097226859049885817 0.12713061929864358235
0.07176335950378903705 0.10497582069581196107
0.85197061036999033323 0.87872867362690521009
0.60813802447604814461 0.65661463358798233259
0.53843360239830551084 0.60657862929900774329
0.90366473740859576402 0.95626252851524862209
0.52058372325896151711 0.54736431890923287202
0.27969656683280824661 0.37544507218509676205
0.32561299019609230010 0.33351894034418733126
0.47070185305220973992 0.52121136831638781306
0.45917343140881400343 0.55548736037032864221
0.58174836587767975171 0.63879338785641148757
0.09440487656603979705 0.19261200217918961197
0.35923143319016609398 0.38249397940784896077
0.38950636454847342716 0.57144457507408896735
0.42240021722790249692 0.58035799183646652466
0.70647678179777295693 0.79987228032957202739
0.50334047621038835452 0.54164473441674720888
0.85787887780642835267 0.87274744894592037880
0.37266226169004379454 0.40305970394490431286
0.28446535424365876343 0.36240706831726160475
0.49750081034585014184 0.51042087066423180719
0.08164182168444820975 0.22564625106066327209
0.06590736370345638695 0.11048219216487821515
0.08328086712113841328 0.19388892523577877514
0.77073230816079574268 0.88943000421334783567
0.52094540492773044882 0.52867751993848211001
0.90603327972623359798 1.04409721666565125098
0.53241933100779781363 0.64649195880538679049
0.11287344839015298059 0.28618020192970683446
0.12016744425393055540 0.16031580888591412393
0.63341907681041687006 0.66967010378534963522
0.27761150733910433530 0.30728707367909069426
0.03154152551281559635 0.08509003696882248835
0.59628222345508974378 0.73712353226739524281
0.44894315973064180536 0.47573561974616296322
0.04886716099088374288 0.05159342363499129502
0.94861800062340162487 0.97547083607441031905
0.01617431583204937892 0.05296521253561807530
0.65960679177250158833 0.66994519961478304904
0.57247407945819528408 0.63403016570722625644
0.66820434265391626116 0.67630852909994254585
0.04122013645171938856 0.10323394040520307569
0.95565863185209309894 1.02764570685500089553
0.68562160086172085904 0.71830022012697258837
0.63864925284884288548 0.70144956951323533811
0.40545145912794167131 0.45912804116017769118
0.27102284324522585290 0.34249927254813916644
0.95898721902795747152 1.03693241225730781174
0.79030756210635955128 0.89188424671831523227
0.12657308769933717230 0.24793718936980924106
0.07696727379953589854 0.10077496927369748725
0.63197562493815451212 0.66303212120125198936
0.01614616536887453213 0.16291321993977253557
0.24274066095398902365 0.33191186612323075877
0.44395494918241101834 0.73250170203689823900
0.57378410128582568728 0.79027135826594741008
0.03848746157967842391 0.10239402339754777316
0.84733684156908917195 0.92328114449658804652
0.00947159157096651161 0.02783754139790566018
0.44456436476954874770 0.58498768062378414534
0.86165489151334917484 0.97671262752697185494
0.38040003877635270024 0.50618519518637306032
0.88880785616888413614 0.93063728220771713140
0.09476990582183388023 0.11942838797969622389
0.17271220311783025414 0.24775792156288184431
