0.01597436696122934291 0.03873906619689625880
0.95053315792589376798 0.96806093455654673718
0.22186709529107595529 0.29244604258991646617
0.82024869426082025470 0.95666846730106080976
0.47527995903578246217 0.62445263271778850278
0.04985621919889383913 0.13915643401940425150
0.55296961726946880500 0.62535206302052082084
0.29893316515184792381 0.30785158777880078373
0.82978373315992393078 0.89852672415485590474
0.44298335697728385973 0.51407541899332032109
0.24229448233066835927 0.31624738288181392099
0.54855960256797675623 0.56220874932540187974
0.41153891069494646926 0.46633777499827139268
0.91916819968358720594 1.00127396203332841296
0.01853182978567435857 0.08028962956199847678
0.25134910813880290137 0.40067842487889299141
0.89382437973293804578 0.98578315390687121234
0.08034320469027919631 0.16864431335823940050
0.05172399723280657335 0.11610589793026243610
0.13999637650660493038 0.24047795381675970972
0.84642641234766213820 0.89951985016082858237
0.90984526621915073896 0.94090395788315994707
0.20179179478735345676 0.32242850453253513177
0.40604102667933028581 0.57444418922086259993
0.71770710818709504419 0.78134169659075725090
0.08466030718410537392 0.11888069502261962296
0.00182134787809367510 0.05015632238045492769
0.14813569100024284730 0.15211872938696754942
0.78854679485290546381 0.92999530861378509883
0.12300006254494574853 0.37646254167581083561
0.54244188486491851098 0.56706023745189082508
0.21131154988714376253 0.27370805921157359553
0.22730117342590691609 0.29881078197143917663
0.36499678433384175058 0.41948842289700305486
0.85789915306876185497 0.93781438836957886629
0.64585216732640149395 0.74031216798192134299
0.06074670336772491908 0.20614745694299307921
0.96793145918771927860 1.00920331178375777270
0.26112031769694155070 0.28155758832582844509
0.34142402785346881444 0.48470982765268932901
0.30352069478153043125 0.34487846173723746279
0.46310055365347646550 0.59802201093153950495
0.15382686122158586994 0.20715758940069248228
0.35292600919204181187 0.42291698382819814528
0.25314963508647858603 0.34881341734050264058
0.49888713692111752440 0.60491507775988317963
0.69176923614237051385 0.82462396793841785669
0.19485810896893765443 0.25250355645818922667
0.68253065090976627882 0.73883789523741694172
0.54944743500057446894 0.55160976811543838139
0.88707577293743211655 0.92081825797013316937
0.53619151211552218417 0.55186822428921400441
0.40915280398707237763 0.44625108974692057062
0.40682735982575501943 0.63346667462833994300
0.11751040877073479218 0.23871860049105844692
0.03349256929184678266 0.04241295597523826733
0.55778607284333259209 0.67071386022312817765
0.70277703604584773611 0.71641532492052995007
0.91222138724614376670 1.02642884381886867473
0.07261275892146748512 0.13736230307002114670
0.67219102653564011263 0.83165494626350766616
0.91828570650873331260 0.96535211152017708081
0.78707001051500158351 0.85912767728656336264
0.97681838212460703197 1.00906108501140612255
0.33051892834119611653 0.35569786891340549051
0.85166352469487383026 0.90802098353076887705
0.29777522434908043625 0.30819158126558943156
0.90251934859032989511 0.91446270622704661779
0.68496672005194569888 0.71501632665211178885
0.97372751392241052582 0.98130617216337101549
0.74334801696476016097 0.86782788317933867717
0.32626062595943833289 0.54836614768321534363
0.29842323955029487204 0.34111974294963881560
0.60080278062116176940 0.62269871808116894485
0.66087330087327755823 0.70896266760003856522
0.57140027563428819057 0.66058845666210364023
0.43088160806573883033 0.52299278898719137043
0.39414721091122018048 0.61823813675559213809
0.49190668520489577720 0.63990341185120624967
0.33922891273833877257 0.43770647751490154853
0.89350750050006411129 0.93199621542013555420
0.28543414762159563525 0.39935682714045234176
0.28342396406726266811 0.31053542761294838925
0.74145744835433702313 0.76656190097110488146
0.84152732724856948998 0.94814092536384619869
0.73453575806495130518 0.75085619836125083726
0.21124386204903827791 0.41915264151134595805
0.39465266909125423789 0.41012967400715044652
0.70409579714200920542 0.75024119720288107160
0.68441399710106143317 0.71027075015162277616
0.22423995245175112889 0.22781202120196050731
0.58852826888050080445 0.63570640372694653397
0.19880132489216550962 0.30556990705822106857
0.37572192210862109807 0.40344391414876989987
0.03116238244302767940 0.12329194431790294062
0.57512351324730004443 0.60716717046443235972
0.16210412206847299443 0.19257229370991338357
0.90361125459226221412 0.99353307657484324356
0.35154014917258258333 0.59108804993108232662
0.00127212139963828186 0.01831671757117625532
0.69301753910925945057 0.69311227271873776523
0.46612398510195429679 0.72775485509785942106
0.14769638177827792980 0.30179042769034936100
0.92182818998521742770 1.03474236117058571160
0.88351042342722074796 0.91664890646089525195
0.16328360757893151112 0.26821412365803859457
0.50034621119979694193 0.52592007936608164975
0.15100432740716207558 0.31149374358831083409
0.35641018624390358172 0.39788744091036737371
0.63166514505147897118 0.69745875637700893712
0.82172413622532591848 0.84469631407093481723
0.63486581051275381427 0.75534334158266891457
0.19831868754311063330 0.24421810031164550847
0.35334595120972367432 0.38425126931397168839
0.31761426731622921515 0.42674340999295989896
0.78131073778778648009 0.79138040324015401783
0.90865741578057412919 1.01851354874485289237
0.90045613175923955307 0.94684006905989248626
0.78301362959797771168 0.84099699121110615962
0.36282893221675072137 0.42008257083256117514
0.85010283590944824006 0.91219540516683839115
0.68011816044525230662 0.83859574276318415986
0.30405359094679274001 0.34818189560812706773
0.59932297212860463631 0.61641161622765205941
0.39955481425289707254 0.44614353829421982134
0.86975733944637778627 1.01617574477371963582
0.51857920612638663815 0.52631615231730932702
0.62393240053529519518 0.71944401989762163385
0.23683126572186158354 0.26351497265816342663
0.65878085629167171255 0.72323260231884578531
0.31820291106141107562 0.34380158844688990527
0.53061968168573658833 0.64547812987418085040
0.50440241596099666399 0.53645416062263129309
0.28164909087518480435 0.28904986743414989858
0.40843663031690474741 0.45004846418006300146
0.42138039717463582345 0.48232526254914820374
0.16235241059412514053 0.20304837378003443016
0.94450763220797895325 1.05243091661533938463
0.02534307645652009167 0.12759346952800257324
0.98598254744824243012 1.00550244155148704728
0.91452161923575203684 0.95541389448683322616
0.06253966880387878957 0.23674471600022234385
0.94891939790013413170 0.96926959419340319446
0.81839233123588384089 0.94392790624172095981
0.52007537126810965411 0.55716832927604320602
0.54195527151266620347 0.63616128339359623300
0.91411819222568357901 1.07400897419373952957
0.46321914488144161348 0.56850932068003090514
0.97369224047712255032 1.01414060417515616841
0.44516860237197325434 0.47711759212950383136
0.07331850086380080345 0.08773315447404124445
0.46324941168105931988 0.48956700114595291806
0.45656527131318425106 0.46313491269347650814
0.65870036518772878686 0.87802330533439820748
0.44598147831845702527 0.55248277896941933029
0.90944312732366916485 0.92891964705703933269
0.30309289694088914491 0.32539858079036554361
0.54308450886566039806 0.65187530839883445211
0.84550843914035822557 1.02637062866752670764
0.87513364539732674263 0.93139483797497135686
0.82630846295522508704 0.88789437316449060233
0.60456880050477579402 0.73641444759111163165
0.23789015576641944771 0.27000342908431806954
0.10041793194059014938 0.17500053414557745213
0.57294413976188041104 0.68609669410582596605
0.14219406440573748029 0.29556081676132539560
0.48644130883726088843 0.49136901192445237019
0.35588348535682573504 0.46985791113226588189
0.64212053944997693478 0.78389619496357298978
0.23140129231290057499 0.26795793591544619927
0.42823806109869311243 0.56970688948106351646
0.71680043888623501402 0.73821216779135112596
0.90900123395224519118 0.97937359699484416442
0.76280927428951039726 0.91094912952069606593
0.31935881251767089806 0.43262674548616458781
0.13029627427076317936 0.25792826106721222779
0.04648869490227654222 0.07712084864155081820
0.28310209493937771308 0.29365819203083270983
0.18385193307272659768 0.25717717023038577651
0.07571422971688032688 0.13138828904665036945
0.55108803117714366682 0.60441624680045624718
0.81561773621056155026 0.83036477554246668209
0.54492151050117665356 0.63773724097964490376
0.18144154518049268598 0.20350454946715948457
0.56332041926496900786 0.58396356804442750565
0.24854547599062043473 0.39478288456220705926
0.35397744411370346551 0.35836322752872484809
0.01942691874093861737 0.22570844609886897558
0.81909425349685049955 1.02195255317845834497
0.78495165442589553972 0.79932503615714944889
0.93783490324346918676 0.99759503913308056333
0.46979911500283444425 0.47016981775567634472
0.39630326003369736876 0.44890736869427100286
0.56154386220700769350 0.61061508308159262448
0.98164068061766118767 1.01770766254271682882
0.89060488879854216027 0.96363400617259753478
0.05142702113265511243 0.09114073763792647498
0.86478458987022821525 0.87629097421696555692
0.58829558898313005777 0.73229998741959745345
0.67711209974326425076 0.76319921132173651479
0.66020796142019599895 0.68343900572514326708
0.41782837353251900403 0.49016750556026900121
0.14768888624734333170 0.30398223067088037119
0.12290486573645145740 0.13691842668483053536
0.15379597704112671352 0.20403583417798651367
0.52486795177164291548 0.52906733371052550030
0.32528503072069431257 0.32764053102415430230
0.73092626924944459343 0.78201016365823849963
0.44432633775506708007 0.50399913079245606262
0.68497298028929709535 0.82496996511680575903
0.82926550404120547011 0.86904849175481146961
0.92639428291029468632 0.99424191456909261078
0.91750931538622659822 0.94326601721397063116
0.63484142255489561801 0.69383420809829676745
0.41812406248456823743 0.50169600593194962901
0.18952432489359583023 0.28425521563790812074
0.05478006375428927377 0.12263943928861538446
0.26347638806495993213 0.49661269409382141626
0.28241326416893153262 0.33138016997112018647
0.31431884460407116810 0.33931292303809007516
0.44011466747795618959 0.53015597559862925880
0.32690350086222125237 0.35117525564639001656
0.75194976265671098492 0.80223292092095388472
0.18740115960855308064 0.23004617258759074705
0.19162413260562258244 0.40773088281424241242
0.63868833856343165678 0.64189699043987191729
0.55369268552312245202 0.59135666192648950190
0.91945558651253767035 0.98110662034076379090
0.67961988351602786729 0.75723246992880399731
0.70811982305994203291 0.73565589221278060439
0.78506415773578230866 0.79601429630138997862
0.01819842531905584149 0.03534974223282112693
0.75489485723860050292 0.80161253039813584742
0.75155394396346764108 0.81154921857398820695
0.57373000616707459098 0.61703844061980051006
0.15610136504262295265 0.18630819074638893529
0.24330416937315618719 0.32474003728777572908
0.57706525290903820657 0.58796608182094367567
0.53092222308777481388 0.62916300077647946409
0.92761443102281271322 1.01821714517535055755
0.30421024220367154367 0.41669861047248446528
0.11284017119588592160 0.25194404128436526102
0.36798001058751861336 0.41706789640336450198
0.32084107714673670841 0.41589690310382798621
0.71688570021124564668 0.78387342513346625061
0.55348166001214849086 0.73738778067931842752
0.77541787538200279695 0.86559990663878083605
0.51100232045729532260 0.63302584072015344319
0.77553925289774061635 0.82110394610197301457
0.66856272903398294982 0.67261697387955809990
0.88405089254571778135 0.97701752423011378745
0.31775077451548727758 0.31892302824141527395
0.77276928530081367974 0.84162714795919613131
0.25612876350935487313 0.38151295547548957909
0.33723350009731012378 0.42001067653998558349
0.50049018100119102570 0.59005829956350641652
0.23238122752735701493 0.28111661905869322897
0.92462494217001700569 0.93330256278389711611
0.12724988478826543270 0.15042767435134624110
0.65292604787403896172 0.71798244508647235396
0.66244486866971763472 0.67949285328113184779
0.11110520015740003863 0.30562201497569646547
0.41682909428222236770 0.45187005823100134805
0.49190630065111745628 0.54746405168043466016
0.37233290491611192863 0.43066851346207202234
0.97902904525328371399 0.98912261166217407826
0.31003000017259441101 0.33862423551389708720
0.22874230116589058803 0.39350395086072109674
0.51593706309517939346 0.56639569638815667751
0.67296890385527752265 0.73172147576742752051
0.71511970223858722928 0.75198413190646251625
0.37328185049934470285 0.39109412361363182775
0.26105604298539208941 0.28191552034509315128
0.13021018007118376203 0.20115362768162717289
0.41569077610606142148 0.45923339471883262153
0.64212220898565719462 0.72381931102985175297
0.00722991805791284303 0.09775412496275104335
0.25152977889386723964 0.30032464018131782568
0.95945543598268778762 1.00640443355013786686
0.26776137338884414829 0.29845039275221157959
0.16244085178232248179 0.19523486440821968824
0.45178042001857221521 0.52370405851668921926
0.63095280681598620021 0.71539565836340335281
0.85452507064533700376 0.89237553189874974091
0.51638377937233315151 0.53608268686095206235
0.20406973112104989654 0.30294031329682008513
0.87862338671232731446 1.01613886376456585836
0.17122961549592494168 0.50567111776021866909
0.72276088427066931263 0.76926579707414133313
0.35088426236816921966 0.38581703577079923262
0.63455414081073602262 0.75373429465421248885
0.06456898893898639635 0.21322953176861975111
0.82245994581798353984 0.95289924034179973589
0.27060573271128030015 0.30343985008887330856
0.22499395941887831429 0.28201223290154869838
0.95153074138564452955 0.97412408081348222932
0.84463244018505811983 0.84928982057907653758
0.69948659556214698441 0.70306449563454020968
0.35706370094405792681 0.54785050845412974763
0.75806416717033908714 0.88057083673648739452
0.52209291977882033020 0.58142346629844798844
0.71339312283381561830 0.74238870228092623815
0.19833079853932011893 0.32912882370068485827
0.90181421657683225046 0.97590496434765017231
