0.19460346682392698492 0.22737688473024036950
0.50896459881850353302 0.53887066750125700576
0.23747500535552704126 0.26903321545515884727
0.63685192210309149452 0.66927953355813230019
0.47844694086186134729 0.61059229968526651522
0.50280997638578817099 0.52770689987456254055
0.32025099887353275507 0.42718773438882523541
0.11224886268840082726 0.14592469002541985645
0.54242248091475497862 0.55815535989619491364
0.51493852606987933207 0.54627813901474797653
0.12923300760822153954 0.17006083883679323776
0.83104867897452638914 0.85472514491387840962
0.56903757661791309896 0.62942142143171297963
0.18744473535405956066 0.30403163788979498117
0.43006373127710373350 0.52630673888921897241
0.43175390323898765743 0.50153412663440599673
0.21832713503437034541 0.22877596435758879023
0.89504928913826675707 0.89749888670183997075
0.41091484063480665512 0.45709927466358935000
0.16333474895797739368 0.17346772671782140218
0.63545754143132282543 0.65718362449907230527
0.64158740597491004110 0.71448048195633129254
0.02718953929568525968 0.08813237536592385957
0.34103863620613789065 0.37359906850075136342
0.18526866472321687485 0.26168217728284531853
0.65790882127366101528 0.67881813279357849922
0.83451245690047437531 0.92775079187426345850
0.29959017366450568787 0.48724889008428462489
0.71447903240677756997 0.77391892830801545244
0.40323447319252664345 0.51822962640822956004
0.74908625439633569343 0.91650486780838957834
0.65237924753735332395 0.66669540901540136346
0.27383259231517720345 0.31285297455882288276
0.62604667165010707830 0.67230832040897825497
0.39878126812598263529 0.40783456995703398773
0.85597378553280001334 0.94587330154219939615
0.92414949125829692900 1.04295233318893809660
0.17123720946140733035 0.19573305793435044619
0.07578693010520853868 0.09442973540816934630
0.90358686952397537784 0.91728716460324954962
0.61628886079050548830 0.61713247272451066117
0.37471684689384920919 0.49457946423089593768
0.44335097571147524809 0.55589244159928097311
0.83900754101947860875 0.87210317431774564412
0.43893929895308048117 0.47068582626119748191
0.70278884070446867582 0.76407049672597948664
0.83832738498297154628 0.87154944419895308272
0.56637708947888887323 0.73665437966374813783
0.94456389234312532199 1.02030424229710048323
0.36039257830046511621 0.49655507471605719871
0.46417656132169010652 0.48088354108885417171
0.59004500240137625067 0.60328763146784292193
0.85926559988129103118 0.94485251341020393134
0.32268703034344126124 0.40941399247146992302
0.60995867928195124374 0.75430004996586019761
0.81659294252168557193 1.01680897728709984662
0.40213245716348172687 0.48240810280861973203
0.73672843084894645838 0.86979047755172300693
0.33707782788083084924 0.50972058251835794529
0.09754771917474250320 0.20024803663926912800
0.32450041168775761724 0.38002799188149888332
0.75955728087999385689 0.78750398606760729781
0.12194690614529102302 0.25022871076581798544
0.42474314624686237973 0.47984998478866336402
0.00050079471122115894 0.01952207892086772062
0.03929477697074038045 0.11948017734094859565
0.06473159349047062638 0.07035708325963986598
0.90434899123748291316 1.00766037162705379693
0.41637606396841903011 0.49351941667844051453
0.33838097496912866724 0.40081097599004844589
0.82775430668457794514 1.06807009329153701493
0.84217331584023646940 1.01577551455069348130
0.79516879626434400219 0.80954290201662904014
0.65131710176902990472 0.71151754546075685059
0.16839886490438654709 0.21896619331797123609
0.29218659682080533324 0.41304690200408250567
0.65713681316772420971 0.71201980526790320525
0.76024181652482736293 1.02630659749353503329
0.91789838191063766182 1.02248980095745900520
0.46179965720676285912 0.56061746258412270549
0.71258749553587352743 0.84244206924925824076
0.67755027737653450437 0.85511543076124252316
0.86846344128953278929 0.88984349308532506573
0.06847807210955936252 0.16884551750446885610
0.14708961774628093178 0.16192971049943205575
0.26542389507662794701 0.41346255930537684220
0.78935929439137098029 0.82666210770835912847
0.72934599382846831972 0.80717648190564061927
0.47418725503311842662 0.56469221287224169448
0.78102242613852457254 0.85385922367462452343
0.75944272006163726640 0.94404505111628134184
0.42470094040564576598 0.44617662852186967815
0.83229584101285158937 1.00478270888520992976
0.89419732767383186545 0.96124086079812187666
0.11286178132543070451 0.37344258446824252218
0.20464551114083825989 0.22678954185805924593
0.81039224969423395706 0.96739630033072288029
0.29914418759633309985 0.41372370987707085543
0.19213238019094588949 0.24903773179877966570
0.24008345188539134685 0.29173453415981898118
0.90922851080078448405 1.02627168567479887251
0.57410861748677510796 0.57539224847365044724
0.84959741719501669088 0.86667010268663013939
0.76034740979896564550 0.79303343839336337684
0.35169486526857418607 0.36104148942578861980
0.24404028206918096378 0.30418839480659443097
0.51221348569503022397 0.51954095151597545765
0.22247339136413543659 0.42794141128526419493
0.59646084241988472918 0.64681830393463601858
0.01998501326401833089 0.09370801632229222577
0.82380666846049299679 0.85999156837379331364
0.88365684631896435075 1.03436338381285430899
0.30097211984499055992 0.40080570929030528982
0.70751064831313903447 0.84536006168790622795
0.40416729527084432894 0.46740041488240563483
0.34347661136094631562 0.39966869521204284599
0.88006389341481328081 1.08512176337367849399
0.49280856167448078287 0.50410123362771852573
0.75462264464547590403 0.78751148888118438496
0.47364434749519007672 0.52338605572758167828
0.70971087464172544212 0.76283052944706930543
0.86076038708813196187 1.03680806020530003053
0.02511449799015957191 0.04481714340812754244
0.58648850969959454016 0.66475177280436203997
0.15127095483803154607 0.27967426199849576562
0.04908447449103572197 0.10849306122338694958
0.69586525263437093436 0.81645594770429386067
0.68765996829544007163 0.72229242194783593867
0.57191186164660368085 0.57613426027988068334
0.66712642789249421149 0.76292852209146788667
0.15641096969433282426 0.30795145487686798047
0.65391305399955412803 0.69197937801530318147
0.82984488891613050754 0.91261458809295437078
0.01908703374305677214 0.09277336837774617651
0.04073392362566002206 0.05939384244754492698
0.92151636015061555440 0.97573123743356227067
0.06548963560122900152 0.23352645737268773463
0.06132142362994706664 0.22871698316085598002
0.20048809950815585368 0.20369236684338995480
0.15659785647480489734 0.16474217218927128537
0.33452140012437631134 0.43924163602548410568
0.81962629156238664407 0.83069866021530947009
0.86446965682141785337 0.97879179296808338506
0.40617689677117813085 0.49799799076288769895
0.88129044045289328668 0.97503173034536227970
0.84659550560026852750 0.86240687661501036487
0.14629116700824429387 0.30917177467076295549
0.32824693287408790443 0.44154489823138798332
0.76943744079105913514 0.85367034023235266460
0.78913307766733686854 0.83990415114141625530
0.00636617752171565743 0.23305735818070871801
0.39347085310343565823 0.47314976085948612372
0.48644734746233508904 0.66828341114513445387
0.73479347026922492425 0.75354600885708666880
0.77772496506115573744 0.90137099775739404350
0.76992044861018160695 0.82478131362783080327
0.30401045968442530487 0.36666361719597739821
0.06468549371641518775 0.14725848702188781836
0.35278368115314467923 0.54806485264141857616
0.64438685164786468906 0.71057257034387266703
0.25746599142385206971 0.37310034740145991972
0.18643107043045328841 0.19345297363876598484
0.20718112135243538230 0.31510634184898111965
0.66543290973088098372 0.69002288101907705009
0.06437566405719834239 0.28063741879167675153
0.51433197138316855135 0.69199873246144083527
0.80019874225604936679 0.88417782548202750181
0.74002381087806223814 0.82525866123428970322
0.77054941006213084620 0.78859461484781645524
0.11196753901318631796 0.20348211242993344272
0.50685423537610763134 0.55298296705115546068
0.25501324252035728612 0.26966571570636643784
0.65715124268439240041 0.69920091394880290459
0.10260379014438772427 0.19773572807029357601
0.86775019559950161696 0.87190530663102372433
0.42810892807389966386 0.53013249364098324889
0.66062731091402560057 0.74938653009393429993
0.16851665671024079751 0.18761152407122300145
0.77131056487079219242 0.77713131742619967479
0.64749676857087601345 0.70900677687591173726
0.10682971739979296721 0.22045486298372751754
0.50819060188286446778 0.60691276304279850873
0.52979311379707383356 0.55594921627991389368
0.45248376266925766087 0.45594862530567997760
0.00599376099419708652 0.02538517616556505707
0.43531341113090138428 0.48482532857890836553
0.02868140358734078132 0.04150665646155810018
0.39312050221640398862 0.40558197816553448467
0.77677377528732149958 0.85088503693988271070
0.01114127839788971869 0.11698782341346689040
0.72664741269947918934 0.80467570303078950200
0.34386279038827849419 0.41637186138349258080
0.46388047597960063717 0.51474121540170703071
0.04712523308207559880 0.06691616905344889565
0.01296327559629641829 0.01431197028240647345
0.09691640337436213670 0.24744858270922431842
