0.31434921890547579126 0.38105045074247340109
0.24857841329530716568 0.46821395920555464176
0.49863486869095668963 0.50465158535748655400
0.05594507594518383087 0.32219518763132448669
0.34366523903485840519 0.35219225915398327809
0.59618223377664580909 0.75053654149768700421
0.37531344295579371906 0.49759476863909879452
0.72674400572848285584 0.91909021302955196120
0.45247549983524137929 0.57604257952066850734
0.40529169044504465003 0.46139819115710112296
0.23333710056407327982 0.27249220441833810202
0.35227497716706701603 0.49039724678137042169
0.12389247171568111561 0.23944754127633344210
0.21046638223059715989 0.34014321118618023876
0.31172099405589959176 0.53407614249420509722
0.41385913115312866761 0.47747157904846282417
0.17402565855609358758 0.23537873365409439641
0.29654327086693549331 0.36530057562478851496
0.92748496531073176818 0.96332771008104889354
0.23821810541817156626 0.26853983902906386483
0.16521978329853925782 0.28881340343167927198
0.46655254678042323846 0.55577936964378227280
0.43906247767721989783 0.45734452440799228112
0.34399556246898721490 0.37868065190724387037
0.76252282217629585581 0.77613626734236951243
0.42633823247413660251 0.53465158081851626992
0.79732248633764712942 0.86125097545316409153
0.68560265233870198998 0.81412760907433390223
0.77355320641879177224 0.85974112407293934446
0.86131703616289279068 0.88762492017816252421
0.22888293158461525678 0.25839552307496638228
0.58131573454583840288 0.61979078099397200141
0.54900547459539661421 0.59131663745057816417
0.65986954801478581167 0.77920485751256496343
0.74242224227392661362 0.86655780145949523607
0.68853588016764910584 0.80576250858386022635
0.67513188669178125778 0.76126908029783080245
0.89697585125256307226 0.95049180516645159766
0.49875725925091679569 0.55492738525739604416
0.89548077825575578270 0.92843109717643546031
0.94932678013319837795 0.99525275872329821425
0.68758607518386238855 0.81541172894261182424
0.88351497488786523427 0.98956217333306151218
0.45260330595689118871 0.57955358078265883925
0.10691061288244360639 0.29683437358195574607
0.14832741926980472225 0.15962694411234304437
0.64517373429646684979 0.65097270798970041650
0.91480348317252657697 1.04256869629141868394
0.92218144748592456583 0.94529547679046410646
0.15159091483022846258 0.21968554974542986447
0.37195475713545800289 0.40695241776085966379
0.88330840979985725259 0.90046082362078683214
0.92499996422959884779 0.94517542967301271251
0.68500205057404728315 0.74974785834213686364
0.95861456557675694956 0.98715683946068566446
0.61877743898596127003 0.74790700046880820295
0.97418094700315271961 1.01373503928205321856
0.17501084615803469413 0.19457801808252467302
0.53609687558799978824 0.66045406916396998120
0.56955207788511841294 0.67647198312591982905
0.12557816288209425193 0.16700835077119610683
0.79608719907636693591 0.95681313529063216627
0.20222337713557467231 0.21444179645071695384
0.53205147758515591860 0.55922803264777809495
0.81989540244630620958 0.96537768836507076298
0.50846614524490374443 0.53570232887581492598
0.41776742944495776078 0.45569871444426729434
0.04601888135218482057 0.07683073723908648289
0.48978336164999253244 0.60576869331311267164
0.53538299266556899081 0.60813077413897687062
0.07910762517242950209 0.12572460186991110676
0.57509331702659427510 0.58576763100589468447
0.62971121739763591396 0.80240311300017952423
0.84734701119815736270 0.92318485690244256325
0.39652306570860923474 0.40581945990981965755
0.09065884695847234442 0.20885365882198406173
0.00113717749996485561 0.03213807087564405501
0.50703905273576599377 0.55225883037205503179
0.52320652507351472771 0.62058771674940338414
0.52462516762933186776 0.73064555201404712825
0.52365032495712093841 0.73047940570177938291
0.56489361916841629441 0.67178470747738916469
0.23267642277309061316 0.33968991852937135967
0.17026406076324224204 0.26446677568467141795
0.25093777007901479914 0.29186334433461519344
0.53688238593518611275 0.59639760216699588824
0.09943705231515860554 0.14111021240163484913
0.15614742192407796151 0.21224902737340342607
0.19861074499691006023 0.35150317652598667140
0.25642981317298219057 0.29863914293466342631
0.62893081764195768457 0.76703487469187048298
0.80265924854364634200 0.83234227482592726410
0.19951552919306925205 0.21426989725086031946
0.16211335192477424605 0.16265259173290061434
0.41374595998278401732 0.45011303557165976974
0.52452357509191538387 0.61320298934811512392
0.54631297347861773606 0.57287081993676125524
0.76254960007329652960 0.81138123598157241290
0.59974056803015085571 0.61206719888720240164
0.69990511748423211991 0.76595255081057800339
0.07979852331311249047 0.13013005021107598713
0.89986741251003721231 0.93898326177860380604
0.62671499457483403894 0.71346735954110207523
0.36420863169422851291 0.42899482217576384580
0.53867121540930051893 0.60298502014728039278
0.41527946770554335920 0.51244400328977235404
0.08401238700443024177 0.20597350150882376418
0.89127602691009089053 0.96872945649853592354
0.94906098337177435820 0.95171007950143871046
0.80189110240700833820 0.94464598049430525961
0.60666244988644413283 0.68139461202650575267
0.93027530514227929626 0.95344086340827216564
0.58670337418847939848 0.71686515643178261303
0.89800982209312807392 0.98478040321558801828
0.24633826234876368688 0.39203171548732973495
0.39628821377406753257 0.43292766060146536944
0.44245060807296909822 0.64304646752684324618
0.19239116544983594914 0.25806091893916638380
0.93039670866041002117 0.94678836691228795974
0.27632460613047404863 0.35163051072008810749
0.71310749657418037728 0.81453740311115030437
0.27571190563138348040 0.30504848715994392627
0.45248987011458419172 0.51543643162676044955
0.26128542931443710096 0.30280838451637781539
0.05339028398401535203 0.32588425650420449475
0.74667509750336991114 0.80152730972668007059
0.18898603512278933092 0.28778086422230975128
0.78346943838523452897 0.79438222903066280089
0.23735935439523328516 0.28340074028803452499
0.78834241287463802106 0.86963285064640716282
0.14103452647082867499 0.20625938586940165131
0.28793494410271380790 0.34109335517879768584
0.89868729839693706207 1.04533496594358576992
0.52628727971061972646 0.65410563103151875275
0.06552692787405706154 0.15849022008786733950
0.63119113364763679286 0.85689535300056141054
0.49048019752881472089 0.68895828304937034581
0.70975450947911156163 0.84279532511219823476
0.20328389881404662631 0.24964477414301855518
0.50377262167315406405 0.57525004330996465374
0.98778534482524305016 0.98794576847911319550
0.28750187579514546732 0.29040081617269880576
0.42416900217469133416 0.49600812272352023946
0.30263355355061860585 0.46725563309646456212
0.76178311025178724325 0.80129920911805252448
0.84585024121739160741 0.87899835502059509018
