0.59544369130147056790 0.64227526371747301059
0.63556239512328194241 0.73442224223052254839
0.09355103169436765342 0.23422913566442402078
0.23894136960046305496 0.29266054161051047178
0.64714808589098804514 0.67331075027595421734
0.10271991354445021705 0.11968459009196373566
0.60658715119650041814 0.68454884641064306372
0.47327434002195467588 0.49984009706770093917
0.30381294412101961244 0.35070570746421497743
0.27651517490929911069 0.35390418664868472653
0.05894800506771843973 0.17965597395470125908
0.56388107385301133867 0.65214999146592211865
0.21789617656693574532 0.22351465880061902047
0.76912992672079560919 0.79810284705476797207
0.69862529098184644738 0.94576506252370040606
0.81717826132249504756 0.83177602889112767226
0.22953475080143359577 0.45571446716339281124
0.08636917564685400728 0.18091717436254337037
0.90053746627479236420 0.95879804240809207716
0.70960748075875201835 0.77417582541723750644
0.23060959511952830447 0.37684430703792182182
0.81345258100027706405 0.98166915990542746862
0.40128624536011853197 0.43642952837737486460
0.69930480836818076362 0.86585889495372514446
0.01846853018742397601 0.10400523716094736693
0.29289063898868605840 0.36579549641128838999
0.73102544523321955072 0.80533462832508384555
0.52040382019687758675 0.53073531389341421782
0.41846508246933716846 0.42954639327724747355
0.89963273800920329215 1.04876483400733211404
0.49772687525368064509 0.64802083290606848909
0.80864634444449001727 0.88525956831092478261
0.25370759213331861570 0.26310913315999118200
0.34467769199408515579 0.70036776865312522222
0.46666182245138049245 0.48116403530567436464
0.09820906126096712319 0.18751141925581610304
0.29457511847537010130 0.34471353431592699490
0.02421797740308780089 0.15438718632351194904
0.05505941042010864539 0.11026917607178188252
0.29584420609376510525 0.34408647070504622123
0.59048612457701710188 0.62060243225458366911
0.04356679980884645143 0.22501877500568515100
0.96670640571818600151 0.98458010151836816704
0.04023399951089464549 0.04891297870727399216
0.85237751178542964237 0.88225054254355017580
0.90809264504663700368 1.04925922698688811607
0.16604194807881733631 0.20763118731637519865
0.11714930110529223062 0.36879866736234823144
0.45436753089310322196 0.47176708617770479748
0.84264278051605734365 0.89727739637816006368
0.77847223825403211173 0.86516583667796309598
0.67989310251929591100 0.69971261837295084529
0.89255689357970502407 1.03484562811839775343
0.22313084379625863773 0.35761166065002863990
0.63066385178845241199 0.83746746552109141426
0.40501093462307236059 0.49620967541792260214
0.18898573480345579045 0.32162421964978205047
0.05561397634826683450 0.13666755487176104888
0.78840418882499174735 0.89137784590608348800
0.26122370638234371221 0.27107899037943683496
0.88203773259894102665 0.89764061556665852848
0.84751973824238979738 0.94653738967027600815
0.09987015833100770790 0.10697796357472594275
0.15251413988252066067 0.20833873027461186078
0.63710880793452362436 0.64366605196839221659
0.31648014641543442682 0.39292634546554794372
0.10794298594357286392 0.17212341098554373442
0.73314184612219535087 0.75287977221050350618
0.55829865173492820851 0.73627166012655687055
0.54355560275932146563 0.64113095692152188843
0.82150111807246517515 0.89941540873071068596
0.73982547376314045096 0.74880225819654588904
0.69280575880395500743 0.88662392928742972398
0.64403024387399288031 0.73507811331033967583
0.26027596741762010213 0.30063194837035295270
0.84021915948061687285 0.86167227872095086827
0.17499218853539758034 0.24115875255192739668
0.72888939511106631830 0.84676621976356802879
0.48552062908653326190 0.53932054255576344914
0.22885990393396646314 0.24266375640553941584
0.46288803615972173855 0.57231055805576180884
0.85463142159490612659 0.96692915911871424317
0.29103600504148696704 0.31445390752246582533
0.29204838346843170482 0.30588254915559992542
0.47358751369748974813 0.48407354931578094881
0.71399342725071157645 0.72680249380605665976
0.88092207077761430778 0.90212091403606320394
0.12579031546384428220 0.25393970559372530671
0.19551667017085733180 0.27740315697432643693
0.14841494970560836775 0.38061065586257242233
0.75784198057494722711 0.86018840198132062724
0.03186627514071412731 0.09763286685869723702
0.35553380325269628992 0.37168104204075208541
0.22094480805361371711 0.47119602498461177209
0.41805184406517870155 0.44432734073863311419
0.32625053004126269851 0.48650579953093797680
0.63785019217901062216 0.70429676899052562344
0.28063013561989258449 0.41187353475287591387
0.77322182188294241723 0.79604531401420308701
0.79850670847050053691 0.93578972164830875879
0.63933497681905260279 0.81399491143193447584
0.43499030004231320490 0.60919147847417920438
0.06956774781688285225 0.08126345370284776548
0.45606964173754355185 0.58347751722658025564
0.43101548837652692292 0.47253160309096586822
0.65621446675475447741 0.66201983240187622926
0.64768958103233276180 0.88317019736225421678
0.93641306742182517375 0.95977951784131221302
0.68021668477747754267 0.69390321930805209938
0.34509325229814913349 0.43210137305510576411
0.87069926665156416323 0.92584366456066924389
0.85681911160719803622 0.87414673899771633270
0.17532829466175992028 0.19778878140958144893
0.03327957048764921405 0.08051722614188802640
0.76723886538591501427 0.87773124425780646440
0.32843668915473428482 0.36547403757100666022
0.00472491640899894844 0.06916547064883596385
0.41185369714705205579 0.47311051637281981153
0.13124648396776311676 0.29047732795772912562
0.90566500399540561528 1.05645054029309704013
0.80936074468687102534 0.81728927196191836213
0.48600338132836456984 0.53687889026197510578
0.91990161661265890114 0.92256685229919932478
0.23853633281820932344 0.32133378597422512790
0.07768196197954330140 0.16314920719916287117
0.84400253533483104995 0.93118992088901930693
0.19119728788799478236 0.34536365020574116835
0.69866287499682089290 0.78319536627338370849
0.27255526407035862713 0.28056357135768900113
0.02249810107803497383 0.15343174976097651019
0.23535064885599843443 0.29618985371871064949
0.27742540909467250376 0.41341587488699904629
0.95490402813474883903 1.00093124442623415682
0.78205246036884124017 0.86302324987156819880
0.36125966330528752612 0.49173811762026048422
0.27504371925956699885 0.36269605700552592920
0.54769266753735112996 0.67683980609100868886
0.92345006370218896130 0.96498493400152418609
0.08340798461650533735 0.13816785345110826899
0.37730528693856385525 0.38012876337387430103
0.23459647062681829310 0.26777975472469972562
0.86564723973780033361 1.04149590590307483673
0.10972170440114932533 0.12115376190838382520
0.93443837437070442764 0.98557737952804702619
0.90888111576711350104 0.96556442252546648142
0.00143757197056182395 0.08162909621178859876
0.48480820868279944635 0.48524207662588508816
0.81769855982108463621 0.83768995780135679929
0.06507733072459953583 0.28488593194368894146
0.43844746816725566063 0.50317029276344360511
0.75658255053425038650 0.80634560212651840150
0.88471417472611002530 0.93817690939688214158
0.43507431778006394607 0.52084552274865236754
0.07844135469856781950 0.19889451386205392325
0.91063273100451425091 1.05084284266194827318
0.30167988329207223730 0.35333107383222212006
0.35723267745108444604 0.36394489636724125514
0.46026578212269875223 0.57486684335158577674
0.36302869046056762681 0.46796531624907367064
0.44787118052840629856 0.45375033305390150007
