0.77178033672846346747 0.77434206089989920940
0.00529086166061109447 0.06060092287589614185
0.82067164928680824687 0.83079941376531385444
0.81355495389720244859 1.04636688362945906583
0.44551975847207886394 0.63075539052492790582
0.01249810429434995707 0.07510239867503208655
0.54761104982180952572 0.55284442121833554662
0.14657735780158659411 0.21229281063120802875
0.05566001804807541031 0.09968812350118316790
0.51161178867427770101 0.57732750152342870997
0.61913067941432897712 0.68320226379397896999
0.01057362388856735065 0.03600095811231802945
0.52737511473490128466 0.69561277233145846211
0.59061580411087266640 0.65962586777516341030
0.14616594477138811214 0.25026004485793040821
0.00325520927957986816 0.15057341055620113157
0.62766292210357133019 0.69197446591339761834
0.36900676796776010757 0.51311042058508682384
0.33937388613434871232 0.36889612674722815910
0.67090038374351734785 0.77150972531288475320
0.75130837844778808332 0.98825725860666091549
0.94910858596858005409 0.95616978302336341766
0.25041978344981574711 0.26644406805917475456
0.65133760880804481008 0.74122400183008230190
0.53977419597231013348 0.62340785915222829416
0.89643257716265467572 0.99609688046572619768
0.58994205727027093644 0.60191576110845335101
0.47537186742667936201 0.58467026542337530159
0.11266929296361102852 0.33561871941580778689
0.41662006969211584639 0.44825629050173221302
0.48168766973794996389 0.55364089759454393480
0.68815735133650679511 0.73202487873767430049
0.78929117653043956437 0.79266748171422030111
0.57338338728256310617 0.60289378509140800766
0.83794710832207552897 0.94824294586122959139
0.49514447203826589261 0.51642216802585549917
0.08179883704275184297 0.15725742744866730294
0.11615107715766810614 0.15226946697435811418
0.09029896282763909265 0.23081834714597754266
0.54014044714501618927 0.62918478658667065240
0.61153726684896370092 0.66988624544483788004
0.47660646742693907330 0.56961100462674507661
0.71324707973589107635 0.83096935119045001183
0.31932406521387335374 0.32131745153346980004
0.86833974548114145620 0.86987348050278789913
0.73825730479520301763 0.74793377411031558566
0.12055089849996250551 0.31356645071620337095
0.71657059467404671249 0.79645318965000033717
0.52174917662537101393 0.63244171715195229844
0.40755037345471606391 0.43770840896699320099
0.19134556336957955769 0.24737914292122417659
0.27029204175267113053 0.29312201718476277312
0.12934124410003033923 0.25522975973255346283
0.90964631918652349984 1.03586541983908553277
0.27836946686446606414 0.31451531441218816276
0.89763772896631466303 1.02214549759047645949
0.60110840491858030799 0.61448475328826701602
0.30356731421283800199 0.35038503618966332365
0.69498468208290775650 0.84325173499655070586
0.64493348611421008609 0.79760899006275376433
0.87290319395617110843 0.95311177209130915067
0.86430396210610016539 0.92850255144556248510
0.17423904532331443984 0.41875872020953530672
0.88496566985933355909 0.99939150954154620798
0.05281230588506055645 0.16659506707666330017
0.81344496729145010505 0.93525715357403771399
0.29380567770339049982 0.42255562429216164677
0.06600518467223234764 0.12614847432116840786
0.43530834106618376822 0.52803979448150428766
0.00208176965587300589 0.09396212974810971841
0.50903796929594302689 0.71638773450456105785
0.93410969825991252424 0.98027728425153493053
0.55093826494191477927 0.58140456832094322692
0.20960081417420270422 0.29823569117523995864
0.26500867965522767467 0.32680314281408529009
0.74434643622935159346 0.78009497817085715621
0.72315814224667185339 0.78857037247234174071
0.04807435501506799463 0.07798629852034230647
0.73317564828367087770 0.81650444546569733717
0.20740259226017737637 0.25892945410592843603
0.63577666341655558746 0.64452037156092845116
0.06199278990267753642 0.24214572744219875489
0.10761034905879179879 0.21316215445476577317
0.69753132289291486234 0.71818311470876505798
0.72908500011469468127 0.86498299430380076736
0.93975019814481386415 0.96063885427161432862
0.67853040455790647467 0.77103383738111641588
0.23694887757562899111 0.26756669145882860938
0.48259499414758094682 0.53876863562900700888
0.22990240600277367378 0.34778053678927789427
0.53275286124323084636 0.56081555024209084337
0.41008400626746599471 0.41031186548782816459
0.17702838204099341501 0.20604393106772583844
0.27321974901408163650 0.35118185671967727668
0.61276380192376034284 0.68580335920587442988
0.07354483205233633414 0.17057180245395961449
0.91264750452325693608 0.92342236875508443283
0.95621096780906422730 1.02287211774862507596
0.18180999360077662597 0.27597549100035534408
0.02361142598746239496 0.04966483405251527483
0.07194792152818063613 0.15490757741223681876
0.05451188187196595591 0.20693604452796546256
0.90633670203994487480 0.96038073534916179597
0.20651012592665876633 0.39330938448812824415
0.45560032222758323206 0.52636028616329544327
0.54840092405614604409 0.56231380985703327546
0.44514280796677496710 0.44845468893152995449
0.47837737003449559703 0.52158389291778017860
0.17626861582096461922 0.18010220815472291478
0.00472093550035810813 0.02335151097354539254
0.61925875868872537477 0.65932570060053852234
0.83872512664981013764 0.85362952507509382016
0.18630077011155735112 0.35058173670250258880
0.49894555095622245000 0.58195064767342330470
0.12207854135789067418 0.12409830808410712844
0.16976032538754010082 0.20131355409373635768
0.38945772703092840228 0.42086753914703989299
0.67783308388729324179 0.81524441654796908630
0.42092460977247619924 0.52058746180460802044
0.46600588677173437890 0.56522147783643850172
0.26970462514885262806 0.30022250972376141043
0.34754532464791243473 0.43384556728436318718
0.46607291433141873060 0.56481479923299959811
0.68655717325124632211 0.83518893631418156254
0.76214516794083109197 0.79495744482019969901
0.89517853292841331747 1.04136407929380125914
0.70613782231878186035 0.76924811203737053500
0.23634749018296405398 0.30643098797053025528
0.16244533501945290777 0.32834084490729120720
0.86088675662967228952 0.86451864061966587904
0.26369602204973890958 0.26437641249435078761
0.49488637149488012845 0.57722220185952743954
0.64300126693677350787 0.80660142534819634363
0.22776647251535014904 0.25409282859228426998
0.43093123402234839725 0.44476072417491291366
0.49451536999764872382 0.55754541192869044863
0.06944215660510952293 0.28481492680918485405
0.11976978150617163810 0.24836870374898561975
0.78621875712043420847 0.81255672255833166773
0.65705195987377873479 0.77319938511121399927
0.60630245232154766910 0.76586258857471056771
0.78134466231757637722 0.96022142091857798363
0.54654028568919821307 0.55155662683173256600
0.13563876393655538433 0.17260099047151145069
0.31262050574505872991 0.32448944107942578885
0.11332771660443625994 0.13614795788862013581
0.35297581309000447547 0.36535908958329410545
0.70848228563111781408 0.74380288120273607699
0.48730946850502865342 0.65001341334764550783
0.29074324982583660271 0.31252933073210426018
0.37918350155817914793 0.38463374748344214549
0.80918475513224485951 0.84218676170600437203
0.53704617091037931687 0.54643032576120975641
0.06946449445300049985 0.16457197939853607238
0.49534414500282891725 0.58873943651370475028
0.91470627094299483684 0.97508739032840796579
0.11643380840534217624 0.20783851102886657936
0.23851242764810201558 0.26759605462200269921
0.76221478650991714154 0.82749248652792850578
0.29959840445961638533 0.44282106401514054195
0.81121494626209877943 0.85480456059748943787
0.21078614529954042833 0.21630744883436670012
0.30873165804076246888 0.31681610187436598514
0.52246091559331397924 0.57394745341078601264
0.15766203266392117555 0.27149441981672362001
0.72469654012682005462 0.94417797912064449495
0.81917845358914775922 0.87378646829647554917
0.41316527578983552882 0.47026823735351330757
0.63523647392154980462 0.85945670372736204801
0.20353642375916894403 0.22929503632345324404
0.69405843703260206023 0.72776627140056848742
0.21091054997553576600 0.22111096453845274779
0.67731222137463575894 0.71574631351168982452
0.14869709100777664390 0.16782959959125029470
0.54477384219661895148 0.57222432718183002809
0.73205114907957702375 0.79656570210030019918
0.01733771694380810413 0.15859602667797573217
0.59864848126711345255 0.63437325466074290237
0.31689892478055209368 0.35736678263576421299
0.24952227273001406638 0.27873854241903101014
0.27694568938861263696 0.31587984283669290342
0.03166563638783063961 0.08900856549348319657
0.86772349561687633912 0.96951084441769952438
0.77148037929486856790 0.78291840317099592461
0.17921771875650932548 0.32729664666819374697
0.32750074472208129395 0.33794316686585118559
0.86270086211940322229 0.87913831977851830679
0.25308502278484973358 0.32581062917846442817
0.84006076215881098079 1.08253746403190365122
0.74564955094186258222 0.83826699611768296094
0.48326421482584136502 0.54689823685114180574
0.61380284077563151968 0.74627992599843184784
0.84729761183768914634 1.05340179780966280987
0.40306947993834429944 0.54759869205793165747
0.13845921693612350811 0.33069451922301007496
0.12774454163632045778 0.23567955540605919906
0.26606493632952066264 0.28892582282276801919
0.46903781918970061104 0.53846452561923796587
0.56741106780376260321 0.63331763457882506163
0.27099308232707480792 0.35962704939551309868
0.44980682444316227864 0.53529948031975282952
0.59270002263438981149 0.65456255268246954504
0.95363852533981907644 0.96988788597451891516
0.80485311510431256643 0.81453555251501352785
0.25769377488190825520 0.30647357530980323670
0.50477968417831509118 0.51201821513456857726
0.06022421866439235660 0.09832168598043462826
0.98957829175430489510 0.99313121017356531528
0.97475907639708136987 1.01817811257810997283
0.00001146993967241286 0.04141396100586733353
0.41437090865575360032 0.58351043175976013977
0.84440077103252031421 0.95234511771524221757
0.18788161301039235651 0.31667542589642533324
0.40456689401227441394 0.48842864526802642899
0.54779090638025218496 0.60084468617878195040
0.87139980363697988608 1.06139720693882577685
0.30938655412184495885 0.42073393026816635620
0.90131033755693490406 1.01494595648171470614
0.62554484381257857706 0.62930704802754111604
