0.61860559373699341990 0.63506620257898793724
0.05681447323521213177 0.21503204284819013581
0.93612591752807250423 1.01168085826312337261
0.21090672105759544763 0.22622072882538590832
0.31982358764220614189 0.36630751758266649754
0.00829348119739685419 0.22484153532547029863
0.19776772817406854110 0.30527620386108977879
0.62633864458994314983 0.72159263129186179686
0.84358045521515134801 0.98927725164638702360
0.93185848050839792389 0.96504585694095157411
0.81426156126455284667 0.81847829848971842548
0.15142674984718146325 0.24199557505318997075
0.33224409831399015491 0.41659421460144419047
0.51724555023603080439 0.58168506492847071865
0.23137425058795726973 0.28253173493620620249
0.94956430463753860316 1.00281647092609738081
0.86146502543975234101 1.07659340839435224702
0.73995400627499618995 0.95502392542602076997
0.04787828835551045936 0.19275481939529703901
0.01038205226655763980 0.12055834034290824341
0.26378014816003664267 0.48559731267639855146
0.23426222753990086356 0.31205292872587248043
0.75140685064613232935 0.79276096683388408426
0.95509925839934373126 0.96103845759206063537
0.32709533904875720545 0.60962731922615831515
0.60035542134548969262 0.69329348281295788414
0.52338990991427913890 0.57080336435929490690
0.94708272033230855858 1.02233571322366079137
0.85985839116890550038 0.94154975546527186481
0.95920554971941496269 1.04048931762870489059
0.82496695806296060915 0.88234325067829955103
0.75872398052816691916 0.88433568396885098295
0.10773949837751062297 0.18113683002426017588
0.44941469380297349723 0.53862440135300149180
0.51447957228243668126 0.51530727179220514600
0.86382655932515561847 0.89754893318785733403
0.13642862900278945881 0.17606173128998764410
0.92429058657032592272 0.97435542727253676709
0.12164735431034121027 0.22681679580326200019
0.01465450671765684311 0.02179366429539358191
0.87649900327844743053 0.88321232493833279342
0.00903807266071075810 0.10382303574697661352
0.82873313567172457450 0.91523127129845216476
0.56581412513369411244 0.59657438469590573504
0.49158922441078167775 0.58925983370344481305
0.91754813672808255287 1.02225199307311909180
0.39303109867654251186 0.40535210058632864527
0.78733874106453249908 0.89831283010834739322
0.97223254686954407866 0.99121494781873242808
0.15701928417056337794 0.24095920884832050524
0.04871316252516794121 0.07829838006410644313
0.73766760112747953304 0.74787086483394638048
0.02920592752966043662 0.04044043250542141144
0.43694304437587738743 0.45239367850037315311
0.51164140444625838544 0.53510654903194410092
0.59260115444655370176 0.62722577964522296945
0.77207905978688851079 0.91723729073766913089
0.60630133208811731738 0.81432185339463269980
0.17760378100683391067 0.25842256209881864226
0.05784253725055885087 0.14094782657725193897
0.24811356366285863828 0.35143565310861424322
0.94068806873207277963 0.96593995801616105989
0.62425939640222383176 0.72822859660464511755
0.83173498375145027417 0.87848995366380711047
0.19971729950757061145 0.26973810889322052953
0.68124968673053876156 0.82389801325872402682
0.10027786806853604407 0.15182125542968677445
0.04419020065630879790 0.21011704485951515631
0.02349346202204172576 0.03247327968732104803
0.53903648921166402719 0.57687381620819111472
0.48086811443319005255 0.50451791040201909855
0.66879762389474728401 0.71630698609618326245
0.57157013558168601186 0.70008633848143486667
0.43511537114004406046 0.46372728912750182939
0.49781350886433717307 0.62204554703064962595
0.33335161356483311579 0.35428181732544561378
0.20177794225444195542 0.42852674467727930319
0.59583794040156834448 0.66511042510121476390
0.34250624886535585567 0.38122344858818713043
0.77186663159854251859 0.93141668772180907787
0.74739752669523329409 0.77992909472098448376
0.64720869519220369792 0.77091254071468473530
0.76940292383772368456 0.91934368240779706927
0.51624660149753787142 0.53405109302014908135
0.00552740557553810415 0.03556908007521886184
0.93849497187095698436 0.95872738481095542973
0.44112561833427388347 0.53222035031395209526
0.36444095007332538705 0.42082016064731836424
0.22478462241358310170 0.33482252412650159723
0.24885975552822528489 0.28652156247516247234
0.17816837285785644407 0.29250334335408023634
0.59399006375446139483 0.74528465304639091027
0.14364540912763118508 0.16447086197831478627
0.58377287632127317085 0.59370415042939550521
0.51120721984898587209 0.57371537936096550503
0.57490496323503537113 0.60170872277395348604
0.18654549686032328992 0.23551878825687211361
0.47919652231513631957 0.59113473710874531175
0.86299343006378903542 0.89470158117640086193
0.45626066271188642220 0.54343879020950724978
0.18785077706423011779 0.19777665746045028361
0.93866631993032911829 1.02690232494283906206
0.11283790936629208013 0.30062311698199845056
0.21004238006348971424 0.26209703858309352231
0.60639254168883927054 0.66622499558352299420
0.85172978595306425564 1.01780674251002678510
0.35273098361717181159 0.37124183282996503497
0.65532909344901102422 0.68672343377677869114
0.30968263109431809488 0.34317380709596828625
0.19543474721762282842 0.25564489931825934432
0.33189946318453134033 0.38791745000397193088
0.37830585165944674575 0.51111428145607551432
0.47397714252360645393 0.56557585623851835965
0.48617044729250530333 0.52231384292159233063
0.16692684169934016158 0.47312118584366480434
0.23857043204298020167 0.25552647694170116388
0.30424486409639311946 0.39061625165259566961
0.61612387740186613794 0.70071065869848314644
0.11771300215554245105 0.23266019867555290390
0.71567820965988848680 0.74668340167384383843
0.57156015872172338810 0.79765849795426801983
0.08793886072601689308 0.09384921987955760492
0.45431650598500644689 0.50587866853227714259
0.13111756255686354833 0.29252119948884380829
0.38702705122648306535 0.40005354452866637160
0.91586681281492987594 0.97332532107919700337
0.76782139348299627279 0.78268051855382969606
0.06121684435931772084 0.10399936186168214081
0.00319662426313744447 0.07372379870437412164
0.47592382697816643100 0.57053076443994588107
0.84685312960676639715 0.90454952985787684394
0.76057653349935794296 0.79661157613325550564
0.87772775276918257870 0.91098305544257074384
0.30999272784418069326 0.49844764372599220659
0.63989729499836633941 0.67285904559793796587
0.86009710080219525796 0.91667173051030970132
0.21627430624150517646 0.25997665863121260932
0.12752533598418427929 0.22831159984283430631
0.64902360345073084602 0.65622997930081239382
0.88004672584112575429 1.01648952212796639394
0.10670840674951150018 0.12874819925565153533
0.38475996263478740023 0.62834063947767859748
0.10700774332160284397 0.15139865505512800636
0.69017084197926714673 0.71001630438332563600
0.94130067290467944741 0.96915275566943559493
0.50647291489132095776 0.67850827788319567624
0.75021405831695098243 0.81281323265810812018
0.87213777578405349278 0.99378093824618007890
0.39764018901908504411 0.39875471241722038052
0.93483797051196670935 0.98950709663262648164
0.37358650482548050320 0.45957876958663312905
0.90094233955465341523 0.92422596689876379550
0.37174124644114525662 0.56282443994682263000
0.40937000661291966797 0.49033578772854158334
0.80171329552207293290 0.95268318802626783537
0.14902278615896513703 0.19053585961564667439
0.39134439607589943666 0.49752458408153754643
0.19224505223709512092 0.22207159158303377278
0.43537206108832410267 0.45739325400692915080
0.22197291979775451987 0.30880582474772072521
0.46863346310695197516 0.48546630886100872182
0.70591381767459093766 0.83013429439635189055
0.17141044311677658407 0.27048677095933248982
0.44606062283292119419 0.57850052619092129369
0.65444215202689726141 0.71885887611168031164
0.83346344707064989876 0.97605441780509627492
0.90192858784758678237 0.91095100646704263436
0.03454092099139077082 0.11566461774434827481
0.05530422768746098838 0.14560927326291475681
0.63199447814555809178 0.65279824779357242814
0.41456920017574527826 0.43249620252263110132
0.73824732118120317548 0.88752994616963676311
0.13657580225787704920 0.19638879283129892506
0.40647914105709798127 0.57507634987489764100
0.27218257788985411594 0.29498323328212494587
0.57143485748112066158 0.58226180342557742886
0.23987850799148099923 0.31851020831239973408
0.67253799706963179883 0.75130072722404561691
0.16535773975596626539 0.19304103328008978546
0.44545264990049343590 0.49308645539520629120
0.79741021654044486056 0.83996191491622185232
0.90348832450178950815 0.98209116096681858821
0.90394841487489041576 1.04142306508921600461
0.24010791830354638599 0.37100565316869693611
0.74000967744775436596 0.79651717264979493560
0.47322330661869543844 0.47429834155379207994
0.53204360863434574380 0.73260490648224674270
0.95162691690687650770 1.02723372925470957107
0.60291397651486366982 0.66417291897867825057
0.85944164519202903563 0.93462915520728095942
0.82794157930822098734 1.05885018705730504784
0.11353154164327876330 0.19409438220981573009
0.54850924321928229421 0.63808334684633061240
0.72918249739438034673 0.78586520825101824350
0.05103656726224600065 0.06404840537128456135
0.93140198727941125867 0.93518170122527166654
0.78183911149600149315 0.81561658041776441408
0.38715783705588779906 0.54875692815260290747
0.49873011771751546428 0.51307385240518854630
0.90947199059951111533 1.04246108732400166730
0.13826135076100928845 0.19599487666320716817
0.76459221004484267947 0.79846039869390728061
0.93293049279368012172 1.05372504949629508531
0.85267276929934576746 0.88034789494510545804
0.75456648187511687897 0.77159044117880271063
0.18161113684367935495 0.27376511470802478154
0.41453852528098950048 0.60196660770151200204
0.77275982816658883578 0.78371700562669666112
0.00599682491018727754 0.10960044776611199691
0.85501536992911142399 0.95083493223075654655
0.55815094459015091033 0.58288894678988389941
0.65321799482998088582 0.74114999557985183909
0.30295009644303139140 0.37874637855920512131
0.74181754826674750625 0.78518416419998082745
0.24600725913444862480 0.25759884926472431665
0.27648133494410642719 0.30143955755412332742
0.16138733433241286841 0.26119190320358048885
0.69704204142076053863 0.72458724579684408162
0.79499619092674445042 0.83725462112352055932
0.25651746465214081416 0.32240480614492056377
0.65834578908612462200 0.75748110609508767510
0.93653833612170689360 0.97280501944764619093
0.15910078570554436750 0.29806254235541446151
0.66014441820555602725 0.81021687667949104927
0.44362716780926614302 0.45416133880176012827
0.07007243134829707620 0.07554219811410348151
0.52669634570707546395 0.60091799119910627169
0.18732997082126967570 0.27758115123898918775
0.46873698289440385301 0.73204180563545762084
0.57226834323807962424 0.59804689148893552808
0.33207834241832168143 0.47345923239943210614
0.56134238647768075481 0.66815037872623750381
0.31079606171461593433 0.32811927699997833763
0.09427187694698763165 0.09606307771560002040
0.65941144001564488963 0.78697771409443928459
0.41699654378243922181 0.42063173733797598608
0.64097630740882527434 0.77147715593531196454
0.05356892723768815617 0.06583230660213877650
0.83618863005353660789 1.04309584595053594924
0.11013998648462963725 0.13570374863943868160
0.47314140895510692353 0.57911931712976949527
0.60865062756483812034 0.63963848825783664598
0.66154324225767902057 0.68172601299280755072
0.38759303017417517934 0.48549466083520093074
